Thread[Thread-1,5,main] 4.348 5.023 0 0 0 0 0 0 0 
 5.664 5.091 42256 0 0 17252 17252 0 0 
 6.865 5.160 84512 0 0 17252 17252 0 0 
 8.169 5.275 126768 0 0 17252 17252 0 0 
 9.257 5.389 169022 0 0 17252 17252 0 0 
 10.366 5.641 211278 0 0 17252 17252 0 0 
 11.408 5.892 253534 0 0 17252 17252 0 0 
 12.289 6.213 295788 0 0 17252 17252 0 0 
 13.204 6.556 338042 0 0 17252 17252 0 0 
 14.120 6.911 380296 0 0 17252 17252 0 0 
 15.046 7.288 422552 0 0 17252 17252 0 0 
 15.825 7.712 464808 0 0 17252 17252 0 0 
 16.648 8.089 507062 0 0 17252 17252 0 0 
 17.381 8.444 549316 0 0 17252 17252 0 0 
 18.147 8.822 591570 0 0 17252 17252 0 0 
 18.891 9.268 633828 0 0 17252 17252 633828 633828 
 18.147 9.359 676080 0 0 651080 633828 633828 633828 
 17.243 9.680 718334 0 0 651080 633828 633828 633828 
 16.271 10.012 760590 0 0 651080 633828 633828 633828 
 15.310 10.229 802846 0 0 651080 633828 633828 633828 
 14.348 10.515 845102 0 0 651080 633828 633828 633828 
 13.444 10.721 887356 0 0 651080 633828 633828 633828 
 12.586 10.801 929610 0 0 651080 633828 633828 633828 
 11.751 10.961 971868 0 0 651080 633828 633828 633828 
 10.950 10.973 1014124 0 0 651080 633828 633828 633828 
 10.183 11.064 1056378 0 0 651080 633828 633828 633828 
 9.405 11.087 1098632 0 0 651080 633828 633828 633828 
 8.696 11.053 1140886 0 0 651080 633828 633828 633828 
 7.986 11.007 1183142 0 0 651080 633828 633828 633828 
 7.346 10.916 1225396 0 0 651080 633828 633828 633828 
 6.693 10.847 1267652 0 0 651080 633828 1267652 633824 
 6.327 10.778 1309908 0 0 1284904 633824 1267652 633824 
 6.350 10.653 1352164 0 0 1284904 633824 1267652 633824 
 6.442 10.550 1394418 0 0 1284904 633824 1267652 633824 
 6.487 10.424 1436672 0 0 1284904 633824 1267652 633824 
 6.590 10.309 1478926 0 0 1284904 633824 1267652 633824 
 6.625 10.183 1521182 0 0 1284904 633824 1267652 633824 
 6.705 10.126 1563438 0 0 1284904 633824 1267652 633824 
 6.762 10.046 1605692 0 0 1284904 633824 1267652 633824 
 6.854 9.989 1647948 0 0 1284904 633824 1267652 633824 
 6.865 9.863 1690204 0 0 1284904 633824 1267652 633824 
 6.934 9.817 1732460 0 0 1284904 633824 1267652 633824 
 7.014 9.726 1774714 0 0 1284904 633824 1267652 633824 
 7.082 9.634 1816970 0 0 1284904 633824 1267652 633824 
 7.105 9.600 1859222 0 0 1284904 633824 1267652 633824 
 7.163 9.600 1901478 0 0 1284904 633824 1901478 633826 
 7.254 9.554 1943732 0 0 1918730 633826 1901478 633826 
 7.449 9.508 1985990 0 0 1918730 633826 1901478 633826 
 7.666 9.508 2028246 0 0 1918730 633826 1901478 633826 
 7.815 9.485 2070500 0 0 1918730 633826 1901478 633826 
 8.044 9.462 2112754 0 0 1918730 633826 1901478 633826 
 8.250 9.462 2155010 0 0 1918730 633826 1901478 633826 
 8.410 9.451 2197264 0 0 1918730 633826 1901478 633826 
 8.593 9.451 2239518 0 0 1918730 633826 1901478 633826 
 8.730 9.497 2281772 0 0 1918730 633826 1901478 633826 
 8.810 9.497 2324026 0 0 1918730 633826 1901478 633826 
 9.028 9.543 2366280 0 0 1918730 633826 1901478 633826 
 9.131 9.588 2408536 0 0 1918730 633826 1901478 633826 
 9.268 9.646 2450790 0 0 1918730 633826 1901478 633826 
 9.405 9.634 2493044 0 0 1918730 633826 1901478 633826 
 9.508 9.680 2535302 0 0 1918730 633826 2535302 633824 
 9.520 9.726 2577554 0 0 2552552 633822 2535302 633824 
 9.474 9.714 2619810 0 0 2552552 633822 2535302 633824 
 9.462 9.771 2662064 0 0 2552552 633822 2535302 633824 
 9.371 9.829 2704318 0 0 2552552 633822 2535302 633824 
 9.337 9.920 2746574 0 0 2552552 633822 2535302 633824 
 9.268 9.897 2788830 0 0 2552552 633822 2535302 633824 
 9.245 9.920 2831086 0 0 2552552 633822 2535302 633824 
 9.176 9.932 2873340 0 0 2552552 633822 2535302 633824 
 9.142 9.966 2915596 0 0 2552552 633822 2535302 633824 
 9.085 10.046 2957850 0 0 2552552 633822 2535302 633824 
 9.039 10.057 3000102 0 0 2552552 633822 2535302 633824 
 8.993 10.057 3042358 0 0 2552552 633822 2535302 633824 
 8.993 10.046 3084614 0 0 2552552 633822 2535302 633824 
 8.948 10.069 3126868 0 0 2552552 633822 2535302 633824 
 8.902 10.023 3169124 0 0 2552552 633822 3169124 633822 
 8.845 10.126 3211380 0 0 3186376 633824 3169124 633822 
 8.810 10.103 3253634 0 0 3186376 633824 3169124 633822 
 8.742 10.092 3295888 0 0 3186376 633824 3169124 633822 
 8.730 10.057 3338142 0 0 3186376 633824 3169124 633822 
 8.673 10.035 3380398 0 0 3186376 633824 3169124 633822 
 8.593 10.103 3422652 0 0 3186376 633824 3169124 633822 
 8.581 10.092 3464908 0 0 3186376 633824 3169124 633822 
 8.581 10.069 3507162 0 0 3186376 633824 3169124 633822 
 8.513 10.092 3549418 0 0 3186376 633824 3169124 633822 
 8.524 10.069 3591674 0 0 3186376 633824 3169124 633822 
 8.456 10.046 3633928 0 0 3186376 633824 3169124 633822 
 8.456 10.057 3676182 0 0 3186376 633824 3169124 633822 
 8.398 10.012 3718436 0 0 3186376 633824 3169124 633822 
 8.444 10.012 3760690 0 0 3186376 633824 3169124 633822 
 8.330 10.057 3802948 0 0 3186376 633824 3802948 633824 
 8.330 9.955 3845200 0 0 3820200 633824 3802948 633824 
 8.318 9.932 3887456 0 0 3820200 633824 3802948 633824 
 8.330 10.012 3929714 0 0 3820200 633824 3802948 633824 
 8.364 9.943 3971968 0 0 3820200 633824 3802948 633824 
 8.341 9.955 4014226 0 0 3820200 633824 3802948 633824 
 8.330 9.897 4056480 0 0 3820200 633824 3802948 633824 
 8.387 9.920 4098736 0 0 3820200 633824 3802948 633824 
 8.353 9.955 4140990 0 0 3820200 633824 3802948 633824 
 8.375 9.920 4183246 0 0 3820200 633824 3802948 633824 
 8.364 9.874 4225502 0 0 3820200 633824 3802948 633824 
 8.398 9.920 4267758 0 0 3820200 633824 3802948 633824 
 8.410 9.909 4310012 0 0 3820200 633824 3802948 633824 
 8.364 9.897 4352268 0 0 3820200 633824 3802948 633824 
 8.410 9.920 4394522 0 0 3820200 633824 3802948 633824 
 8.398 9.874 4436778 0 0 3820200 633824 4436778 633830 
 8.444 9.829 4479030 0 0 4454028 633828 4436778 633830 
 8.444 9.909 4521284 0 0 4454028 633828 4436778 633830 
 8.524 9.863 4563538 0 0 4454028 633828 4436778 633830 
 8.547 9.840 4605792 0 0 4454028 633828 4436778 633830 
 8.547 9.817 4648048 0 0 4454028 633828 4436778 633830 
 8.604 9.817 4690304 0 0 4454028 633828 4436778 633830 
 8.593 9.829 4732560 0 0 4454028 633828 4436778 633830 
 8.639 9.806 4774814 0 0 4454028 633828 4436778 633830 
 8.684 9.874 4817068 0 0 4454028 633828 4436778 633830 
 8.730 9.886 4859326 0 0 4454028 633828 4436778 633830 
 8.719 9.829 4901578 0 0 4454028 633828 4436778 633830 
 8.719 9.817 4943834 0 0 4454028 633828 4436778 633830 
 8.764 9.829 4986088 0 0 4454028 633828 4436778 633830 
 8.742 9.874 5028344 0 0 4454028 633828 4436778 633830 
 8.764 9.886 5070598 0 0 4454028 633828 5070598 633820 
 8.810 9.874 5112852 0 0 5087850 633822 5070598 633820 
 8.764 9.897 5155108 0 0 5087850 633822 5070598 633820 
 8.787 9.886 5197364 0 0 5087850 633822 5070598 633820 
 8.764 9.863 5239620 0 0 5087850 633822 5070598 633820 
 8.764 9.920 5281874 0 0 5087850 633822 5070598 633820 
 8.742 9.874 5324130 0 0 5087850 633822 5070598 633820 
 8.764 9.909 5366386 0 0 5087850 633822 5070598 633820 
 8.719 9.955 5408642 0 0 5087850 633822 5070598 633820 
 8.730 9.909 5450896 0 0 5087850 633822 5070598 633820 
 8.719 9.955 5493150 0 0 5087850 633822 5070598 633820 
 8.719 9.966 5535406 0 0 5087850 633822 5070598 633820 
 8.719 9.909 5577660 0 0 5087850 633822 5070598 633820 
 8.719 9.943 5619914 0 0 5087850 633822 5070598 633820 
 8.684 9.977 5662170 0 0 5087850 633822 5070598 633820 
 8.684 9.909 5704426 0 0 5087850 633822 5704426 633828 
 8.684 9.920 5746680 0 0 5721680 633830 5704426 633828 
 8.707 10.057 5788934 0 0 5721680 633830 5704426 633828 
 8.684 9.955 5831190 0 0 5721680 633830 5704426 633828 
 8.696 9.966 5873446 0 0 5721680 633830 5704426 633828 
 8.719 9.943 5915704 0 0 5721680 633830 5704426 633828 
 8.673 9.966 5957958 0 0 5721680 633830 5704426 633828 
 8.673 9.989 6000210 0 0 5721680 633830 5704426 633828 
 8.696 9.977 6042468 0 0 5721680 633830 5704426 633828 
 8.650 9.955 6084720 0 0 5721680 633830 5704426 633828 
 8.662 9.966 6126978 0 0 5721680 633830 5704426 633828 
 8.650 9.955 6169234 0 0 5721680 633830 5704426 633828 
 8.684 9.955 6211488 0 0 5721680 633830 5704426 633828 
 8.673 9.989 6253744 0 0 5721680 633830 5704426 633828 
 8.639 9.966 6296000 0 0 5721680 633830 5704426 633828 
 8.593 10.000 6338256 0 0 5721680 633830 6338256 633830 
 8.639 9.932 6380510 0 0 6355508 633828 6338256 633830 
 8.604 9.966 6422766 0 0 6355508 633828 6338256 633830 
 8.604 9.977 6465022 0 0 6355508 633828 6338256 633830 
 8.581 9.955 6507276 0 0 6355508 633828 6338256 633830 
 8.604 9.955 6549532 0 0 6355508 633828 6338256 633830 
 8.570 9.955 6591788 0 0 6355508 633828 6338256 633830 
 8.559 9.932 6634042 0 0 6355508 633828 6338256 633830 
 8.559 9.909 6676296 0 0 6355508 633828 6338256 633830 
 8.570 9.874 6718552 0 0 6355508 633828 6338256 633830 
 8.513 9.909 6760808 0 0 6355508 633828 6338256 633830 
 8.536 9.909 6803064 0 0 6355508 633828 6338256 633830 
 8.570 9.920 6845320 0 0 6355508 633828 6338256 633830 
 8.501 9.920 6887574 0 0 6355508 633828 6338256 633830 
 8.490 9.943 6929830 0 0 6355508 633828 6338256 633830 
 8.536 9.920 6972084 0 0 6355508 633828 6972084 633828 
 8.478 9.920 7014336 0 0 6989336 633828 6972084 633828 
 8.501 9.909 7056592 0 0 6989336 633828 6972084 633828 
 8.513 9.886 7098846 0 0 6989336 633828 6972084 633828 
 8.513 9.886 7141102 0 0 6989336 633828 6972084 633828 
 8.513 9.863 7183358 0 0 6989336 633828 6972084 633828 
 8.536 9.920 7225614 0 0 6989336 633828 6972084 633828 
 8.513 9.863 7267870 0 0 6989336 633828 6972084 633828 
 8.547 9.874 7310126 0 0 6989336 633828 6972084 633828 
 8.570 9.863 7352380 0 0 6989336 633828 6972084 633828 
 8.581 9.909 7394636 0 0 6989336 633828 6972084 633828 
 8.593 9.909 7436892 0 0 6989336 633828 6972084 633828 
 8.559 9.920 7479148 0 0 6989336 633828 6972084 633828 
 8.547 9.863 7521404 0 0 6989336 633828 6972084 633828 
 8.559 9.932 7563658 0 0 6989336 633828 6972084 633828 
 8.616 9.863 7605916 0 0 6989336 633828 7605916 633832 
 8.593 9.909 7648170 0 0 7623168 633832 7605916 633832 
 8.547 9.863 7690426 0 0 7623168 633832 7605916 633832 
 8.581 9.920 7732682 0 0 7623168 633832 7605916 633832 
 8.593 9.852 7774936 0 0 7623168 633832 7605916 633832 
 8.604 9.920 7817192 0 0 7623168 633832 7605916 633832 
 8.627 9.920 7859448 0 0 7623168 633832 7605916 633832 
 8.616 9.886 7901704 0 0 7623168 633832 7605916 633832 
 8.627 9.909 7943958 0 0 7623168 633832 7605916 633832 
 8.627 9.909 7986214 0 0 7623168 633832 7605916 633832 
 8.627 9.920 8028468 0 0 7623168 633832 7605916 633832 
 8.604 9.897 8070722 0 0 7623168 633832 7605916 633832 
 8.639 9.874 8112976 0 0 7623168 633832 7605916 633832 
 8.650 9.897 8155232 0 0 7623168 633832 7605916 633832 
 8.627 9.920 8197486 0 0 7623168 633832 7605916 633832 
 8.639 9.920 8239740 0 0 7623168 633832 8239740 633824 
 8.650 9.932 8281994 0 0 8256992 633824 8239740 633824 
 8.639 9.863 8324248 0 0 8256992 633824 8239740 633824 
 8.639 9.943 8366502 0 0 8256992 633824 8239740 633824 
 8.650 9.920 8408756 0 0 8256992 633824 8239740 633824 
 9.005 9.955 8451012 0 0 8256992 633824 8239740 633824 
 9.291 10.000 8493266 0 0 8256992 633824 8239740 633824 
 9.634 10.012 8535520 0 0 8256992 633824 8239740 633824 
 9.932 10.115 8577774 0 0 8256992 633824 8239740 633824 
 10.252 10.103 8620028 0 0 8256992 633824 8239740 633824 
 10.572 10.218 8662282 0 0 8256992 633824 8239740 633824 
 10.858 10.241 8704536 0 0 8256992 633824 8239740 633824 
 11.190 10.321 8746792 0 0 8256992 633824 8239740 633824 
 11.431 10.389 8789048 0 0 8256992 633824 8239740 633824 
 11.705 10.515 8831302 0 0 8256992 633824 8239740 633824 
 11.934 10.607 8873560 0 0 8256992 633824 8873560 633820 
 11.797 10.641 8915814 0 0 8890812 633820 8873560 633820 
 11.293 10.675 8958068 0 0 8890812 633820 8873560 633820 
 10.824 10.778 9000324 0 0 8890812 633820 8873560 633820 
 10.332 10.824 9042580 0 0 8890812 633820 8873560 633820 
 9.886 10.870 9084838 0 0 8890812 633820 8873560 633820 
 9.440 10.870 9127092 0 0 8890812 633820 8873560 633820 
 9.039 10.836 9169346 0 0 8890812 633820 8873560 633820 
 8.639 10.836 9211602 0 0 8890812 633820 8873560 633820 
 8.272 10.824 9253858 0 0 8890812 633820 8873560 633820 
 7.906 10.744 9296112 0 0 8890812 633820 8873560 633820 
 7.574 10.687 9338366 0 0 8890812 633820 8873560 633820 
 7.266 10.595 9380620 0 0 8890812 633820 8873560 633820 
 6.934 10.550 9422874 0 0 8890812 633820 8873560 633820 
 6.636 10.458 9465130 0 0 8890812 633820 8873560 633820 
 6.350 10.344 9507386 0 0 8890812 633820 9507386 633826 
 6.259 10.241 9549638 0 0 9524638 633826 9507386 633826 
 6.396 10.149 9591894 0 0 9524638 633826 9507386 633826 
 6.579 10.057 9634148 0 0 9524638 633826 9507386 633826 
 6.773 9.966 9676402 0 0 9524638 633826 9507386 633826 
 6.899 9.909 9718660 0 0 9524638 633826 9507386 633826 
 7.094 9.863 9760914 0 0 9524638 633826 9507386 633826 
 7.220 9.794 9803170 0 0 9524638 633826 9507386 633826 
 7.391 9.771 9845428 0 0 9524638 633826 9507386 633826 
 7.506 9.771 9887682 0 0 9524638 633826 9507386 633826 
 7.712 9.680 9929936 0 0 9524638 633826 9507386 633826 
 7.758 9.680 9972188 0 0 9524638 633826 9507386 633826 
 7.929 9.634 10014446 0 0 9524638 633826 9507386 633826 
 7.998 9.646 10056700 0 0 9524638 633826 9507386 633826 
 8.124 9.691 10098956 0 0 9524638 633826 9507386 633826 
 8.318 9.554 10141212 0 0 9524638 633826 10141212 633826 
 8.341 9.634 10183466 0 0 10158464 633826 10141212 633826 
 8.456 9.623 10225720 0 0 10158464 633826 10141212 633826 
 8.536 9.680 10267974 0 0 10158464 633826 10141212 633826 
 8.604 9.646 10310228 0 0 10158464 633826 10141212 633826 
 8.730 9.634 10352484 0 0 10158464 633826 10141212 633826 
 8.776 9.634 10394740 0 0 10158464 633826 10141212 633826 
 8.879 9.726 10436994 0 0 10158464 633826 10141212 633826 
 9.005 9.680 10479250 0 0 10158464 633826 10141212 633826 
 9.005 9.680 10521506 0 0 10158464 633826 10141212 633826 
 9.096 9.691 10563760 0 0 10158464 633826 10141212 633826 
 9.142 9.726 10606014 0 0 10158464 633826 10141212 633826 
 9.176 9.783 10648268 0 0 10158464 633826 10141212 633826 
 9.222 9.783 10690524 0 0 10158464 633826 10141212 633826 
 9.314 9.863 10732778 0 0 10158464 633826 10141212 633826 
 9.382 9.932 10775032 0 0 10158464 633826 10775032 633820 
 9.302 9.920 10817286 0 0 10792284 633820 10775032 633820 
 9.268 9.966 10859540 0 0 10792284 633820 10775032 633820 
 9.165 9.955 10901796 0 0 10792284 633820 10775032 633820 
 9.131 9.989 10944054 0 0 10792284 633820 10775032 633820 
 9.016 9.966 10986308 0 0 10792284 633820 10775032 633820 
 8.993 9.977 11028564 0 0 10792284 633820 10775032 633820 
 8.867 10.000 11070820 0 0 10792284 633820 10775032 633820 
 8.810 10.000 11113074 0 0 10792284 633820 10775032 633820 
 8.730 10.000 11155328 0 0 10792284 633820 10775032 633820 
 8.707 10.057 11197582 0 0 10792284 633820 10775032 633820 
 8.593 10.046 11239838 0 0 10792284 633820 10775032 633820 
 8.547 10.035 11282092 0 0 10792284 633820 10775032 633820 
 8.501 10.092 11324346 0 0 10792284 633820 10775032 633820 
 8.444 10.012 11366600 0 0 10792284 633820 10775032 633820 
 8.364 10.012 11408856 0 0 10792284 633820 11408856 633824 
 8.375 10.046 11451110 0 0 11426108 633824 11408856 633824 
 8.353 10.000 11493364 0 0 11426108 633824 11408856 633824 
 8.364 10.000 11535620 0 0 11426108 633824 11408856 633824 
 8.364 9.966 11577874 0 0 11426108 633824 11408856 633824 
 8.398 10.080 11620128 0 0 11426108 633824 11408856 633824 
 8.410 9.966 11662384 0 0 11426108 633824 11408856 633824 
 8.433 9.966 11704640 0 0 11426108 633824 11408856 633824 
 8.387 9.989 11746896 0 0 11426108 633824 11408856 633824 
 8.444 10.023 11789150 0 0 11426108 633824 11408856 633824 
 8.444 10.000 11831404 0 0 11426108 633824 11408856 633824 
 8.490 9.955 11873656 0 0 11426108 633824 11408856 633824 
 8.456 9.966 11915914 0 0 11426108 633824 11408856 633824 
 8.501 9.955 11958170 0 0 11426108 633824 11408856 633824 
 8.490 9.909 12000426 0 0 11426108 633824 11408856 633824 
 8.524 9.966 12042680 0 0 11426108 633824 12042680 633824 
 8.501 9.909 12084934 0 0 12059932 633824 12042680 633824 
 8.524 9.955 12127188 0 0 12059932 633824 12042680 633824 
 8.547 9.943 12169444 0 0 12059932 633824 12042680 633824 
 8.547 9.955 12211698 0 0 12059932 633824 12042680 633824 
 8.501 9.920 12253952 0 0 12059932 633824 12042680 633824 
 8.490 9.909 12296208 0 0 12059932 633824 12042680 633824 
 8.547 9.886 12338464 0 0 12059932 633824 12042680 633824 
 8.547 9.943 12380718 0 0 12059932 633824 12042680 633824 
 8.501 9.932 12422972 0 0 12059932 633824 12042680 633824 
 8.501 9.909 12465228 0 0 12059932 633824 12042680 633824 
 8.593 9.909 12507484 0 0 12059932 633824 12042680 633824 
 8.547 9.920 12549736 0 0 12059932 633824 12042680 633824 
 8.536 9.920 12591992 0 0 12059932 633824 12042680 633824 
 8.570 9.920 12634248 0 0 12059932 633824 12042680 633824 
 8.536 9.874 12676504 0 0 12059932 633824 12676504 633824 
 8.490 9.920 12718756 0 0 12693756 633824 12676504 633824 
 8.536 9.920 12761010 0 0 12693756 633824 12676504 633824 
 8.547 9.909 12803268 0 0 12693756 633824 12676504 633824 
 8.581 9.966 12845522 0 0 12693756 633824 12676504 633824 
 8.673 9.874 12887778 0 0 12693756 633824 12676504 633824 
 8.593 9.920 12930034 0 0 12693756 633824 12676504 633824 
 8.627 9.955 12972290 0 0 12693756 633824 12676504 633824 
 8.627 9.943 13014546 0 0 12693756 633824 12676504 633824 
 8.616 9.909 13056800 0 0 12693756 633824 12676504 633824 
 8.650 9.920 13099054 0 0 12693756 633824 12676504 633824 
 8.627 9.909 13141310 0 0 12693756 633824 12676504 633824 
 8.627 9.920 13183564 0 0 12693756 633824 12676504 633824 
 8.673 9.920 13225818 0 0 12693756 633824 12676504 633824 
 8.696 9.909 13268074 0 0 12693756 633824 12676504 633824 
 8.696 9.966 13310330 0 0 12693756 633824 13310330 633826 
 8.753 9.966 13352582 0 0 13327580 633824 13310330 633826 
 8.673 9.955 13394838 0 0 13327580 633824 13310330 633826 
 8.627 9.932 13437096 0 0 13327580 633824 13310330 633826 
 8.639 9.955 13479350 0 0 13327580 633824 13310330 633826 
 8.581 9.966 13521606 0 0 13327580 633824 13310330 633826 
 8.581 9.966 13563860 0 0 13327580 633824 13310330 633826 
 8.581 9.955 13606118 0 0 13327580 633824 13310330 633826 
 8.593 9.977 13648372 0 0 13327580 633824 13310330 633826 
 8.536 9.966 13690628 0 0 13327580 633824 13310330 633826 
 8.524 9.955 13732884 0 0 13327580 633824 13310330 633826 
 8.501 9.932 13775136 0 0 13327580 633824 13310330 633826 
 8.490 9.955 13817392 0 0 13327580 633824 13310330 633826 
 8.501 9.920 13859648 0 0 13327580 633824 13310330 633826 
 8.501 9.955 13901904 0 0 13327580 633824 13310330 633826 
 8.490 9.955 13944158 0 0 13327580 633824 13944158 633828 
 8.444 9.920 13986412 0 0 13961410 633830 13944158 633828 
 8.444 9.920 14028666 0 0 13961410 633830 13944158 633828 
 8.433 9.909 14070920 0 0 13961410 633830 13944158 633828 
 8.444 9.966 14113176 0 0 13961410 633830 13944158 633828 
 8.490 9.920 14155432 0 0 13961410 633830 13944158 633828 
 8.444 9.932 14197686 0 0 13961410 633830 13944158 633828 
 8.490 9.943 14239940 0 0 13961410 633830 13944158 633828 
 8.467 9.955 14282194 0 0 13961410 633830 13944158 633828 
 8.456 9.955 14324450 0 0 13961410 633830 13944158 633828 
 8.490 9.943 14366704 0 0 13961410 633830 13944158 633828 
 8.467 9.863 14408960 0 0 13961410 633830 13944158 633828 
 8.478 9.966 14451214 0 0 13961410 633830 13944158 633828 
 8.501 9.989 14493470 0 0 13961410 633830 13944158 633828 
 8.490 9.977 14535726 0 0 13961410 633830 13944158 633828 
 8.501 9.955 14577982 0 0 13961410 633830 14577982 633824 
 8.536 9.932 14620238 0 0 14595234 633824 14577982 633824 
 8.536 9.943 14662492 0 0 14595234 633824 14577982 633824 
 8.513 9.932 14704748 0 0 14595234 633824 14577982 633824 
 8.559 9.955 14747004 0 0 14595234 633824 14577982 633824 
