Thread[Thread-1,5,main] 10.744 5.744 0 0 0 0 0 0 0 
 10.687 3.890 42268 0 0 9572 9572 0 0 
 11.156 3.913 84538 0 0 9572 9572 0 0 
 13.399 4.943 126812 0 0 9572 9572 0 0 
 15.001 5.652 169080 0 0 9572 9572 0 0 
 15.401 3.444 211352 0 0 9572 9572 0 0 
 16.740 5.755 253622 0 0 9572 9572 0 0 
 16.591 4.828 295894 0 0 9572 9572 0 0 
 18.159 4.954 338162 0 0 9572 9572 0 0 
 18.662 6.030 380434 0 0 9572 9572 0 0 
 19.520 6.190 422704 0 0 9572 9572 0 0 
 20.482 6.625 464972 0 0 9572 9572 0 0 
 20.253 5.664 507244 0 0 9572 9572 0 0 
 20.676 5.618 549514 0 0 9572 9572 0 0 
 21.946 5.480 591784 0 0 9572 9572 0 0 
 21.580 6.110 634056 0 0 9572 9572 634056 634056 
 23.560 7.220 676326 0 0 647468 637896 634056 634056 
 23.136 7.952 718594 0 0 647468 637896 634056 634056 
 23.377 7.643 760866 0 0 647468 637896 634056 634056 
 22.461 6.979 803136 0 0 647468 637896 634056 634056 
 22.816 8.799 845406 0 0 647468 637896 634056 634056 
 22.175 7.895 887674 0 0 647468 637896 634056 634056 
 22.816 8.375 929944 0 0 647468 637896 634056 634056 
 22.736 8.410 972216 0 0 647468 637896 634056 634056 
 22.141 8.353 1014486 0 0 647468 637896 634056 634056 
 22.278 9.005 1056760 0 0 647468 637896 634056 634056 
 22.415 8.902 1099030 0 0 647468 637896 634056 634056 
 22.141 9.451 1141300 0 0 647468 637896 634056 634056 
 22.999 8.936 1183572 0 0 647468 637896 634056 634056 
 21.992 9.176 1225842 0 0 647468 637896 634056 634056 
 22.507 9.497 1268112 0 0 647468 637896 1268112 634056 
 21.626 9.325 1310380 0 0 1281526 634058 1268112 634056 
 20.710 9.600 1352654 0 0 1281526 634058 1268112 634056 
 19.841 9.680 1394922 0 0 1281526 634058 1268112 634056 
 19.257 10.023 1437192 0 0 1281526 634058 1268112 634056 
 17.964 9.840 1479464 0 0 1281526 634058 1268112 634056 
 17.472 10.103 1521732 0 0 1281526 634058 1268112 634056 
 16.694 9.829 1564004 0 0 1281526 634058 1268112 634056 
 15.996 9.646 1606274 0 0 1281526 634058 1268112 634056 
 15.092 9.829 1648542 0 0 1281526 634058 1268112 634056 
 14.326 9.783 1690812 0 0 1281526 634058 1268112 634056 
 14.772 9.760 1733086 0 0 1281526 634058 1268112 634056 
 13.673 9.325 1775356 0 0 1281526 634058 1268112 634056 
 13.033 9.451 1817624 0 0 1281526 634058 1268112 634056 
 12.289 9.508 1859894 0 0 1281526 634058 1268112 634056 
 12.003 9.085 1902164 0 0 1281526 634058 1902164 634052 
 11.705 8.421 1944432 0 0 1915576 634050 1902164 634052 
 12.129 8.467 1986704 0 0 1915576 634050 1902164 634052 
 12.529 8.822 2028974 0 0 1915576 634050 1902164 634052 
 13.158 9.062 2071244 0 0 1915576 634050 1902164 634052 
 12.758 8.810 2113514 0 0 1915576 634050 1902164 634052 
 13.525 8.238 2155786 0 0 1915576 634050 1902164 634052 
 14.360 8.902 2198054 0 0 1915576 634050 1902164 634052 
 15.138 7.826 2240324 0 0 1915576 634050 1902164 634052 
 14.348 9.062 2282596 0 0 1915576 634050 1902164 634052 
 14.863 8.341 2324866 0 0 1915576 634050 1902164 634052 
 14.772 9.085 2367136 0 0 1915576 634050 1902164 634052 
 15.275 8.158 2409406 0 0 1915576 634050 1902164 634052 
 15.676 8.719 2451674 0 0 1915576 634050 1902164 634052 
 15.321 9.131 2493942 0 0 1915576 634050 1902164 634052 
 15.504 8.764 2536214 0 0 1915576 634050 2536214 634050 
 15.676 8.078 2578482 0 0 2549626 634050 2536214 634050 
 15.779 7.838 2620754 0 0 2549626 634050 2536214 634050 
 15.310 8.215 2663024 0 0 2549626 634050 2536214 634050 
 15.401 8.284 2705294 0 0 2549626 634050 2536214 634050 
 15.493 8.501 2747564 0 0 2549626 634050 2536214 634050 
 15.905 8.272 2789836 0 0 2549626 634050 2536214 634050 
 15.996 8.913 2832104 0 0 2549626 634050 2536214 634050 
 16.603 9.154 2874372 0 0 2549626 634050 2536214 634050 
 16.362 8.856 2916646 0 0 2549626 634050 2536214 634050 
 16.317 8.490 2958918 0 0 2549626 634050 2536214 634050 
 16.191 8.581 3001186 0 0 2549626 634050 2536214 634050 
 16.179 9.314 3043456 0 0 2549626 634050 2536214 634050 
 15.676 7.986 3085728 0 0 2549626 634050 2536214 634050 
 16.145 8.662 3127996 0 0 2549626 634050 2536214 634050 
 16.923 9.279 3170268 0 0 2549626 634050 3170268 634054 
 15.035 8.410 3212536 0 0 3183678 634052 3170268 634054 
 15.722 8.707 3254806 0 0 3183678 634052 3170268 634054 
 15.310 8.353 3297076 0 0 3183678 634052 3170268 634054 
 15.905 9.028 3339346 0 0 3183678 634052 3170268 634054 
 16.328 8.501 3381618 0 0 3183678 634052 3170268 634054 
 16.374 8.593 3423888 0 0 3183678 634052 3170268 634054 
 15.596 8.375 3466160 0 0 3183678 634052 3170268 634054 
 15.722 7.758 3508428 0 0 3183678 634052 3170268 634054 
 15.401 8.238 3550700 0 0 3183678 634052 3170268 634054 
 14.669 8.364 3592974 0 0 3183678 634052 3170268 634054 
 15.458 9.359 3635246 0 0 3183678 634052 3170268 634054 
 13.799 8.639 3677516 0 0 3183678 634052 3170268 634054 
 14.966 8.536 3719786 0 0 3183678 634052 3170268 634054 
 14.726 8.524 3762060 0 0 3183678 634052 3170268 634054 
 14.863 9.405 3804330 0 0 3183678 634052 3804330 634062 
 15.046 8.948 3846596 0 0 3817740 634062 3804330 634062 
 13.982 8.970 3888868 0 0 3817740 634062 3804330 634062 
 14.394 8.639 3931138 0 0 3817740 634062 3804330 634062 
 15.046 7.803 3973406 0 0 3817740 634062 3804330 634062 
 14.165 8.604 4015678 0 0 3817740 634062 3804330 634062 
 14.532 7.529 4057948 0 0 3817740 634062 3804330 634062 
 14.680 7.998 4100218 0 0 3817740 634062 3804330 634062 
 14.829 8.341 4142486 0 0 3817740 634062 3804330 634062 
 14.440 7.758 4184756 0 0 3817740 634062 3804330 634062 
 14.257 8.993 4227026 0 0 3817740 634062 3804330 634062 
 14.360 8.639 4269296 0 0 3817740 634062 3804330 634062 
 15.046 7.998 4311568 0 0 3817740 634062 3804330 634062 
 14.131 8.101 4353838 0 0 3817740 634062 3804330 634062 
 14.772 8.867 4396110 0 0 3817740 634062 3804330 634062 
 14.268 8.398 4438382 0 0 3817740 634062 4438382 634052 
 14.268 7.494 4480650 0 0 4451792 634052 4438382 634052 
 15.413 7.529 4522920 0 0 4451792 634052 4438382 634052 
 15.813 8.284 4565190 0 0 4451792 634052 4438382 634052 
 15.184 7.941 4607462 0 0 4451792 634052 4438382 634052 
 15.538 8.375 4649730 0 0 4451792 634052 4438382 634052 
 14.955 7.643 4692002 0 0 4451792 634052 4438382 634052 
 16.282 8.559 4734272 0 0 4451792 634052 4438382 634052 
 16.271 7.803 4776540 0 0 4451792 634052 4438382 634052 
 16.088 7.529 4818810 0 0 4451792 634052 4438382 634052 
 16.694 8.810 4861082 0 0 4451792 634052 4438382 634052 
 16.957 8.490 4903350 0 0 4451792 634052 4438382 634052 
 17.518 8.776 4945620 0 0 4451792 634052 4438382 634052 
 16.728 7.826 4987890 0 0 4451792 634052 4438382 634052 
 16.912 8.581 5030158 0 0 4451792 634052 4438382 634052 
 17.003 8.593 5072428 0 0 4451792 634052 5072428 634046 
 16.637 8.662 5114696 0 0 5085842 634050 5072428 634046 
 17.919 7.964 5156964 0 0 5085842 634050 5072428 634046 
 17.472 7.964 5199234 0 0 5085842 634050 5072428 634046 
 17.106 8.135 5241502 0 0 5085842 634050 5072428 634046 
 17.037 8.593 5283770 0 0 5085842 634050 5072428 634046 
 17.106 9.497 5326042 0 0 5085842 634050 5072428 634046 
 16.740 8.970 5368312 0 0 5085842 634050 5072428 634046 
 16.740 8.913 5410580 0 0 5085842 634050 5072428 634046 
 15.950 8.433 5452848 0 0 5085842 634050 5072428 634046 
 17.140 9.749 5495116 0 0 5085842 634050 5072428 634046 
 16.042 9.051 5537386 0 0 5085842 634050 5072428 634046 
 16.271 9.279 5579656 0 0 5085842 634050 5072428 634046 
 17.278 8.341 5621924 0 0 5085842 634050 5072428 634046 
 16.797 8.662 5664194 0 0 5085842 634050 5072428 634046 
 15.916 8.627 5706464 0 0 5085842 634050 5706464 634036 
 17.186 9.234 5748734 0 0 5719876 634034 5706464 634036 
 16.831 8.318 5791004 0 0 5719876 634034 5706464 634036 
 16.866 8.707 5833272 0 0 5719876 634034 5706464 634036 
 16.591 8.353 5875542 0 0 5719876 634034 5706464 634036 
 16.465 8.993 5917812 0 0 5719876 634034 5706464 634036 
 15.458 9.268 5960082 0 0 5719876 634034 5706464 634036 
 16.019 9.531 6002352 0 0 5719876 634034 5706464 634036 
 17.461 8.856 6044622 0 0 5719876 634034 5706464 634036 
 17.243 9.188 6086892 0 0 5719876 634034 5706464 634036 
 16.454 9.028 6129162 0 0 5719876 634034 5706464 634036 
 17.426 8.902 6171434 0 0 5719876 634034 5706464 634036 
 16.362 9.222 6213702 0 0 5719876 634034 5706464 634036 
 15.676 8.867 6255970 0 0 5719876 634034 5706464 634036 
 15.722 8.639 6298240 0 0 5719876 634034 5706464 634036 
 16.877 9.142 6340512 0 0 5719876 634034 6340512 634048 
 16.248 9.188 6382782 0 0 6353926 634050 6340512 634048 
 17.015 9.623 6425052 0 0 6353926 634050 6340512 634048 
 15.996 8.375 6467322 0 0 6353926 634050 6340512 634048 
 16.465 9.131 6509590 0 0 6353926 634050 6340512 634048 
 15.401 9.039 6551858 0 0 6353926 634050 6340512 634048 
 15.504 9.188 6594128 0 0 6353926 634050 6340512 634048 
 16.019 8.124 6636396 0 0 6353926 634050 6340512 634048 
 15.825 8.650 6678664 0 0 6353926 634050 6340512 634048 
 16.111 9.234 6720936 0 0 6353926 634050 6340512 634048 
 15.310 8.490 6763204 0 0 6353926 634050 6340512 634048 
 15.310 8.719 6805474 0 0 6353926 634050 6340512 634048 
 15.687 9.508 6847744 0 0 6353926 634050 6340512 634048 
 14.669 8.833 6890012 0 0 6353926 634050 6340512 634048 
 14.955 9.085 6932280 0 0 6353926 634050 6340512 634048 
 14.074 8.364 6974550 0 0 6353926 634050 6974550 634038 
 15.001 7.883 7016818 0 0 6987962 634036 6974550 634038 
 15.367 8.398 7059088 0 0 6987962 634036 6974550 634038 
 15.252 8.398 7101358 0 0 6987962 634036 6974550 634038 
 15.127 8.776 7143630 0 0 6987962 634036 6974550 634038 
 15.859 8.822 7185898 0 0 6987962 634036 6974550 634038 
 15.928 8.044 7228168 0 0 6987962 634036 6974550 634038 
 15.996 8.169 7270438 0 0 6987962 634036 6974550 634038 
 16.225 8.456 7312708 0 0 6987962 634036 6974550 634038 
 16.225 9.108 7354978 0 0 6987962 634036 6974550 634038 
 17.003 9.588 7397248 0 0 6987962 634036 6974550 634038 
 17.003 9.279 7439518 0 0 6987962 634036 6974550 634038 
 17.049 9.154 7481788 0 0 6987962 634036 6974550 634038 
 17.255 9.142 7524056 0 0 6987962 634036 6974550 634038 
 16.683 8.169 7566326 0 0 6987962 634036 6974550 634038 
 17.369 8.581 7608598 0 0 6987962 634036 7608598 634048 
 17.369 8.227 7650868 0 0 7622010 634048 7608598 634048 
 17.472 8.410 7693136 0 0 7622010 634048 7608598 634048 
 16.317 8.547 7735404 0 0 7622010 634048 7608598 634048 
 16.317 8.421 7777674 0 0 7622010 634048 7608598 634048 
 16.728 8.307 7819944 0 0 7622010 634048 7608598 634048 
 16.500 9.371 7862214 0 0 7622010 634048 7608598 634048 
 15.836 8.490 7904486 0 0 7622010 634048 7608598 634048 
 17.106 8.833 7946756 0 0 7622010 634048 7608598 634048 
 16.740 9.497 7989024 0 0 7622010 634048 7608598 634048 
 16.877 9.829 8031296 0 0 7622010 634048 7608598 634048 
 17.655 8.627 8073566 0 0 7622010 634048 7608598 634048 
 17.049 8.833 8115836 0 0 7622010 634048 7608598 634048 
 16.728 9.096 8158106 0 0 7622010 634048 7608598 634048 
 17.106 8.776 8200376 0 0 7622010 634048 7608598 634048 
 15.870 9.405 8242644 0 0 7622010 634048 8242644 634046 
 16.053 8.970 8284914 0 0 8256056 634046 8242644 634046 
 15.859 9.337 8327186 0 0 8256056 634046 8242644 634046 
 16.145 9.451 8369456 0 0 8256056 634046 8242644 634046 
 15.870 8.833 8411724 0 0 8256056 634046 8242644 634046 
 15.767 8.101 8453994 0 0 8256056 634046 8242644 634046 
 15.504 9.314 8496262 0 0 8256056 634046 8242644 634046 
 16.408 9.405 8538530 0 0 8256056 634046 8242644 634046 
 17.106 8.593 8580800 0 0 8256056 634046 8242644 634046 
 17.186 8.536 8623072 0 0 8256056 634046 8242644 634046 
 16.866 9.691 8665342 0 0 8256056 634046 8242644 634046 
 17.289 9.817 8707612 0 0 8256056 634046 8242644 634046 
 17.335 8.719 8749882 0 0 8256056 634046 8242644 634046 
 17.518 8.295 8792150 0 0 8256056 634046 8242644 634046 
 17.369 8.169 8834420 0 0 8256056 634046 8242644 634046 
 18.159 10.000 8876690 0 0 8256056 634046 8876690 634046 
 16.648 8.902 8918960 0 0 8890102 634046 8876690 634046 
 17.049 9.543 8961230 0 0 8890102 634046 8876690 634046 
 16.831 9.222 9003500 0 0 8890102 634046 8876690 634046 
 16.923 9.348 9045768 0 0 8890102 634046 8876690 634046 
 15.218 8.993 9088038 0 0 8890102 634046 8876690 634046 
 14.760 8.318 9130306 0 0 8890102 634046 8876690 634046 
 15.138 8.993 9172576 0 0 8890102 634046 8876690 634046 
 13.799 9.462 9214844 0 0 8890102 634046 8876690 634046 
 15.081 9.028 9257114 0 0 8890102 634046 8876690 634046 
 13.719 8.513 9299384 0 0 8890102 634046 8876690 634046 
 13.341 8.993 9341654 0 0 8890102 634046 8876690 634046 
 12.712 8.867 9383924 0 0 8890102 634046 8876690 634046 
 13.319 8.261 9426194 0 0 8890102 634046 8876690 634046 
 13.387 8.284 9468464 0 0 8890102 634046 8876690 634046 
 11.888 8.913 9510736 0 0 8890102 634046 9510736 634046 
 12.472 8.421 9553006 0 0 9524148 634046 9510736 634046 
 12.952 8.078 9595274 0 0 9524148 634046 9510736 634046 
 12.438 8.169 9637542 0 0 9524148 634046 9510736 634046 
 13.525 8.124 9679814 0 0 9524148 634046 9510736 634046 
 14.097 8.581 9722082 0 0 9524148 634046 9510736 634046 
 14.429 8.272 9764350 0 0 9524148 634046 9510736 634046 
 14.680 7.849 9806622 0 0 9524148 634046 9510736 634046 
 14.543 7.723 9848892 0 0 9524148 634046 9510736 634046 
 15.218 7.815 9891160 0 0 9524148 634046 9510736 634046 
 15.424 8.181 9933430 0 0 9524148 634046 9510736 634046 
 15.676 7.861 9975700 0 0 9524148 634046 9510736 634046 
 14.806 7.529 10017968 0 0 9524148 634046 9510736 634046 
 16.282 8.856 10060238 0 0 9524148 634046 9510736 634046 
 17.095 7.666 10102506 0 0 9524148 634046 9510736 634046 
 16.831 7.540 10144776 0 0 9524148 634046 10144776 634040 
 17.747 9.234 10187044 0 0 10158190 634042 10144776 634040 
 16.637 8.101 10229314 0 0 10158190 634042 10144776 634040 
 16.923 8.810 10271584 0 0 10158190 634042 10144776 634040 
 17.735 8.261 10313854 0 0 10158190 634042 10144776 634040 
 17.415 8.295 10356122 0 0 10158190 634042 10144776 634040 
 18.433 9.005 10398390 0 0 10158190 634042 10144776 634040 
 17.060 7.792 10440658 0 0 10158190 634042 10144776 634040 
 17.735 8.318 10482930 0 0 10158190 634042 10144776 634040 
 18.170 8.456 10525200 0 0 10158190 634042 10144776 634040 
 17.015 7.941 10567470 0 0 10158190 634042 10144776 634040 
 18.903 9.634 10609742 0 0 10158190 634042 10144776 634040 
 17.930 9.268 10652012 0 0 10158190 634042 10144776 634040 
 17.747 7.735 10694280 0 0 10158190 634042 10144776 634040 
 18.479 7.826 10736548 0 0 10158190 634042 10144776 634040 
 17.930 8.089 10778818 0 0 10158190 634042 10778818 634042 
 17.690 9.371 10821086 0 0 10792230 634040 10778818 634042 
 18.983 9.462 10863354 0 0 10792230 634040 10778818 634042 
 19.017 8.719 10905624 0 0 10792230 634040 10778818 634042 
 18.605 10.046 10947892 0 0 10792230 634040 10778818 634042 
 17.472 9.108 10990164 0 0 10792230 634040 10778818 634042 
 18.376 8.822 11032432 0 0 10792230 634040 10778818 634042 
 18.113 9.920 11074702 0 0 10792230 634040 10778818 634042 
 18.571 9.039 11116970 0 0 10792230 634040 10778818 634042 
 17.518 9.325 11159242 0 0 10792230 634040 10778818 634042 
 17.793 9.039 11201512 0 0 10792230 634040 10778818 634042 
 17.564 9.966 11243780 0 0 10792230 634040 10778818 634042 
 17.461 8.581 11286052 0 0 10792230 634040 10778818 634042 
 17.690 9.051 11328322 0 0 10792230 634040 10778818 634042 
 17.667 8.810 11370592 0 0 10792230 634040 10778818 634042 
 18.205 9.176 11412862 0 0 10792230 634040 11412862 634044 
 16.683 9.497 11455132 0 0 11426274 634044 11412862 634044 
 17.049 8.982 11497400 0 0 11426274 634044 11412862 634044 
 16.877 9.382 11539670 0 0 11426274 634044 11412862 634044 
 16.934 9.474 11581940 0 0 11426274 634044 11412862 634044 
 16.912 9.108 11624208 0 0 11426274 634044 11412862 634044 
 16.454 9.279 11666476 0 0 11426274 634044 11412862 634044 
 15.825 9.783 11708748 0 0 11426274 634044 11412862 634044 
 15.859 9.417 11751018 0 0 11426274 634044 11412862 634044 
 15.630 9.359 11793288 0 0 11426274 634044 11412862 634044 
 15.138 9.565 11835558 0 0 11426274 634044 11412862 634044 
 13.536 8.993 11877826 0 0 11426274 634044 11412862 634044 
 15.493 8.570 11920094 0 0 11426274 634044 11412862 634044 
 14.394 9.085 11962366 0 0 11426274 634044 11412862 634044 
 13.891 9.028 12004636 0 0 11426274 634044 11412862 634044 
 14.028 9.222 12046906 0 0 11426274 634044 12046906 634044 
 13.708 8.867 12089174 0 0 12060318 634044 12046906 634044 
 13.753 8.684 12131444 0 0 12060318 634044 12046906 634044 
 14.726 8.764 12173712 0 0 12060318 634044 12046906 634044 
 14.314 8.490 12215984 0 0 12060318 634044 12046906 634044 
 14.314 8.044 12258252 0 0 12060318 634044 12046906 634044 
 15.184 7.952 12300522 0 0 12060318 634044 12046906 634044 
 15.264 9.096 12342792 0 0 12060318 634044 12046906 634044 
 14.120 9.016 12385062 0 0 12060318 634044 12046906 634044 
 15.401 8.272 12427332 0 0 12060318 634044 12046906 634044 
 15.218 8.822 12469602 0 0 12060318 634044 12046906 634044 
 15.127 8.627 12511870 0 0 12060318 634044 12046906 634044 
 15.001 8.627 12554140 0 0 12060318 634044 12046906 634044 
 14.989 8.353 12596410 0 0 12060318 634044 12046906 634044 
 14.898 8.902 12638678 0 0 12060318 634044 12046906 634044 
 15.733 8.261 12680948 0 0 12060318 634044 12680948 634042 
 15.584 8.181 12723216 0 0 12694360 634042 12680948 634042 
 16.603 9.051 12765484 0 0 12694360 634042 12680948 634042 
 15.630 8.456 12807754 0 0 12694360 634042 12680948 634042 
 17.015 8.673 12850022 0 0 12694360 634042 12680948 634042 
 16.179 8.227 12892292 0 0 12694360 634042 12680948 634042 
 16.454 8.959 12934560 0 0 12694360 634042 12680948 634042 
 16.328 8.444 12976830 0 0 12694360 634042 12680948 634042 
 17.095 9.222 13019102 0 0 12694360 634042 12680948 634042 
 15.916 8.581 13061370 0 0 12694360 634042 12680948 634042 
 15.504 8.490 13103640 0 0 12694360 634042 12680948 634042 
 16.420 8.913 13145912 0 0 12694360 634042 12680948 634042 
 16.740 8.867 13188180 0 0 12694360 634042 12680948 634042 
 17.060 8.261 13230448 0 0 12694360 634042 12680948 634042 
 17.243 8.856 13272720 0 0 12694360 634042 12680948 634042 
 17.564 8.730 13314988 0 0 12694360 634042 13314988 634040 
 16.374 7.632 13357258 0 0 13328400 634040 13314988 634040 
 16.786 8.295 13399530 0 0 13328400 634040 13314988 634040 
 16.511 9.176 13441800 0 0 13328400 634040 13314988 634040 
 16.328 8.902 13484070 0 0 13328400 634040 13314988 634040 
 16.557 8.158 13526338 0 0 13328400 634040 13314988 634040 
 16.603 8.444 13568608 0 0 13328400 634040 13314988 634040 
 15.870 9.085 13610878 0 0 13328400 634040 13314988 634040 
 15.813 8.238 13653148 0 0 13328400 634040 13314988 634040 
 15.046 9.920 13695418 0 0 13328400 634040 13314988 634040 
 15.870 8.776 13737686 0 0 13328400 634040 13314988 634040 
 16.053 8.673 13779956 0 0 13328400 634040 13314988 634040 
 16.408 7.758 13822226 0 0 13328400 634040 13314988 634040 
 15.367 8.902 13864496 0 0 13328400 634040 13314988 634040 
 14.909 9.142 13906764 0 0 13328400 634040 13314988 634040 
 15.687 9.497 13949034 0 0 13328400 634040 13949034 634046 
 15.058 8.639 13991304 0 0 13962446 634046 13949034 634046 
 15.184 7.266 14033572 0 0 13962446 634046 13949034 634046 
 14.943 8.501 14075842 0 0 13962446 634046 13949034 634046 
 15.596 8.410 14118110 0 0 13962446 634046 13949034 634046 
 14.623 8.959 14160378 0 0 13962446 634046 13949034 634046 
 14.955 8.845 14202650 0 0 13962446 634046 13949034 634046 
 14.268 9.142 14244918 0 0 13962446 634046 13949034 634046 
 14.692 8.673 14287188 0 0 13962446 634046 13949034 634046 
 14.898 8.719 14329458 0 0 13962446 634046 13949034 634046 
 14.394 8.559 14371730 0 0 13962446 634046 13949034 634046 
 14.120 8.536 14413998 0 0 13962446 634046 13949034 634046 
 15.321 8.730 14456268 0 0 13962446 634046 13949034 634046 
 14.028 7.952 14498538 0 0 13962446 634046 13949034 634046 
 14.646 8.181 14540808 0 0 13962446 634046 13949034 634046 
 14.028 8.215 14583080 0 0 13962446 634046 14583080 634046 
 14.680 7.506 14625348 0 0 14596494 634048 14583080 634046 
 15.310 8.444 14667616 0 0 14596494 634048 14583080 634046 
 15.184 8.776 14709888 0 0 14596494 634048 14583080 634046 
 15.676 8.169 14752156 0 0 14596494 634048 14583080 634046 
