Thread[Thread-1,5,main] 4.382 5.023 0 0 0 0 0 0 0 
 5.606 5.160 42256 0 0 17250 17250 0 0 
 6.865 5.275 84512 0 0 17250 17250 0 0 
 8.169 5.389 126768 0 0 17250 17250 0 0 
 9.268 5.538 169026 0 0 17250 17250 0 0 
 10.424 5.801 211282 0 0 17250 17250 0 0 
 11.419 6.007 253534 0 0 17250 17250 0 0 
 12.460 6.373 295792 0 0 17250 17250 0 0 
 13.341 6.659 338048 0 0 17250 17250 338048 338048 
 13.479 6.854 380302 0 0 355300 338050 338048 338048 
 13.570 7.163 422558 0 0 355300 338050 338048 338048 
 13.616 7.403 464812 0 0 355300 338050 338048 338048 
 13.616 7.758 507066 0 0 355300 338050 338048 338048 
 13.673 8.089 549320 0 0 355300 338050 338048 338048 
 13.708 8.353 591576 0 0 355300 338050 338048 338048 
 13.765 8.593 633830 0 0 355300 338050 338048 338048 
 13.799 8.822 676086 0 0 355300 338050 338048 338048 
 13.799 9.096 718342 0 0 355300 338050 718342 380294 
 13.547 9.234 760596 0 0 735592 380292 718342 380294 
 13.124 9.497 802852 0 0 735592 380292 718342 380294 
 12.712 9.680 845106 0 0 735592 380292 718342 380294 
 12.346 9.806 887364 0 0 735592 380292 718342 380294 
 11.946 10.000 929620 0 0 735592 380292 718342 380294 
 11.602 10.103 971874 0 0 735592 380292 718342 380294 
 11.236 10.241 1014130 0 0 735592 380292 718342 380294 
 10.916 10.321 1056390 0 0 735592 380292 718342 380294 
 10.572 10.412 1098642 0 0 735592 380292 718342 380294 
 10.263 10.447 1140900 0 0 735592 380292 718342 380294 
 9.989 10.504 1183154 0 0 735592 380292 718342 380294 
 9.680 10.527 1225410 0 0 735592 380292 718342 380294 
 9.417 10.561 1267666 0 0 735592 380292 718342 380294 
 9.154 10.550 1309922 0 0 735592 380292 718342 380294 
 8.867 10.538 1352176 0 0 735592 380292 1352176 633834 
 8.696 10.572 1394432 0 0 1369430 633838 1352176 633834 
 8.536 10.504 1436688 0 0 1369430 633838 1352176 633834 
 8.444 10.504 1478942 0 0 1369430 633838 1352176 633834 
 8.284 10.469 1521196 0 0 1369430 633838 1352176 633834 
 8.192 10.469 1563452 0 0 1369430 633838 1352176 633834 
 8.089 10.378 1605706 0 0 1369430 633838 1352176 633834 
 7.952 10.378 1647962 0 0 1369430 633838 1647962 295786 
 7.895 10.332 1690216 0 0 1665212 295782 1647962 295786 
 7.918 10.286 1732472 0 0 1665212 295782 1647962 295786 
 7.906 10.229 1774728 0 0 1665212 295782 1647962 295786 
 7.906 10.229 1816984 0 0 1665212 295782 1647962 295786 
 7.861 10.126 1859240 0 0 1665212 295782 1647962 295786 
 7.906 10.138 1901498 0 0 1665212 295782 1647962 295786 
 7.906 10.080 1943750 0 0 1665212 295782 1647962 295786 
 7.952 10.092 1986010 0 0 1665212 295782 1647962 295786 
 7.906 10.012 2028264 0 0 1665212 295782 1647962 295786 
 7.906 10.023 2070524 0 0 1665212 295782 2070524 422562 
 7.998 9.955 2112776 0 0 2087774 422562 2070524 422562 
 8.032 10.023 2155032 0 0 2087774 422562 2070524 422562 
 8.044 9.932 2197286 0 0 2087774 422562 2070524 422562 
 8.124 9.920 2239542 0 0 2087774 422562 2070524 422562 
 8.181 9.874 2281798 0 0 2087774 422562 2070524 422562 
 8.261 9.920 2324054 0 0 2087774 422562 2070524 422562 
 8.272 9.955 2366310 0 0 2087774 422562 2070524 422562 
 8.375 9.920 2408566 0 0 2087774 422562 2070524 422562 
 8.398 9.909 2450822 0 0 2087774 422562 2070524 422562 
 8.456 9.920 2493078 0 0 2087774 422562 2070524 422562 
 8.501 9.840 2535332 0 0 2087774 422562 2070524 422562 
 8.547 9.920 2577588 0 0 2087774 422562 2070524 422562 
 8.616 9.840 2619842 0 0 2087774 422562 2070524 422562 
 8.627 9.874 2662096 0 0 2087774 422562 2070524 422562 
 8.684 9.920 2704354 0 0 2087774 422562 2704354 633830 
 8.696 9.943 2746606 0 0 2721606 633832 2704354 633830 
 8.730 9.920 2788862 0 0 2721606 633832 2704354 633830 
 8.707 9.955 2831118 0 0 2721606 633832 2704354 633830 
 8.719 9.955 2873372 0 0 2721606 633832 2704354 633830 
 8.696 10.000 2915624 0 0 2721606 633832 2704354 633830 
 8.684 9.989 2957880 0 0 2721606 633832 2704354 633830 
 8.684 9.966 3000138 0 0 2721606 633832 3000138 295784 
 8.696 9.920 3042390 0 0 3017388 295782 3000138 295784 
 8.684 9.909 3084648 0 0 3017388 295782 3000138 295784 
 8.650 9.955 3126902 0 0 3017388 295782 3000138 295784 
 8.673 9.920 3169158 0 0 3017388 295782 3000138 295784 
 8.650 9.966 3211412 0 0 3017388 295782 3000138 295784 
 8.639 10.000 3253668 0 0 3017388 295782 3000138 295784 
 8.639 9.955 3295924 0 0 3017388 295782 3000138 295784 
 8.650 9.966 3338178 0 0 3017388 295782 3000138 295784 
 8.604 10.000 3380432 0 0 3017388 295782 3000138 295784 
 8.639 10.138 3422686 0 0 3017388 295782 3000138 295784 
 8.581 10.000 3464942 0 0 3017388 295782 3000138 295784 
 8.627 9.977 3507198 0 0 3017388 295782 3000138 295784 
 8.581 10.046 3549454 0 0 3017388 295782 3000138 295784 
 8.639 9.977 3591708 0 0 3017388 295782 3000138 295784 
 8.559 10.012 3633966 0 0 3017388 295782 3633966 633828 
 8.559 10.046 3676220 0 0 3651216 633828 3633966 633828 
 8.559 10.069 3718476 0 0 3651216 633828 3633966 633828 
 8.547 10.046 3760736 0 0 3651216 633828 3633966 633828 
 8.581 10.000 3802992 0 0 3651216 633828 3633966 633828 
 8.581 10.000 3845248 0 0 3651216 633828 3633966 633828 
 8.593 10.000 3887502 0 0 3651216 633828 3633966 633828 
 8.559 10.000 3929756 0 0 3651216 633828 3633966 633828 
 8.570 10.046 3972014 0 0 3651216 633828 3633966 633828 
 8.570 9.989 4014268 0 0 3651216 633828 3633966 633828 
 8.547 10.000 4056524 0 0 3651216 633828 3633966 633828 
 8.559 10.000 4098780 0 0 3651216 633828 3633966 633828 
 8.547 9.977 4141036 0 0 3651216 633828 3633966 633828 
 8.570 10.012 4183290 0 0 3651216 633828 4183290 549324 
 8.547 10.012 4225544 0 0 4200542 549326 4183290 549324 
 8.581 10.023 4267800 0 0 4200542 549326 4183290 549324 
 8.547 9.989 4310054 0 0 4200542 549326 4183290 549324 
 8.547 10.023 4352310 0 0 4200542 549326 4183290 549324 
 8.524 10.092 4394566 0 0 4200542 549326 4183290 549324 
 8.581 10.046 4436820 0 0 4200542 549326 4183290 549324 
 8.547 9.955 4479076 0 0 4200542 549326 4183290 549324 
 8.536 10.012 4521330 0 0 4200542 549326 4183290 549324 
 8.536 9.955 4563584 0 0 4200542 549326 4183290 549324 
 8.536 10.000 4605838 0 0 4200542 549326 4183290 549324 
 8.513 9.966 4648096 0 0 4200542 549326 4648096 464806 
 8.501 10.012 4690350 0 0 4665348 464806 4648096 464806 
 8.536 9.989 4732606 0 0 4665348 464806 4648096 464806 
 8.547 10.012 4774860 0 0 4665348 464806 4648096 464806 
 8.581 10.012 4817118 0 0 4665348 464806 4648096 464806 
 8.547 9.977 4859374 0 0 4665348 464806 4648096 464806 
 8.581 10.000 4901630 0 0 4665348 464806 4648096 464806 
 8.547 10.000 4943886 0 0 4665348 464806 4648096 464806 
 8.581 10.012 4986142 0 0 4665348 464806 4648096 464806 
 8.627 10.000 5028396 0 0 4665348 464806 4648096 464806 
 8.593 10.046 5070652 0 0 4665348 464806 4648096 464806 
 8.627 10.035 5112910 0 0 4665348 464806 4648096 464806 
 8.662 9.955 5155164 0 0 4665348 464806 4648096 464806 
 8.616 10.000 5197422 0 0 4665348 464806 4648096 464806 
 8.604 10.000 5239678 0 0 4665348 464806 4648096 464806 
 8.639 10.057 5281938 0 0 4665348 464806 5281938 633842 
 8.639 10.000 5324190 0 0 5299188 633840 5281938 633842 
 8.639 10.035 5366446 0 0 5299188 633840 5281938 633842 
 8.604 9.977 5408700 0 0 5299188 633840 5281938 633842 
 8.581 10.046 5450954 0 0 5299188 633840 5281938 633842 
 8.639 9.955 5493208 0 0 5299188 633840 5281938 633842 
 8.581 10.069 5535462 0 0 5299188 633840 5281938 633842 
 8.536 10.057 5577720 0 0 5299188 633840 5577720 295782 
 8.536 10.057 5619974 0 0 5594970 295782 5577720 295782 
 8.490 10.012 5662232 0 0 5594970 295782 5577720 295782 
 8.524 10.057 5704488 0 0 5594970 295782 5577720 295782 
 8.490 10.046 5746748 0 0 5594970 295782 5577720 295782 
 8.536 10.000 5789002 0 0 5594970 295782 5577720 295782 
 8.513 10.012 5831256 0 0 5594970 295782 5577720 295782 
 8.501 10.057 5873512 0 0 5594970 295782 5577720 295782 
 8.467 10.012 5915772 0 0 5594970 295782 5577720 295782 
 8.501 10.012 5958028 0 0 5594970 295782 5958028 380308 
 8.490 10.000 6000282 0 0 5975278 380308 5958028 380308 
 8.501 10.000 6042536 0 0 5975278 380308 5958028 380308 
 8.536 9.989 6084790 0 0 5975278 380308 5958028 380308 
 8.536 9.966 6127046 0 0 5975278 380308 5958028 380308 
 8.467 9.955 6169302 0 0 5975278 380308 5958028 380308 
 8.513 10.000 6211558 0 0 5975278 380308 5958028 380308 
 8.478 10.000 6253814 0 0 5975278 380308 5958028 380308 
 8.501 10.012 6296070 0 0 5975278 380308 5958028 380308 
 8.524 9.955 6338324 0 0 5975278 380308 5958028 380308 
 8.513 10.000 6380578 0 0 5975278 380308 5958028 380308 
 8.490 10.000 6422832 0 0 5975278 380308 5958028 380308 
 8.513 10.000 6465090 0 0 5975278 380308 5958028 380308 
 8.501 10.012 6507344 0 0 5975278 380308 5958028 380308 
 8.513 10.000 6549600 0 0 5975278 380308 5958028 380308 
 8.501 10.000 6591854 0 0 5975278 380308 6591854 633826 
 8.536 9.966 6634106 0 0 6609104 633826 6591854 633826 
 8.547 9.955 6676360 0 0 6609104 633826 6591854 633826 
 8.547 9.966 6718618 0 0 6609104 633826 6591854 633826 
 8.501 9.955 6760874 0 0 6609104 633826 6591854 633826 
 8.559 9.966 6803132 0 0 6609104 633826 6591854 633826 
 8.547 9.955 6845390 0 0 6609104 633826 6591854 633826 
 8.581 9.932 6887648 0 0 6609104 633826 6591854 633826 
 8.581 9.955 6929906 0 0 6609104 633826 6591854 633826 
 8.593 9.955 6972162 0 0 6609104 633826 6591854 633826 
 8.593 10.000 7014418 0 0 6609104 633826 6591854 633826 
 8.570 10.000 7056674 0 0 6609104 633826 6591854 633826 
 8.547 9.955 7098930 0 0 6609104 633826 6591854 633826 
 8.570 10.012 7141184 0 0 6609104 633826 6591854 633826 
 8.570 9.989 7183442 0 0 6609104 633826 6591854 633826 
 8.604 10.012 7225698 0 0 6609104 633826 7225698 633844 
 8.547 10.000 7267952 0 0 7242950 633846 7225698 633844 
 8.547 10.000 7310210 0 0 7242950 633846 7225698 633844 
 8.559 10.000 7352466 0 0 7242950 633846 7225698 633844 
 8.570 10.092 7394720 0 0 7242950 633846 7225698 633844 
 8.536 9.977 7436974 0 0 7242950 633846 7225698 633844 
 8.536 10.012 7479230 0 0 7242950 633846 7225698 633844 
 8.501 9.966 7521484 0 0 7242950 633846 7225698 633844 
 8.547 9.989 7563742 0 0 7242950 633846 7563742 338044 
 8.501 10.000 7605996 0 0 7579072 336122 7563742 338044 
 8.524 9.977 7648252 0 0 7579072 336122 7563742 338044 
 8.536 10.000 7690508 0 0 7579072 336122 7563742 338044 
 8.536 9.966 7732764 0 0 7579072 336122 7563742 338044 
 8.536 10.057 7775016 0 0 7579072 336122 7563742 338044 
 8.547 10.000 7817274 0 0 7579072 336122 7563742 338044 
 8.513 9.955 7859532 0 0 7579072 336122 7563742 338044 
 8.513 10.000 7901786 0 0 7579072 336122 7563742 338044 
 8.547 10.012 7944044 0 0 7579072 336122 7563742 338044 
 8.547 10.000 7986298 0 0 7579072 336122 7563742 338044 
 8.536 9.966 8028556 0 0 7579072 336122 7563742 338044 
 8.536 9.966 8070812 0 0 7579072 336122 7563742 338044 
 8.513 9.955 8113068 0 0 7579072 336122 7563742 338044 
 8.536 10.023 8155324 0 0 7579072 336122 7563742 338044 
 8.513 10.000 8197582 0 0 7579072 336122 8197582 633840 
 8.524 10.012 8239836 0 0 8214834 635762 8197582 633840 
 8.536 10.012 8282092 0 0 8214834 635762 8197582 633840 
 8.536 9.989 8324350 0 0 8214834 635762 8197582 633840 
 8.536 10.000 8366604 0 0 8214834 635762 8197582 633840 
 8.513 9.977 8408858 0 0 8214834 635762 8197582 633840 
 8.856 10.012 8451114 0 0 8214834 635762 8197582 633840 
 9.234 10.057 8493370 0 0 8214834 635762 8197582 633840 
 9.588 10.057 8535624 0 0 8214834 635762 8197582 633840 
 9.909 10.092 8577880 0 0 8214834 635762 8197582 633840 
 10.252 10.138 8620134 0 0 8214834 635762 8197582 633840 
 10.595 10.241 8662388 0 0 8214834 635762 8197582 633840 
 10.893 10.332 8704646 0 0 8214834 635762 8197582 633840 
 11.179 10.424 8746902 0 0 8214834 635762 8197582 633840 
 11.522 10.424 8789156 0 0 8214834 635762 8197582 633840 
 11.762 10.515 8831412 0 0 8214834 635762 8831412 633830 
 11.614 10.572 8873668 0 0 8848662 633828 8831412 633830 
 11.190 10.607 8915924 0 0 8848662 633828 8831412 633830 
 10.755 10.653 8958180 0 0 8848662 633828 8831412 633830 
 10.332 10.733 9000434 0 0 8848662 633828 8831412 633830 
 9.909 10.778 9042692 0 0 8848662 633828 8831412 633830 
 9.543 10.733 9084948 0 0 8848662 633828 8831412 633830 
 9.176 10.733 9127206 0 0 8848662 633828 8831412 633830 
 8.822 10.755 9169462 0 0 8848662 633828 8831412 633830 
 8.456 10.675 9211718 0 0 8848662 633828 8831412 633830 
 8.158 10.653 9253974 0 0 8848662 633828 8831412 633830 
 7.815 10.687 9296232 0 0 8848662 633828 8831412 633830 
 7.552 10.572 9338490 0 0 8848662 633828 8831412 633830 
 7.220 10.538 9380746 0 0 8848662 633828 8831412 633830 
 6.945 10.424 9423004 0 0 8848662 633828 9423004 591592 
 6.819 10.321 9465258 0 0 9440254 591592 9423004 591592 
 6.934 10.321 9507514 0 0 9440254 591592 9423004 591592 
 7.071 10.195 9549770 0 0 9440254 591592 9423004 591592 
 7.163 10.195 9592026 0 0 9440254 591592 9423004 591592 
 7.254 10.069 9634282 0 0 9440254 591592 9423004 591592 
 7.346 10.046 9676538 0 0 9440254 591592 9423004 591592 
 7.403 9.955 9718794 0 0 9440254 591592 9423004 591592 
 7.494 9.920 9761048 0 0 9440254 591592 9423004 591592 
 7.597 9.909 9803304 0 0 9440254 591592 9423004 591592 
 7.689 9.874 9845560 0 0 9440254 591592 9423004 591592 
 7.723 9.829 9887814 0 0 9440254 591592 9423004 591592 
 7.826 9.794 9930068 0 0 9440254 591592 9423004 591592 
 7.895 9.783 9972322 0 0 9440254 591592 9423004 591592 
 7.941 9.783 10014578 0 0 9440254 591592 9423004 591592 
 7.998 9.714 10056832 0 0 9440254 591592 10056832 633828 
 8.112 9.726 10099086 0 0 10074084 633830 10056832 633828 
 8.169 9.691 10141342 0 0 10074084 633830 10056832 633828 
 8.307 9.726 10183600 0 0 10074084 633830 10056832 633828 
 8.353 9.749 10225858 0 0 10074084 633830 10056832 633828 
 8.467 9.749 10268116 0 0 10074084 633830 10056832 633828 
 8.524 9.737 10310370 0 0 10074084 633830 10056832 633828 
 8.639 9.783 10352628 0 0 10074084 633830 10056832 633828 
 8.707 9.760 10394884 0 0 10074084 633830 10056832 633828 
 8.810 9.794 10437140 0 0 10074084 633830 10056832 633828 
 8.856 9.783 10479398 0 0 10074084 633830 10056832 633828 
 8.948 9.840 10521656 0 0 10074084 633830 10521656 464824 
