Thread[Thread-1,5,main] 4.599 4.874 0 0 0 0 0 0 0 
 5.400 4.966 42254 0 0 17250 17250 0 0 
 7.117 5.080 84510 0 0 17250 17250 0 0 
 8.284 5.240 126768 0 0 17250 17250 0 0 
 9.314 5.377 169022 0 0 17250 17250 0 0 
 10.515 5.629 211280 0 0 17250 17250 0 0 
 11.556 5.938 253534 0 0 17250 17250 0 0 
 12.518 6.213 295792 0 0 17250 17250 0 0 
 13.536 6.568 338046 0 0 17250 17250 338046 338046 
 13.708 6.831 380302 0 0 355296 338046 338046 338046 
 13.662 7.071 422558 0 0 355296 338046 338046 338046 
 13.753 7.426 464812 0 0 355296 338046 338046 338046 
 13.719 7.758 507070 0 0 355296 338046 338046 338046 
 13.799 7.986 549324 0 0 355296 338046 338046 338046 
 13.845 8.272 591580 0 0 355296 338046 338046 338046 
 13.856 8.581 633836 0 0 355296 338046 338046 338046 
 13.834 8.822 676092 0 0 355296 338046 338046 338046 
 13.856 9.073 718348 0 0 355296 338046 718348 380302 
 13.582 9.234 760602 0 0 735600 380304 718348 380302 
 13.204 9.508 802858 0 0 735600 380304 718348 380302 
 12.758 9.646 845114 0 0 735600 380304 718348 380302 
 12.380 9.840 887368 0 0 735600 380304 718348 380302 
 11.968 10.012 929622 0 0 735600 380304 718348 380302 
 11.602 10.149 971880 0 0 735600 380304 718348 380302 
 11.236 10.252 1014136 0 0 735600 380304 718348 380302 
 10.893 10.286 1056394 0 0 735600 380304 718348 380302 
 10.561 10.412 1098650 0 0 735600 380304 718348 380302 
 10.229 10.469 1140906 0 0 735600 380304 718348 380302 
 9.920 10.504 1183164 0 0 735600 380304 718348 380302 
 9.646 10.481 1225420 0 0 735600 380304 718348 380302 
 9.359 10.561 1267676 0 0 735600 380304 718348 380302 
 9.108 10.538 1309930 0 0 735600 380304 718348 380302 
 8.810 10.515 1352188 0 0 735600 380304 1352188 633840 
 8.650 10.527 1394442 0 0 1369440 633840 1352188 633840 
 8.501 10.504 1436698 0 0 1369440 633840 1352188 633840 
 8.364 10.504 1478954 0 0 1369440 633840 1352188 633840 
 8.295 10.458 1521208 0 0 1369440 633840 1352188 633840 
 8.181 10.435 1563464 0 0 1369440 633840 1352188 633840 
 8.078 10.401 1605720 0 0 1369440 633840 1352188 633840 
 7.998 10.332 1647974 0 0 1369440 633840 1647974 295786 
 7.941 10.332 1690230 0 0 1665224 295784 1647974 295786 
 7.941 10.321 1732488 0 0 1665224 295784 1647974 295786 
 7.906 10.229 1774744 0 0 1665224 295784 1647974 295786 
 7.941 10.218 1816998 0 0 1665224 295784 1647974 295786 
 7.941 10.126 1859254 0 0 1665224 295784 1647974 295786 
 7.929 10.183 1901508 0 0 1665224 295784 1647974 295786 
 7.906 10.069 1943762 0 0 1665224 295784 1647974 295786 
 7.906 10.057 1986018 0 0 1665224 295784 1647974 295786 
 7.906 10.012 2028274 0 0 1665224 295784 2028274 380300 
 7.941 10.057 2070530 0 0 2045526 380302 2028274 380300 
 7.952 9.920 2112786 0 0 2045526 380302 2028274 380300 
 8.078 10.000 2155042 0 0 2045526 380302 2028274 380300 
 8.066 9.955 2197296 0 0 2045526 380302 2028274 380300 
 8.124 9.886 2239552 0 0 2045526 380302 2028274 380300 
 8.169 9.886 2281810 0 0 2045526 380302 2028274 380300 
 8.261 9.874 2324064 0 0 2045526 380302 2028274 380300 
 8.295 9.874 2366320 0 0 2045526 380302 2028274 380300 
 8.330 9.909 2408574 0 0 2045526 380302 2028274 380300 
 8.364 9.863 2450828 0 0 2045526 380302 2028274 380300 
 8.410 9.874 2493082 0 0 2045526 380302 2028274 380300 
 8.444 9.863 2535340 0 0 2045526 380302 2028274 380300 
 8.478 9.966 2577594 0 0 2045526 380302 2028274 380300 
 8.524 9.874 2619852 0 0 2045526 380302 2028274 380300 
 8.616 9.920 2662106 0 0 2045526 380302 2662106 633832 
 8.639 9.897 2704362 0 0 2679358 633832 2662106 633832 
 8.593 9.920 2746618 0 0 2679358 633832 2662106 633832 
 8.581 9.920 2788874 0 0 2679358 633832 2662106 633832 
 8.593 9.932 2831128 0 0 2679358 633832 2662106 633832 
 8.604 9.909 2873382 0 0 2679358 633832 2662106 633832 
 8.593 9.955 2915640 0 0 2679358 633832 2662106 633832 
 8.593 9.909 2957898 0 0 2679358 633832 2662106 633832 
 8.627 9.932 3000152 0 0 2679358 633832 2662106 633832 
 8.604 9.920 3042408 0 0 2679358 633832 2662106 633832 
 8.627 9.966 3084664 0 0 2679358 633832 3084664 422558 
 8.604 9.932 3126918 0 0 3101916 422558 3084664 422558 
 8.639 9.977 3169174 0 0 3101916 422558 3084664 422558 
 8.581 9.886 3211428 0 0 3101916 422558 3084664 422558 
 8.593 9.989 3253684 0 0 3101916 422558 3084664 422558 
 8.627 9.920 3295940 0 0 3101916 422558 3084664 422558 
 8.581 10.000 3338196 0 0 3101916 422558 3084664 422558 
 8.547 9.966 3380454 0 0 3101916 422558 3084664 422558 
 8.627 9.966 3422708 0 0 3101916 422558 3084664 422558 
 8.581 9.966 3464966 0 0 3101916 422558 3464966 380302 
 8.547 10.000 3507218 0 0 3482216 380300 3464966 380302 
 8.536 9.955 3549476 0 0 3482216 380300 3464966 380302 
 8.559 10.012 3591736 0 0 3482216 380300 3464966 380302 
 8.547 9.966 3633992 0 0 3482216 380300 3464966 380302 
 8.547 10.000 3676248 0 0 3482216 380300 3464966 380302 
 8.547 9.966 3718506 0 0 3482216 380300 3464966 380302 
 8.627 10.000 3760762 0 0 3482216 380300 3464966 380302 
 8.547 9.966 3803018 0 0 3482216 380300 3464966 380302 
 8.547 10.046 3845272 0 0 3482216 380300 3845272 380306 
 8.547 9.955 3887526 0 0 3862524 380308 3845272 380306 
 8.536 9.966 3929784 0 0 3862524 380308 3845272 380306 
 8.524 10.000 3972038 0 0 3862524 380308 3845272 380306 
 8.536 10.000 4014294 0 0 3862524 380308 3845272 380306 
 8.501 9.955 4056550 0 0 3862524 380308 3845272 380306 
 8.536 9.966 4098806 0 0 3862524 380308 3845272 380306 
 8.444 9.955 4141060 0 0 3862524 380308 3845272 380306 
 8.490 9.989 4183314 0 0 3862524 380308 4183314 338042 
 8.444 9.955 4225570 0 0 4200566 338042 4183314 338042 
 8.456 10.000 4267826 0 0 4200566 338042 4183314 338042 
 8.456 9.966 4310082 0 0 4200566 338042 4183314 338042 
 8.467 9.966 4352338 0 0 4200566 338042 4183314 338042 
 8.467 9.920 4394596 0 0 4200566 338042 4183314 338042 
 8.490 9.966 4436852 0 0 4200566 338042 4183314 338042 
 8.490 9.955 4479108 0 0 4200566 338042 4183314 338042 
 8.478 9.989 4521362 0 0 4200566 338042 4183314 338042 
 8.513 9.977 4563618 0 0 4200566 338042 4183314 338042 
 8.490 9.943 4605874 0 0 4200566 338042 4605874 422560 
 8.490 10.000 4648128 0 0 4623128 422562 4605874 422560 
 8.501 9.955 4690384 0 0 4623128 422562 4605874 422560 
 8.501 9.955 4732640 0 0 4623128 422562 4605874 422560 
 8.524 9.966 4774896 0 0 4623128 422562 4605874 422560 
 8.490 9.943 4817150 0 0 4623128 422562 4605874 422560 
 8.536 10.000 4859408 0 0 4623128 422562 4605874 422560 
 8.547 9.966 4901662 0 0 4623128 422562 4605874 422560 
 8.547 10.012 4943916 0 0 4623128 422562 4605874 422560 
 8.536 9.966 4986170 0 0 4623128 422562 4605874 422560 
 8.559 10.000 5028424 0 0 4623128 422562 4605874 422560 
 8.581 9.977 5070680 0 0 4623128 422562 5070680 464806 
 8.570 10.012 5112934 0 0 5080250 457122 5070680 464806 
 8.547 9.989 5155188 0 0 5080250 457122 5070680 464806 
 8.536 9.989 5197442 0 0 5080250 457122 5070680 464806 
 8.547 10.000 5239696 0 0 5080250 457122 5070680 464806 
 8.524 9.989 5281950 0 0 5080250 457122 5070680 464806 
 8.547 10.012 5324208 0 0 5080250 457122 5070680 464806 
 8.581 10.012 5366462 0 0 5080250 457122 5070680 464806 
 8.536 9.943 5408716 0 0 5080250 457122 5070680 464806 
 8.536 10.057 5450970 0 0 5080250 457122 5070680 464806 
 8.524 10.012 5493224 0 0 5080250 457122 5493224 422544 
 8.513 9.977 5535478 0 0 5510476 430226 5493224 422544 
 8.490 10.012 5577734 0 0 5510476 430226 5493224 422544 
 8.513 10.000 5619988 0 0 5510476 430226 5493224 422544 
 8.524 10.046 5662242 0 0 5510476 430226 5493224 422544 
 8.513 9.966 5704498 0 0 5510476 430226 5493224 422544 
 8.467 9.955 5746754 0 0 5510476 430226 5493224 422544 
 8.490 10.012 5789008 0 0 5510476 430226 5493224 422544 
 8.478 9.932 5831262 0 0 5510476 430226 5493224 422544 
 8.444 9.966 5873520 0 0 5510476 430226 5873520 380296 
 8.478 9.966 5915772 0 0 5890772 380296 5873520 380296 
 8.490 9.920 5958028 0 0 5890772 380296 5873520 380296 
 8.467 9.955 6000286 0 0 5890772 380296 5873520 380296 
 8.501 10.000 6042538 0 0 5890772 380296 5873520 380296 
 8.490 9.955 6084794 0 0 5890772 380296 5873520 380296 
 8.536 9.955 6127050 0 0 5890772 380296 5873520 380296 
 8.536 9.932 6169308 0 0 5890772 380296 5873520 380296 
 8.547 9.966 6211562 0 0 5890772 380296 5873520 380296 
 8.513 9.943 6253816 0 0 5890772 380296 5873520 380296 
 8.570 9.955 6296070 0 0 5890772 380296 5873520 380296 
 8.570 9.955 6338328 0 0 5890772 380296 6338328 464808 
 8.593 9.966 6380582 0 0 6347898 457126 6338328 464808 
 8.547 9.966 6422840 0 0 6347898 457126 6338328 464808 
 8.547 9.966 6465094 0 0 6347898 457126 6338328 464808 
 8.547 10.000 6507348 0 0 6347898 457126 6338328 464808 
 8.547 9.966 6549602 0 0 6347898 457126 6338328 464808 
 8.536 9.977 6591856 0 0 6347898 457126 6338328 464808 
 8.570 9.966 6634110 0 0 6347898 457126 6338328 464808 
 8.547 10.000 6676362 0 0 6347898 457126 6338328 464808 
 8.536 10.000 6718620 0 0 6347898 457126 6338328 464808 
 8.581 10.000 6760874 0 0 6347898 457126 6338328 464808 
 8.547 10.000 6803132 0 0 6347898 457126 6803132 464804 
 8.536 9.989 6845384 0 0 6820384 472486 6803132 464804 
 8.547 9.977 6887638 0 0 6820384 472486 6803132 464804 
 8.547 10.012 6929892 0 0 6820384 472486 6803132 464804 
 8.547 9.966 6972146 0 0 6820384 472486 6803132 464804 
 8.536 9.966 7014400 0 0 6820384 472486 6803132 464804 
 8.501 10.012 7056656 0 0 6820384 472486 6803132 464804 
 8.536 10.000 7098912 0 0 6820384 472486 6803132 464804 
 8.547 9.966 7141168 0 0 6820384 472486 6803132 464804 
 8.490 9.966 7183424 0 0 6820384 472486 7183424 380292 
 8.501 10.046 7225678 0 0 7200674 380290 7183424 380292 
 8.490 9.932 7267934 0 0 7200674 380290 7183424 380292 
 8.513 9.966 7310190 0 0 7200674 380290 7183424 380292 
 8.501 9.955 7352444 0 0 7200674 380290 7183424 380292 
 8.524 10.046 7394700 0 0 7200674 380290 7183424 380292 
 8.524 10.012 7436956 0 0 7200674 380290 7183424 380292 
 8.501 9.989 7479210 0 0 7200674 380290 7183424 380292 
 8.501 9.955 7521464 0 0 7200674 380290 7183424 380292 
 8.536 10.012 7563720 0 0 7200674 380290 7183424 380292 
 8.513 9.977 7605974 0 0 7200674 380290 7183424 380292 
 8.547 10.000 7648232 0 0 7200674 380290 7648232 464808 
 8.570 9.955 7690486 0 0 7665484 464810 7648232 464808 
 8.536 9.966 7732740 0 0 7665484 464810 7648232 464808 
 8.559 10.012 7774992 0 0 7665484 464810 7648232 464808 
 8.513 10.035 7817250 0 0 7665484 464810 7648232 464808 
 8.513 9.966 7859506 0 0 7665484 464810 7648232 464808 
 8.547 9.977 7901762 0 0 7665484 464810 7648232 464808 
 8.501 9.932 7944018 0 0 7665484 464810 7648232 464808 
 8.501 9.920 7986272 0 0 7665484 464810 7648232 464808 
 8.501 10.000 8028530 0 0 7665484 464810 8028530 380298 
 8.478 9.989 8070784 0 0 8045782 380298 8028530 380298 
 8.456 9.966 8113040 0 0 8045782 380298 8028530 380298 
 8.501 9.966 8155296 0 0 8045782 380298 8028530 380298 
 8.456 9.966 8197550 0 0 8045782 380298 8028530 380298 
 8.490 10.000 8239804 0 0 8045782 380298 8028530 380298 
 8.456 9.886 8282060 0 0 8045782 380298 8028530 380298 
 8.456 10.000 8324316 0 0 8045782 380298 8028530 380298 
 8.444 9.955 8366572 0 0 8045782 380298 8028530 380298 
 8.490 9.932 8408828 0 0 8045782 380298 8028530 380298 
 8.810 10.023 8451082 0 0 8045782 380298 8451082 422552 
 9.222 10.035 8493334 0 0 8468332 422550 8451082 422552 
 9.588 10.092 8535590 0 0 8468332 422550 8451082 422552 
 9.966 10.103 8577844 0 0 8468332 422550 8451082 422552 
 10.241 10.149 8620102 0 0 8468332 422550 8451082 422552 
 10.618 10.241 8662358 0 0 8468332 422550 8451082 422552 
 10.927 10.286 8704610 0 0 8468332 422550 8451082 422552 
 11.248 10.389 8746868 0 0 8468332 422550 8746868 295786 
 11.156 10.378 8789122 0 0 8764118 295786 8746868 295786 
 10.790 10.389 8831376 0 0 8764118 295786 8746868 295786 
 10.424 10.424 8873632 0 0 8764118 295786 8746868 295786 
 10.080 10.550 8915888 0 0 8764118 295786 8746868 295786 
 9.680 10.607 8958144 0 0 8764118 295786 8746868 295786 
 9.371 10.584 9000398 0 0 8764118 295786 8746868 295786 
 9.062 10.595 9042652 0 0 8764118 295786 8746868 295786 
 8.764 10.618 9084908 0 0 8764118 295786 8746868 295786 
 8.444 10.469 9127162 0 0 8764118 295786 8746868 295786 
 8.181 10.550 9169416 0 0 8764118 295786 8746868 295786 
 7.883 10.424 9211670 0 0 8764118 295786 8746868 295786 
 7.666 10.424 9253926 0 0 8764118 295786 8746868 295786 
 7.391 10.389 9296182 0 0 8764118 295786 9296182 549314 
 7.311 10.309 9338436 0 0 9313434 549316 9296182 549314 
 7.346 10.286 9380690 0 0 9313434 549316 9296182 549314 
 7.391 10.206 9422948 0 0 9313434 549316 9296182 549314 
 7.426 10.103 9465202 0 0 9313434 549316 9296182 549314 
 7.506 10.069 9507458 0 0 9313434 549316 9296182 549314 
 7.552 10.012 9549714 0 0 9313434 549316 9296182 549314 
 7.586 10.012 9591970 0 0 9313434 549316 9296182 549314 
 7.632 9.920 9634222 0 0 9313434 549316 9296182 549314 
 7.700 9.863 9676478 0 0 9313434 549316 9296182 549314 
 7.723 9.874 9718734 0 0 9313434 549316 9296182 549314 
 7.769 9.863 9760988 0 0 9313434 549316 9296182 549314 
 7.780 9.794 9803244 0 0 9313434 549316 9803244 507062 
 7.895 9.817 9845498 0 0 9820496 507062 9803244 507062 
 7.941 9.783 9887754 0 0 9820496 507062 9803244 507062 
 8.044 9.749 9930010 0 0 9820496 507062 9803244 507062 
 8.135 9.749 9972264 0 0 9820496 507062 9803244 507062 
 8.261 9.771 10014518 0 0 9820496 507062 9803244 507062 
 8.364 9.737 10056772 0 0 9820496 507062 9803244 507062 
 8.444 9.737 10099026 0 0 9820496 507062 9803244 507062 
 8.536 9.726 10141280 0 0 9820496 507062 9803244 507062 
 8.627 9.806 10183534 0 0 9820496 507062 9803244 507062 
 8.696 9.817 10225790 0 0 9820496 507062 9803244 507062 
 8.764 9.771 10268046 0 0 9820496 507062 9803244 507062 
 8.822 9.783 10310300 0 0 9820496 507062 9803244 507062 
 8.925 9.806 10352554 0 0 9820496 507062 9803244 507062 
 8.948 9.829 10394808 0 0 9820496 507062 9803244 507062 
 9.051 9.829 10437064 0 0 9820496 507062 10437064 633820 
 9.051 9.863 10479318 0 0 10454314 633818 10437064 633820 
 9.005 9.852 10521574 0 0 10454314 633818 10437064 633820 
 8.959 9.852 10563830 0 0 10454314 633818 10437064 633820 
 8.959 9.909 10606086 0 0 10454314 633818 10437064 633820 
 8.913 9.886 10648342 0 0 10454314 633818 10437064 633820 
 8.902 9.977 10690598 0 0 10454314 633818 10437064 633820 
 8.845 9.909 10732852 0 0 10454314 633818 10437064 633820 
 8.822 9.966 10775104 0 0 10454314 633818 10437064 633820 
 8.810 9.966 10817360 0 0 10454314 633818 10437064 633820 
 8.822 10.012 10859612 0 0 10454314 633818 10437064 633820 
 8.730 10.000 10901868 0 0 10454314 633818 10901868 464804 
 8.719 10.000 10944122 0 0 10919118 464804 10901868 464804 
 8.662 9.989 10986378 0 0 10919118 464804 10901868 464804 
 8.639 10.057 11028632 0 0 10919118 464804 10901868 464804 
 8.627 10.012 11070888 0 0 10919118 464804 10901868 464804 
 8.581 10.103 11113142 0 0 10919118 464804 10901868 464804 
 8.536 10.057 11155398 0 0 10919118 464804 10901868 464804 
 8.570 10.012 11197654 0 0 10919118 464804 11197654 295786 
 8.513 10.000 11239908 0 0 11214904 295786 11197654 295786 
 8.513 10.000 11282164 0 0 11214904 295786 11197654 295786 
 8.536 9.989 11324420 0 0 11214904 295786 11197654 295786 
 8.467 10.057 11366676 0 0 11214904 295786 11197654 295786 
 8.456 10.012 11408930 0 0 11214904 295786 11197654 295786 
 8.490 10.057 11451186 0 0 11214904 295786 11197654 295786 
 8.456 9.955 11493440 0 0 11214904 295786 11197654 295786 
 8.410 10.000 11535694 0 0 11214904 295786 11197654 295786 
 8.410 10.012 11577952 0 0 11214904 295786 11577952 380298 
 8.410 9.966 11620204 0 0 11595202 380298 11577952 380298 
 8.398 10.000 11662458 0 0 11595202 380298 11577952 380298 
 8.421 10.000 11704714 0 0 11595202 380298 11577952 380298 
 8.375 9.932 11746970 0 0 11595202 380298 11577952 380298 
 8.410 10.000 11789226 0 0 11595202 380298 11577952 380298 
 8.398 9.955 11831480 0 0 11595202 380298 11577952 380298 
 8.433 9.943 11873734 0 0 11595202 380298 11577952 380298 
 8.398 9.955 11915988 0 0 11595202 380298 11577952 380298 
 8.444 10.000 11958244 0 0 11595202 380298 11577952 380298 
 8.410 9.932 12000502 0 0 11595202 380298 12000502 422550 
 8.410 9.920 12042756 0 0 12017754 422552 12000502 422550 
 8.410 9.909 12085010 0 0 12017754 422552 12000502 422550 
 8.410 9.955 12127266 0 0 12017754 422552 12000502 422550 
 8.444 9.920 12169520 0 0 12017754 422552 12000502 422550 
 8.456 9.932 12211776 0 0 12017754 422552 12000502 422550 
 8.456 9.909 12254030 0 0 12017754 422552 12000502 422550 
 8.456 9.966 12296286 0 0 12017754 422552 12000502 422550 
 8.444 9.932 12338540 0 0 12017754 422552 12000502 422550 
 8.456 9.909 12380796 0 0 12017754 422552 12000502 422550 
 8.490 9.932 12423052 0 0 12017754 422552 12000502 422550 
 8.467 9.966 12465306 0 0 12017754 422552 12000502 422550 
 8.490 10.000 12507560 0 0 12017754 422552 12000502 422550 
 8.513 9.966 12549816 0 0 12017754 422552 12000502 422550 
 8.501 9.897 12592072 0 0 12017754 422552 12592072 591570 
 8.536 9.955 12634324 0 0 12609324 591570 12592072 591570 
 8.467 9.920 12676578 0 0 12609324 591570 12592072 591570 
 8.501 9.909 12718832 0 0 12609324 591570 12592072 591570 
 8.513 9.955 12761086 0 0 12609324 591570 12592072 591570 
 8.536 9.966 12803342 0 0 12609324 591570 12592072 591570 
 8.547 9.932 12845596 0 0 12609324 591570 12592072 591570 
 8.501 9.955 12887850 0 0 12609324 591570 12592072 591570 
 8.513 9.955 12930104 0 0 12609324 591570 12592072 591570 
 8.547 9.943 12972362 0 0 12609324 591570 12592072 591570 
 8.536 9.955 13014618 0 0 12609324 591570 12592072 591570 
 8.536 9.955 13056870 0 0 12609324 591570 12592072 591570 
 8.581 9.932 13099128 0 0 12609324 591570 12592072 591570 
 8.627 9.909 13141382 0 0 12609324 591570 12592072 591570 
 8.581 9.955 13183638 0 0 12609324 591570 13183638 591566 
 8.547 10.012 13225892 0 0 13200890 591566 13183638 591566 
 8.536 9.955 13268148 0 0 13200890 591566 13183638 591566 
 8.513 9.966 13310402 0 0 13200890 591566 13183638 591566 
 8.547 9.955 13352658 0 0 13200890 591566 13183638 591566 
 8.513 9.966 13394914 0 0 13200890 591566 13183638 591566 
 8.456 10.012 13437170 0 0 13200890 591566 13183638 591566 
 8.490 9.932 13479426 0 0 13200890 591566 13183638 591566 
 8.490 9.909 13521680 0 0 13200890 591566 13183638 591566 
 8.456 9.920 13563934 0 0 13200890 591566 13563934 380296 
 8.456 9.932 13606190 0 0 13581188 380298 13563934 380296 
 8.478 9.943 13648444 0 0 13581188 380298 13563934 380296 
 8.456 9.955 13690700 0 0 13581188 380298 13563934 380296 
 8.490 9.920 13732954 0 0 13581188 380298 13563934 380296 
 8.456 9.932 13775210 0 0 13581188 380298 13563934 380296 
 8.524 9.955 13817464 0 0 13581188 380298 13563934 380296 
 8.456 9.920 13859720 0 0 13581188 380298 13563934 380296 
 8.501 10.000 13901976 0 0 13581188 380298 13563934 380296 
 8.501 10.000 13944228 0 0 13581188 380298 13563934 380296 
 8.490 9.955 13986486 0 0 13581188 380298 13563934 380296 
 8.513 9.955 14028738 0 0 13581188 380298 13563934 380296 
 8.536 9.932 14070992 0 0 13581188 380298 13563934 380296 
 8.490 9.943 14113248 0 0 13581188 380298 14113248 549314 
 8.490 9.966 14155502 0 0 14130498 549310 14113248 549314 
 8.501 9.920 14197758 0 0 14130498 549310 14113248 549314 
 8.501 9.932 14240012 0 0 14130498 549310 14113248 549314 
 8.501 9.932 14282268 0 0 14130498 549310 14113248 549314 
 8.478 9.909 14324524 0 0 14130498 549310 14113248 549314 
 8.490 9.920 14366780 0 0 14130498 549310 14113248 549314 
 8.467 9.966 14409034 0 0 14130498 549310 14113248 549314 
 8.456 9.932 14451290 0 0 14130498 549310 14113248 549314 
 8.501 9.966 14493544 0 0 14130498 549310 14113248 549314 
 8.456 9.943 14535800 0 0 14130498 549310 14113248 549314 
 8.501 9.955 14578056 0 0 14130498 549310 14578056 464808 
 8.456 9.955 14620310 0 0 14587628 457130 14578056 464808 
 8.513 9.966 14662564 0 0 14587628 457130 14578056 464808 
 8.490 9.909 14704820 0 0 14587628 457130 14578056 464808 
 8.490 9.955 14747076 0 0 14587628 457130 14578056 464808 
