Thread[Thread-1,5,main] 4.416 4.977 0 0 0 0 0 0 0  5.022 0 
 5.572 5.080 42254 0 0 17250 17250 42254 42254  9.942 1 
 6.865 5.172 84510 0 0 59506 42256 84510 42256  14.769 2 
 7.941 5.286 126766 0 0 101762 42256 126766 42256  19.483 3 
 8.913 5.389 169022 0 0 144018 42256 169022 42256  24.094 4 
 9.691 5.606 211278 0 0 186274 42256 211278 42256  28.487 5 
 10.447 5.801 253534 0 0 228530 42256 253534 42256  32.685 6 
 10.973 6.064 295790 0 0 270784 42254 295790 42256  36.621 7 
 11.362 6.293 338042 0 0 313042 42258 338042 42252  40.327 8 
 11.751 6.590 380296 0 0 355296 42254 380296 42254  43.737 9 
 11.957 6.842 422552 0 0 397550 42254 422552 42256  46.894 10 
 12.197 7.060 464808 0 0 439806 42256 464808 42256  49.834 11 
 12.254 7.311 507064 0 0 482060 42254 507064 42256  52.522 12 
 12.335 7.620 549318 0 0 524316 42256 549318 42254  54.901 13 
 12.380 7.826 591574 0 0 566570 42254 591574 42256  57.075 14 
 12.300 8.032 633830 0 0 608824 42254 633830 42256  59.042 15 
 12.266 8.215 676084 0 0 651082 42258 676084 42254  60.826 16 
 12.197 8.456 718338 0 0 693336 42254 718338 42254  62.370 17 
 12.048 8.673 760592 0 0 735590 42254 760592 42254  63.697 18 
 11.968 8.856 802848 0 0 777844 42254 802848 42256  64.840 19 
 11.751 9.005 845102 0 0 820098 42254 845102 42254  65.835 20 
 11.602 9.176 887356 0 0 862354 42256 887356 42254  66.658 21 
 11.419 9.314 929610 0 0 904608 42254 929610 42254  67.344 22 
 11.236 9.428 971864 0 0 946862 42254 971864 42254  67.915 23 
 11.053 9.543 1014120 0 0 989116 42254 1014120 42256  68.372 24 
 10.881 9.646 1056376 0 0 1031372 42256 1056376 42256  68.726 25 
 10.641 9.737 1098634 0 0 1073628 42256 1098634 42258  68.988 26 
 10.469 9.897 1140888 0 0 1115884 42256 1140888 42254  69.091 27 
 10.309 9.920 1183142 0 0 1158140 42256 1183142 42254  69.170 28 
 10.092 9.955 1225398 0 0 1200394 42254 1225398 42256  69.215 29 
 9.886 10.000 1267654 0 0 1242650 42256 1267654 42256  69.216 30 
 9.771 10.057 1309910 0 0 1284906 42256 1309910 42256  69.274 31 
 9.588 10.069 1352166 0 0 1327162 42256 1352166 42256  69.343 32 
 9.508 10.183 1394420 0 0 1369420 42258 1394420 42254  69.527 33 
 9.348 10.195 1436676 0 0 1411672 42252 1436676 42256  69.722 34 
 9.257 10.183 1478930 0 0 1453930 42258 1478930 42254  69.906 35 
 9.131 10.149 1521186 0 0 1496184 42254 1521186 42256  70.056 36 
 9.039 10.229 1563442 0 0 1538438 42254 1563442 42256  70.285 37 
 8.948 10.229 1605696 0 0 1580694 42256 1605696 42254  70.515 38 
 8.856 10.286 1647952 0 0 1622948 42254 1647952 42256  70.802 39 
 8.799 10.183 1690208 0 0 1665204 42256 1690208 42256  70.986 40 
 8.684 10.275 1732464 0 0 1707460 42256 1732464 42256  71.261 41 
 8.627 10.195 1774718 0 0 1749714 42254 1774718 42254  71.456 42 
 8.627 10.195 1816974 0 0 1791970 42256 1816974 42256  71.652 43 
 8.536 10.229 1859228 0 0 1834226 42256 1859228 42254  71.881 44 
 8.513 10.160 1901480 0 0 1876480 42254 1901480 42252  72.042 45 
 8.490 10.183 1943736 0 0 1918734 42254 1943736 42256  72.226 46 
 8.478 10.195 1985990 0 0 1960988 42254 1985990 42254  72.421 47 
 8.444 10.149 2028246 0 0 2003242 42254 2028246 42256  72.571 48 
 8.478 10.092 2070502 0 0 2045498 42256 2070502 42256  72.663 49 
 8.410 10.103 2112758 0 0 2087754 42256 2112758 42256  72.767 50 
 8.456 10.103 2155012 0 0 2130010 42256 2155012 42254  72.871 51 
 8.456 10.057 2197266 0 0 2172264 42254 2197266 42254  72.929 52 
 8.444 10.046 2239520 0 0 2214518 42254 2239520 42254  72.975 53 
 8.456 10.057 2281774 0 0 2256774 42256 2281774 42254  73.033 54 
 8.478 10.023 2324028 0 0 2299026 42252 2324028 42254  73.057 55 
 8.501 10.000 2366284 0 0 2341280 42254 2366284 42256  73.058 56 
 8.547 10.046 2408538 0 0 2383536 42256 2408538 42254  73.104 57 
 8.501 9.966 2450792 0 0 2425788 42252 2450792 42254  73.138 58 
 8.536 9.977 2493050 0 0 2468042 42254 2493050 42258  73.160 59 
 8.547 9.966 2535304 0 0 2510302 42260 2535304 42254  73.194 60 
 8.604 9.966 2577558 0 0 2552556 42254 2577558 42254  73.227 61 
 8.593 9.955 2619812 0 0 2594810 42254 2619812 42254  73.272 62 
 8.627 10.046 2662068 0 0 2637066 42256 2662068 42256  73.319 63 
 8.616 10.012 2704322 0 0 2679318 42252 2704322 42254  73.331 64 
 8.639 9.943 2746578 0 0 2721574 42256 2746578 42256  73.387 65 
 8.593 9.955 2788832 0 0 2763830 42256 2788832 42254  73.432 66 
 8.627 9.955 2831088 0 0 2806084 42254 2831088 42256  73.477 67 
 8.639 9.932 2873344 0 0 2848340 42256 2873344 42256  73.545 68 
 8.696 9.955 2915600 0 0 2890594 42254 2915600 42256  73.590 69 
 8.650 9.955 2957856 0 0 2932852 42258 2957856 42256  73.635 70 
 8.684 9.897 3000110 0 0 2975108 42256 3000110 42254  73.737 71 
 8.719 9.932 3042364 0 0 3017360 42252 3042364 42254  73.805 72 
 8.684 9.966 3084618 0 0 3059616 42256 3084618 42254  73.839 73 
 8.684 9.920 3126872 0 0 3101870 42254 3126872 42254  73.918 74 
 8.684 9.943 3169126 0 0 3144122 42252 3169126 42254  73.975 75 
 8.673 9.932 3211380 0 0 3186378 42256 3211380 42254  74.042 76 
 8.719 9.909 3253636 0 0 3228630 42252 3253636 42256  74.133 77 
 8.719 9.920 3295892 0 0 3270888 42258 3295892 42256  74.212 78 
 8.753 9.920 3338146 0 0 3313144 42256 3338146 42254  74.292 79 
 8.719 9.920 3380400 0 0 3355398 42254 3380400 42254  74.371 80 
 8.730 9.909 3422654 0 0 3397652 42254 3422654 42254  74.462 81 
 8.764 9.909 3464910 0 0 3439906 42254 3464910 42256  74.553 82 
 8.776 9.955 3507166 0 0 3482162 42256 3507166 42256  74.598 83 
 8.719 9.909 3549422 0 0 3524416 42254 3549422 42256  74.688 84 
 8.730 9.897 3591676 0 0 3566672 42256 3591676 42254  74.791 85 
 8.764 9.920 3633932 0 0 3608928 42256 3633932 42256  74.870 86 
 8.764 9.932 3676190 0 0 3651184 42256 3676190 42258  74.938 87 
 8.753 9.909 3718446 0 0 3693442 42258 3718446 42256  75.029 88 
 8.776 9.932 3760700 0 0 3735698 42256 3760700 42254  75.096 89 
 8.730 9.966 3802954 0 0 3777952 42254 3802954 42254  75.130 90 
 8.764 9.955 3845210 0 0 3820206 42254 3845210 42256  75.175 91 
 8.764 9.943 3887464 0 0 3862462 42256 3887464 42254  75.231 92 
 8.742 9.966 3929722 0 0 3904718 42256 3929722 42258  75.265 93 
 8.764 9.909 3971978 0 0 3946974 42256 3971978 42256  75.356 94 
 8.719 9.932 4014232 0 0 3989230 42256 4014232 42254  75.424 95 
 8.696 9.966 4056486 0 0 4031484 42254 4056486 42254  75.457 96 
 8.696 9.932 4098740 0 0 4073738 42254 4098740 42254  75.525 97 
 8.707 9.955 4140992 0 0 4115992 42254 4140992 42252  75.570 98 
 8.719 9.955 4183250 0 0 4158244 42252 4183250 42258  75.615 99 
 8.673 9.955 4225504 0 0 4200502 42258 4225504 42254  75.660 100 
 8.673 9.966 4267758 0 0 4242756 42254 4267758 42254  75.694 101 
 8.673 9.955 4310014 0 0 4285010 42254 4310014 42256  75.739 102 
 8.696 9.955 4352268 0 0 4327266 42256 4352268 42254  75.784 103 
 8.650 9.955 4394522 0 0 4369520 42254 4394522 42254  75.829 104 
 8.662 9.909 4436776 0 0 4411774 42254 4436776 42254  75.919 105 
 8.684 9.920 4479032 0 0 4454028 42254 4479032 42256  75.999 106 
 8.684 9.943 4521288 0 0 4496284 42256 4521288 42256  76.055 107 
 8.639 9.955 4563544 0 0 4538538 42254 4563544 42256  76.100 108 
 8.684 10.000 4605800 0 0 4580796 42258 4605800 42256  76.101 109 
 8.639 10.046 4648056 0 0 4623052 42256 4648056 42256  76.147 110 
 8.673 9.955 4690312 0 0 4665308 42256 4690312 42256  76.192 111 
 8.627 9.966 4732568 0 0 4707562 42254 4732568 42256  76.226 112 
 8.673 9.966 4774820 0 0 4749820 42258 4774820 42252  76.259 113 
 8.639 9.920 4817074 0 0 4792072 42252 4817074 42254  76.339 114 
 8.730 9.920 4859332 0 0 4834326 42254 4859332 42258  76.418 115 
 8.707 9.920 4901586 0 0 4876582 42256 4901586 42254  76.497 116 
 8.673 9.966 4943844 0 0 4918840 42258 4943844 42258  76.531 117 
 8.673 9.909 4986098 0 0 4961096 42256 4986098 42254  76.622 118 
 8.650 9.932 5028354 0 0 5003350 42254 5028354 42256  76.690 119 
 8.662 9.920 5070610 0 0 5045606 42256 5070610 42256  76.769 120 
 8.707 9.955 5112864 0 0 5087862 42256 5112864 42254  76.814 121 
 8.639 9.932 5155118 0 0 5130116 42254 5155118 42254  76.882 122 
 8.719 9.955 5197374 0 0 5172370 42254 5197374 42256  76.927 123 
 8.684 9.932 5239630 0 0 5214626 42256 5239630 42256  76.995 124 
 8.707 9.920 5281886 0 0 5256880 42254 5281886 42256  77.074 125 
 8.673 9.977 5324140 0 0 5299138 42258 5324140 42254  77.096 126 
 8.696 10.000 5366394 0 0 5341390 42252 5366394 42254  77.097 127 
 8.673 9.955 5408650 0 0 5383646 42256 5408650 42256  77.142 128 
 8.673 9.955 5450906 0 0 5425902 42256 5450906 42256  77.187 129 
 8.650 9.874 5493162 0 0 5468158 42256 5493162 42256  77.312 130 
 8.707 9.943 5535418 0 0 5510414 42256 5535418 42256  77.368 131 
 8.639 9.955 5577672 0 0 5552670 42256 5577672 42254  77.413 132 
 8.673 9.920 5619926 0 0 5594922 42252 5619926 42254  77.493 133 
 8.719 9.909 5662180 0 0 5637178 42256 5662180 42254  77.583 134 
 8.719 9.955 5704434 0 0 5679432 42254 5704434 42254  77.628 135 
 8.684 9.874 5746690 0 0 5721684 42252 5746690 42256  77.754 136 
 8.719 9.966 5788944 0 0 5763942 42258 5788944 42254  77.787 137 
 8.730 9.886 5831200 0 0 5806194 42252 5831200 42256  77.901 138 
 8.719 9.966 5873454 0 0 5848452 42258 5873454 42254  77.934 139 
 8.730 9.920 5915710 0 0 5890708 42256 5915710 42256  78.014 140 
 8.696 9.932 5957964 0 0 5932962 42254 5957964 42254  78.082 141 
 8.719 9.920 6000222 0 0 5975216 42254 6000222 42258  78.161 142 
 8.707 9.966 6042474 0 0 6017472 42256 6042474 42252  78.194 143 
 8.684 9.920 6084732 0 0 6059726 42254 6084732 42258  78.274 144 
 8.719 9.920 6126984 0 0 6101984 42258 6126984 42252  78.353 145 
 8.730 9.920 6169240 0 0 6144236 42252 6169240 42256  78.432 146 
 8.719 9.920 6211498 0 0 6186494 42258 6211498 42258  78.512 147 
 8.684 9.909 6253752 0 0 6228750 42256 6253752 42254  78.602 148 
 8.719 9.943 6296010 0 0 6271006 42256 6296010 42258  78.659 149 
 8.684 9.920 6338266 0 0 6313262 42256 6338266 42256  78.738 150 
 8.730 9.920 6380522 0 0 6355516 42254 6380522 42256  78.818 151 
 8.673 9.909 6422778 0 0 6397772 42256 6422778 42256  78.908 152 
 8.696 9.955 6465034 0 0 6440030 42258 6465034 42256  78.953 153 
 8.673 9.909 6507290 0 0 6482284 42254 6507290 42256  79.044 154 
 8.696 9.932 6549546 0 0 6524542 42258 6549546 42256  79.112 155 
 8.707 9.920 6591800 0 0 6566796 42254 6591800 42254  79.191 156 
 8.719 9.874 6634054 0 0 6609052 42256 6634054 42254  79.316 157 
 8.673 9.920 6676308 0 0 6651306 42254 6676308 42254  79.396 158 
 8.684 9.977 6718564 0 0 6693558 42252 6718564 42256  79.418 159 
 8.673 9.943 6760820 0 0 6735816 42258 6760820 42256  79.474 160 
 8.696 9.955 6803074 0 0 6778072 42256 6803074 42254  79.519 161 
 8.673 9.920 6845328 0 0 6820324 42252 6845328 42254  79.598 162 
 8.650 9.932 6887582 0 0 6862580 42256 6887582 42254  79.666 163 
 8.650 9.920 6929838 0 0 6904834 42254 6929838 42256  79.746 164 
 8.662 9.966 6972092 0 0 6947090 42256 6972092 42254  79.779 165 
 8.673 9.920 7014346 0 0 6989342 42252 7014346 42254  79.859 166 
 8.673 9.909 7056600 0 0 7031598 42256 7056600 42254  79.949 167 
 8.662 9.920 7098856 0 0 7073854 42256 7098856 42256  80.029 168 
 8.673 9.955 7141112 0 0 7116110 42256 7141112 42256  80.074 169 
 8.662 9.920 7183368 0 0 7158366 42256 7183368 42256  80.153 170 
 8.662 9.874 7225624 0 0 7200622 42256 7225624 42256  80.278 171 
 8.673 9.932 7267880 0 0 7242876 42254 7267880 42256  80.346 172 
 8.696 9.920 7310134 0 0 7285132 42256 7310134 42254  80.425 173 
 8.627 9.989 7352392 0 0 7327388 42256 7352392 42258  80.436 174 
 8.673 9.943 7394646 0 0 7369644 42256 7394646 42254  80.492 175 
 8.627 9.886 7436904 0 0 7411902 42258 7436904 42258  80.606 176 
 8.650 9.943 7479160 0 0 7454156 42254 7479160 42256  80.662 177 
 8.639 9.920 7521416 0 0 7496410 42254 7521416 42256  80.742 178 
 8.662 9.909 7563672 0 0 7538668 42258 7563672 42256  80.833 179 
 8.616 9.932 7605926 0 0 7580924 42256 7605926 42254  80.900 180 
 8.673 9.920 7648180 0 0 7623178 42254 7648180 42254  80.980 181 
 8.627 9.920 7690434 0 0 7665432 42254 7690434 42254  81.059 182 
 8.719 9.909 7732688 0 0 7707686 42254 7732688 42254  81.150 183 
 8.639 9.920 7774942 0 0 7749938 42252 7774942 42254  81.229 184 
 8.673 9.966 7817196 0 0 7792194 42256 7817196 42254  81.263 185 
 8.639 9.955 7859452 0 0 7834446 42252 7859452 42256  81.308 186 
 8.650 9.909 7901706 0 0 7876704 42258 7901706 42254  81.398 187 
 8.604 9.886 7943962 0 0 7918958 42254 7943962 42256  81.512 188 
 8.673 9.909 7986218 0 0 7961214 42256 7986218 42256  81.603 189 
 8.627 9.897 8028472 0 0 8003470 42256 8028472 42254  81.705 190 
 8.639 9.955 8070726 0 0 8045724 42254 8070726 42254  81.750 191 
 8.639 9.874 8112980 0 0 8087976 42252 8112980 42254  81.875 192 
 8.639 9.909 8155236 0 0 8130232 42256 8155236 42256  81.966 193 
 8.673 9.932 8197492 0 0 8172488 42256 8197492 42256  82.034 194 
 8.662 9.943 8239748 0 0 8214746 42258 8239748 42256  82.090 195 
 8.650 9.909 8282004 0 0 8257002 42256 8282004 42256  82.181 196 
 8.604 9.943 8324256 0 0 8299256 42254 8324256 42252  82.237 197 
 8.673 9.920 8366510 0 0 8341510 42254 8366510 42254  82.317 198 
 8.627 9.920 8408766 0 0 8383764 42254 8408766 42256  0.079 199 
 9.028 9.955 8451024 0 0 8426018 42254 8451024 42258  0.124 200 
 9.325 9.966 8493278 0 0 8468276 42258 8493278 42254  0.157 201 
 9.657 10.012 8535532 0 0 8510530 42254 8535532 42254  0.170 202 
 10.012 10.069 8577788 0 0 8552786 42256 8577788 42256  0.239 203 
 10.378 10.092 8620042 0 0 8595038 42252 8620042 42254  0.331 204 
 10.687 10.183 8662296 0 0 8637292 42254 8662296 42254  0.515 205 
 10.641 10.183 8704552 0 0 8679548 42256 8704552 42256  0.699 206 
 10.401 10.275 8746806 0 0 8721804 42256 8746806 42254  0.974 207 
 10.160 10.286 8789062 0 0 8764058 42254 8789062 42256  1.261 208 
 9.955 10.355 8831318 0 0 8806314 42256 8831318 42256  1.617 209 
 9.691 10.389 8873572 0 0 8848568 42254 8873572 42254  2.007 210 
 9.508 10.401 8915828 0 0 8890824 42256 8915828 42256  2.408 211 
 9.279 10.412 8958084 0 0 8933080 42256 8958084 42256  2.821 212 
 9.176 10.412 9000338 0 0 8975336 42256 9000338 42254  3.233 213 
 8.948 10.366 9042594 0 0 9017590 42254 9042594 42256  3.600 214 
 8.867 10.389 9084850 0 0 9059846 42256 9084850 42256  3.990 215 
 8.730 10.378 9127106 0 0 9102102 42256 9127106 42256  4.368 216 
 8.662 10.378 9169362 0 0 9144358 42256 9169362 42256  4.747 217 
 8.593 10.378 9211616 0 0 9186612 42254 9211616 42254  5.125 218 
 8.501 10.332 9253872 0 0 9228868 42256 9253872 42256  5.458 219 
 8.421 10.332 9296128 0 0 9271122 42254 9296128 42256  5.790 220 
 8.387 10.321 9338382 0 0 9313380 42258 9338382 42254  6.112 221 
 8.353 10.309 9380638 0 0 9355634 42254 9380638 42256  6.421 222 
 8.330 10.275 9422896 0 0 9397890 42256 9422896 42258  6.697 223 
 8.307 10.229 9465152 0 0 9440146 42256 9465152 42256  6.926 224 
 8.272 10.229 9507406 0 0 9482404 42258 9507406 42254  7.156 225 
 8.261 10.183 9549660 0 0 9524658 42254 9549660 42254  7.340 226 
 8.250 10.138 9591914 0 0 9566912 42254 9591914 42254  7.478 227 
 8.227 10.126 9634168 0 0 9609166 42254 9634168 42254  7.605 228 
 8.261 10.138 9676422 0 0 9651420 42254 9676422 42254  7.743 229 
 8.261 10.092 9718676 0 0 9693672 42252 9718676 42254  7.835 230 
 8.261 10.092 9760932 0 0 9735928 42256 9760932 42256  7.927 231 
 8.318 10.057 9803186 0 0 9778182 42254 9803186 42254  7.985 232 
 8.318 10.023 9845440 0 0 9820436 42254 9845440 42254  8.009 233 
 8.353 10.012 9887694 0 0 9862692 42256 9887694 42254  8.021 234 
 8.353 9.977 9929948 0 0 9904946 42254 9929948 42254  8.043 235 
 8.364 10.012 9972202 0 0 9947198 42252 9972202 42254  8.055 236 
 8.410 10.046 10014458 0 0 9989456 42258 10014458 42256  8.102 237 
 8.456 9.955 10056714 0 0 10031710 42254 10056714 42256  8.147 238 
 8.456 9.966 10098970 0 0 10073966 42256 10098970 42256  8.181 239 
 8.456 10.000 10141226 0 0 10116222 42256 10141226 42256  8.181 240 
 8.536 10.012 10183480 0 0 10158478 42256 10183480 42254  8.194 241 
 8.513 9.955 10225736 0 0 10200732 42254 10225736 42256  8.239 242 
 8.490 9.909 10267992 0 0 10242988 42256 10267992 42256  8.329 243 
 8.536 9.909 10310246 0 0 10285244 42256 10310246 42254  8.420 244 
 8.547 9.920 10352502 0 0 10327498 42254 10352502 42256  8.499 245 
 8.581 9.909 10394756 0 0 10369754 42256 10394756 42254  8.590 246 
 8.593 9.886 10437012 0 0 10412006 42252 10437012 42256  8.704 247 
 8.536 9.920 10479268 0 0 10454264 42258 10479268 42256  8.783 248 
 8.627 9.909 10521524 0 0 10496520 42256 10521524 42256  8.874 249 
 8.627 9.909 10563778 0 0 10538776 42256 10563778 42254  8.965 250 
 8.662 10.000 10606036 0 0 10581032 42256 10606036 42258  8.965 251 
 8.627 10.023 10648292 0 0 10623288 42256 10648292 42256  8.989 252 
 8.627 9.909 10690546 0 0 10665544 42256 10690546 42254  9.080 253 
 8.662 9.874 10732800 0 0 10707800 42256 10732800 42254  9.205 254 
 8.627 9.955 10775056 0 0 10750054 42254 10775056 42256  9.250 255 
 8.639 9.886 10817310 0 0 10792308 42254 10817310 42254  9.364 0 
 8.639 9.920 10859566 0 0 10834562 42254 10859566 42256  9.443 1 
 8.639 9.874 10901822 0 0 10876818 42256 10901822 42256  9.568 2 
 8.627 9.920 10944078 0 0 10919072 42254 10944078 42256  9.647 3 
 8.639 9.874 10986334 0 0 10961330 42258 10986334 42256  9.772 4 
 8.673 9.874 11028588 0 0 11003586 42256 11028588 42254  9.898 5 
 8.673 9.897 11070842 0 0 11045838 42252 11070842 42254  10.000 6 
 8.673 9.886 11113098 0 0 11088092 42254 11113098 42256  10.113 7 
 8.650 9.920 11155354 0 0 11130350 42258 11155354 42256  10.193 8 
 8.627 9.920 11197608 0 0 11172606 42256 11197608 42254  10.272 9 
 8.639 9.932 11239862 0 0 11214860 42254 11239862 42254  10.340 10 
 8.650 9.920 11282118 0 0 11257114 42254 11282118 42256  10.419 11 
 8.639 9.909 11324374 0 0 11299370 42256 11324374 42256  10.510 12 
 8.639 9.909 11366628 0 0 11341624 42254 11366628 42254  10.601 13 
 8.639 9.874 11408884 0 0 11383880 42256 11408884 42256  10.726 14 
 8.673 9.897 11451138 0 0 11426134 42254 11451138 42254  10.828 15 
 8.673 9.874 11493394 0 0 11468390 42256 11493394 42256  10.953 16 
 8.684 9.966 11535650 0 0 11510644 42254 11535650 42256  10.987 17 
 8.639 9.874 11577904 0 0 11552902 42258 11577904 42254  11.112 18 
 8.650 9.909 11620158 0 0 11595154 42252 11620158 42254  11.203 19 
 8.639 9.886 11662414 0 0 11637410 42256 11662414 42256  11.316 20 
 8.696 9.874 11704668 0 0 11679666 42256 11704668 42254  11.441 21 
 8.673 9.920 11746924 0 0 11721924 42258 11746924 42256  11.521 22 
 8.684 9.874 11789180 0 0 11764174 42250 11789180 42256  11.646 23 
 8.673 9.863 11831434 0 0 11806430 42256 11831434 42254  11.782 24 
 8.696 9.909 11873690 0 0 11848686 42256 11873690 42256  11.873 25 
 8.684 9.897 11915944 0 0 11890942 42256 11915944 42254  11.975 26 
 8.673 9.874 11958198 0 0 11933196 42254 11958198 42254  12.100 27 
 8.684 9.874 12000454 0 0 11975450 42254 12000454 42256  12.225 28 
 8.719 9.909 12042710 0 0 12017706 42256 12042710 42256  12.316 29 
 8.719 9.863 12084966 0 0 12059962 42256 12084966 42256  12.453 30 
 8.696 9.874 12127220 0 0 12102216 42254 12127220 42254  12.578 31 
 8.684 9.920 12169476 0 0 12144472 42256 12169476 42256  12.657 32 
 8.719 9.909 12211728 0 0 12186726 42254 12211728 42252  12.748 33 
 8.719 9.829 12253984 0 0 12228982 42256 12253984 42256  12.919 34 
 8.696 9.863 12296238 0 0 12271236 42254 12296238 42254  13.055 35 
 8.719 9.932 12338492 0 0 12313490 42254 12338492 42254  13.123 36 
 8.730 9.955 12380746 0 0 12355744 42254 12380746 42254  13.168 37 
 8.696 9.909 12423000 0 0 12397998 42254 12423000 42254  13.259 38 
 8.730 9.955 12465256 0 0 12440250 42252 12465256 42256  13.304 39 
 8.719 9.874 12507510 0 0 12482506 42256 12507510 42254  13.429 40 
 8.684 9.874 12549764 0 0 12524762 42256 12549764 42254  13.554 41 
 8.742 9.874 12592020 0 0 12567016 42254 12592020 42256  13.679 42 
 8.719 9.932 12634274 0 0 12609270 42254 12634274 42254  13.747 43 
 8.742 9.886 12676530 0 0 12651526 42256 12676530 42256  13.861 44 
 8.764 9.863 12718784 0 0 12693782 42256 12718784 42254  13.997 45 
 8.753 9.874 12761040 0 0 12736036 42254 12761040 42256  14.122 46 
 8.742 9.966 12803296 0 0 12778290 42254 12803296 42256  14.156 47 
 8.730 9.920 12845550 0 0 12820546 42256 12845550 42254  14.235 48 
 8.764 9.943 12887804 0 0 12862802 42256 12887804 42254  14.292 49 
 8.719 9.909 12930060 0 0 12905056 42254 12930060 42256  14.382 50 
 8.753 9.920 12972316 0 0 12947310 42254 12972316 42256  14.462 51 
 8.719 9.909 13014570 0 0 12989568 42258 13014570 42254  14.552 52 
 8.776 9.955 13056824 0 0 13031824 42256 13056824 42254  14.597 53 
 8.696 9.920 13099082 0 0 13074078 42254 13099082 42258  14.677 54 
 8.730 9.909 13141336 0 0 13116334 42256 13141336 42254  14.767 55 
 8.730 9.874 13183588 0 0 13158588 42254 13183588 42252  14.893 56 
 8.730 9.874 13225844 0 0 13200840 42252 13225844 42256  15.018 57 
 8.730 10.000 13268100 0 0 13243096 42256 13268100 42256  15.018 58 
 8.764 9.932 13310356 0 0 13285350 42254 13310356 42256  15.086 59 
 8.719 9.920 13352612 0 0 13327608 42258 13352612 42256  15.166 60 
 8.730 9.920 13394868 0 0 13369864 42256 13394868 42256  15.245 61 
 8.684 9.920 13437124 0 0 13412120 42256 13437124 42256  15.324 62 
 8.742 9.909 13479380 0 0 13454376 42256 13479380 42256  15.415 63 
 8.730 9.920 13521634 0 0 13496632 42256 13521634 42254  15.494 64 
 8.719 9.909 13563888 0 0 13538884 42252 13563888 42254  15.585 65 
 8.730 9.909 13606144 0 0 13581140 42256 13606144 42256  15.676 66 
 8.684 9.920 13648400 0 0 13623396 42256 13648400 42256  15.755 67 
 8.707 9.874 13690656 0 0 13665652 42256 13690656 42256  15.880 68 
 8.684 9.920 13732910 0 0 13707908 42256 13732910 42254  15.960 69 
 8.719 9.874 13775166 0 0 13750162 42254 13775166 42256  16.085 70 
 8.730 9.955 13817422 0 0 13792418 42256 13817422 42256  16.130 71 
 8.730 9.886 13859676 0 0 13834674 42256 13859676 42254  16.243 72 
 8.730 9.955 13901930 0 0 13834674 42256 13901930 42254  16.288 72 
 8.719 9.909 13944186 0 0 13919182 84508 13944186 42256  16.379 73 
 8.730 9.909 13986442 0 0 13961438 42256 13986442 42256  16.470 74 
 8.684 9.955 14028696 0 0 14003694 42256 14028696 42254  16.515 75 
 8.696 9.886 14070950 0 0 14045948 42254 14070950 42254  16.629 76 
 8.764 9.886 14113206 0 0 14088204 42256 14113206 42256  16.742 77 
 8.764 9.920 14155460 0 0 14130460 42256 14155460 42254  16.821 78 
 8.719 9.897 14197714 0 0 14172714 42254 14197714 42254  16.924 79 
 8.696 9.955 14239972 0 0 14214968 42254 14239972 42258  16.969 80 
 8.719 9.920 14282226 0 0 14257224 42256 14282226 42254  17.048 81 
 8.719 9.909 14324482 0 0 14299478 42254 14324482 42256  17.139 82 
 8.684 9.920 14366736 0 0 14341734 42256 14366736 42254  17.218 83 
 8.707 9.920 14408992 0 0 14383988 42254 14408992 42256  17.297 84 
 8.684 9.920 14451246 0 0 14426244 42256 14451246 42254  17.377 85 
 8.719 9.920 14493502 0 0 14468498 42254 14493502 42256  17.456 86 
 8.742 9.966 14535756 0 0 14510754 42256 14535756 42254  17.490 87 
 8.730 9.955 14578012 0 0 14553008 42254 14578012 42256  17.535 88 
 8.684 9.932 14620266 0 0 14595262 42254 14620266 42254  17.602 89 
 8.684 9.920 14662520 0 0 14637518 42256 14662520 42254  17.682 90 
 8.764 9.955 14704776 0 0 14679770 42252 14704776 42256  17.727 91 
 8.707 9.943 14747032 0 0 14722028 42258 14747032 42256  17.783 92 
