Thread[Thread-1,5,main] 4.508 4.977 0 0 0 0 0 0 0  5.022 0 
 5.652 5.080 42256 0 0 17252 17252 42256 42256  9.942 1 
 6.876 5.172 84510 0 0 59506 42254 84510 42254  14.769 2 
 7.964 5.286 126766 0 0 101758 42252 126766 42256  19.483 3 
 8.959 5.435 169022 0 0 144016 42258 169022 42256  24.048 4 
 9.726 5.606 211278 0 0 186272 42256 211278 42256  28.441 5 
 10.389 5.904 253534 0 0 228530 42258 253534 42256  32.537 6 
 10.973 6.087 295788 0 0 270786 42256 295788 42254  36.449 7 
 11.339 6.304 338044 0 0 313040 42254 338044 42256  40.144 8 
 11.659 6.556 380298 0 0 355296 42256 380298 42254  43.588 9 
 11.946 6.831 422552 0 0 397550 42254 422552 42254  46.757 10 
 12.243 7.071 464808 0 0 439804 42254 464808 42256  49.685 11 
 12.346 7.357 507064 0 0 482060 42256 507064 42256  52.328 12 
 12.380 7.529 549320 0 0 524316 42256 549320 42256  54.798 13 
 12.438 7.838 591574 0 0 566572 42256 591574 42254  56.960 14 
 12.346 8.089 633830 0 0 608826 42254 633830 42256  58.870 15 
 12.220 8.261 676086 0 0 651082 42256 676086 42256  60.609 16 
 12.197 8.536 718340 0 0 693338 42256 718340 42254  62.073 17 
 12.014 8.639 760596 0 0 735592 42254 760596 42256  63.434 18 
 11.923 8.787 802852 0 0 777848 42256 802852 42256  64.646 19 
 11.740 8.970 845106 0 0 820104 42256 845106 42254  65.675 20 
 11.602 9.176 887360 0 0 862356 42252 887360 42254  66.498 21 
 11.385 9.279 929616 0 0 904612 42256 929616 42256  67.218 22 
 11.213 9.417 971870 0 0 946868 42256 971870 42254  67.801 23 
 11.064 9.497 1014126 0 0 989122 42254 1014126 42256  68.303 24 
 10.881 9.646 1056380 0 0 1031378 42256 1056380 42254  68.657 25 
 10.687 9.737 1098634 0 0 1073632 42254 1098634 42254  68.920 26 
 10.469 9.829 1140890 0 0 1115886 42254 1140890 42256  69.091 27 
 10.321 9.886 1183144 0 0 1158140 42254 1183144 42254  69.204 28 
 10.149 9.932 1225398 0 0 1200396 42256 1225398 42254  69.272 29 
 9.977 10.057 1267654 0 0 1242650 42254 1267654 42256  69.330 30 
 9.794 10.069 1309910 0 0 1284906 42256 1309910 42256  69.400 31 
 9.646 10.057 1352162 0 0 1327160 42254 1352162 42252  69.458 32 
 9.508 10.092 1394416 0 0 1369414 42254 1394416 42254  69.550 33 
 9.405 10.183 1436670 0 0 1411668 42254 1436670 42254  69.734 34 
 9.279 10.195 1478924 0 0 1453922 42254 1478924 42254  69.929 35 
 9.119 10.195 1521180 0 0 1496176 42254 1521180 42256  70.124 36 
 9.039 10.229 1563436 0 0 1538432 42256 1563436 42256  70.354 37 
 8.959 10.149 1605692 0 0 1580688 42256 1605692 42256  70.504 38 
 8.867 10.183 1647948 0 0 1622944 42256 1647948 42256  70.687 39 
 8.822 10.183 1690202 0 0 1665200 42256 1690202 42254  70.871 40 
 8.764 10.252 1732458 0 0 1707454 42254 1732458 42256  71.124 41 
 8.684 10.183 1774714 0 0 1749710 42256 1774714 42256  71.308 42 
 8.627 10.149 1816970 0 0 1791966 42256 1816970 42256  71.457 43 
 8.627 10.160 1859226 0 0 1834222 42256 1859226 42256  71.618 44 
 8.559 10.160 1901482 0 0 1876478 42256 1901482 42256  71.779 45 
 8.536 10.149 1943738 0 0 1918734 42256 1943738 42256  71.929 46 
 8.513 10.126 1985994 0 0 1960990 42256 1985994 42256  72.055 47 
 8.501 10.103 2028250 0 0 2003246 42256 2028250 42256  72.159 48 
 8.501 10.149 2070504 0 0 2045502 42256 2070504 42254  72.309 49 
 8.501 10.092 2112758 0 0 2087756 42254 2112758 42254  72.401 50 
 8.490 10.069 2155012 0 0 2130010 42254 2155012 42254  72.470 51 
 8.490 10.046 2197266 0 0 2172264 42254 2197266 42254  72.517 52 
 8.490 10.023 2239520 0 0 2214518 42254 2239520 42254  72.541 53 
 8.501 10.046 2281776 0 0 2256772 42254 2281776 42256  72.587 54 
 8.501 10.046 2324032 0 0 2299028 42256 2324032 42256  72.634 55 
 8.547 10.000 2366288 0 0 2341284 42256 2366288 42256  72.634 56 
 8.547 9.977 2408544 0 0 2383540 42256 2408544 42256  72.656 57 
 8.513 10.000 2450802 0 0 2425796 42256 2450802 42258  72.657 58 
 8.581 9.966 2493054 0 0 2468050 42254 2493054 42252  72.691 59 
 8.581 10.012 2535310 0 0 2510306 42256 2535310 42256  72.703 60 
 8.570 9.966 2577568 0 0 2552562 42256 2577568 42258  72.737 61 
 8.616 9.955 2619822 0 0 2594818 42256 2619822 42254  72.782 62 
 8.627 9.955 2662080 0 0 2637074 42256 2662080 42258  72.827 63 
 8.627 9.955 2704334 0 0 2679332 42258 2704334 42254  72.872 64 
 8.639 9.955 2746590 0 0 2721588 42256 2746590 42256  72.917 65 
 8.662 9.920 2788846 0 0 2763842 42254 2788846 42256  72.996 66 
 8.627 9.943 2831100 0 0 2806098 42256 2831100 42254  73.052 67 
 8.719 9.932 2873354 0 0 2848352 42254 2873354 42254  73.120 68 
 8.673 9.932 2915610 0 0 2890606 42254 2915610 42256  73.188 69 
 8.684 9.920 2957864 0 0 2932862 42256 2957864 42254  73.267 70 
 8.684 9.920 3000120 0 0 2975116 42254 3000120 42256  73.347 71 
 8.719 9.920 3042376 0 0 3017372 42256 3042376 42256  73.426 72 
 8.730 9.909 3084632 0 0 3059628 42256 3084632 42256  73.517 73 
 8.730 9.920 3126888 0 0 3101884 42256 3126888 42256  73.596 74 
 8.719 9.920 3169142 0 0 3144140 42256 3169142 42254  73.675 75 
 8.719 9.897 3211396 0 0 3186394 42254 3211396 42254  73.778 76 
 8.753 9.852 3253650 0 0 3228648 42254 3253650 42254  73.926 77 
 8.742 9.909 3295906 0 0 3270902 42254 3295906 42256  74.016 78 
 8.764 9.909 3338160 0 0 3313158 42256 3338160 42254  74.107 79 
 8.719 9.909 3380416 0 0 3355412 42254 3380416 42256  74.198 80 
 8.753 9.966 3422670 0 0 3397668 42256 3422670 42254  74.231 81 
 8.764 9.920 3464926 0 0 3439922 42254 3464926 42256  74.311 82 
 8.753 9.932 3507182 0 0 3482178 42256 3507182 42256  74.379 83 
 8.764 9.886 3549438 0 0 3524434 42256 3549438 42256  74.492 84 
 8.764 9.874 3591692 0 0 3566690 42256 3591692 42254  74.617 85 
 8.810 9.943 3633950 0 0 3608944 42254 3633950 42258  74.674 86 
 8.764 9.920 3676202 0 0 3651200 42256 3676202 42252  74.753 87 
 8.753 9.920 3718458 0 0 3693454 42254 3718458 42256  74.833 88 
 8.810 9.909 3760710 0 0 3735708 42254 3760710 42252  74.923 89 
 8.787 9.955 3802966 0 0 3777962 42254 3802966 42256  74.968 90 
 8.776 9.966 3845224 0 0 3820218 42256 3845224 42258  75.002 91 
 8.742 9.966 3887480 0 0 3862474 42256 3887480 42256  75.035 92 
 8.742 9.897 3929734 0 0 3904732 42258 3929734 42254  75.138 93 
 8.776 9.932 3971990 0 0 3946988 42256 3971990 42256  75.205 94 
 8.753 9.955 4014246 0 0 3989242 42254 4014246 42256  75.250 95 
 8.742 9.955 4056500 0 0 4031498 42256 4056500 42254  75.295 96 
 8.764 9.966 4098756 0 0 4073752 42254 4098756 42256  75.329 97 
 8.730 10.023 4141012 0 0 4116008 42256 4141012 42256  75.353 98 
 8.730 9.955 4183268 0 0 4158264 42256 4183268 42256  75.398 99 
 8.719 9.966 4225522 0 0 4200520 42256 4225522 42254  75.431 100 
 8.719 9.989 4267776 0 0 4242774 42254 4267776 42254  75.442 101 
 8.719 9.943 4310030 0 0 4285028 42254 4310030 42254  75.498 102 
 8.696 9.943 4352284 0 0 4327282 42254 4352284 42254  75.555 103 
 8.730 10.000 4394538 0 0 4369536 42254 4394538 42254  75.555 104 
 8.684 10.000 4436794 0 0 4411790 42254 4436794 42256  75.556 105 
 8.696 9.955 4479050 0 0 4454046 42256 4479050 42256  75.601 106 
 8.707 9.955 4521304 0 0 4496302 42256 4521304 42254  75.646 107 
 8.719 9.943 4563558 0 0 4538556 42254 4563558 42254  75.703 108 
 8.730 9.943 4605814 0 0 4580810 42254 4605814 42256  75.759 109 
 8.719 9.932 4648068 0 0 4623066 42256 4648068 42254  75.827 110 
 8.719 9.909 4690322 0 0 4665320 42254 4690322 42254  75.918 111 
 8.719 10.000 4732578 0 0 4707574 42254 4732578 42256  75.919 112 
 8.719 9.966 4774832 0 0 4749830 42256 4774832 42254  75.952 113 
 8.707 9.955 4817088 0 0 4792084 42254 4817088 42256  75.997 114 
 8.742 9.920 4859346 0 0 4834340 42256 4859346 42258  76.076 115 
 8.707 9.932 4901602 0 0 4876596 42256 4901602 42256  76.144 116 
 8.730 9.955 4943854 0 0 4918852 42256 4943854 42252  76.189 117 
 8.719 9.909 4986112 0 0 4961106 42254 4986112 42258  76.280 118 
 8.696 9.955 5028364 0 0 5003362 42256 5028364 42252  76.325 119 
 8.719 9.977 5070622 0 0 5045616 42254 5070622 42258  76.347 120 
 8.730 9.955 5112876 0 0 5087872 42256 5112876 42254  76.392 121 
 8.730 9.966 5155130 0 0 5130128 42256 5155130 42254  76.426 122 
 8.696 9.955 5197386 0 0 5172382 42254 5197386 42256  76.471 123 
 8.719 9.943 5239640 0 0 5214636 42254 5239640 42254  76.527 124 
 8.719 9.966 5281896 0 0 5256892 42256 5281896 42256  76.561 125 
 8.696 9.955 5324150 0 0 5299148 42256 5324150 42254  76.606 126 
 8.730 9.909 5366406 0 0 5341402 42254 5366406 42256  76.696 127 
 8.730 9.920 5408662 0 0 5383658 42256 5408662 42256  76.776 128 
 8.719 9.909 5450916 0 0 5425914 42256 5450916 42254  76.867 129 
 8.764 9.955 5493170 0 0 5468168 42254 5493170 42254  76.911 130 
 8.730 9.943 5535426 0 0 5510422 42254 5535426 42256  76.968 131 
 8.764 9.920 5577682 0 0 5552678 42256 5577682 42256  77.047 132 
 8.753 9.920 5619938 0 0 5594934 42256 5619938 42256  77.127 133 
 8.742 9.966 5662192 0 0 5637190 42256 5662192 42254  77.160 134 
 8.764 9.920 5704448 0 0 5679442 42252 5704448 42256  77.239 135 
 8.742 9.932 5746702 0 0 5721700 42258 5746702 42254  77.307 136 
 8.719 9.897 5788956 0 0 5763954 42254 5788956 42254  77.410 137 
 8.764 9.955 5831212 0 0 5806208 42254 5831212 42256  77.455 138 
 8.787 9.920 5873468 0 0 5848464 42256 5873468 42256  77.534 139 
 8.742 9.920 5915722 0 0 5890720 42256 5915722 42254  77.613 140 
 8.742 9.966 5957976 0 0 5932974 42254 5957976 42254  77.647 141 
 8.787 9.886 6000230 0 0 5975228 42254 6000230 42254  77.760 142 
 8.764 9.920 6042484 0 0 6017484 42256 6042484 42254  77.840 143 
 8.776 9.909 6084740 0 0 6059736 42252 6084740 42256  77.930 144 
 8.799 9.955 6126998 0 0 6101992 42256 6126998 42258  77.975 145 
 8.776 9.955 6169252 0 0 6144248 42256 6169252 42254  78.020 146 
 8.730 9.920 6211508 0 0 6186502 42254 6211508 42256  78.100 147 
 8.753 9.955 6253764 0 0 6228758 42256 6253764 42256  78.145 148 
 8.742 9.966 6296018 0 0 6271014 42256 6296018 42254  78.178 149 
 8.764 9.920 6338272 0 0 6313268 42254 6338272 42254  78.258 150 
 8.753 9.932 6380524 0 0 6355524 42256 6380524 42252  78.326 151 
 8.719 9.955 6422780 0 0 6397778 42254 6422780 42256  78.370 152 
 8.742 9.909 6465034 0 0 6440032 42254 6465034 42254  78.461 153 
 8.730 9.909 6507290 0 0 6482286 42254 6507290 42256  78.552 154 
 8.730 9.955 6549544 0 0 6524542 42256 6549544 42254  78.597 155 
 8.696 9.932 6591798 0 0 6566796 42254 6591798 42254  78.665 156 
 8.696 9.897 6634052 0 0 6609050 42254 6634052 42254  78.767 157 
 8.719 9.932 6676306 0 0 6651304 42254 6676306 42254  78.835 158 
 8.730 9.932 6718560 0 0 6693558 42254 6718560 42254  78.903 159 
 8.730 9.955 6760814 0 0 6735812 42254 6760814 42254  78.948 160 
 8.707 9.955 6803068 0 0 6778066 42254 6803068 42254  78.993 161 
 8.719 9.955 6845324 0 0 6820320 42254 6845324 42256  79.038 162 
 8.719 9.920 6887580 0 0 6862576 42256 6887580 42256  79.117 163 
 8.684 9.955 6929836 0 0 6904832 42256 6929836 42256  79.162 164 
 8.684 9.966 6972090 0 0 6947088 42256 6972090 42254  79.196 165 
 8.696 9.966 7014344 0 0 6989342 42254 7014344 42254  79.229 166 
 8.662 9.943 7056600 0 0 7031596 42254 7056600 42256  79.286 167 
 8.696 9.955 7098854 0 0 7073852 42256 7098854 42254  79.331 168 
 8.650 9.920 7141110 0 0 7116106 42254 7141110 42256  79.410 169 
 8.673 9.909 7183366 0 0 7158362 42256 7183366 42256  79.501 170 
 8.673 9.932 7225620 0 0 7200616 42254 7225620 42254  79.569 171 
 8.684 9.977 7267876 0 0 7242872 42256 7267876 42256  79.591 172 
 8.684 9.909 7310130 0 0 7285126 42254 7310130 42254  79.682 173 
 8.719 9.897 7352384 0 0 7327382 42256 7352384 42254  79.784 174 
 8.719 9.955 7394640 0 0 7369636 42254 7394640 42256  79.829 175 
 8.707 9.932 7436896 0 0 7411890 42254 7436896 42256  79.897 176 
 8.673 9.909 7479152 0 0 7454146 42256 7479152 42256  79.987 177 
 8.673 9.932 7521408 0 0 7496402 42256 7521408 42256  80.055 178 
 8.696 9.886 7563662 0 0 7538660 42258 7563662 42254  80.169 179 
 8.719 9.932 7605918 0 0 7580914 42254 7605918 42256  80.237 180 
 8.730 9.909 7648174 0 0 7623170 42256 7648174 42256  80.328 181 
 8.719 9.909 7690428 0 0 7665426 42256 7690428 42254  80.418 182 
 8.764 9.966 7732684 0 0 7707680 42254 7732684 42256  80.452 183 
 8.742 9.909 7774940 0 0 7749936 42256 7774940 42256  80.543 184 
 8.730 9.920 7817196 0 0 7792192 42256 7817196 42256  80.622 185 
 8.730 9.955 7859450 0 0 7834448 42256 7859450 42254  80.667 186 
 8.719 9.920 7901706 0 0 7876700 42252 7901706 42256  80.746 187 
 8.730 9.909 7943962 0 0 7918958 42258 7943962 42256  80.837 188 
 8.707 9.932 7986218 0 0 7961214 42256 7986218 42256  80.905 189 
 8.719 9.966 8028472 0 0 8003470 42256 8028472 42254  80.938 190 
 8.719 10.000 8070726 0 0 8045724 42254 8070726 42254  80.939 191 
 8.673 9.909 8112980 0 0 8087978 42254 8112980 42254  81.030 192 
 8.684 9.932 8155236 0 0 8130232 42254 8155236 42256  81.098 193 
 8.684 9.966 8197492 0 0 8172488 42256 8197492 42256  81.131 194 
 8.707 9.920 8239748 0 0 8214746 42258 8239748 42256  81.211 195 
 8.707 9.909 8282004 0 0 8257000 42254 8282004 42256  81.301 196 
 8.707 9.966 8324258 0 0 8299256 42256 8324258 42254  81.335 197 
 8.684 9.920 8366514 0 0 8341510 42254 8366514 42256  81.414 198 
 8.616 9.955 8408768 0 0 8383766 42256 8408768 42254  0.044 199 
 9.062 9.989 8451022 0 0 8426020 42254 8451022 42254  0.055 200 
 9.394 10.000 8493280 0 0 8468274 42254 8493280 42258  0.056 201 
 9.703 10.092 8535532 0 0 8510530 42256 8535532 42252  0.148 202 
 10.092 10.103 8577786 0 0 8552784 42254 8577786 42254  0.252 203 
 10.412 10.138 8620042 0 0 8595038 42254 8620042 42256  0.390 204 
 10.755 10.263 8662294 0 0 8637292 42254 8662294 42252  0.654 205 
 10.687 10.183 8704550 0 0 8679546 42254 8704550 42256  0.838 206 
 10.469 10.252 8746802 0 0 8721802 42256 8746802 42252  1.090 207 
 10.195 10.332 8789060 0 0 8764056 42254 8789060 42258  1.423 208 
 9.966 10.309 8831316 0 0 8806312 42256 8831316 42256  1.733 209 
 9.703 10.366 8873570 0 0 8848568 42256 8873570 42254  2.100 210 
 9.543 10.401 8915826 0 0 8890822 42254 8915826 42256  2.501 211 
 9.371 10.424 8958080 0 0 8933078 42256 8958080 42254  2.925 212 
 9.176 10.366 9000336 0 0 8975332 42254 9000336 42256  3.292 213 
 9.085 10.424 9042590 0 0 9017588 42256 9042590 42254  3.716 214 
 8.948 10.458 9084846 0 0 9059842 42254 9084846 42256  4.175 215 
 8.776 10.378 9127102 0 0 9102098 42256 9127102 42256  4.553 216 
 8.673 10.424 9169358 0 0 9144354 42256 9169358 42256  4.977 217 
 8.627 10.366 9211614 0 0 9186610 42256 9211614 42256  5.344 218 
 8.536 10.366 9253868 0 0 9228866 42256 9253868 42254  5.711 219 
 8.444 10.321 9296124 0 0 9271120 42254 9296124 42256  6.032 220 
 8.410 10.321 9338378 0 0 9313376 42256 9338378 42254  6.353 221 
 8.364 10.332 9380634 0 0 9355630 42254 9380634 42256  6.686 222 
 8.318 10.275 9422890 0 0 9397886 42256 9422890 42256  6.961 223 
 8.284 10.241 9465144 0 0 9440142 42256 9465144 42254  7.203 224 
 8.272 10.195 9507398 0 0 9482396 42254 9507398 42254  7.398 225 
 8.272 10.195 9549654 0 0 9524650 42254 9549654 42256  7.593 226 
 8.272 10.138 9591910 0 0 9566906 42256 9591910 42256  7.731 227 
 8.261 10.149 9634166 0 0 9609160 42254 9634166 42256  7.881 228 
 8.295 10.138 9676420 0 0 9651416 42256 9676420 42254  8.019 229 
 8.307 10.057 9718676 0 0 9693672 42256 9718676 42256  8.077 230 
 8.318 10.092 9760932 0 0 9735928 42256 9760932 42256  8.169 231 
 8.318 10.218 9803186 0 0 9778184 42256 9803186 42254  8.387 232 
 8.318 10.057 9845440 0 0 9820438 42254 9845440 42254  8.445 233 
 8.353 10.046 9887698 0 0 9862694 42256 9887698 42258  8.492 234 
 8.330 10.012 9929952 0 0 9904950 42256 9929952 42254  8.504 235 
 8.353 9.977 9972206 0 0 9947204 42254 9972206 42254  8.526 236 
 8.398 9.955 10014460 0 0 9989458 42254 10014460 42254  8.571 237 
 8.444 9.966 10056716 0 0 10031712 42254 10056716 42256  8.605 238 
 8.456 9.920 10098972 0 0 10073968 42256 10098972 42256  8.684 239 
 8.490 9.966 10141226 0 0 10116224 42256 10141226 42254  8.718 240 
 8.490 9.955 10183480 0 0 10158478 42254 10183480 42254  8.763 241 
 8.547 9.966 10225734 0 0 10200732 42254 10225734 42254  8.796 242 
 8.536 9.920 10267988 0 0 10242986 42254 10267988 42254  8.875 243 
 8.547 9.920 10310244 0 0 10285240 42254 10310244 42256  8.955 244 
 8.547 9.920 10352500 0 0 10327496 42256 10352500 42256  9.034 245 
 8.547 9.897 10394754 0 0 10369752 42256 10394754 42254  9.136 246 
 8.604 9.886 10437008 0 0 10412006 42254 10437008 42254  9.250 247 
 8.570 9.909 10479262 0 0 10454260 42254 10479262 42254  9.341 248 
 8.639 9.909 10521518 0 0 10496514 42254 10521518 42256  9.431 249 
 8.604 9.886 10563772 0 0 10538770 42256 10563772 42254  9.545 250 
 8.627 9.909 10606026 0 0 10581024 42254 10606026 42254  9.636 251 
 8.627 9.874 10648282 0 0 10623278 42254 10648282 42256  9.761 252 
 8.639 9.886 10690538 0 0 10665534 42256 10690538 42256  9.875 253 
 8.650 9.874 10732794 0 0 10707790 42256 10732794 42256  10.000 254 
 8.673 9.886 10775048 0 0 10750046 42256 10775048 42254  10.113 255 
 8.719 9.863 10817304 0 0 10792300 42254 10817304 42256  10.250 0 
 8.719 9.920 10859562 0 0 10834556 42256 10859562 42258  10.329 1 
 8.707 9.920 10901818 0 0 10876812 42256 10901818 42256  10.409 2 
 8.684 9.909 10944072 0 0 10919068 42256 10944072 42254  10.499 3 
 8.684 9.863 10986328 0 0 10961324 42256 10986328 42256  10.636 4 
 8.719 9.874 11028584 0 0 11003578 42254 11028584 42256  10.761 5 
 8.742 9.874 11070838 0 0 11045834 42256 11070838 42254  10.886 6 
 8.742 9.943 11113096 0 0 11088092 42258 11113096 42258  10.942 7 
 8.696 9.886 11155350 0 0 11130348 42256 11155350 42254  11.056 8 
 8.719 9.909 11197606 0 0 11172602 42254 11197606 42256  11.147 9 
 8.742 9.920 11239860 0 0 11214858 42256 11239860 42254  11.226 10 
 8.730 9.874 11282116 0 0 11257112 42254 11282116 42256  11.351 11 
 8.764 9.909 11324370 0 0 11299368 42256 11324370 42254  11.442 12 
 8.719 9.920 11366624 0 0 11341620 42252 11366624 42254  11.521 13 
 8.764 9.874 11408878 0 0 11383876 42256 11408878 42254  11.646 14 
 8.719 9.966 11451134 0 0 11426130 42254 11451134 42256  11.680 15 
 8.719 9.897 11493388 0 0 11468386 42256 11493388 42254  11.782 16 
 8.684 9.874 11535644 0 0 11510640 42254 11535644 42256  11.907 17 
 8.696 9.920 11577898 0 0 11552896 42256 11577898 42254  11.987 18 
 8.696 9.920 11620152 0 0 11595148 42252 11620152 42254  12.066 19 
 8.719 9.920 11662406 0 0 11637404 42256 11662406 42254  12.145 20 
 8.696 9.874 11704662 0 0 11679658 42254 11704662 42256  12.270 21 
 8.696 9.886 11746918 0 0 11721914 42256 11746918 42256  12.384 22 
 8.684 9.909 11789174 0 0 11764170 42256 11789174 42256  12.475 23 
 8.673 9.932 11831430 0 0 11806424 42254 11831430 42256  12.543 24 
 8.719 9.932 11873686 0 0 11848682 42258 11873686 42256  12.611 25 
 8.719 9.955 11915940 0 0 11890938 42256 11915940 42254  12.656 26 
 8.719 9.920 11958196 0 0 11933192 42254 11958196 42256  12.735 27 
 8.696 9.874 12000454 0 0 11975448 42256 12000454 42258  12.860 28 
 8.684 9.920 12042708 0 0 12017704 42256 12042708 42254  12.939 29 
 8.662 9.920 12084964 0 0 12059960 42256 12084964 42256  13.019 30 
 8.662 9.909 12127218 0 0 12102214 42254 12127218 42254  13.109 31 
 8.673 9.943 12169472 0 0 12144472 42258 12169472 42254  13.166 32 
 8.650 9.955 12211730 0 0 12186724 42252 12211730 42258  13.211 33 
 8.662 9.909 12253986 0 0 12228980 42256 12253986 42256  13.302 34 
 8.639 9.886 12296242 0 0 12271238 42258 12296242 42256  13.415 35 
 8.604 9.920 12338498 0 0 12313494 42256 12338498 42256  13.494 36 
 8.639 9.863 12380752 0 0 12355750 42256 12380752 42254  13.631 37 
 8.639 9.943 12423008 0 0 12398004 42254 12423008 42256  13.687 38 
 8.604 9.886 12465262 0 0 12440260 42256 12465262 42254  13.801 39 
 8.627 9.909 12507518 0 0 12482514 42254 12507518 42256  13.892 40 
 8.639 9.874 12549772 0 0 12524770 42256 12549772 42254  14.017 41 
 8.650 9.909 12592026 0 0 12567024 42254 12592026 42254  14.108 42 
 8.627 9.897 12634282 0 0 12609278 42254 12634282 42256  14.210 43 
 8.639 9.920 12676538 0 0 12651534 42256 12676538 42256  14.289 44 
 8.627 9.977 12718794 0 0 12693790 42256 12718794 42256  14.311 45 
 8.627 9.909 12761048 0 0 12736046 42256 12761048 42254  14.402 46 
 8.627 9.920 12803304 0 0 12778300 42254 12803304 42256  14.481 47 
 8.627 9.897 12845560 0 0 12820556 42256 12845560 42256  14.584 48 
 8.627 9.886 12887816 0 0 12862812 42256 12887816 42256  14.697 49 
 8.604 9.920 12930072 0 0 12905068 42256 12930072 42256  14.777 50 
 8.593 9.920 12972326 0 0 12947324 42256 12972326 42254  14.856 51 
 8.627 9.863 13014582 0 0 12989578 42254 13014582 42256  14.992 52 
 8.593 9.909 13056838 0 0 13031834 42256 13056838 42256  15.083 53 
 8.593 9.909 13099092 0 0 13074088 42254 13099092 42254  15.174 54 
 8.627 9.897 13141346 0 0 13116344 42256 13141346 42254  15.276 55 
 8.662 9.897 13183600 0 0 13158598 42254 13183600 42254  15.378 56 
 8.604 9.874 13225854 0 0 13200852 42254 13225854 42254  15.503 57 
 8.627 9.909 13268110 0 0 13243106 42254 13268110 42256  15.594 58 
 8.593 9.920 13310368 0 0 13285362 42256 13310368 42258  15.674 59 
 8.627 9.874 13352620 0 0 13327618 42256 13352620 42252  15.799 60 
 8.639 9.863 13394876 0 0 13369872 42254 13394876 42256  15.935 61 
 8.627 9.874 13437130 0 0 13412126 42254 13437130 42254  16.060 62 
 8.593 9.874 13479386 0 0 13454382 42256 13479386 42256  16.185 63 
 8.639 9.874 13521640 0 0 13496638 42256 13521640 42254  16.310 64 
 8.616 9.909 13563896 0 0 13538890 42252 13563896 42256  16.401 65 
 8.627 9.863 13606152 0 0 13581148 42258 13606152 42256  16.538 66 
 8.604 9.920 13648406 0 0 13623404 42256 13648406 42254  16.617 67 
 8.627 9.852 13690662 0 0 13665658 42254 13690662 42256  16.765 68 
 8.627 9.874 13732916 0 0 13707914 42256 13732916 42254  16.890 69 
 8.684 9.886 13775170 0 0 13750168 42254 13775170 42254  17.004 70 
 8.639 9.863 13817424 0 0 13792422 42254 13817424 42254  17.140 71 
 8.639 9.886 13859678 0 0 13834676 42254 13859678 42254  17.254 72 
 8.627 9.840 13901934 0 0 13876930 42254 13901934 42256  17.413 73 
 8.627 9.897 13944190 0 0 13876930 42254 13944190 42256  17.516 73 
 8.627 9.874 13986444 0 0 13961442 84512 13986444 42254  17.641 74 
 8.593 9.932 14028700 0 0 14003696 42254 14028700 42256  17.709 75 
 8.673 9.863 14070956 0 0 14045952 42256 14070956 42256  17.845 76 
 8.627 9.874 14113210 0 0 14088208 42256 14113210 42254  17.970 77 
 8.662 9.897 14155464 0 0 14130462 42254 14155464 42254  18.072 78 
 8.616 9.829 14197718 0 0 14172716 42254 14197718 42254  18.243 79 
 8.650 9.886 14239972 0 0 14214970 42254 14239972 42254  18.357 80 
 8.650 9.909 14282226 0 0 14257224 42254 14282226 42254  18.448 81 
 8.639 9.829 14324482 0 0 14299478 42254 14324482 42256  18.619 82 
 8.673 9.863 14366738 0 0 14341734 42256 14366738 42256  18.755 83 
 8.673 9.874 14408994 0 0 14383990 42256 14408994 42256  18.880 84 
 8.684 9.920 14451252 0 0 14426246 42256 14451252 42258  18.959 85 
 8.719 9.840 14493504 0 0 14468502 42256 14493504 42252  19.119 86 
 8.673 9.897 14535758 0 0 14510756 42254 14535758 42254  19.221 87 
 8.673 9.863 14578012 0 0 14553010 42254 14578012 42254  19.358 88 
 8.673 9.909 14620270 0 0 14595264 42254 14620270 42258  19.448 89 
 8.684 9.874 14662526 0 0 14637522 42258 14662526 42256  19.573 90 
 8.684 9.863 14704780 0 0 14679778 42256 14704780 42254  19.710 91 
 8.707 9.897 14747036 0 0 14722032 42254 14747036 42256  19.812 92 
