Thread[Thread-1,5,main] 4.451 4.966 0 0 0 0 0 0 0  5.033 0 
 5.652 5.034 42256 0 0 17254 17254 0 0  9.999 1 
 6.968 5.149 84510 0 0 17254 17254 0 0  14.850 1 
 8.158 5.275 126766 0 0 17254 17254 0 0  19.575 1 
 9.451 5.446 169022 0 0 17254 17254 0 0  24.128 1 
 10.538 5.664 211280 0 0 17254 17254 0 0  28.464 1 
 11.602 5.938 253534 0 0 17254 17254 0 0  32.525 1 
 12.609 6.327 295788 0 0 17254 17254 0 0  36.197 1 
 13.433 6.613 338044 0 0 17254 17254 338044 338044  39.584 1 
 13.662 6.808 380298 0 0 355296 338042 338044 338044  42.775 2 
 13.799 7.140 422550 0 0 355296 338042 338044 338044  45.635 2 
 13.753 7.391 464804 0 0 355296 338042 338044 338044  48.243 2 
 13.776 7.723 507060 0 0 355296 338042 338044 338044  50.520 2 
 13.845 8.032 549314 0 0 355296 338042 338044 338044  52.487 2 
 13.937 8.307 591570 0 0 355296 338042 338044 338044  54.180 2 
 13.902 8.547 633824 0 0 355296 338042 338044 338044  55.632 2 
 13.982 8.822 676080 0 0 355296 338042 338044 338044  56.810 2 
 13.994 9.051 718334 0 0 355296 338042 718334 380290  57.759 2 
 13.753 9.279 760588 0 0 735588 380292 718334 380290  58.479 3 
 13.307 9.417 802844 0 0 735588 380292 718334 380290  59.062 3 
 12.918 9.680 845100 0 0 735588 380292 718334 380290  59.381 3 
 12.529 9.749 887354 0 0 735588 380292 718334 380290  59.632 3 
 12.129 10.012 929610 0 0 735588 380292 718334 380290  59.645 3 
 11.751 10.092 971864 0 0 735588 380292 718334 380290  59.737 3 
 11.442 10.229 1014120 0 0 735588 380292 718334 380290  59.966 3 
 11.064 10.344 1056376 0 0 735588 380292 718334 380290  60.311 3 
 10.733 10.424 1098632 0 0 735588 380292 718334 380290  60.735 3 
 10.458 10.515 1140886 0 0 735588 380292 718334 380290  61.250 3 
 10.172 10.538 1183140 0 0 735588 380292 718334 380290  61.789 3 
 9.874 10.664 1225394 0 0 735588 380292 718334 380290  62.453 3 
 9.588 10.618 1267650 0 0 735588 380292 718334 380290  63.072 3 
 9.337 10.561 1309904 0 0 735588 380292 718334 380290  63.634 3 
 9.085 10.561 1352160 0 0 735588 380292 1352160 633826  64.195 3 
 8.867 10.561 1394412 0 0 1369414 633826 1352160 633826  64.756 4 
 8.730 10.584 1436666 0 0 1369414 633826 1352160 633826  65.341 4 
 8.581 10.515 1478922 0 0 1369414 633826 1352160 633826  65.857 4 
 8.467 10.527 1521178 0 0 1369414 633826 1352160 633826  66.384 4 
 8.307 10.458 1563432 0 0 1369414 633826 1352160 633826  66.842 4 
 8.215 10.424 1605686 0 0 1369414 633826 1352160 633826  67.266 4 
 8.089 10.424 1647942 0 0 1369414 633826 1647942 295782  67.690 4 
 8.044 10.366 1690198 0 0 1665196 295782 1647942 295782  68.057 5 
 7.986 10.286 1732452 0 0 1665196 295782 1647942 295782  68.344 5 
 7.986 10.321 1774706 0 0 1665196 295782 1647942 295782  68.665 5 
 7.952 10.275 1816962 0 0 1665196 295782 1647942 295782  68.941 5 
 7.952 10.275 1859216 0 0 1665196 295782 1647942 295782  69.216 5 
 7.941 10.149 1901472 0 0 1665196 295782 1647942 295782  69.366 5 
 7.918 10.138 1943726 0 0 1665196 295782 1647942 295782  69.504 5 
 7.906 10.103 1985982 0 0 1665196 295782 1647942 295782  69.608 5 
 7.895 10.149 2028238 0 0 1665196 295782 2028238 380296  69.757 5 
 7.952 10.046 2070494 0 0 2045490 380294 2028238 380296  69.804 6 
 7.975 10.046 2112750 0 0 2045490 380294 2028238 380296  69.850 6 
 8.032 10.023 2155004 0 0 2045490 380294 2028238 380296  69.874 6 
 8.101 10.000 2197260 0 0 2045490 380294 2028238 380296  69.875 6 
 8.147 9.932 2239516 0 0 2045490 380294 2028238 380296  69.942 6 
 8.169 9.955 2281772 0 0 2045490 380294 2028238 380296  69.987 6 
 8.215 9.909 2324028 0 0 2045490 380294 2028238 380296  70.078 6 
 8.227 9.909 2366280 0 0 2045490 380294 2028238 380296  70.169 6 
 8.307 9.874 2408534 0 0 2045490 380294 2028238 380296  70.294 6 
 8.375 9.920 2450788 0 0 2045490 380294 2028238 380296  70.373 6 
 8.364 9.874 2493042 0 0 2045490 380294 2028238 380296  70.499 6 
 8.410 9.817 2535298 0 0 2045490 380294 2028238 380296  70.681 6 
 8.421 9.829 2577554 0 0 2045490 380294 2028238 380296  70.852 6 
 8.478 9.829 2619808 0 0 2045490 380294 2028238 380296  71.023 6 
 8.490 9.863 2662064 0 0 2045490 380294 2662064 633826  71.159 6 
 8.559 9.863 2704318 0 0 2679316 633826 2662064 633826  71.296 7 
 8.513 9.874 2746572 0 0 2679316 633826 2662064 633826  71.421 7 
 8.593 9.863 2788828 0 0 2679316 633826 2662064 633826  71.557 7 
 8.627 9.863 2831080 0 0 2679316 633826 2662064 633826  71.694 7 
 8.696 9.817 2873338 0 0 2679316 633826 2662064 633826  71.876 7 
 8.673 9.817 2915590 0 0 2679316 633826 2662064 633826  72.058 7 
 8.696 9.852 2957846 0 0 2679316 633826 2662064 633826  72.206 7 
 8.776 9.817 3000100 0 0 2679316 633826 2662064 633826  72.389 7 
 8.776 9.886 3042356 0 0 2679316 633826 2662064 633826  72.502 7 
 8.822 9.829 3084612 0 0 2679316 633826 2662064 633826  72.673 7 
 8.822 9.874 3126868 0 0 2679316 633826 2662064 633826  72.798 7 
 8.822 9.863 3169122 0 0 2679316 633826 2662064 633826  72.935 7 
 8.867 9.886 3211376 0 0 2679316 633826 2662064 633826  73.048 7 
 8.890 9.874 3253630 0 0 2679316 633826 2662064 633826  73.174 7 
 8.913 9.874 3295888 0 0 2679316 633826 3295888 633824  73.299 7 
 8.902 9.886 3338140 0 0 3313142 633826 3295888 633824  73.412 8 
 8.902 9.909 3380394 0 0 3313142 633826 3295888 633824  73.503 8 
 8.902 9.920 3422646 0 0 3313142 633826 3295888 633824  73.582 8 
 8.890 9.932 3464900 0 0 3313142 633826 3295888 633824  73.650 8 
 8.856 9.920 3507154 0 0 3313142 633826 3295888 633824  73.730 8 
 8.822 9.955 3549410 0 0 3313142 633826 3295888 633824  73.775 8 
 8.856 9.955 3591664 0 0 3313142 633826 3295888 633824  73.820 8 
 8.822 9.955 3633918 0 0 3313142 633826 3295888 633824  73.865 8 
 8.856 9.909 3676174 0 0 3313142 633826 3295888 633824  73.955 8 
 8.787 9.943 3718430 0 0 3313142 633826 3295888 633824  74.012 8 
 8.810 9.966 3760686 0 0 3313142 633826 3760686 464798  74.045 8 
 8.845 10.000 3802942 0 0 3777938 464796 3760686 464798  74.046 9 
 8.810 9.920 3845194 0 0 3777938 464796 3760686 464798  74.125 9 
 8.776 10.000 3887450 0 0 3777938 464796 3760686 464798  74.126 9 
 8.742 9.966 3929704 0 0 3777938 464796 3760686 464798  74.160 9 
 8.719 9.966 3971960 0 0 3777938 464796 3760686 464798  74.193 9 
 8.730 9.920 4014214 0 0 3777938 464796 3760686 464798  74.273 9 
 8.673 9.966 4056470 0 0 3777938 464796 4056470 295784  74.306 9 
 8.673 9.966 4098726 0 0 4073724 295786 4056470 295784  74.340 10 
 8.650 10.046 4140980 0 0 4073724 295786 4056470 295784  74.386 10 
 8.650 9.977 4183234 0 0 4073724 295786 4056470 295784  74.408 10 
 8.673 9.966 4225490 0 0 4073724 295786 4056470 295784  74.442 10 
 8.673 10.012 4267744 0 0 4073724 295786 4056470 295784  74.454 10 
 8.673 9.966 4310000 0 0 4073724 295786 4056470 295784  74.488 10 
 8.662 10.000 4352256 0 0 4073724 295786 4056470 295784  74.488 10 
 8.627 9.920 4394512 0 0 4073724 295786 4056470 295784  74.568 10 
 8.639 9.966 4436770 0 0 4073724 295786 4436770 380300  74.601 10 
 8.627 9.966 4479022 0 0 4454020 380296 4436770 380300  74.635 11 
 8.673 9.943 4521276 0 0 4454020 380296 4436770 380300  74.691 11 
 8.673 9.977 4563530 0 0 4454020 380296 4436770 380300  74.713 11 
 8.673 9.943 4605784 0 0 4454020 380296 4436770 380300  74.770 11 
 8.673 9.955 4648040 0 0 4454020 380296 4436770 380300  74.815 11 
 8.650 9.966 4690296 0 0 4454020 380296 4436770 380300  74.848 11 
 8.627 9.955 4732550 0 0 4454020 380296 4436770 380300  74.893 11 
 8.639 9.955 4774806 0 0 4454020 380296 4436770 380300  74.938 11 
 8.650 9.966 4817064 0 0 4454020 380296 4817064 380294  74.972 11 
 8.627 9.886 4859316 0 0 4834314 380294 4817064 380294  75.086 12 
 8.627 9.943 4901572 0 0 4834314 380294 4817064 380294  75.142 12 
 8.616 9.909 4943826 0 0 4834314 380294 4817064 380294  75.233 12 
 8.627 9.909 4986080 0 0 4834314 380294 4817064 380294  75.324 12 
 8.593 9.920 5028336 0 0 4834314 380294 4817064 380294  75.403 12 
 8.639 9.943 5070590 0 0 4834314 380294 4817064 380294  75.459 12 
 8.616 9.886 5112846 0 0 4834314 380294 4817064 380294  75.573 12 
 8.627 9.943 5155102 0 0 4834314 380294 4817064 380294  75.629 12 
 8.604 9.920 5197356 0 0 4834314 380294 5197356 380292  75.709 12 
 8.650 9.863 5239612 0 0 5214608 380294 5197356 380292  75.845 13 
 8.627 9.886 5281864 0 0 5214608 380294 5197356 380292  75.959 13 
 8.673 9.955 5324120 0 0 5214608 380294 5197356 380292  76.004 13 
 8.673 9.943 5366374 0 0 5214608 380294 5197356 380292  76.060 13 
 8.707 9.874 5408630 0 0 5214608 380294 5197356 380292  76.185 13 
 8.684 9.909 5450884 0 0 5214608 380294 5197356 380292  76.276 13 
 8.696 9.932 5493140 0 0 5214608 380294 5197356 380292  76.344 13 
 8.764 9.909 5535396 0 0 5214608 380294 5197356 380292  76.435 13 
 8.684 9.932 5577652 0 0 5214608 380294 5197356 380292  76.503 13 
 8.707 9.955 5619908 0 0 5214608 380294 5197356 380292  76.548 13 
 8.730 9.920 5662164 0 0 5214608 380294 5197356 380292  76.627 13 
 8.730 9.909 5704418 0 0 5214608 380294 5197356 380292  76.718 13 
 8.753 9.920 5746670 0 0 5214608 380294 5197356 380292  76.797 13 
 8.719 9.955 5788928 0 0 5214608 380294 5788928 591572  76.842 13 
 8.719 9.955 5831182 0 0 5806180 591572 5788928 591572  76.887 14 
 8.730 9.966 5873438 0 0 5806180 591572 5788928 591572  76.921 14 
 8.764 9.955 5915694 0 0 5806180 591572 5788928 591572  76.966 14 
 8.730 9.966 5957950 0 0 5806180 591572 5788928 591572  76.999 14 
 8.684 9.909 6000206 0 0 5806180 591572 5788928 591572  77.090 14 
 8.673 9.955 6042460 0 0 5806180 591572 5788928 591572  77.135 14 
 8.673 9.920 6084716 0 0 5806180 591572 5788928 591572  77.214 14 
 8.696 9.909 6126970 0 0 5806180 591572 6126970 338042  77.305 14 
 8.730 9.932 6169224 0 0 6144222 338042 6126970 338042  77.373 15 
 8.696 9.955 6211482 0 0 6144222 338042 6126970 338042  77.418 15 
 8.684 9.932 6253738 0 0 6144222 338042 6126970 338042  77.486 15 
 8.662 9.955 6295992 0 0 6144222 338042 6126970 338042  77.531 15 
 8.719 9.909 6338246 0 0 6144222 338042 6126970 338042  77.621 15 
 8.684 9.897 6380500 0 0 6144222 338042 6126970 338042  77.724 15 
 8.730 9.955 6422752 0 0 6144222 338042 6126970 338042  77.769 15 
 8.719 9.920 6465008 0 0 6144222 338042 6126970 338042  77.848 15 
 8.730 9.909 6507264 0 0 6144222 338042 6126970 338042  77.939 15 
 8.753 9.920 6549520 0 0 6144222 338042 6126970 338042  78.018 15 
 8.764 10.000 6591776 0 0 6144222 338042 6591776 464806  78.019 15 
 8.719 9.989 6634030 0 0 6609028 464806 6591776 464806  78.029 16 
 8.684 9.966 6676286 0 0 6609028 464806 6591776 464806  78.063 16 
 8.684 9.943 6718540 0 0 6609028 464806 6591776 464806  78.119 16 
 8.673 9.966 6760796 0 0 6609028 464806 6591776 464806  78.153 16 
 8.684 9.874 6803050 0 0 6609028 464806 6591776 464806  78.278 16 
 8.627 9.955 6845306 0 0 6609028 464806 6591776 464806  78.323 16 
 8.662 9.955 6887562 0 0 6609028 464806 6887562 295786  78.368 16 
 8.627 9.966 6929816 0 0 6904814 295786 6887562 295786  78.402 17 
 8.593 9.920 6972068 0 0 6904814 295786 6887562 295786  78.481 17 
 8.593 9.886 7014324 0 0 6904814 295786 6887562 295786  78.595 17 
 8.627 9.909 7056580 0 0 6904814 295786 6887562 295786  78.685 17 
 8.593 9.920 7098836 0 0 6904814 295786 6887562 295786  78.765 17 
 8.627 9.909 7141090 0 0 6904814 295786 6887562 295786  78.855 17 
 8.627 9.932 7183346 0 0 6904814 295786 6887562 295786  78.923 17 
 8.604 9.943 7225600 0 0 6904814 295786 6887562 295786  78.980 17 
 8.604 9.874 7267854 0 0 6904814 295786 7267854 380292  79.105 17 
 8.627 9.863 7310108 0 0 7285106 380292 7267854 380292  79.241 18 
 8.627 9.920 7352362 0 0 7285106 380292 7267854 380292  79.321 18 
 8.684 9.909 7394618 0 0 7285106 380292 7267854 380292  79.412 18 
 8.673 9.920 7436872 0 0 7285106 380292 7267854 380292  79.491 18 
 8.696 9.886 7479128 0 0 7285106 380292 7267854 380292  79.604 18 
 8.684 9.863 7521384 0 0 7285106 380292 7267854 380292  79.741 18 
 8.719 9.920 7563640 0 0 7285106 380292 7267854 380292  79.820 18 
 8.730 9.932 7605892 0 0 7285106 380292 7267854 380292  79.888 18 
 8.764 9.909 7648146 0 0 7285106 380292 7267854 380292  79.979 18 
 8.764 9.943 7690402 0 0 7285106 380292 7267854 380292  80.035 18 
 8.764 9.920 7732656 0 0 7285106 380292 7267854 380292  80.115 18 
 8.799 9.955 7774912 0 0 7285106 380292 7267854 380292  80.160 18 
 8.810 9.955 7817166 0 0 7285106 380292 7267854 380292  80.205 18 
 8.822 9.920 7859422 0 0 7285106 380292 7267854 380292  80.284 18 
 8.833 9.886 7901678 0 0 7285106 380292 7901678 633824  80.398 18 
 8.856 9.989 7943930 0 0 7918930 633824 7901678 633824  80.408 19 
 8.822 9.943 7986184 0 0 7918930 633824 7901678 633824  80.465 19 
 8.822 9.909 8028438 0 0 7918930 633824 7901678 633824  80.556 19 
 8.833 9.955 8070692 0 0 7918930 633824 7901678 633824  80.601 19 
 8.810 10.023 8112948 0 0 7918930 633824 7901678 633824  80.624 19 
 8.856 9.977 8155202 0 0 7918930 633824 7901678 633824  80.646 19 
 8.810 9.955 8197460 0 0 7918930 633824 8197460 295782  80.691 19 
 8.799 10.000 8239714 0 0 8214710 295780 8197460 295782  80.692 20 
 8.764 9.989 8281970 0 0 8214710 295780 8197460 295782  80.703 20 
 8.764 9.920 8324224 0 0 8214710 295780 8197460 295782  80.782 20 
 8.742 10.023 8366476 0 0 8214710 295780 8197460 295782  80.806 20 
 8.707 9.989 8408732 0 0 8214710 295780 8197460 295782  0.010 20 
 9.073 10.057 8450986 0 0 8214710 295780 8197460 295782  0.068 20 
 9.497 10.057 8493242 0 0 8214710 295780 8493242 295782  0.126 20 
 9.783 10.138 8535496 0 0 8510494 295784 8493242 295782  0.264 21 
 10.092 10.138 8577752 0 0 8510494 295784 8493242 295782  0.402 21 
 10.412 10.229 8620006 0 0 8510494 295784 8493242 295782  0.632 21 
 10.733 10.275 8662262 0 0 8510494 295784 8493242 295782  0.907 21 
 11.019 10.309 8704516 0 0 8510494 295784 8493242 295782  1.217 21 
 11.350 10.412 8746772 0 0 8510494 295784 8493242 295782  1.630 21 
 11.614 10.515 8789026 0 0 8510494 295784 8493242 295782  2.145 21 
 11.923 10.561 8831282 0 0 8510494 295784 8493242 295782  2.707 21 
 12.209 10.641 8873538 0 0 8510494 295784 8493242 295782  3.348 21 
 12.426 10.733 8915792 0 0 8510494 295784 8493242 295782  4.082 21 
 12.701 10.881 8958046 0 0 8510494 295784 8493242 295782  4.963 21 
 12.907 11.064 9000300 0 0 8510494 295784 9000300 507058  6.028 21 
 12.609 11.042 9042556 0 0 9017552 507058 9000300 507058  7.070 22 
 11.888 11.122 9084810 0 0 9017552 507058 9000300 507058  8.193 22 
 11.293 11.282 9127064 0 0 9017552 507058 9000300 507058  9.475 22 
 10.641 11.213 9169318 0 0 9017552 507058 9000300 507058  10.689 22 
 10.012 11.282 9211572 0 0 9017552 507058 9000300 507058  11.971 22 
 9.405 11.225 9253826 0 0 9017552 507058 9000300 507058  13.196 22 
 8.856 11.202 9296082 0 0 9017552 507058 9000300 507058  14.398 22 
 8.295 11.213 9338338 0 0 9017552 507058 9000300 507058  15.612 22 
 7.769 11.145 9380590 0 0 9017552 507058 9000300 507058  16.757 22 
 7.254 11.064 9422846 0 0 9017552 507058 9000300 507058  17.822 22 
 6.762 10.961 9465104 0 0 9017552 507058 9000300 507058  18.784 22 
 6.304 10.836 9507358 0 0 9017552 507058 9507358 507058  19.620 22 
 6.075 10.733 9549610 0 0 9524612 507060 9507358 507058  20.353 23 
 6.156 10.584 9591868 0 0 9524612 507060 9507358 507058  20.937 23 
 6.304 10.469 9634122 0 0 9524612 507060 9507358 507058  21.407 23 
 6.419 10.355 9676374 0 0 9524612 507060 9507358 507058  21.763 23 
 6.499 10.229 9718630 0 0 9524612 507060 9507358 507058  21.993 23 
 6.625 10.115 9760886 0 0 9524612 507060 9507358 507058  22.108 23 
 6.728 10.046 9803140 0 0 9524612 507060 9507358 507058  22.154 23 
 6.842 10.000 9845394 0 0 9524612 507060 9507358 507058  22.155 23 
 6.899 9.874 9887648 0 0 9524612 507060 9507358 507058  22.280 23 
 7.002 9.829 9929902 0 0 9524612 507060 9507358 507058  22.451 23 
 7.094 9.783 9972158 0 0 9524612 507060 9507358 507058  22.668 23 
 7.185 9.703 10014412 0 0 9524612 507060 9507358 507058  22.964 23 
 7.243 9.646 10056666 0 0 9524612 507060 10056666 549308  23.318 23 
 7.391 9.623 10098920 0 0 10073918 549306 10056666 549308  23.695 24 
 7.540 9.600 10141176 0 0 10073918 549306 10056666 549308  24.095 24 
 7.746 9.554 10183430 0 0 10073918 549306 10056666 549308  24.540 24 
 7.986 9.600 10225684 0 0 10073918 549306 10056666 549308  24.940 24 
 8.135 9.531 10267938 0 0 10073918 549306 10056666 549308  25.408 24 
 8.307 9.554 10310192 0 0 10073918 549306 10056666 549308  25.854 24 
 8.456 9.554 10352448 0 0 10073918 549306 10056666 549308  26.299 24 
 8.593 9.554 10394702 0 0 10073918 549306 10056666 549308  26.745 24 
 8.776 9.543 10436958 0 0 10073918 549306 10056666 549308  27.202 24 
 8.948 9.588 10479212 0 0 10073918 549306 10056666 549308  27.613 24 
 9.062 9.588 10521464 0 0 10073918 549306 10056666 549308  28.024 24 
 9.199 9.600 10563720 0 0 10073918 549306 10056666 549308  28.424 24 
 9.325 9.680 10605976 0 0 10073918 549306 10056666 549308  28.743 24 
 9.417 9.714 10648228 0 0 10073918 549306 10056666 549308  29.029 24 
 9.600 9.737 10690484 0 0 10073918 549306 10690484 633818  29.291 24 
 9.588 9.771 10732740 0 0 10707736 633818 10690484 633818  29.519 25 
 9.543 9.794 10774996 0 0 10707736 633818 10690484 633818  29.724 25 
 9.462 9.817 10817252 0 0 10707736 633818 10690484 633818  29.907 25 
 9.428 9.874 10859506 0 0 10707736 633818 10690484 633818  30.032 25 
 9.371 9.874 10901764 0 0 10707736 633818 10690484 633818  30.157 25 
 9.291 9.943 10944020 0 0 10707736 633818 10690484 633818  30.213 25 
 9.268 9.943 10986276 0 0 10707736 633818 10690484 633818  30.270 25 
 9.222 9.943 11028532 0 0 10707736 633818 10690484 633818  30.326 25 
 9.176 10.023 11070788 0 0 10707736 633818 10690484 633818  30.350 25 
 9.039 10.046 11113044 0 0 10707736 633818 10690484 633818  30.396 25 
 9.085 10.035 11155298 0 0 10707736 633818 10690484 633818  30.431 25 
 9.005 10.103 11197554 0 0 10707736 633818 10690484 633818  30.535 25 
 8.959 10.057 11239806 0 0 10707736 633818 10690484 633818  30.593 25 
 8.936 10.057 11282062 0 0 10707736 633818 10690484 633818  30.651 25 
 8.902 10.115 11324318 0 0 10707736 633818 11324318 633834  30.766 25 
 8.810 10.126 11366572 0 0 11341570 633834 11324318 633834  30.893 26 
 8.730 10.012 11408826 0 0 11341570 633834 11324318 633834  30.905 26 
 8.719 10.149 11451080 0 0 11341570 633834 11324318 633834  31.055 26 
 8.673 10.046 11493334 0 0 11341570 633834 11324318 633834  31.101 26 
 8.627 10.092 11535590 0 0 11341570 633834 11324318 633834  31.194 26 
 8.581 10.103 11577846 0 0 11341570 633834 11324318 633834  31.297 26 
 8.490 10.046 11620102 0 0 11341570 633834 11620102 295784  31.344 26 
 8.490 10.000 11662356 0 0 11637354 295784 11620102 295784  31.345 27 
 8.490 10.046 11704612 0 0 11637354 295784 11620102 295784  31.391 27 
 8.478 10.046 11746866 0 0 11637354 295784 11620102 295784  31.438 27 
 8.490 10.046 11789122 0 0 11637354 295784 11620102 295784  31.484 27 
 8.467 10.046 11831378 0 0 11637354 295784 11620102 295784  31.531 27 
 8.490 10.035 11873632 0 0 11637354 295784 11620102 295784  31.566 27 
 8.444 10.057 11915890 0 0 11637354 295784 11620102 295784  31.624 27 
 8.444 10.023 11958144 0 0 11637354 295784 11620102 295784  31.648 27 
 8.490 10.012 12000398 0 0 11637354 295784 11620102 295784  31.660 27 
 8.444 9.977 12042656 0 0 11637354 295784 12042656 422554  31.682 27 
 8.467 9.966 12084910 0 0 12059908 422554 12042656 422554  31.716 28 
 8.490 9.955 12127164 0 0 12059908 422554 12042656 422554  31.761 28 
 8.490 9.966 12169418 0 0 12059908 422554 12042656 422554  31.794 28 
 8.501 9.920 12211672 0 0 12059908 422554 12042656 422554  31.873 28 
 8.501 9.966 12253926 0 0 12059908 422554 12042656 422554  31.907 28 
 8.524 9.920 12296180 0 0 12059908 422554 12042656 422554  31.986 28 
 8.581 9.955 12338436 0 0 12059908 422554 12042656 422554  32.031 28 
 8.524 9.909 12380690 0 0 12059908 422554 12042656 422554  32.122 28 
 8.547 9.966 12422946 0 0 12059908 422554 12042656 422554  32.156 28 
 8.547 9.943 12465202 0 0 12059908 422554 12042656 422554  32.212 28 
 8.616 9.897 12507456 0 0 12059908 422554 12042656 422554  32.314 28 
 8.570 9.920 12549708 0 0 12059908 422554 12042656 422554  32.394 28 
 8.581 9.909 12591964 0 0 12059908 422554 12042656 422554  32.484 28 
 8.581 9.920 12634218 0 0 12059908 422554 12634218 591562  32.564 28 
 8.581 9.920 12676474 0 0 12651472 591564 12634218 591562  32.643 29 
 8.570 9.920 12718728 0 0 12651472 591564 12634218 591562  32.722 29 
 8.593 9.874 12760982 0 0 12651472 591564 12634218 591562  32.847 29 
 8.581 9.909 12803236 0 0 12651472 591564 12634218 591562  32.938 29 
 8.593 9.909 12845490 0 0 12651472 591564 12634218 591562  33.029 29 
 8.593 9.897 12887746 0 0 12651472 591564 12634218 591562  33.131 29 
 8.604 9.874 12930002 0 0 12651472 591564 12634218 591562  33.256 29 
 8.639 9.920 12972258 0 0 12651472 591564 12634218 591562  33.336 29 
 8.581 9.909 13014516 0 0 12651472 591564 12634218 591562  33.426 29 
 8.616 9.863 13056772 0 0 12651472 591564 12634218 591562  33.563 29 
 8.593 9.920 13099028 0 0 12651472 591564 12634218 591562  33.642 29 
 8.639 9.897 13141280 0 0 12651472 591564 12634218 591562  33.744 29 
 8.639 9.909 13183538 0 0 12651472 591564 12634218 591562  33.835 29 
 8.627 10.000 13225792 0 0 12651472 591564 12634218 591562  33.836 29 
 8.639 9.897 13268046 0 0 12651472 591564 13268046 633828  33.938 29 
 8.650 9.920 13310300 0 0 13285300 633828 13268046 633828  34.017 30 
 8.627 9.909 13352554 0 0 13285300 633828 13268046 633828  34.108 30 
 8.673 9.874 13394810 0 0 13285300 633828 13268046 633828  34.233 30 
 8.673 9.920 13437066 0 0 13285300 633828 13268046 633828  34.313 30 
 8.684 9.874 13479320 0 0 13285300 633828 13268046 633828  34.438 30 
 8.662 9.886 13521574 0 0 13285300 633828 13268046 633828  34.551 30 
 8.696 9.909 13563830 0 0 13285300 633828 13268046 633828  34.642 30 
 8.684 9.955 13606084 0 0 13285300 633828 13268046 633828  34.687 30 
 8.719 9.920 13648338 0 0 13285300 633828 13268046 633828  34.766 30 
 8.684 9.897 13690594 0 0 13285300 633828 13268046 633828  34.869 30 
 8.673 9.897 13732848 0 0 13285300 633828 13268046 633828  34.971 30 
 8.673 9.897 13775104 0 0 13285300 633828 13268046 633828  35.073 30 
 8.639 9.886 13817358 0 0 13285300 633828 13268046 633828  35.187 30 
 8.719 9.909 13859614 0 0 13285300 633828 13268046 633828  35.277 30 
 8.696 9.874 13901868 0 0 13285300 633828 13901868 633822  35.402 30 
 8.650 9.920 13944126 0 0 13919122 633822 13901868 633822  35.482 31 
 8.719 9.955 13986378 0 0 13919122 633822 13901868 633822  35.527 31 
 8.696 9.955 14028632 0 0 13919122 633822 13901868 633822  35.572 31 
 8.719 9.955 14070886 0 0 13919122 633822 13901868 633822  35.617 31 
 8.730 9.955 14113140 0 0 13919122 633822 13901868 633822  35.662 31 
 8.684 9.920 14155396 0 0 13919122 633822 13901868 633822  35.741 31 
 8.730 9.955 14197652 0 0 13919122 633822 13901868 633822  35.786 31 
 8.730 9.920 14239908 0 0 13919122 633822 13901868 633822  35.865 31 
 8.764 9.920 14282162 0 0 13919122 633822 13901868 633822  35.945 31 
 8.719 9.920 14324416 0 0 13919122 633822 13901868 633822  36.024 31 
 8.719 9.955 14366672 0 0 13919122 633822 13901868 633822  36.069 31 
 8.730 9.966 14408926 0 0 13919122 633822 13901868 633822  36.103 31 
 8.730 9.932 14451182 0 0 13919122 633822 13901868 633822  36.170 31 
 8.719 9.909 14493436 0 0 13919122 633822 13901868 633822  36.261 31 
 8.742 9.955 14535692 0 0 13919122 633822 14535692 633824  36.306 31 
 8.742 9.966 14577946 0 0 14552944 633822 14535692 633824  36.340 32 
 8.684 9.955 14620202 0 0 14552944 633822 14535692 633824  36.385 32 
 8.696 9.977 14662456 0 0 14552944 633822 14535692 633824  36.407 32 
 8.673 9.955 14704712 0 0 14552944 633822 14535692 633824  36.452 32 
 8.673 9.966 14746966 0 0 14552944 633822 14535692 633824  36.485 32 
