Thread[Thread-1,5,main] 3.924 4.977 0 0 0 0 0 0 0  5.022 0 
 5.160 5.034 42256 0 0 17250 17250 42256 42256  9.987 1 
 6.487 5.137 84512 0 0 59508 42258 84512 42256  14.850 2 
 7.426 5.194 126766 0 0 101762 42254 126766 42254  19.655 3 
 8.375 5.389 169020 0 0 144018 42256 169020 42254  24.265 4 
 9.279 5.538 211278 0 0 186274 42256 211278 42258  28.727 5 
 10.023 5.732 253532 0 0 228530 42256 253532 42254  32.994 6 
 10.572 5.950 295790 0 0 270786 42256 295790 42258  37.044 7 
 10.984 6.167 338044 0 0 313040 42254 338044 42254  40.877 8 
 11.328 6.476 380300 0 0 351456 38416 380300 42256  44.400 9 
 11.614 6.682 422558 0 0 393712 42256 422558 42258  47.718 10 
 11.854 6.979 464812 0 0 435970 42258 464812 42254  50.738 11 
 11.957 7.151 507066 0 0 478224 42254 507066 42254  53.586 12 
 12.014 7.380 549322 0 0 520478 42254 549322 42256  56.206 13 
 12.060 7.620 591578 0 0 562734 42256 591578 42256  58.585 14 
 12.026 7.815 633834 0 0 604990 42256 633834 42256  60.770 15 
 12.037 8.032 676092 0 0 647246 42256 676092 42258  62.737 16 
 11.888 8.261 718346 0 0 689504 42258 718346 42254  64.476 17 
 11.774 8.421 760602 0 0 731758 42254 760602 42256  66.054 18 
 11.659 8.559 802856 0 0 774014 42256 802856 42254  67.495 19 
 11.499 8.764 845110 0 0 816266 42252 845110 42254  68.730 20 
 11.293 8.913 887366 0 0 858524 42258 887366 42256  69.816 21 
 11.190 9.073 929620 0 0 900778 42254 929620 42254  70.742 22 
 10.984 9.211 971874 0 0 943032 42254 971874 42254  71.531 23 
 10.824 9.348 1014128 0 0 985286 42254 1014128 42254  72.182 24 
 10.641 9.462 1056382 0 0 1027540 42254 1056382 42254  72.720 25 
 10.458 9.554 1098638 0 0 1069794 42254 1098638 42256  73.165 26 
 10.275 9.646 1140896 0 0 1112050 42256 1140896 42258  73.519 27 
 10.103 9.680 1183150 0 0 1154304 42254 1183150 42254  73.839 28 
 9.955 9.806 1225402 0 0 1196562 42258 1225402 42252  74.032 29 
 9.771 9.840 1267656 0 0 1238814 42252 1267656 42254  74.192 30 
 9.611 9.874 1309914 0 0 1281070 42256 1309914 42258  74.317 31 
 9.474 9.966 1352168 0 0 1323326 42256 1352168 42254  74.350 32 
 9.325 9.955 1394424 0 0 1365580 42254 1394424 42256  74.395 33 
 9.176 10.012 1436678 0 0 1407836 42256 1436678 42254  74.408 34 
 9.085 10.046 1478934 0 0 1450090 42254 1478934 42256  74.454 35 
 8.948 10.046 1521190 0 0 1492346 42256 1521190 42256  74.501 36 
 8.856 10.046 1563444 0 0 1534602 42256 1563444 42254  74.547 37 
 8.776 10.057 1605698 0 0 1576856 42254 1605698 42254  74.605 38 
 8.639 10.057 1647950 0 0 1619112 42256 1647950 42252  74.663 39 
 8.547 10.092 1690208 0 0 1661364 42252 1690208 42258  74.755 40 
 8.501 10.092 1732464 0 0 1703622 42258 1732464 42256  74.848 41 
 8.433 10.057 1774720 0 0 1745876 42254 1774720 42256  74.906 42 
 8.398 10.023 1816974 0 0 1788132 42256 1816974 42254  74.929 43 
 8.330 10.057 1859230 0 0 1830386 42254 1859230 42256  74.987 44 
 8.284 10.023 1901486 0 0 1872644 42258 1901486 42256  75.011 45 
 8.261 10.012 1943742 0 0 1914898 42254 1943742 42256  75.023 46 
 8.227 10.023 1985996 0 0 1957154 42256 1985996 42254  75.047 47 
 8.192 9.977 2028250 0 0 1999408 42254 2028250 42254  75.069 48 
 8.181 9.977 2070504 0 0 2041662 42254 2070504 42254  75.091 49 
 8.181 9.966 2112758 0 0 2083916 42254 2112758 42254  75.125 50 
 8.147 10.012 2155014 0 0 2126170 42254 2155014 42256  75.137 51 
 8.147 9.932 2197268 0 0 2168426 42256 2197268 42254  75.205 52 
 8.181 9.955 2239524 0 0 2210680 42254 2239524 42256  75.250 53 
 8.181 9.909 2281780 0 0 2252938 42258 2281780 42256  75.341 54 
 8.158 9.874 2324036 0 0 2295192 42254 2324036 42256  75.466 55 
 8.169 9.909 2366290 0 0 2337448 42256 2366290 42254  75.556 56 
 8.204 9.852 2408544 0 0 2379702 42254 2408544 42254  75.704 57 
 8.169 9.920 2450802 0 0 2421956 42254 2450802 42258  75.784 58 
 8.192 9.886 2493056 0 0 2464214 42258 2493056 42254  75.897 59 
 8.181 9.863 2535310 0 0 2506468 42254 2535310 42254  76.034 60 
 8.192 9.863 2577564 0 0 2548724 42256 2577564 42254  76.170 61 
 8.215 9.840 2619820 0 0 2590976 42252 2619820 42256  76.330 62 
 8.227 9.771 2662076 0 0 2633234 42258 2662076 42256  76.558 63 
 8.261 9.829 2704332 0 0 2675490 42256 2704332 42256  76.729 64 
 8.227 9.852 2746586 0 0 2717744 42254 2746586 42254  76.877 65 
 8.272 9.829 2788840 0 0 2760000 42256 2788840 42254  77.048 66 
 8.272 9.840 2831094 0 0 2802252 42252 2831094 42254  77.207 67 
 8.307 9.783 2873348 0 0 2844508 42256 2873348 42254  77.424 68 
 8.272 9.783 2915604 0 0 2886760 42252 2915604 42256  77.640 69 
 8.307 9.783 2957858 0 0 2929018 42258 2957858 42254  77.857 70 
 8.295 9.817 3000112 0 0 2971270 42252 3000112 42254  78.039 71 
 8.341 9.817 3042368 0 0 3013524 42254 3042368 42256  78.222 72 
 8.318 9.863 3084622 0 0 3055780 42256 3084622 42254  78.358 73 
 8.318 9.771 3126880 0 0 3098034 42254 3126880 42258  78.586 74 
 8.307 9.852 3169134 0 0 3140292 42258 3169134 42254  78.734 75 
 8.318 9.783 3211392 0 0 3182546 42254 3211392 42258  78.951 76 
 8.318 9.771 3253648 0 0 3224804 42258 3253648 42256  79.179 77 
 8.353 9.771 3295904 0 0 3267058 42254 3295904 42256  79.407 78 
 8.318 9.794 3338158 0 0 3309316 42258 3338158 42254  79.612 79 
 8.375 9.749 3380412 0 0 3351570 42254 3380412 42254  79.863 80 
 8.364 9.771 3422668 0 0 3393824 42254 3422668 42256  80.091 81 
 8.353 9.817 3464924 0 0 3436080 42256 3464924 42256  80.273 82 
 8.353 9.771 3507180 0 0 3478336 42256 3507180 42256  80.502 83 
 8.375 9.829 3549434 0 0 3520590 42254 3549434 42254  80.672 84 
 8.375 9.794 3591690 0 0 3562846 42256 3591690 42256  80.878 85 
 8.364 9.874 3633948 0 0 3605104 42258 3633948 42258  81.003 86 
 8.353 9.783 3676204 0 0 3647360 42256 3676204 42256  81.219 87 
 8.364 9.817 3718460 0 0 3689616 42256 3718460 42256  81.402 88 
 8.364 9.817 3760716 0 0 3731874 42258 3760716 42256  81.584 89 
 8.410 9.817 3802970 0 0 3774128 42254 3802970 42254  81.766 90 
 8.398 9.863 3845226 0 0 3816384 42256 3845226 42256  81.903 91 
 8.353 9.794 3887484 0 0 3858640 42256 3887484 42258  82.108 92 
 8.353 9.817 3929738 0 0 3900894 42254 3929738 42254  82.290 93 
 8.353 9.829 3971992 0 0 3943150 42256 3971992 42254  82.461 94 
 8.353 9.817 4014248 0 0 3985404 42254 4014248 42256  82.643 95 
 8.364 9.829 4056502 0 0 4027660 42256 4056502 42254  82.814 96 
 8.410 9.829 4098758 0 0 4069914 42254 4098758 42256  82.985 97 
 8.353 9.806 4141014 0 0 4112170 42256 4141014 42256  83.179 98 
 8.353 9.771 4183268 0 0 4154426 42256 4183268 42254  83.407 99 
 8.341 9.817 4225526 0 0 4196682 42256 4225526 42258  83.589 100 
 8.375 9.794 4267784 0 0 4238938 42256 4267784 42258  83.794 101 
 8.364 9.783 4310038 0 0 4281196 42258 4310038 42254  84.011 102 
 8.398 9.863 4352294 0 0 4323450 42254 4352294 42256  84.148 103 
 8.353 9.771 4394548 0 0 4365706 42256 4394548 42254  84.376 104 
 8.353 9.829 4436804 0 0 4407960 42254 4436804 42256  84.547 105 
 8.364 9.817 4479060 0 0 4450216 42256 4479060 42256  84.729 106 
 8.364 9.783 4521314 0 0 4492470 42254 4521314 42254  84.945 107 
 8.364 9.829 4563572 0 0 4534726 42256 4563572 42258  85.116 108 
 8.364 9.829 4605828 0 0 4576982 42256 4605828 42256  85.287 109 
 8.375 9.863 4648086 0 0 4619240 42258 4648086 42258  85.424 110 
 8.364 9.783 4690342 0 0 4661498 42258 4690342 42256  85.640 111 
 8.364 9.817 4732600 0 0 4703754 42256 4732600 42258  85.823 112 
 8.375 9.874 4774856 0 0 4746010 42256 4774856 42256  85.948 113 
 8.341 9.817 4817114 0 0 4788268 42258 4817114 42258  86.130 114 
 8.364 9.783 4859366 0 0 4830526 42258 4859366 42252  86.347 115 
 8.387 9.817 4901622 0 0 4872778 42252 4901622 42256  86.529 116 
 8.375 9.829 4943876 0 0 4915032 42254 4943876 42254  86.700 117 
 8.353 9.817 4986134 0 0 4957290 42258 4986134 42258  86.882 118 
 8.375 9.817 5028390 0 0 4999544 42254 5028390 42256  87.064 119 
 8.364 9.817 5070646 0 0 5041802 42258 5070646 42256  87.247 120 
 8.364 9.817 5112900 0 0 5084058 42256 5112900 42254  87.429 121 
 8.375 9.771 5155154 0 0 5126312 42254 5155154 42254  87.657 122 
 8.341 9.829 5197410 0 0 5168566 42254 5197410 42256  87.828 123 
 8.364 9.817 5239664 0 0 5210822 42256 5239664 42254  88.010 124 
 8.364 9.863 5281922 0 0 5253078 42256 5281922 42258  88.147 125 
 8.353 9.817 5324176 0 0 5295334 42256 5324176 42254  88.329 126 
 8.353 9.829 5366432 0 0 5337588 42254 5366432 42256  88.500 127 
 8.353 9.783 5408688 0 0 5379844 42256 5408688 42256  88.717 128 
 8.353 9.817 5450942 0 0 5422100 42256 5450942 42254  88.899 129 
 8.353 9.897 5493196 0 0 5464354 42254 5493196 42254  89.001 130 
 8.364 9.783 5535450 0 0 5506608 42254 5535450 42254  89.218 131 
 8.341 9.771 5577704 0 0 5548864 42256 5577704 42254  89.446 132 
 8.364 9.852 5619958 0 0 5591116 42252 5619958 42254  89.594 133 
 8.330 9.829 5662214 0 0 5633370 42254 5662214 42256  89.765 134 
 8.375 9.806 5704470 0 0 5675626 42256 5704470 42256  89.958 135 
 8.353 9.817 5746724 0 0 5717882 42256 5746724 42254  90.141 136 
 8.398 9.817 5788978 0 0 5760136 42254 5788978 42254  90.323 137 
 8.353 9.829 5831234 0 0 5802390 42254 5831234 42256  90.494 138 
 8.353 9.817 5873488 0 0 5844646 42256 5873488 42254  90.676 139 
 8.353 9.817 5915746 0 0 5886898 42252 5915746 42258  90.859 140 
 8.353 9.817 5958002 0 0 5929158 42260 5958002 42256  91.041 141 
 8.387 9.829 6000258 0 0 5971414 42256 6000258 42256  91.212 142 
 8.398 9.863 6042510 0 0 6013668 42254 6042510 42252  91.348 143 
 8.330 9.829 6084768 0 0 6055920 42252 6084768 42258  91.519 144 
 8.353 9.829 6127024 0 0 6098180 42260 6127024 42256  91.690 145 
 8.330 9.817 6169282 0 0 6140438 42258 6169282 42258  91.872 146 
 8.398 9.863 6211534 0 0 6182694 42256 6211534 42252  92.009 147 
 8.353 9.829 6253790 0 0 6224948 42254 6253790 42256  92.180 148 
 8.364 9.829 6296046 0 0 6267204 42256 6296046 42256  92.350 149 
 8.364 9.794 6338300 0 0 6309458 42254 6338300 42254  92.556 150 
 8.353 9.829 6380552 0 0 6351712 42254 6380552 42252  92.727 151 
 8.364 9.783 6422810 0 0 6393964 42252 6422810 42258  92.943 152 
 8.364 9.817 6465066 0 0 6436222 42258 6465066 42256  93.125 153 
 8.375 9.829 6507320 0 0 6478478 42256 6507320 42254  93.296 154 
 8.364 9.817 6549576 0 0 6520732 42254 6549576 42256  93.479 155 
 8.398 9.829 6591832 0 0 6562986 42254 6591832 42256  93.649 156 
 8.421 9.829 6634086 0 0 6605244 42258 6634086 42254  93.820 157 
 8.410 9.840 6676340 0 0 6647498 42254 6676340 42254  93.980 158 
 8.364 9.840 6718596 0 0 6689752 42254 6718596 42256  94.139 159 
 8.364 9.817 6760852 0 0 6732008 42256 6760852 42256  94.321 160 
 8.364 9.909 6803106 0 0 6774262 42254 6803106 42254  94.412 161 
 8.364 9.817 6845362 0 0 6816518 42256 6845362 42256  94.595 162 
 8.341 9.829 6887616 0 0 6858774 42256 6887616 42254  94.765 163 
 8.387 9.874 6929870 0 0 6901028 42254 6929870 42254  94.891 164 
 8.387 9.829 6972126 0 0 6943282 42254 6972126 42256  95.061 165 
 8.364 9.874 7014382 0 0 6985538 42256 7014382 42256  95.186 166 
 8.318 9.874 7056638 0 0 7027794 42256 7056638 42256  95.312 167 
 8.341 9.829 7098890 0 0 7070050 42256 7098890 42252  95.482 168 
 8.353 9.829 7141146 0 0 7112302 42252 7141146 42256  95.653 169 
 8.330 9.829 7183402 0 0 7154558 42256 7183402 42256  95.824 170 
 8.353 9.863 7225660 0 0 7196814 42256 7225660 42258  95.961 171 
 8.353 9.817 7267912 0 0 7239070 42256 7267912 42252  96.143 172 
 8.353 9.817 7310168 0 0 7281326 42256 7310168 42256  96.325 173 
 8.364 9.783 7352426 0 0 7323582 42256 7352426 42258  96.542 174 
 8.318 9.863 7394680 0 0 7365840 42258 7394680 42254  96.678 175 
 8.364 9.829 7436934 0 0 7408092 42252 7436934 42254  96.849 176 
 8.353 9.806 7479192 0 0 7450348 42256 7479192 42258  97.043 177 
 8.364 9.829 7521448 0 0 7492604 42256 7521448 42256  97.214 178 
 8.375 9.783 7563702 0 0 7534862 42258 7563702 42254  97.431 179 
 8.364 9.794 7605958 0 0 7577116 42254 7605958 42256  97.636 180 
 8.364 9.829 7648212 0 0 7619370 42254 7648212 42254  97.807 181 
 8.364 9.840 7690468 0 0 7661622 42252 7690468 42256  97.966 182 
 8.364 9.829 7732724 0 0 7703880 42258 7732724 42256  98.137 183 
 8.387 9.829 7774978 0 0 7746136 42256 7774978 42254  98.308 184 
 8.375 9.794 7817234 0 0 7788390 42254 7817234 42256  98.513 185 
 8.410 9.897 7859488 0 0 7830646 42256 7859488 42254  98.615 186 
 8.375 9.829 7901742 0 0 7872900 42254 7901742 42254  98.786 187 
 8.364 9.817 7943998 0 0 7915154 42254 7943998 42256  98.968 188 
 8.398 9.863 7986254 0 0 7957410 42256 7986254 42256  99.105 189 
 8.387 9.817 8028510 0 0 7999668 42258 8028510 42256  99.287 190 
 8.353 9.817 8070764 0 0 8041922 42254 8070764 42254  99.469 191 
 8.353 9.829 8113018 0 0 8084176 42254 8113018 42254  99.640 192 
 8.353 9.829 8155272 0 0 8126430 42254 8155272 42254  99.811 193 
 8.353 9.817 8197526 0 0 8168684 42254 8197526 42254  99.993 194 
 8.353 9.817 8239782 0 0 8210938 42254 8239782 42256  100.176 195 
 8.353 9.829 8282038 0 0 8253194 42256 8282038 42256  100.347 196 
 8.353 9.829 8324294 0 0 8295450 42256 8324294 42256  100.517 197 
 8.364 9.817 8366550 0 0 8337706 42256 8366550 42256  100.700 198 
 8.353 9.817 8408808 0 0 8379962 42256 8408808 42258  0.182 199 
 8.719 9.874 8451062 0 0 8422218 42256 8451062 42254  0.307 200 
 9.039 9.909 8493314 0 0 8464474 42256 8493314 42252  0.398 201 
 9.417 9.920 8535570 0 0 8506730 42256 8535570 42256  0.477 202 
 9.691 9.966 8577824 0 0 8548984 42254 8577824 42254  0.511 203 
 10.046 9.966 8620080 0 0 8591236 42252 8620080 42256  0.544 204 
 10.321 10.057 8662332 0 0 8633492 42256 8662332 42252  0.602 205 
 10.275 10.035 8704590 0 0 8675746 42254 8704590 42258  0.637 206 
 10.092 10.103 8746846 0 0 8718002 42256 8746846 42256  0.741 207 
 9.817 10.195 8789102 0 0 8760258 42256 8789102 42256  0.936 208 
 9.634 10.103 8831358 0 0 8802514 42256 8831358 42256  1.040 209 
 9.405 10.183 8873614 0 0 8844770 42256 8873614 42256  1.224 210 
 9.257 10.229 8915868 0 0 8887026 42256 8915868 42254  1.453 211 
 9.096 10.229 8958122 0 0 8929280 42254 8958122 42254  1.683 212 
 8.948 10.286 9000380 0 0 8971536 42256 9000380 42258  1.970 213 
 8.799 10.252 9042636 0 0 9013794 42258 9042636 42256  2.222 214 
 8.673 10.275 9084890 0 0 9056048 42254 9084890 42254  2.498 215 
 8.559 10.286 9127146 0 0 9098302 42254 9127146 42256  2.785 216 
 8.444 10.241 9169400 0 0 9140558 42256 9169400 42254  3.026 217 
 8.364 10.229 9211656 0 0 9182812 42254 9211656 42256  3.255 218 
 8.307 10.206 9253910 0 0 9225066 42254 9253910 42254  3.462 219 
 8.215 10.183 9296164 0 0 9267322 42256 9296164 42254  3.646 220 
 8.169 10.138 9338418 0 0 9309576 42254 9338418 42254  3.784 221 
 8.112 10.149 9380674 0 0 9351830 42254 9380674 42256  3.934 222 
 8.101 10.138 9422928 0 0 9394086 42256 9422928 42254  4.072 223 
 8.089 10.138 9465184 0 0 9436340 42254 9465184 42256  4.210 224 
 8.032 10.046 9507442 0 0 9478596 42256 9507442 42258  4.256 225 
 8.044 10.057 9549698 0 0 9520856 42260 9549698 42256  4.314 226 
 8.044 10.046 9591954 0 0 9563112 42256 9591954 42256  4.361 227 
 8.032 10.046 9634210 0 0 9605366 42254 9634210 42256  4.407 228 
 8.032 10.000 9676468 0 0 9647624 42258 9676468 42258  4.408 229 
 8.044 9.955 9718724 0 0 9689882 42258 9718724 42256  4.453 230 
 8.066 10.000 9760980 0 0 9732138 42256 9760980 42256  4.454 231 
 8.066 9.955 9803236 0 0 9774394 42256 9803236 42256  4.499 232 
 8.078 10.000 9845494 0 0 9816648 42254 9845494 42258  4.500 233 
 8.055 9.989 9887748 0 0 9858906 42258 9887748 42254  4.510 234 
 8.055 9.886 9930004 0 0 9901160 42254 9930004 42256  4.624 235 
 8.066 9.886 9972260 0 0 9943416 42256 9972260 42256  4.738 236 
 8.089 9.829 10014514 0 0 9985672 42256 10014514 42254  4.909 237 
 8.158 9.840 10056770 0 0 10027926 42254 10056770 42256  5.068 238 
 8.169 9.829 10099024 0 0 10070180 42254 10099024 42254  5.239 239 
 8.181 9.852 10141280 0 0 10112436 42256 10141280 42256  5.387 240 
 8.192 9.817 10183534 0 0 10154692 42256 10183534 42254  5.569 241 
 8.215 9.874 10225790 0 0 10196946 42254 10225790 42256  5.694 242 
 8.272 9.874 10268044 0 0 10239202 42256 10268044 42254  5.819 243 
 8.238 9.817 10310300 0 0 10281456 42254 10310300 42256  6.002 244 
 8.272 9.783 10352554 0 0 10323712 42256 10352554 42254  6.218 245 
 8.295 9.783 10394810 0 0 10365966 42254 10394810 42256  6.435 246 
 8.307 9.863 10437064 0 0 10408222 42256 10437064 42254  6.571 247 
 8.318 9.783 10479318 0 0 10450478 42256 10479318 42254  6.788 248 
 8.307 9.817 10521576 0 0 10492730 42252 10521576 42258  6.970 249 
 8.353 9.817 10563830 0 0 10534988 42258 10563830 42254  7.153 250 
 8.353 9.771 10606086 0 0 10577242 42254 10606086 42256  7.381 251 
 8.341 9.749 10648342 0 0 10619498 42256 10648342 42256  7.632 252 
 8.353 9.806 10690600 0 0 10661754 42256 10690600 42258  7.825 253 
 8.398 9.817 10732856 0 0 10704012 42258 10732856 42256  8.008 254 
 8.398 9.771 10775110 0 0 10746268 42256 10775110 42254  8.236 255 
 8.410 9.817 10817366 0 0 10788522 42254 10817366 42256  8.418 0 
 8.398 9.829 10859624 0 0 10830778 42256 10859624 42258  8.589 1 
 8.398 9.794 10901880 0 0 10873038 42260 10901880 42256  8.794 2 
 8.398 9.806 10944136 0 0 10915292 42254 10944136 42256  8.988 3 
 8.410 9.737 10986392 0 0 10957548 42256 10986392 42256  9.250 4 
 8.410 9.863 11028650 0 0 10999804 42256 11028650 42258  9.387 5 
 8.398 9.806 11070906 0 0 11042062 42258 11070906 42256  9.581 6 
 8.410 9.783 11113162 0 0 11084318 42256 11113162 42256  9.797 7 
 8.410 9.794 11155416 0 0 11126574 42256 11155416 42254  10.002 8 
 8.398 9.829 11197674 0 0 11168830 42256 11197674 42258  10.173 9 
 8.410 9.783 11239930 0 0 11211086 42256 11239930 42256  10.390 10 
 8.444 9.806 11282188 0 0 11253340 42254 11282188 42258  10.584 11 
 8.456 9.817 11324444 0 0 11295602 42262 11324444 42256  10.766 12 
 8.398 9.794 11366700 0 0 11337856 42254 11366700 42256  10.971 13 
 8.398 9.852 11408956 0 0 11380114 42258 11408956 42256  11.119 14 
 8.375 9.829 11451210 0 0 11422368 42254 11451210 42254  11.290 15 
 8.421 9.863 11493468 0 0 11464620 42252 11493468 42258  11.426 16 
 8.410 9.817 11535724 0 0 11506880 42260 11535724 42256  11.609 17 
 8.410 9.886 11577980 0 0 11549136 42256 11577980 42256  11.722 18 
 8.398 9.852 11620236 0 0 11591392 42256 11620236 42256  11.870 19 
 8.398 9.863 11662494 0 0 11633648 42256 11662494 42258  12.007 20 
 8.375 9.863 11704752 0 0 11675906 42258 11704752 42258  12.143 21 
 8.364 9.817 11747010 0 0 11718164 42258 11747010 42258  12.326 22 
 8.364 9.817 11789266 0 0 11760422 42258 11789266 42256  12.508 23 
 8.398 9.806 11831522 0 0 11802678 42256 11831522 42256  12.702 24 
 8.398 9.874 11873778 0 0 11844934 42256 11873778 42256  12.827 25 
 8.398 9.829 11916032 0 0 11887190 42256 11916032 42254  12.998 26 
 8.353 9.806 11958292 0 0 11929444 42254 11958292 42260  13.192 27 
 8.398 9.863 12000548 0 0 11971702 42258 12000548 42256  13.328 28 
 8.398 9.840 12042804 0 0 12013958 42256 12042804 42256  13.487 29 
 8.364 9.829 12085064 0 0 12056218 42260 12085064 42260  13.658 30 
 8.364 9.840 12127318 0 0 12098474 42256 12127318 42254  13.818 31 
 8.353 9.829 12169570 0 0 12140730 42256 12169570 42252  13.989 32 
 8.364 9.817 12211828 0 0 12182984 42254 12211828 42258  14.171 33 
 8.410 9.829 12254086 0 0 12225242 42258 12254086 42258  14.342 34 
 8.364 9.829 12296344 0 0 12267498 42256 12296344 42258  14.513 35 
 8.375 9.829 12338602 0 0 12309756 42258 12338602 42258  14.683 36 
 8.353 9.817 12380860 0 0 12352012 42256 12380860 42258  14.866 37 
 8.353 9.863 12423118 0 0 12394272 42260 12423118 42258  15.002 38 
 8.353 9.783 12465374 0 0 12436530 42258 12465374 42256  15.219 39 
 8.364 9.840 12507628 0 0 12478786 42256 12507628 42254  15.378 40 
 8.353 9.794 12549882 0 0 12521040 42254 12549882 42254  15.584 41 
 8.364 9.806 12592138 0 0 12563294 42254 12592138 42256  15.777 42 
 8.364 9.829 12634394 0 0 12605550 42256 12634394 42256  15.948 43 
 8.398 9.886 12676648 0 0 12647806 42256 12676648 42254  16.062 44 
 8.375 9.829 12718904 0 0 12690060 42254 12718904 42256  16.233 45 
 8.410 9.817 12761160 0 0 12732316 42256 12761160 42256  16.415 46 
 8.364 9.863 12803416 0 0 12774572 42256 12803416 42256  16.552 47 
 8.410 9.840 12845672 0 0 12816828 42256 12845672 42256  16.711 48 
 8.398 9.874 12887928 0 0 12859084 42256 12887928 42256  16.836 49 
 8.398 9.817 12930184 0 0 12901342 42258 12930184 42256  17.018 50 
 8.364 9.897 12972442 0 0 12943596 42254 12972442 42258  17.121 51 
 8.364 9.817 13014698 0 0 12985854 42258 13014698 42256  17.303 52 
 8.353 9.863 13056956 0 0 13028110 42256 13056956 42258  17.439 53 
 8.364 9.863 13099210 0 0 13070368 42258 13099210 42254  17.576 54 
 8.375 9.863 13141464 0 0 13112620 42252 13141464 42254  17.712 55 
 8.398 9.817 13183720 0 0 13154876 42256 13183720 42256  17.895 56 
 8.364 9.863 13225974 0 0 13197132 42256 13225974 42254  18.031 57 
 8.410 9.817 13268232 0 0 13239384 42252 13268232 42258  18.214 58 
 8.353 9.852 13310486 0 0 13281644 42260 13310486 42254  18.362 59 
 8.398 9.817 13352740 0 0 13323900 42256 13352740 42254  18.544 60 
 8.353 9.886 13394996 0 0 13323900 42256 13394996 42256  18.657 60 
 8.330 9.829 13437254 0 0 13408410 84510 13437254 42258  18.828 61 
 8.318 9.817 13479512 0 0 13450666 42256 13479512 42258  19.011 62 
 8.353 9.863 13521764 0 0 13492924 42258 13521764 42252  19.147 63 
 8.330 9.829 13564024 0 0 13535178 42254 13564024 42260  19.318 64 
 8.330 9.806 13606280 0 0 13577436 42258 13606280 42256  19.512 65 
 8.364 9.829 13648534 0 0 13619692 42256 13648534 42254  19.683 66 
 8.330 9.806 13690790 0 0 13661946 42254 13690790 42256  19.876 67 
 8.353 9.829 13733048 0 0 13704200 42254 13733048 42258  20.047 68 
 8.353 9.863 13775304 0 0 13746460 42260 13775304 42256  20.184 69 
 8.364 9.863 13817560 0 0 13788716 42256 13817560 42256  20.320 70 
 8.398 9.863 13859814 0 0 13830972 42256 13859814 42254  20.457 71 
 8.364 9.817 13902072 0 0 13873226 42254 13902072 42258  20.639 72 
 8.353 9.829 13944328 0 0 13915484 42258 13944328 42256  20.810 73 
 8.353 9.863 13986586 0 0 13957740 42256 13986586 42258  20.947 74 
 8.353 9.863 14028842 0 0 13999998 42258 14028842 42256  21.083 75 
 8.387 9.817 14071100 0 0 14042254 42256 14071100 42258  21.265 76 
 8.375 9.829 14113354 0 0 14084512 42258 14113354 42254  21.436 77 
 8.353 9.863 14155610 0 0 14126766 42254 14155610 42256  21.573 78 
 8.353 9.817 14197868 0 0 14169022 42256 14197868 42258  21.755 79 
 8.353 9.829 14240124 0 0 14211280 42258 14240124 42256  21.926 80 
 8.375 9.829 14282382 0 0 14253536 42256 14282382 42258  22.097 81 
 8.353 9.817 14324638 0 0 14295794 42258 14324638 42256  22.279 82 
 8.375 9.817 14366894 0 0 14338050 42256 14366894 42256  22.461 83 
 8.398 9.817 14409152 0 0 14380306 42256 14409152 42258  22.644 84 
 8.410 9.829 14451408 0 0 14422564 42258 14451408 42256  22.815 85 
 8.398 9.817 14493664 0 0 14464822 42258 14493664 42256  22.997 86 
 8.398 9.829 14535922 0 0 14507078 42256 14535922 42258  23.168 87 
 8.398 9.863 14578178 0 0 14549334 42256 14578178 42256  23.304 88 
 8.364 9.863 14620436 0 0 14591590 42256 14620436 42258  23.441 89 
 8.364 9.863 14662692 0 0 14633848 42258 14662692 42256  23.577 90 
 8.387 9.829 14704946 0 0 14676104 42256 14704946 42254  23.748 91 
 8.410 9.840 14747204 0 0 14718360 42256 14747204 42258  23.908 92 
