Thread[Thread-1,5,main] 9.794 5.389 0 0 0 0 0 0 0  4.610 0 
 11.785 3.661 42270 0 0 9570 9570 0 0  10.948 1 
 15.275 4.565 84538 0 0 9570 9570 0 0  16.383 1 
 15.504 5.435 126808 0 0 9570 9570 0 0  20.948 1 
 15.859 5.034 169078 0 0 9570 9570 0 0  25.913 1 
 7.437 4.988 211348 0 0 9570 9570 0 0  30.924 1 
 15.241 5.561 253616 0 0 9570 9570 0 0  35.363 1 
 16.500 5.515 295888 0 0 9570 9570 0 0  39.848 1 
 18.102 6.670 338156 0 0 9570 9570 0 0  43.177 1 
 20.299 5.343 380428 0 0 9570 9570 380428 380428  47.833 1 
 21.763 5.950 422696 0 0 397678 388108 380428 380428  51.883 2 
 22.599 6.762 464966 0 0 397678 388108 380428 380428  55.120 2 
 23.148 6.384 507236 0 0 397678 388108 380428 380428  58.735 2 
 22.278 6.613 549506 0 0 397678 388108 380428 380428  62.122 2 
 23.960 6.979 591776 0 0 397678 388108 380428 380428  65.142 2 
 23.377 7.494 634046 0 0 397678 388108 634046 253618  67.647 2 
 24.281 7.220 676316 0 0 647456 249778 634046 253618  70.427 3 
 24.006 7.849 718584 0 0 647456 249778 634046 253618  72.577 3 
 22.736 8.410 760854 0 0 647456 249778 634046 253618  74.167 3 
 23.148 8.410 803124 0 0 647456 249778 634046 253618  75.756 3 
 22.232 8.101 845392 0 0 647456 249778 634046 253618  77.655 3 
 23.411 8.764 887664 0 0 647456 249778 634046 253618  78.890 3 
 22.415 8.879 929932 0 0 647456 249778 634046 253618  80.011 3 
 21.958 9.382 972202 0 0 647456 249778 634046 253618  80.628 3 
 22.358 9.131 1014470 0 0 647456 249778 634046 253618  81.497 3 
 21.729 9.382 1056742 0 0 647456 249778 634046 253618  82.114 3 
 22.175 9.268 1099010 0 0 647456 249778 634046 253618  82.845 3 
 22.415 9.680 1141278 0 0 647456 249778 634046 253618  83.165 3 
 22.816 10.092 1183548 0 0 647456 249778 634046 253618  83.257 3 
 21.912 9.543 1225816 0 0 647456 249778 1225816 591770  83.714 3 
 22.953 9.497 1268086 0 0 1243068 595612 1225816 591770  84.217 4 
 20.356 9.508 1310356 0 0 1243068 595612 1225816 591770  84.708 4 
 19.612 9.691 1352624 0 0 1243068 595612 1225816 591770  85.016 4 
 19.761 9.691 1394892 0 0 1243068 595612 1225816 591770  85.325 4 
 18.662 9.600 1437162 0 0 1243068 595612 1225816 591770  85.724 4 
 19.715 9.462 1479434 0 0 1243068 595612 1225816 591770  86.261 4 
 21.042 9.840 1521704 0 0 1243068 595612 1225816 591770  86.421 4 
 19.395 10.138 1563976 0 0 1243068 595612 1225816 591770  86.559 4 
 18.983 10.424 1606242 0 0 1243068 595612 1225816 591770  86.983 4 
 17.884 10.229 1648512 0 0 1243068 595612 1225816 591770  87.213 4 
 16.728 10.080 1690782 0 0 1243068 595612 1225816 591770  87.293 4 
 17.552 9.955 1733052 0 0 1243068 595612 1225816 591770  87.338 4 
 16.317 9.314 1775320 0 0 1243068 595612 1225816 591770  88.024 4 
 16.831 9.691 1817592 0 0 1243068 595612 1225816 591770  88.332 4 
 15.355 10.653 1859860 0 0 1243068 595612 1859860 634044  88.985 4 
 16.740 9.955 1902128 0 0 1877112 634044 1859860 634044  89.030 5 
 16.694 9.806 1944398 0 0 1877112 634044 1859860 634044  89.224 5 
 17.381 9.920 1986668 0 0 1877112 634044 1859860 634044  89.303 5 
 16.362 10.550 2028936 0 0 1877112 634044 1859860 634044  89.853 5 
 16.969 9.737 2071208 0 0 1877112 634044 1859860 634044  90.116 5 
 17.095 9.703 2113478 0 0 1877112 634044 1859860 634044  90.413 5 
 16.648 9.829 2155748 0 0 1877112 634044 1859860 634044  90.583 5 
 16.545 9.623 2198020 0 0 1877112 634044 1859860 634044  90.960 5 
 16.637 9.771 2240288 0 0 1877112 634044 1859860 634044  91.188 5 
 16.831 9.726 2282560 0 0 1877112 634044 2282560 422700  91.462 5 
 16.271 9.680 2324826 0 0 2299810 422698 2282560 422700  91.782 6 
 17.003 9.886 2367096 0 0 2299810 422698 2282560 422700  91.895 6 
 17.152 9.874 2409364 0 0 2299810 422698 2282560 422700  92.020 6 
 17.507 9.943 2451634 0 0 2299810 422698 2282560 422700  92.077 6 
 17.461 9.462 2493902 0 0 2299810 422698 2282560 422700  92.614 6 
 17.095 9.417 2536170 0 0 2299810 422698 2282560 422700  93.197 6 
 17.186 9.291 2578440 0 0 2299810 422698 2282560 422700  93.905 6 
 16.969 9.611 2620708 0 0 2299810 422698 2282560 422700  94.294 6 
 16.317 9.154 2662978 0 0 2299810 422698 2282560 422700  95.140 6 
 18.021 9.783 2705248 0 0 2299810 422698 2282560 422700  95.356 6 
 15.779 8.867 2747516 0 0 2299810 422698 2282560 422700  96.488 6 
 17.507 10.080 2789788 0 0 2299810 422698 2282560 422700  96.569 6 
 17.335 8.902 2832056 0 0 2299810 422698 2282560 422700  97.667 6 
 16.728 9.039 2874326 0 0 2299810 422698 2282560 422700  98.627 6 
 17.735 9.176 2916596 0 0 2299810 422698 2916596 634036  99.450 6 
 16.648 9.245 2958864 0 0 2933848 634038 2916596 634036  100.205 7 
 16.648 9.279 3001134 0 0 2933848 634038 2916596 634036  100.925 7 
 17.873 8.684 3043402 0 0 2933848 634038 2916596 634036  102.240 7 
 16.900 9.611 3085670 0 0 2933848 634038 2916596 634036  102.628 7 
 17.930 9.176 3127942 0 0 2933848 634038 2916596 634036  103.451 7 
 16.923 8.959 3170210 0 0 2933848 634038 3170210 253614  104.492 7 
 18.845 9.257 3212480 0 0 3187460 253612 3170210 253614  105.235 8 
 17.781 9.211 3254750 0 0 3187460 253612 3170210 253614  106.024 8 
 18.571 9.634 3297020 0 0 3187460 253612 3170210 253614  106.389 8 
 18.525 9.634 3339288 0 0 3187460 253612 3170210 253614  106.754 8 
 18.834 9.771 3381558 0 0 3187460 253612 3170210 253614  106.982 8 
 18.559 9.508 3423826 0 0 3187460 253612 3423826 253616  107.474 8 
 18.376 10.046 3466094 0 0 3437236 249776 3423826 253616  107.520 9 
 17.793 9.634 3508364 0 0 3437236 249776 3423826 253616  107.886 9 
 17.701 9.508 3550636 0 0 3437236 249776 3423826 253616  108.377 9 
 18.102 9.314 3592904 0 0 3437236 249776 3423826 253616  109.063 9 
 18.422 9.977 3635174 0 0 3437236 249776 3423826 253616  109.085 9 
 18.422 9.646 3677444 0 0 3437236 249776 3423826 253616  109.439 9 
 18.983 9.771 3719712 0 0 3437236 249776 3423826 253616  109.667 9 
 17.186 9.371 3761982 0 0 3437236 249776 3423826 253616  110.295 9 
 18.056 9.577 3804250 0 0 3437236 249776 3423826 253616  110.718 9 
 18.193 10.012 3846518 0 0 3437236 249776 3423826 253616  110.730 9 
 18.159 9.955 3888786 0 0 3437236 249776 3423826 253616  110.775 9 
 18.285 9.051 3931058 0 0 3437236 249776 3423826 253616  111.724 9 
 17.015 9.874 3973326 0 0 3437236 249776 3423826 253616  111.849 9 
 17.701 8.902 4015596 0 0 3437236 249776 3423826 253616  112.947 9 
 18.571 10.515 4057866 0 0 3437236 249776 4057866 634040  113.463 9 
 16.740 9.920 4100134 0 0 4075116 637880 4057866 634040  113.542 10 
 17.873 9.874 4142404 0 0 4075116 637880 4057866 634040  113.667 10 
 18.525 9.588 4184672 0 0 4075116 637880 4057866 634040  114.078 10 
 18.056 9.646 4226942 0 0 4075116 637880 4057866 634040  114.432 10 
 16.408 9.554 4269212 0 0 4075116 637880 4057866 634040  114.878 10 
 15.813 9.543 4311482 0 0 4075116 637880 4057866 634040  115.334 10 
 17.552 9.176 4353750 0 0 4075116 637880 4057866 634040  116.158 10 
 16.362 9.874 4396020 0 0 4075116 637880 4396020 338154  116.283 10 
 16.236 9.771 4438288 0 0 4413270 338154 4396020 338154  116.511 11 
 15.996 9.646 4480558 0 0 4413270 338154 4396020 338154  116.865 11 
 16.202 9.005 4522828 0 0 4413270 338154 4396020 338154  117.859 11 
 16.866 9.451 4565096 0 0 4413270 338154 4396020 338154  118.408 11 
 15.458 9.554 4607368 0 0 4413270 338154 4396020 338154  118.853 11 
 16.969 8.764 4649636 0 0 4413270 338154 4396020 338154  120.088 11 
 16.099 9.726 4691906 0 0 4413270 338154 4396020 338154  120.362 11 
 17.461 9.714 4734174 0 0 4413270 338154 4396020 338154  120.647 11 
 16.099 8.604 4776444 0 0 4413270 338154 4396020 338154  122.043 11 
 16.694 8.856 4818714 0 0 4413270 338154 4396020 338154  123.186 11 
 16.603 9.497 4860984 0 0 4413270 338154 4396020 338154  123.689 11 
 15.676 8.501 4903254 0 0 4413270 338154 4396020 338154  125.187 11 
 17.552 9.497 4945522 0 0 4413270 338154 4396020 338154  125.690 11 
 16.008 9.085 4987792 0 0 4413270 338154 4396020 338154  126.604 11 
 16.511 9.096 5030064 0 0 4413270 338154 5030064 634044  127.508 11 
 16.912 9.268 5072330 0 0 5047316 634046 5030064 634044  128.239 12 
 17.198 9.176 5114598 0 0 5047316 634046 5030064 634044  129.062 12 
 16.912 8.684 5156866 0 0 5047316 634046 5030064 634044  130.377 12 
 18.330 9.359 5199136 0 0 5047316 634046 5030064 634044  131.017 12 
 17.930 9.726 5241406 0 0 5047316 634046 5030064 634044  131.291 12 
 17.827 9.600 5283676 0 0 5047316 634046 5030064 634044  131.691 12 
 17.381 8.959 5325944 0 0 5047316 634046 5030064 634044  132.731 12 
 18.250 8.387 5368214 0 0 5047316 634046 5368214 338150  134.344 12 
 18.422 9.005 5410482 0 0 5383544 336228 5368214 338150  135.339 13 
 18.021 9.829 5452750 0 0 5383544 336228 5368214 338150  135.510 13 
 18.205 9.886 5495020 0 0 5383544 336228 5368214 338150  135.623 13 
 18.296 9.920 5537288 0 0 5383544 336228 5368214 338150  135.703 13 
 18.479 9.737 5579556 0 0 5383544 336228 5368214 338150  135.965 13 
 18.708 9.817 5621826 0 0 5383544 336228 5368214 338150  136.147 13 
 18.617 10.000 5664096 0 0 5383544 336228 5664096 295882  136.148 13 
 18.388 10.138 5706366 0 0 5681348 297804 5664096 295882  136.286 14 
 19.978 8.993 5748634 0 0 5681348 297804 5664096 295882  137.292 14 
 19.109 9.771 5790902 0 0 5681348 297804 5664096 295882  137.520 14 
 18.536 8.764 5833170 0 0 5681348 297804 5664096 295882  138.755 14 
 17.461 9.920 5875440 0 0 5681348 297804 5664096 295882  138.835 14 
 17.884 9.966 5917708 0 0 5681348 297804 5664096 295882  138.868 14 
 18.330 10.115 5959978 0 0 5681348 297804 5664096 295882  138.983 14 
 17.335 9.325 6002246 0 0 5681348 297804 5664096 295882  139.658 14 
 17.873 8.341 6044516 0 0 5681348 297804 5664096 295882  141.316 14 
 17.552 9.371 6086784 0 0 5681348 297804 5664096 295882  141.945 14 
 17.735 10.080 6129052 0 0 5681348 297804 5664096 295882  142.026 14 
 16.511 9.359 6171322 0 0 5681348 297804 6171322 507226  142.666 14 
 18.147 10.046 6213592 0 0 6188574 507226 6171322 507226  142.712 15 
 17.335 9.234 6255862 0 0 6188574 507226 6171322 507226  143.478 15 
 18.113 10.149 6298134 0 0 6188574 507226 6171322 507226  143.628 15 
 18.662 10.252 6340404 0 0 6188574 507226 6171322 507226  143.880 15 
 17.301 9.131 6382676 0 0 6188574 507226 6171322 507226  144.749 15 
 17.461 9.211 6424944 0 0 6188574 507226 6171322 507226  145.538 15 
 17.701 9.417 6467214 0 0 6188574 507226 6171322 507226  146.120 15 
 17.747 9.520 6509484 0 0 6188574 507226 6171322 507226  146.600 15 
 18.617 9.817 6551752 0 0 6188574 507226 6171322 507226  146.783 15 
 18.433 9.771 6594022 0 0 6188574 507226 6594022 422700  147.011 15 
 17.106 9.005 6636292 0 0 6611274 422700 6594022 422700  148.005 16 
 18.525 9.337 6678562 0 0 6611274 422700 6594022 422700  148.668 16 
 18.342 9.600 6720832 0 0 6611274 422700 6594022 422700  149.068 16 
 18.571 9.955 6763100 0 0 6611274 422700 6594022 422700  149.113 16 
 17.289 9.829 6805372 0 0 6611274 422700 6594022 422700  149.284 16 
 18.113 9.829 6847642 0 0 6611274 422700 6594022 422700  149.455 16 
 18.250 9.668 6889912 0 0 6611274 422700 6594022 422700  149.786 16 
 18.250 9.131 6932180 0 0 6611274 422700 6594022 422700  150.655 16 
 17.198 9.520 6974450 0 0 6611274 422700 6594022 422700  151.134 16 
 16.923 9.325 7016718 0 0 6611274 422700 6594022 422700  151.809 16 
 18.147 9.508 7058988 0 0 6611274 422700 6594022 422700  152.300 16 
 17.243 9.371 7101258 0 0 6611274 422700 6594022 422700  152.929 16 
 16.557 9.417 7143526 0 0 6611274 422700 6594022 422700  153.511 16 
 17.838 9.108 7185794 0 0 6611274 422700 6594022 422700  154.403 16 
 17.140 9.371 7228064 0 0 6611274 422700 7228064 634042  155.032 16 
 17.690 10.000 7270330 0 0 7245314 634040 7228064 634042  155.032 17 
 17.873 9.771 7312600 0 0 7245314 634040 7228064 634042  155.260 17 
 17.106 9.508 7354870 0 0 7245314 634040 7228064 634042  155.752 17 
 18.102 9.291 7397138 0 0 7245314 634040 7228064 634042  156.460 17 
 17.655 9.462 7439408 0 0 7245314 634040 7228064 634042  156.997 17 
 17.793 9.920 7481676 0 0 7245314 634040 7481676 253612  157.077 17 
 17.415 9.142 7523944 0 0 7498926 253612 7481676 253612  157.934 18 
 16.831 8.787 7566214 0 0 7498926 253612 7481676 253612  159.146 18 
 17.598 9.966 7608482 0 0 7498926 253612 7481676 253612  159.180 18 
 16.557 8.925 7650754 0 0 7498926 253612 7481676 253612  160.255 18 
 17.324 9.451 7693022 0 0 7498926 253612 7481676 253612  160.803 18 
 16.271 9.371 7735292 0 0 7498926 253612 7481676 253612  161.432 18 
 18.376 9.451 7777560 0 0 7498926 253612 7481676 253612  161.980 18 
 17.106 9.588 7819828 0 0 7498926 253612 7481676 253612  162.391 18 
 18.067 9.955 7862098 0 0 7498926 253612 7862098 380422  162.436 18 
 16.328 9.966 7904366 0 0 7879348 380422 7862098 380422  162.470 19 
 15.836 9.543 7946634 0 0 7879348 380422 7862098 380422  162.927 19 
 17.232 8.650 7988902 0 0 7879348 380422 7862098 380422  164.276 19 
 17.095 9.462 8031172 0 0 7879348 380422 7862098 380422  164.813 19 
 16.637 9.142 8073442 0 0 7879348 380422 7862098 380422  165.671 19 
 16.236 9.005 8115714 0 0 7879348 380422 7862098 380422  166.665 19 
 16.362 9.497 8157984 0 0 7879348 380422 7862098 380422  167.168 19 
 17.324 9.634 8200252 0 0 7879348 380422 7862098 380422  167.533 19 
 15.905 8.948 8242522 0 0 7879348 380422 7862098 380422  168.585 19 
 16.442 9.955 8284790 0 0 7879348 380422 7862098 380422  168.630 19 
 16.603 8.993 8327062 0 0 7879348 380422 8327062 464964  169.636 19 
 16.225 9.325 8369328 0 0 8344312 464964 8327062 464964  170.311 20 
 16.523 9.051 8411598 0 0 8344312 464964 8327062 464964  0.948 20 
 16.923 8.936 8453868 0 0 8344312 464964 8327062 464964  2.012 20 
 17.015 9.131 8496136 0 0 8344312 464964 8327062 464964  2.881 20 
 17.106 8.730 8538406 0 0 8344312 464964 8327062 464964  4.150 20 
 16.969 9.417 8580676 0 0 8344312 464964 8327062 464964  4.733 20 
 16.957 8.856 8622944 0 0 8344312 464964 8622944 295882  5.876 20 
 17.335 8.456 8665214 0 0 8640196 295884 8622944 295882  7.420 21 
 18.525 8.753 8707482 0 0 8640196 295884 8622944 295882  8.667 21 
 18.514 9.428 8749750 0 0 8640196 295884 8622944 295882  9.238 21 
 18.147 9.314 8792022 0 0 8640196 295884 8622944 295882  9.924 21 
 18.925 9.245 8834290 0 0 8640196 295884 8622944 295882  10.678 21 
 17.735 8.456 8876560 0 0 8640196 295884 8876560 253616  12.222 21 
 17.655 9.405 8918830 0 0 8893810 253614 8876560 253616  12.816 22 
 17.369 9.131 8961098 0 0 8893810 253614 8876560 253616  13.685 22 
 19.212 9.188 9003368 0 0 8893810 253614 8876560 253616  14.497 22 
 19.795 9.691 9045636 0 0 8893810 253614 8876560 253616  14.805 22 
 18.742 9.440 9087906 0 0 8893810 253614 9087906 211346  15.365 22 
 19.200 9.771 9130174 0 0 9103238 209428 9087906 211346  15.593 23 
 19.337 9.829 9172446 0 0 9103238 209428 9087906 211346  15.764 23 
 19.074 9.588 9214714 0 0 9103238 209428 9087906 211346  16.175 23 
 19.337 9.646 9256982 0 0 9103238 209428 9087906 211346  16.529 23 
 19.944 10.000 9299252 0 0 9103238 209428 9087906 211346  16.530 23 
 19.578 10.401 9341522 0 0 9103238 209428 9087906 211346  16.931 23 
 19.120 9.039 9383792 0 0 9103238 209428 9087906 211346  17.892 23 
 18.102 10.195 9426060 0 0 9103238 209428 9087906 211346  18.087 23 
 18.239 9.966 9468332 0 0 9103238 209428 9087906 211346  18.120 23 
 17.976 9.611 9510602 0 0 9103238 209428 9087906 211346  18.509 23 
 18.834 10.515 9552874 0 0 9103238 209428 9087906 211346  19.024 23 
 18.067 9.863 9595144 0 0 9103238 209428 9087906 211346  19.161 23 
 18.422 9.863 9637412 0 0 9103238 209428 9087906 211346  19.297 23 
 18.250 9.634 9679682 0 0 9103238 209428 9087906 211346  19.663 23 
 18.754 10.561 9721950 0 0 9103238 209428 9721950 634044  20.224 23 
 18.514 10.092 9764220 0 0 9739200 635962 9721950 634044  20.317 24 
 17.598 10.504 9806490 0 0 9739200 635962 9721950 634044  20.821 24 
 17.793 10.275 9848760 0 0 9739200 635962 9721950 634044  21.096 24 
 17.873 9.405 9891028 0 0 9739200 635962 9721950 634044  21.690 24 
 17.198 9.279 9933298 0 0 9739200 635962 9721950 634044  22.411 24 
 15.447 9.874 9975566 0 0 9739200 635962 9721950 634044  22.536 24 
 16.053 10.046 10017834 0 0 9739200 635962 9721950 634044  22.582 24 
 15.046 9.691 10060104 0 0 9739200 635962 10060104 338154  22.890 24 
 15.722 9.165 10102374 0 0 10073514 334314 10060104 338154  23.725 25 
 16.603 9.462 10144642 0 0 10073514 334314 10060104 338154  24.262 25 
 16.282 8.730 10186912 0 0 10073514 334314 10060104 338154  25.531 25 
 16.317 9.680 10229182 0 0 10073514 334314 10060104 338154  25.851 25 
 17.289 9.634 10271452 0 0 10073514 334314 10060104 338154  26.216 25 
 17.243 8.993 10313722 0 0 10073514 334314 10060104 338154  27.222 25 
 16.992 9.955 10355992 0 0 10073514 334314 10060104 338154  27.267 25 
 17.472 9.085 10398260 0 0 10073514 334314 10060104 338154  28.182 25 
 17.793 9.966 10440530 0 0 10073514 334314 10060104 338154  28.216 25 
 17.976 9.520 10482800 0 0 10073514 334314 10060104 338154  28.695 25 
 17.735 8.948 10525070 0 0 10073514 334314 10060104 338154  29.747 25 
 17.232 9.199 10567338 0 0 10073514 334314 10060104 338154  30.548 25 
 17.747 9.462 10609608 0 0 10073514 334314 10060104 338154  31.085 25 
 18.330 9.920 10651874 0 0 10073514 334314 10060104 338154  31.164 25 
 18.021 9.611 10694144 0 0 10073514 334314 10694144 634040  31.552 25 
 18.925 9.691 10736414 0 0 10711396 637882 10694144 634040  31.860 26 
 17.461 9.085 10778684 0 0 10711396 637882 10694144 634040  32.775 26 
 18.388 10.138 10820954 0 0 10711396 637882 10694144 634040  32.913 26 
 17.552 8.730 10863222 0 0 10711396 637882 10694144 634040  34.182 26 
 18.891 10.447 10905492 0 0 10711396 637882 10694144 634040  34.629 26 
 18.113 9.874 10947760 0 0 10711396 637882 10694144 634040  34.754 26 
 18.433 9.737 10990030 0 0 10711396 637882 10694144 634040  35.017 26 
 18.239 9.737 11032300 0 0 10711396 637882 10694144 634040  35.279 26 
 18.250 10.321 11074568 0 0 10711396 637882 10694144 634040  35.600 26 
 17.564 9.131 11116836 0 0 10711396 637882 10694144 634040  36.469 26 
 18.102 8.925 11159106 0 0 10711396 637882 10694144 634040  37.544 26 
 18.651 10.138 11201374 0 0 10711396 637882 10694144 634040  37.682 26 
 18.605 8.993 11243644 0 0 10711396 637882 10694144 634040  38.688 26 
 18.010 10.046 11285912 0 0 10711396 637882 10694144 634040  38.735 26 
 18.113 9.817 11328180 0 0 10711396 637882 11328180 634036  38.917 26 
 18.525 10.275 11370448 0 0 11341594 630198 11328180 634036  39.193 27 
 17.964 9.852 11412718 0 0 11341594 630198 11328180 634036  39.341 27 
 16.236 8.959 11454988 0 0 11341594 630198 11328180 634036  40.381 27 
 17.140 10.103 11497256 0 0 11341594 630198 11328180 634036  40.485 27 
 18.193 9.600 11539528 0 0 11341594 630198 11328180 634036  40.885 27 
 16.465 10.023 11581798 0 0 11341594 630198 11328180 634036  40.908 27 
 17.003 9.165 11624070 0 0 11341594 630198 11328180 634036  41.743 27 
 16.454 9.039 11666338 0 0 11341594 630198 11328180 634036  42.703 27 
 17.690 9.222 11708606 0 0 11341594 630198 11328180 634036  43.480 27 
 17.495 9.051 11750874 0 0 11341594 630198 11328180 634036  44.429 27 
 17.232 10.012 11793144 0 0 11341594 630198 11328180 634036  44.442 27 
 16.408 10.023 11835414 0 0 11341594 630198 11328180 634036  44.465 27 
 17.369 9.634 11877682 0 0 11341594 630198 11328180 634036  44.831 27 
 17.015 10.492 11919950 0 0 11341594 630198 11328180 634036  45.324 27 
 17.964 10.012 11962222 0 0 11341594 630198 11962222 634042  45.336 27 
 17.289 10.263 12004490 0 0 11979474 637880 11962222 634042  45.600 28 
 16.053 9.451 12046758 0 0 11979474 637880 11962222 634042  46.148 28 
 16.362 9.909 12089030 0 0 11979474 637880 11962222 634042  46.239 28 
 15.367 9.005 12131298 0 0 11979474 637880 11962222 634042  47.234 28 
 16.831 9.600 12173568 0 0 11979474 637880 11962222 634042  47.633 28 
 16.465 8.753 12215838 0 0 11979474 637880 11962222 634042  48.880 28 
 17.838 9.462 12258108 0 0 11979474 637880 11962222 634042  49.417 28 
 15.584 9.771 12300376 0 0 11979474 637880 11962222 634042  49.645 28 
 16.133 9.440 12342646 0 0 11979474 637880 12342646 380424  50.205 28 
 16.408 8.581 12384916 0 0 12359898 380424 12342646 380424  51.623 29 
 17.461 10.000 12427184 0 0 12359898 380424 12342646 380424  51.624 29 
 16.637 8.867 12469456 0 0 12359898 380424 12342646 380424  52.756 29 
 16.648 8.742 12511724 0 0 12359898 380424 12342646 380424  54.014 29 
 17.827 9.279 12553996 0 0 12359898 380424 12342646 380424  54.734 29 
 16.317 8.913 12596264 0 0 12359898 380424 12342646 380424  55.820 29 
 17.140 9.817 12638534 0 0 12359898 380424 12342646 380424  56.002 29 
 16.728 9.588 12680802 0 0 12359898 380424 12342646 380424  56.413 29 
 16.866 9.234 12723072 0 0 12359898 380424 12342646 380424  57.179 29 
 17.106 9.440 12765342 0 0 12359898 380424 12342646 380424  57.739 29 
 17.266 9.142 12807612 0 0 12359898 380424 12342646 380424  58.597 29 
 18.067 9.485 12849882 0 0 12359898 380424 12849882 507236  59.111 29 
 16.408 8.673 12892150 0 0 12867134 507236 12849882 507236  60.437 30 
 17.049 9.028 12934420 0 0 12867134 507236 12849882 507236  61.409 30 
 18.021 9.359 12976690 0 0 12867134 507236 12849882 507236  62.049 30 
 17.941 9.691 13018960 0 0 12867134 507236 12849882 507236  62.357 30 
 16.969 9.108 13061230 0 0 12867134 507236 12849882 507236  63.249 30 
 18.330 8.742 13103500 0 0 12867134 507236 12849882 507236  64.507 30 
 17.976 9.554 13145768 0 0 12867134 507236 12849882 507236  64.952 30 
 17.930 9.405 13188038 0 0 12867134 507236 12849882 507236  65.547 30 
 17.644 9.291 13230306 0 0 12867134 507236 12849882 507236  66.255 30 
 17.232 9.920 13272576 0 0 12867134 507236 12849882 507236  66.335 30 
 17.243 9.428 13314846 0 0 12867134 507236 12849882 507236  66.906 30 
 17.106 9.829 13357116 0 0 12867134 507236 12849882 507236  67.077 30 
 17.415 9.451 13399384 0 0 12867134 507236 12849882 507236  67.625 30 
 17.186 8.959 13441652 0 0 12867134 507236 12849882 507236  68.666 30 
 17.735 8.822 13483922 0 0 12867134 507236 13483922 634040  69.844 30 
 17.747 9.451 13526190 0 0 13501172 634038 13483922 634040  70.392 31 
 17.186 8.822 13568458 0 0 13501172 634038 13483922 634040  71.570 31 
 18.376 9.325 13610726 0 0 13501172 634038 13483922 634040  72.244 31 
 17.278 9.588 13652996 0 0 13501172 634038 13483922 634040  72.655 31 
 18.433 9.749 13695266 0 0 13501172 634038 13695266 211344  72.906 31 
 17.919 9.600 13737538 0 0 13712520 211348 13695266 211344  73.306 32 
 17.655 9.005 13779806 0 0 13712520 211348 13695266 211344  74.301 32 
 18.376 9.462 13822076 0 0 13712520 211348 13695266 211344  74.838 32 
 18.925 9.886 13864344 0 0 13712520 211348 13695266 211344  74.951 32 
 18.330 8.948 13906614 0 0 13712520 211348 13695266 211344  76.003 32 
 17.003 9.920 13948882 0 0 13712520 211348 13695266 211344  76.083 32 
 17.747 9.085 13991154 0 0 13712520 211348 13695266 211344  76.997 32 
 18.010 9.920 14033422 0 0 13712520 211348 13695266 211344  77.077 32 
 16.603 9.955 14075690 0 0 13712520 211348 13695266 211344  77.122 32 
 17.415 9.623 14117960 0 0 13712520 211348 13695266 211344  77.498 32 
 17.472 9.199 14160232 0 0 13712520 211348 13695266 211344  78.299 32 
 16.271 8.936 14202502 0 0 13712520 211348 13695266 211344  79.362 32 
 17.781 10.126 14244770 0 0 13712520 211348 13695266 211344  79.489 32 
 17.564 9.005 14287042 0 0 13712520 211348 13695266 211344  80.483 32 
 16.328 8.501 14329312 0 0 13712520 211348 14329312 634046  81.982 32 
 15.550 8.970 14371580 0 0 14346562 634042 14329312 634046  83.011 33 
 16.603 9.794 14413852 0 0 14346562 634042 14329312 634046  83.216 33 
 18.617 9.462 14456122 0 0 14346562 634042 14329312 634046  83.753 33 
 19.166 8.822 14498392 0 0 14346562 634042 14329312 634046  84.931 33 
 19.131 9.726 14540662 0 0 14346562 634042 14329312 634046  85.205 33 
 17.461 9.325 14582928 0 0 14346562 634042 14329312 634046  85.879 33 
 20.115 9.771 14625198 0 0 14346562 634042 14625198 295886  86.107 33 
 18.205 9.314 14667466 0 0 14642448 295886 14625198 295886  86.793 34 
 19.612 9.417 14709736 0 0 14642448 295886 14625198 295886  87.376 34 
 17.838 9.634 14752004 0 0 14642448 295886 14625198 295886  87.741 34 
