Thread[Thread-1,5,main] 5.595 5.389 0 0 0 17290 17290 0 0  4.610 1 
 6.979 5.469 42242 0 0 17290 17290 0 0  9.141 1 
 8.330 5.572 84484 0 0 17290 17290 0 0  13.568 1 
 9.348 5.755 126726 0 0 17290 17290 0 0  17.812 1 
 10.435 5.961 168968 0 0 17290 17290 0 0  21.851 1 
 11.556 6.201 211208 0 0 17290 17290 0 0  25.649 1 
 12.529 6.407 253450 0 0 17290 17290 0 0  29.241 1 
 13.399 6.705 295692 0 0 17290 17290 0 0  32.536 1 
 14.131 7.037 337934 0 0 17290 17290 0 0  35.499 1 
 14.909 7.460 380178 0 0 397468 380178 380178 380178  38.038 2 
 14.532 7.632 422418 0 0 397468 380178 380178 380178  40.406 2 
 14.394 7.895 464662 0 0 397468 380178 380178 380178  42.511 2 
 14.223 8.169 506902 0 0 397468 380178 380178 380178  44.341 2 
 14.142 8.398 549146 0 0 397468 380178 380178 380178  45.942 2 
 14.062 8.719 591388 0 0 397468 380178 380178 380178  47.223 2 
 13.971 8.959 633630 0 0 397468 380178 380178 380178  48.263 2 
 13.937 9.176 675872 0 0 397468 380178 380178 380178  49.086 2 
 13.845 9.440 718114 0 0 397468 380178 380178 380178  49.646 2 
 13.811 9.646 760356 0 0 397468 380178 380178 380178  50.000 2 
 13.708 9.817 802596 0 0 397468 380178 380178 380178  50.182 2 
 13.616 9.966 844838 0 0 397468 380178 380178 380178  50.216 2 
 13.536 10.172 887078 0 0 904368 506900 887078 506900  50.388 3 
 13.078 10.389 929318 0 0 904368 506900 887078 506900  50.778 3 
 12.644 10.424 971560 0 0 904368 506900 887078 506900  51.202 3 
 12.209 10.641 1013802 0 0 904368 506900 887078 506900  51.844 3 
 11.785 10.698 1056044 0 0 904368 506900 887078 506900  52.543 3 
 11.373 10.790 1098286 0 0 904368 506900 887078 506900  53.333 3 
 11.007 10.916 1140528 0 0 904368 506900 887078 506900  54.249 3 
 10.641 10.939 1182772 0 0 904368 506900 887078 506900  55.188 3 
 10.275 11.019 1225010 0 0 904368 506900 887078 506900  56.207 3 
 9.932 10.996 1267252 0 0 904368 506900 887078 506900  57.204 3 
 9.600 10.973 1309494 0 0 904368 506900 887078 506900  58.177 3 
 9.291 11.007 1351734 0 0 904368 506900 887078 506900  59.185 3 
 8.993 11.030 1393976 0 0 904368 506900 887078 506900  60.215 3 
 8.684 10.973 1436218 0 0 904368 506900 887078 506900  61.189 3 
 8.421 10.870 1478460 0 0 904368 506900 887078 506900  62.059 3 
 8.147 10.847 1520702 0 0 1537992 633624 1520702 633624  62.907 4 
 8.112 10.858 1562942 0 0 1537992 633624 1520702 633624  63.766 4 
 8.147 10.790 1605184 0 0 1537992 633624 1520702 633624  64.556 4 
 8.169 10.824 1647426 0 0 1537992 633624 1520702 633624  65.381 4 
 8.169 10.653 1689668 0 0 1537992 633624 1520702 633624  66.034 4 
 8.181 10.664 1731910 0 0 1537992 633624 1520702 633624  66.698 4 
 8.215 10.607 1774152 0 0 1537992 633624 1520702 633624  67.305 4 
 8.192 10.561 1816394 0 0 1537992 633624 1520702 633624  67.867 4 
 8.227 10.504 1858636 0 0 1537992 633624 1520702 633624  68.371 4 
 8.204 10.469 1900886 0 0 1537992 633624 1520702 633624  68.841 4 
 8.261 10.412 1943120 0 0 1537992 633624 1520702 633624  69.254 4 
 8.238 10.435 1985360 0 0 2002652 464660 1985360 464658  69.689 5 
 8.353 10.412 2027602 0 0 2002652 464660 1985360 464658  70.102 5 
 8.364 10.298 2069844 0 0 2002652 464660 1985360 464658  70.400 5 
 8.501 10.366 2112084 0 0 2002652 464660 1985360 464658  70.767 5 
 8.581 10.344 2154326 0 0 2002652 464660 1985360 464658  71.111 5 
 8.673 10.275 2196568 0 0 2002652 464660 1985360 464658  71.387 5 
 8.742 10.332 2238808 0 0 2002652 464660 1985360 464658  71.719 5 
 8.810 10.275 2281048 0 0 2002652 464660 1985360 464658  71.995 5 
 8.879 10.275 2323290 0 0 2002652 464660 1985360 464658  72.270 5 
 8.959 10.275 2365532 0 0 2002652 464660 1985360 464658  72.545 5 
 8.993 10.263 2407774 0 0 2002652 464660 1985360 464658  72.809 5 
 9.051 10.275 2450018 0 0 2002652 464660 1985360 464658  73.085 5 
 9.096 10.241 2492260 0 0 2002652 464660 1985360 464658  73.326 5 
 9.176 10.241 2534500 0 0 2002652 464660 1985360 464658  73.567 5 
 9.234 10.298 2576742 0 0 2002652 464660 1985360 464658  73.865 5 
 9.314 10.286 2618984 0 0 2636274 633622 2618984 633624  74.152 6 
 9.268 10.298 2661224 0 0 2636274 633622 2618984 633624  74.450 6 
 9.279 10.321 2703466 0 0 2636274 633622 2618984 633624  74.771 6 
 9.257 10.332 2745708 0 0 2636274 633622 2618984 633624  75.104 6 
 9.234 10.366 2787950 0 0 2636274 633622 2618984 633624  75.471 6 
 9.222 10.332 2830192 0 0 2636274 633622 2618984 633624  75.804 6 
 9.234 10.344 2872434 0 0 2636274 633622 2618984 633624  76.148 6 
 9.268 10.378 2914676 0 0 2636274 633622 2618984 633624  76.526 6 
 9.268 10.366 2956918 0 0 2974210 337936 2956918 337934  76.893 7 
 9.234 10.344 2999160 0 0 2974210 337936 2956918 337934  77.237 7 
 9.176 10.412 3041402 0 0 2974210 337936 2956918 337934  77.650 7 
 9.199 10.366 3083642 0 0 2974210 337936 2956918 337934  78.017 7 
 9.245 10.366 3125884 0 0 2974210 337936 2956918 337934  78.384 7 
 9.188 10.401 3168126 0 0 2974210 337936 2956918 337934  78.785 7 
 9.142 10.378 3210366 0 0 2974210 337936 2956918 337934  79.163 7 
 9.142 10.424 3252606 0 0 2974210 337936 2956918 337934  79.587 7 
 9.131 10.366 3294850 0 0 3312142 337932 3294850 337932  79.954 8 
 9.142 10.344 3337090 0 0 3312142 337932 3294850 337932  80.298 8 
 9.142 10.401 3379332 0 0 3312142 337932 3294850 337932  80.700 8 
 9.131 10.366 3421576 0 0 3312142 337932 3294850 337932  81.067 8 
 9.131 10.378 3463818 0 0 3312142 337932 3294850 337932  81.445 8 
 9.131 10.412 3506058 0 0 3312142 337932 3294850 337932  81.858 8 
 9.096 10.378 3548300 0 0 3312142 337932 3294850 337932  82.236 8 
 9.096 10.424 3590540 0 0 3312142 337932 3294850 337932  82.660 8 
 9.131 10.412 3632782 0 0 3312142 337932 3294850 337932  83.073 8 
 9.096 10.412 3675024 0 0 3692314 380172 3675024 380174  83.486 9 
 9.062 10.424 3717266 0 0 3692314 380172 3675024 380174  83.910 9 
 9.108 10.424 3759506 0 0 3692314 380172 3675024 380174  84.334 9 
 9.096 10.424 3801748 0 0 3692314 380172 3675024 380174  84.758 9 
 9.119 10.424 3843990 0 0 3692314 380172 3675024 380174  85.182 9 
 9.131 10.458 3886232 0 0 3692314 380172 3675024 380174  85.641 9 
 9.062 10.378 3928472 0 0 3692314 380172 3675024 380174  86.019 9 
 9.085 10.424 3970714 0 0 3692314 380172 3675024 380174  86.443 9 
 9.073 10.447 4012954 0 0 3692314 380172 3675024 380174  86.890 9 
 9.051 10.366 4055198 0 0 4070676 378362 4055198 380174  87.257 10 
 9.085 10.412 4097436 0 0 4070676 378362 4055198 380174  87.670 10 
 9.051 10.424 4139678 0 0 4070676 378362 4055198 380174  88.094 10 
 9.051 10.378 4181920 0 0 4070676 378362 4055198 380174  88.473 10 
 9.039 10.389 4224162 0 0 4070676 378362 4055198 380174  88.862 10 
 9.051 10.344 4266402 0 0 4070676 378362 4055198 380174  89.206 10 
 9.016 10.389 4308644 0 0 4070676 378362 4055198 380174  89.596 10 
 9.039 10.378 4350888 0 0 4070676 378362 4055198 380174  89.975 10 
 9.051 10.389 4393128 0 0 4070676 378362 4055198 380174  90.364 10 
 9.051 10.378 4435372 0 0 4452662 381986 4435372 380174  90.743 11 
 9.005 10.378 4477612 0 0 4452662 381986 4435372 380174  91.121 11 
 9.051 10.366 4519856 0 0 4452662 381986 4435372 380174  91.488 11 
 9.039 10.412 4562098 0 0 4452662 381986 4435372 380174  91.901 11 
 9.051 10.401 4604340 0 0 4452662 381986 4435372 380174  92.302 11 
 9.051 10.389 4646582 0 0 4452662 381986 4435372 380174  92.692 11 
 9.051 10.378 4688822 0 0 4452662 381986 4435372 380174  93.070 11 
 9.051 10.412 4731064 0 0 4452662 381986 4435372 380174  93.483 11 
 9.062 10.424 4773306 0 0 4452662 381986 4435372 380174  93.907 11 
 9.051 10.355 4815546 0 0 4452662 381986 4435372 380174  94.263 11 
 9.039 10.424 4857788 0 0 4452662 381986 4435372 380174  94.687 11 
 9.062 10.412 4900030 0 0 4917320 464658 4900030 464658  95.100 12 
 9.016 10.424 4942270 0 0 4917320 464658 4900030 464658  95.524 12 
 9.028 10.378 4984512 0 0 4917320 464658 4900030 464658  95.902 12 
 8.993 10.389 5026752 0 0 4917320 464658 4900030 464658  96.292 12 
 9.005 10.412 5068994 0 0 4917320 464658 4900030 464658  96.705 12 
 9.005 10.458 5111236 0 0 4917320 464658 4900030 464658  97.163 12 
 8.993 10.424 5153478 0 0 4917320 464658 4900030 464658  97.587 12 
 8.959 10.378 5195720 0 0 4917320 464658 4900030 464658  97.966 12 
 8.959 10.378 5237962 0 0 4917320 464658 4900030 464658  98.344 12 
 8.970 10.412 5280206 0 0 5297496 380176 5280206 380176  98.757 13 
 9.039 10.378 5322446 0 0 5297496 380176 5280206 380176  99.135 13 
 9.028 10.355 5364688 0 0 5297496 380176 5280206 380176  99.491 13 
 9.016 10.424 5406932 0 0 5297496 380176 5280206 380176  99.915 13 
 9.005 10.412 5449174 0 0 5297496 380176 5280206 380176  100.327 13 
 9.039 10.366 5491414 0 0 5297496 380176 5280206 380176  100.694 13 
 9.051 10.332 5533656 0 0 5297496 380176 5280206 380176  101.027 13 
 9.085 10.332 5575898 0 0 5297496 380176 5280206 380176  101.360 13 
 9.085 10.378 5618140 0 0 5297496 380176 5280206 380176  101.738 13 
 9.085 10.424 5660382 0 0 5297496 380176 5280206 380176  102.162 13 
 9.131 10.366 5702622 0 0 5297496 380176 5280206 380176  102.529 13 
 9.085 10.378 5744864 0 0 5297496 380176 5280206 380176  102.907 13 
 9.096 10.366 5787104 0 0 5804394 506898 5787104 506898  103.274 14 
 9.108 10.412 5829346 0 0 5804394 506898 5787104 506898  103.687 14 
 9.085 10.366 5871588 0 0 5804394 506898 5787104 506898  104.054 14 
 9.073 10.366 5913830 0 0 5804394 506898 5787104 506898  104.421 14 
 9.085 10.332 5956072 0 0 5804394 506898 5787104 506898  104.754 14 
 9.096 10.332 5998314 0 0 5804394 506898 5787104 506898  105.086 14 
 9.016 10.412 6040556 0 0 5804394 506898 5787104 506898  105.499 14 
 9.039 10.366 6082798 0 0 5804394 506898 5787104 506898  105.866 14 
 9.005 10.332 6125040 0 0 5804394 506898 5787104 506898  106.198 14 
 8.948 10.366 6167284 0 0 5804394 506898 5787104 506898  106.565 14 
 9.005 10.344 6209524 0 0 6226814 422420 6209524 422420  106.909 15 
 8.948 10.344 6251764 0 0 6226814 422420 6209524 422420  107.253 15 
 8.959 10.366 6294008 0 0 6226814 422420 6209524 422420  107.620 15 
 8.925 10.366 6336250 0 0 6226814 422420 6209524 422420  107.987 15 
 9.028 10.412 6378492 0 0 6226814 422420 6209524 422420  108.400 15 
 9.051 10.344 6420734 0 0 6226814 422420 6209524 422420  108.744 15 
 9.051 10.378 6462976 0 0 6226814 422420 6209524 422420  109.122 15 
 9.096 10.321 6505218 0 0 6226814 422420 6209524 422420  109.444 15 
 9.108 10.355 6547458 0 0 6226814 422420 6209524 422420  109.799 15 
 9.085 10.344 6589700 0 0 6226814 422420 6209524 422420  110.143 15 
 9.096 10.366 6631942 0 0 6226814 422420 6209524 422420  110.510 15 
 9.142 10.344 6674182 0 0 6226814 422420 6209524 422420  110.854 15 
 9.165 10.378 6716424 0 0 6226814 422420 6209524 422420  111.233 15 
 9.165 10.366 6758664 0 0 6226814 422420 6209524 422420  111.600 15 
 9.176 10.332 6800906 0 0 6226814 422420 6209524 422420  111.932 15 
 9.222 10.366 6843148 0 0 6860438 633624 6843148 633624  112.299 16 
 9.154 10.366 6885390 0 0 6860438 633624 6843148 633624  112.666 16 
 9.176 10.366 6927632 0 0 6860438 633624 6843148 633624  113.033 16 
 9.176 10.412 6969874 0 0 6860438 633624 6843148 633624  113.446 16 
 9.154 10.378 7012116 0 0 6860438 633624 6843148 633624  113.824 16 
 9.131 10.389 7054358 0 0 6860438 633624 6843148 633624  114.214 16 
 9.131 10.412 7096600 0 0 6860438 633624 6843148 633624  114.627 16 
 9.154 10.366 7138840 0 0 6860438 633624 6843148 633624  114.994 16 
 9.051 10.378 7181084 0 0 7198374 337936 7181084 337936  115.372 17 
 9.096 10.424 7223326 0 0 7198374 337936 7181084 337936  115.796 17 
 9.096 10.401 7265566 0 0 7198374 337936 7181084 337936  116.197 17 
 9.085 10.401 7307806 0 0 7198374 337936 7181084 337936  116.599 17 
 9.062 10.378 7350046 0 0 7198374 337936 7181084 337936  116.977 17 
 9.096 10.366 7392288 0 0 7198374 337936 7181084 337936  117.344 17 
 9.062 10.332 7434530 0 0 7198374 337936 7181084 337936  117.676 17 
 9.085 10.389 7476770 0 0 7198374 337936 7181084 337936  118.066 17 
 9.051 10.458 7519012 0 0 7198374 337936 7181084 337936  118.525 17 
 9.085 10.378 7561254 0 0 7578544 380170 7561254 380170  118.903 18 
 9.073 10.378 7603496 0 0 7578544 380170 7561254 380170  119.282 18 
 9.085 10.366 7645738 0 0 7578544 380170 7561254 380170  119.648 18 
 9.096 10.458 7687980 0 0 7578544 380170 7561254 380170  120.107 18 
 9.028 10.389 7730222 0 0 7578544 380170 7561254 380170  120.497 18 
 9.096 10.378 7772464 0 0 7578544 380170 7561254 380170  120.875 18 
 9.119 10.412 7814706 0 0 7578544 380170 7561254 380170  121.288 18 
 9.096 10.366 7856948 0 0 7578544 380170 7561254 380170  121.655 18 
 9.119 10.332 7899190 0 0 7578544 380170 7561254 380170  121.987 18 
 9.131 10.412 7941432 0 0 7578544 380170 7561254 380170  122.400 18 
 9.108 10.366 7983674 0 0 7578544 380170 7561254 380170  122.767 18 
 9.096 10.424 8025918 0 0 8043206 464662 8025918 464664  123.191 19 
 9.108 10.389 8068158 0 0 8043206 464662 8025918 464664  123.581 19 
 9.085 10.366 8110400 0 0 8043206 464662 8025918 464664  123.948 19 
 9.085 10.378 8152640 0 0 8043206 464662 8025918 464664  124.326 19 
 9.085 10.366 8194882 0 0 8043206 464662 8025918 464664  124.693 19 
 9.073 10.366 8237122 0 0 8043206 464662 8025918 464664  125.060 19 
 9.085 10.378 8279364 0 0 8043206 464662 8025918 464664  125.439 19 
 9.085 10.412 8321606 0 0 8043206 464662 8025918 464664  125.851 19 
 9.062 10.332 8363850 0 0 8043206 464662 8025918 464664  126.184 19 
 9.268 10.458 8406092 0 0 8423384 380178 8406092 380174  0.458 20 
 9.600 10.458 8448334 0 0 8423384 380178 8406092 380174  0.916 20 
 9.932 10.366 8490574 0 0 8423384 380178 8406092 380174  1.283 20 
 10.195 10.458 8532816 0 0 8423384 380178 8406092 380174  1.742 20 
 10.550 10.561 8575058 0 0 8423384 380178 8406092 380174  2.303 20 
 10.881 10.618 8617300 8619740 196356 8423384 380178 8406092 380174  2.922 21 
 10.881 10.607 8659542 8662074 42334 8423384 380178 8406092 380174  3.529 22 
 10.664 10.653 8701784 8662074 42334 8423384 380178 8406092 380174  4.182 22 
 10.435 10.687 8744024 8662074 42334 8761314 99240 8744024 337932  4.870 23 
 10.241 10.733 8786264 8662074 42334 8761314 99240 8744024 337932  5.603 23 
 10.046 10.710 8828506 8662074 42334 8761314 99240 8744024 337932  6.313 23 
 9.863 10.733 8870748 8662074 42334 8761314 99240 8744024 337932  7.046 23 
 9.657 10.778 8912990 8662074 42334 8761314 99240 8744024 337932  7.825 23 
 9.462 10.790 8955230 8662074 42334 8761314 99240 8744024 337932  8.615 23 
 9.314 10.778 8997470 8662074 42334 8761314 99240 8744024 337932  9.394 23 
 9.199 10.744 9039712 9044300 282986 8761314 99240 8744024 337932  10.139 24 
 9.096 10.790 9081954 9044300 282986 8761314 99240 8744024 337932  10.929 24 
 9.062 10.744 9124196 9044300 282986 8761314 99240 8744024 337932  11.673 24 
 8.913 10.675 9166440 9044300 282986 8761314 99240 8744024 337932  12.349 24 
 8.845 10.698 9208680 9044300 282986 8761314 99240 8744024 337932  13.048 24 
 8.764 10.687 9250924 9044300 282986 9268214 223914 9250924 506900  13.735 25 
 8.719 10.698 9293164 9044300 282986 9268214 223914 9250924 506900  14.434 25 
 8.730 10.618 9335408 9044300 282986 9268214 223914 9250924 506900  15.053 25 
 8.684 10.607 9377650 9044300 282986 9268214 223914 9250924 506900  15.660 25 
 8.639 10.595 9419892 9044300 282986 9268214 223914 9250924 506900  16.256 25 
 8.627 10.572 9462134 9044300 282986 9268214 223914 9250924 506900  16.829 25 
 8.604 10.550 9504376 9044300 282986 9268214 223914 9250924 506900  17.379 25 
 8.593 10.607 9546618 9044300 282986 9268214 223914 9250924 506900  17.986 25 
 8.547 10.435 9588860 9044300 282986 9268214 223914 9250924 506900  18.422 25 
 8.524 10.469 9631102 9044300 282986 9648392 380178 9631102 380178  18.892 26 
 8.639 10.424 9673344 9044300 282986 9648392 380178 9631102 380178  19.316 26 
 8.616 10.424 9715586 9044300 282986 9648392 380178 9631102 380178  19.740 26 
 8.604 10.412 9757828 9044300 282986 9648392 380178 9631102 380178  20.153 26 
 8.639 10.412 9800070 9044300 282986 9648392 380178 9631102 380178  20.565 26 
 8.673 10.412 9842312 9044300 282986 9648392 380178 9631102 380178  20.978 26 
 8.684 10.366 9884556 9044300 282986 9648392 380178 9631102 380178  21.345 26 
 8.730 10.321 9926796 9044300 282986 9648392 380178 9631102 380178  21.666 26 
 8.799 10.366 9969038 9044300 282986 9648392 380178 9631102 380178  22.033 26 
 8.799 10.286 10011280 9044300 282986 9648392 380178 9631102 380178  22.320 26 
 8.810 10.321 10053522 9044300 282986 9648392 380178 9631102 380178  22.641 26 
 8.822 10.321 10095764 9044300 282986 9648392 380178 9631102 380178  22.962 26 
 8.810 10.332 10138006 9044300 282986 9648392 380178 9631102 380178  23.295 26 
 8.890 10.332 10180248 9044300 282986 9648392 380178 9631102 380178  23.627 26 
 8.959 10.275 10222490 9044300 282986 9648392 380178 9631102 380178  23.903 26 
 8.993 10.286 10264734 9044300 282986 10282026 633634 10264734 633632  24.190 27 
 8.902 10.241 10306974 9044300 282986 10282026 633634 10264734 633632  24.431 27 
 9.016 10.286 10349218 9044300 282986 10282026 633634 10264734 633632  24.718 27 
 8.993 10.252 10391460 9044300 282986 10282026 633634 10264734 633632  24.970 27 
 9.085 10.286 10433702 9044300 282986 10282026 633634 10264734 633632  25.257 27 
 9.073 10.241 10475944 9044300 282986 10282026 633634 10264734 633632  25.498 27 
 9.131 10.241 10518186 9044300 282986 10282026 633634 10264734 633632  25.739 27 
 9.165 10.298 10560428 9044300 282986 10282026 633634 10264734 633632  26.037 27 
 9.176 10.263 10602670 9044300 282986 10282026 633634 10264734 633632  26.301 27 
 9.176 10.309 10644912 9044300 282986 10282026 633634 10264734 633632  26.611 27 
 9.188 10.321 10687154 9044300 282986 10282026 633634 10264734 633632  26.932 27 
 9.222 10.321 10729396 9044300 282986 10282026 633634 10264734 633632  27.253 27 
 9.199 10.332 10771638 9044300 282986 10282026 633634 10264734 633632  27.586 27 
 9.302 10.366 10813880 9044300 282986 10282026 633634 10264734 633632  27.953 27 
 9.302 10.366 10856124 9044300 282986 10282026 633634 10264734 633632  28.320 27 
 9.302 10.332 10898366 9044300 282986 10915654 633628 10898366 633632  28.653 28 
 9.314 10.366 10940606 9044300 282986 10915654 633628 10898366 633632  29.019 28 
 9.268 10.378 10982848 9044300 282986 10915654 633628 10898366 633632  29.398 28 
 9.222 10.378 11025090 9044300 282986 10915654 633628 10898366 633632  29.776 28 
 9.268 10.366 11067332 9044300 282986 10915654 633628 10898366 633632  30.143 28 
 9.245 10.366 11109574 9044300 282986 10915654 633628 10898366 633632  30.510 28 
 9.188 10.378 11151816 9044300 282986 10915654 633628 10898366 633632  30.888 28 
 9.142 10.389 11194060 9044300 282986 10915654 633628 10898366 633632  31.278 28 
 9.142 10.424 11236302 9044300 282986 11253592 337938 11236302 337936  31.702 29 
 9.119 10.389 11278544 9044300 282986 11253592 337938 11236302 337936  32.092 29 
 9.131 10.424 11320786 9044300 282986 11253592 337938 11236302 337936  32.516 29 
 9.108 10.389 11363028 9044300 282986 11253592 337938 11236302 337936  32.906 29 
 9.062 10.401 11405270 9044300 282986 11253592 337938 11236302 337936  33.308 29 
 9.085 10.481 11447512 9044300 282986 11253592 337938 11236302 337936  33.789 29 
 9.039 10.378 11489754 9044300 282986 11253592 337938 11236302 337936  34.167 29 
 9.051 10.378 11531996 9044300 282986 11253592 337938 11236302 337936  34.546 29 
 8.993 10.424 11574238 9044300 282986 11253592 337938 11236302 337936  34.970 29 
 9.051 10.366 11616480 9044300 282986 11633772 380180 11616480 380178  35.337 30 
 9.039 10.378 11658722 9044300 282986 11633772 380180 11616480 380178  35.715 30 
 8.993 10.355 11700964 9044300 282986 11633772 380180 11616480 380178  36.071 30 
 9.039 10.378 11743206 9044300 282986 11633772 380180 11616480 380178  36.449 30 
 9.005 10.378 11785448 9044300 282986 11633772 380180 11616480 380178  36.827 30 
 9.005 10.378 11827690 9044300 282986 11633772 380180 11616480 380178  37.206 30 
 9.051 10.401 11869932 9044300 282986 11633772 380180 11616480 380178  37.607 30 
 9.005 10.424 11912174 9044300 282986 11633772 380180 11616480 380178  38.031 30 
 9.005 10.389 11954416 9044300 282986 11633772 380180 11616480 380178  38.421 30 
 9.005 10.366 11996658 9044300 282986 11633772 380180 11616480 380178  38.788 30 
 9.039 10.366 12038900 9044300 282986 11633772 380180 11616480 380178  39.155 30 
 9.051 10.321 12081144 9044300 282986 12098436 464664 12081144 464664  39.476 31 
 9.016 10.366 12123384 9044300 282986 12098436 464664 12081144 464664  39.843 31 
 9.039 10.412 12165626 9044300 282986 12098436 464664 12081144 464664  40.256 31 
 9.085 10.321 12207868 9044300 282986 12098436 464664 12081144 464664  40.577 31 
 8.982 10.344 12250112 9044300 282986 12098436 464664 12081144 464664  40.921 31 
 9.085 10.298 12292352 9044300 282986 12098436 464664 12081144 464664  41.219 31 
 9.085 10.355 12334596 9044300 282986 12098436 464664 12081144 464664  41.575 31 
 9.016 10.366 12376838 9044300 282986 12098436 464664 12081144 464664  41.942 31 
 9.131 10.332 12419080 9044300 282986 12098436 464664 12081144 464664  42.274 31 
 9.039 10.378 12461322 9044300 282986 12098436 464664 12081144 464664  42.653 31 
 9.051 10.332 12503564 9044300 282986 12098436 464664 12081144 464664  42.985 31 
 9.073 10.332 12545806 9044300 282986 12098436 464664 12081144 464664  43.318 31 
 9.085 10.378 12588048 9044300 282986 12605338 506902 12588048 506904  43.696 32 
 9.051 10.309 12630290 9044300 282986 12605338 506902 12588048 506904  44.006 32 
 9.051 10.332 12672532 9044300 282986 12605338 506902 12588048 506904  44.339 32 
 9.051 10.378 12714774 9044300 282986 12605338 506902 12588048 506904  44.717 32 
 9.039 10.321 12757016 9044300 282986 12605338 506902 12588048 506904  45.038 32 
 9.051 10.344 12799260 9044300 282986 12605338 506902 12588048 506904  45.382 32 
 9.039 10.344 12841500 9044300 282986 12605338 506902 12588048 506904  45.726 32 
 8.993 10.321 12883742 9044300 282986 12605338 506902 12588048 506904  46.047 32 
 9.039 10.298 12925984 9044300 282986 12605338 506902 12588048 506904  46.346 32 
 8.993 10.344 12968228 9044300 282986 12985516 380178 12968228 380180  46.690 33 
 8.959 10.298 13010468 9044300 282986 12985516 380178 12968228 380180  46.988 33 
 8.959 10.355 13052710 9044300 282986 12985516 380178 12968228 380180  47.344 33 
 8.959 10.286 13094952 9044300 282986 12985516 380178 12968228 380180  47.630 33 
 9.005 10.344 13137194 9044300 282986 12985516 380178 12968228 380180  47.974 33 
 9.005 10.332 13179436 9044300 282986 12985516 380178 12968228 380180  48.307 33 
 8.959 10.286 13221678 9044300 282986 12985516 380178 12968228 380180  48.594 33 
 9.005 10.321 13263920 9044300 282986 12985516 380178 12968228 380180  48.915 33 
 8.959 10.332 13306164 9044300 282986 12985516 380178 12968228 380180  49.248 33 
 8.993 10.275 13348406 9044300 282986 12985516 380178 12968228 380180  49.523 33 
 8.959 10.321 13390648 9044300 282986 12985516 380178 12968228 380180  49.844 33 
 8.970 10.286 13432890 9044300 282986 13450182 464666 13432890 464662  50.131 34 
 8.993 10.321 13475132 9044300 282986 13450182 464666 13432890 464662  50.452 34 
 9.016 10.275 13517374 9044300 282986 13450182 464666 13432890 464662  50.728 34 
 8.993 10.321 13559616 9044300 282986 13450182 464666 13432890 464662  51.049 34 
 9.028 10.286 13601858 9044300 282986 13450182 464666 13432890 464662  51.336 34 
 9.028 10.321 13644100 9044300 282986 13450182 464666 13432890 464662  51.657 34 
 9.005 10.275 13686342 9044300 282986 13450182 464666 13432890 464662  51.932 34 
 9.051 10.366 13728584 9044300 282986 13450182 464666 13432890 464662  52.299 34 
 9.039 10.241 13770826 9044300 282986 13450182 464666 13432890 464662  52.540 34 
 8.982 10.309 13813068 9044300 282986 13450182 464666 13432890 464662  52.850 34 
 9.051 10.321 13855312 9044300 282986 13450182 464666 13432890 464662  53.171 34 
 9.051 10.275 13897552 9044300 282986 13450182 464666 13432890 464662  53.446 34 
 9.108 10.298 13939794 9044300 282986 13450182 464666 13432890 464662  53.745 34 
 9.085 10.286 13982036 9044300 282986 13450182 464666 13432890 464662  54.032 34 
 9.085 10.378 14024278 9044300 282986 13450182 464666 13432890 464662  54.410 34 
 9.131 10.321 14066522 9044300 282986 14083812 633630 14066522 633632  54.731 35 
 9.085 10.298 14108762 9044300 282986 14083812 633630 14066522 633632  55.029 35 
 9.073 10.286 14151004 9044300 282986 14083812 633630 14066522 633632  55.316 35 
 9.142 10.298 14193246 9044300 282986 14083812 633630 14066522 633632  55.615 35 
 9.108 10.332 14235488 9044300 282986 14083812 633630 14066522 633632  55.947 35 
 9.039 10.332 14277732 9044300 282986 14083812 633630 14066522 633632  56.280 35 
 9.108 10.298 14319974 9044300 282986 14083812 633630 14066522 633632  56.578 35 
 9.096 10.332 14362216 9044300 282986 14083812 633630 14066522 633632  56.911 35 
 9.085 10.321 14404458 9044300 282986 14083812 633630 14066522 633632  57.232 35 
 9.096 10.298 14446700 9044300 282986 14083812 633630 14066522 633632  57.530 35 
 9.096 10.321 14488942 9044300 282986 14083812 633630 14066522 633632  57.851 35 
 9.131 10.321 14531184 9044300 282986 14546694 462882 14531184 464662  58.172 36 
 9.096 10.332 14573426 9044300 282986 14546694 462882 14531184 464662  58.505 36 
 9.096 10.332 14615668 9044300 282986 14546694 462882 14531184 464662  58.838 36 
 9.119 10.344 14657910 9044300 282986 14546694 462882 14531184 464662  59.182 36 
 9.131 10.332 14700152 9044300 282986 14546694 462882 14531184 464662  59.514 36 
 9.131 10.366 14742394 9044300 282986 14546694 462882 14531184 464662  59.881 36 
