Thread[Thread-1,5,main] 5.286 5.091 0 0 0 17288 17288 0 0  4.908 1 
 6.579 5.229 42242 0 0 17288 17288 0 0  9.678 1 
 7.758 5.297 84484 0 0 17288 17288 0 0  14.380 1 
 8.890 5.492 126724 0 0 17288 17288 0 0  18.888 1 
 10.069 5.709 168968 0 0 17288 17288 0 0  23.178 1 
 11.110 5.938 211210 0 0 17288 17288 0 0  27.240 1 
 11.888 6.236 253452 0 0 17288 17288 0 0  31.003 1 
 12.872 6.522 295694 0 0 17288 17288 0 0  34.481 1 
 13.822 6.899 337936 0 0 17288 17288 0 0  37.581 1 
 14.497 7.174 380178 0 0 397468 380180 380178 380178  40.407 2 
 14.177 7.357 422420 0 0 397468 380180 380178 380178  43.049 2 
 14.120 7.632 464662 0 0 397468 380180 380178 380178  45.417 2 
 13.937 7.975 506904 0 0 397468 380180 380178 380178  47.442 2 
 13.845 8.227 549146 0 0 397468 380180 380178 380178  49.214 2 
 13.719 8.547 591388 0 0 397468 380180 380178 380178  50.667 2 
 13.662 8.684 633630 0 0 397468 380180 380178 380178  51.982 2 
 13.570 8.959 675872 0 0 397468 380180 380178 380178  53.022 2 
 13.456 9.234 718112 0 0 397468 380180 380178 380178  53.788 2 
 13.399 9.462 760354 0 0 397468 380180 380178 380178  54.325 2 
 13.307 9.600 802594 0 0 397468 380180 380178 380178  54.725 2 
 13.239 9.737 844836 0 0 397468 380180 380178 380178  54.987 2 
 13.113 9.920 887078 0 0 904370 506902 887078 506900  55.067 3 
 12.632 10.160 929320 0 0 904370 506902 887078 506900  55.228 3 
 12.151 10.275 971562 0 0 904370 506902 887078 506900  55.503 3 
 11.740 10.366 1013804 0 0 904370 506902 887078 506900  55.870 3 
 11.305 10.458 1056046 0 0 904370 506902 887078 506900  56.329 3 
 10.927 10.550 1098288 0 0 904370 506902 887078 506900  56.879 3 
 10.550 10.641 1140530 0 0 904370 506902 887078 506900  57.520 3 
 10.149 10.687 1182772 0 0 904370 506902 887078 506900  58.207 3 
 9.794 10.710 1225014 0 0 904370 506902 887078 506900  58.918 3 
 9.428 10.698 1267256 0 0 904370 506902 887078 506900  59.616 3 
 9.096 10.710 1309498 0 0 904370 506902 887078 506900  60.327 3 
 8.776 10.698 1351740 0 0 904370 506902 887078 506900  61.025 3 
 8.478 10.733 1393982 0 0 904370 506902 887078 506900  61.759 3 
 8.181 10.653 1436224 0 0 904370 506902 887078 506900  62.412 3 
 7.906 10.607 1478466 0 0 904370 506902 887078 506900  63.019 3 
 7.643 10.561 1520710 0 0 1537998 633628 1520710 633632  63.580 4 
 7.620 10.515 1562948 0 0 1537998 633628 1520710 633632  64.096 4 
 7.677 10.458 1605190 0 0 1537998 633628 1520710 633632  64.554 4 
 7.677 10.412 1647430 0 0 1537998 633628 1520710 633632  64.967 4 
 7.712 10.321 1689672 0 0 1537998 633628 1520710 633632  65.288 4 
 7.723 10.252 1731914 0 0 1537998 633628 1520710 633632  65.541 4 
 7.758 10.241 1774156 0 0 1537998 633628 1520710 633632  65.782 4 
 7.803 10.241 1816398 0 0 1537998 633628 1520710 633632  66.023 4 
 7.803 10.183 1858640 0 0 1537998 633628 1520710 633632  66.207 4 
 7.838 10.195 1900882 0 0 1537998 633628 1520710 633632  66.402 4 
 7.861 10.092 1943124 0 0 1537998 633628 1520710 633632  66.494 4 
 7.861 10.080 1985366 0 0 1537998 633628 1520710 633632  66.575 4 
 7.895 10.103 2027610 0 0 2043098 505100 2027610 506900  66.679 5 
 7.952 10.046 2069852 0 0 2043098 505100 2027610 506900  66.726 5 
 8.078 10.012 2112094 0 0 2043098 505100 2027610 506900  66.738 5 
 8.215 9.966 2154336 0 0 2043098 505100 2027610 506900  66.771 5 
 8.215 9.989 2196578 0 0 2043098 505100 2027610 506900  66.782 5 
 8.284 9.977 2238820 0 0 2043098 505100 2027610 506900  66.804 5 
 8.364 9.955 2281062 0 0 2043098 505100 2027610 506900  66.849 5 
 8.456 9.966 2323304 0 0 2043098 505100 2027610 506900  66.883 5 
 8.490 9.920 2365546 0 0 2043098 505100 2027610 506900  66.962 5 
 8.513 9.886 2407788 0 0 2043098 505100 2027610 506900  67.076 5 
 8.639 9.909 2450030 0 0 2043098 505100 2027610 506900  67.166 5 
 8.639 9.966 2492272 0 0 2043098 505100 2027610 506900  67.200 5 
 8.719 9.920 2534514 0 0 2043098 505100 2027610 506900  67.279 5 
 8.810 9.920 2576756 0 0 2043098 505100 2027610 506900  67.359 5 
 8.810 9.955 2618998 0 0 2043098 505100 2027610 506900  67.404 5 
 8.822 9.955 2661240 0 0 2678532 635434 2661240 633630  67.449 6 
 8.867 9.955 2703482 0 0 2678532 635434 2661240 633630  67.494 6 
 8.822 9.932 2745724 0 0 2678532 635434 2661240 633630  67.561 6 
 8.856 9.989 2787966 0 0 2678532 635434 2661240 633630  67.572 6 
 8.902 9.955 2830208 0 0 2678532 635434 2661240 633630  67.617 6 
 8.925 9.943 2872450 0 0 2678532 635434 2661240 633630  67.674 6 
 8.879 10.012 2914692 0 0 2678532 635434 2661240 633630  67.686 6 
 8.856 9.943 2956934 0 0 2678532 635434 2661240 633630  67.742 6 
 8.867 9.966 2999176 0 0 2678532 635434 2661240 633630  67.776 6 
 8.856 10.046 3041418 0 0 2678532 635434 2661240 633630  67.822 6 
 8.867 10.000 3083660 0 0 2678532 635434 2661240 633630  67.823 6 
 8.902 10.012 3125902 0 0 2678532 635434 2661240 633630  67.835 6 
 8.913 10.012 3168142 0 0 2678532 635434 2661240 633630  67.848 6 
 8.902 10.057 3210384 0 0 2678532 635434 2661240 633630  67.906 6 
 8.913 9.977 3252626 0 0 2678532 635434 2661240 633630  67.928 6 
 8.867 10.069 3294870 0 0 3312158 633626 3294870 633630  67.997 7 
 8.902 10.057 3337110 0 0 3312158 633626 3294870 633630  68.055 7 
 8.867 10.069 3379352 0 0 3312158 633626 3294870 633630  68.125 7 
 8.822 10.092 3421594 0 0 3312158 633626 3294870 633630  68.217 7 
 8.822 10.092 3463836 0 0 3312158 633626 3294870 633630  68.309 7 
 8.776 10.103 3506078 0 0 3312158 633626 3294870 633630  68.413 7 
 8.810 10.092 3548320 0 0 3312158 633626 3294870 633630  68.505 7 
 8.776 10.057 3590562 0 0 3312158 633626 3294870 633630  68.563 7 
 8.764 10.057 3632806 0 0 3312158 633626 3294870 633630  68.621 7 
 8.742 10.092 3675046 0 0 3312158 633626 3294870 633630  68.714 7 
 8.719 10.057 3717290 0 0 3732778 420620 3717290 422420  68.772 8 
 8.696 10.092 3759530 0 0 3732778 420620 3717290 422420  68.864 8 
 8.719 10.092 3801772 0 0 3732778 420620 3717290 422420  68.956 8 
 8.662 10.080 3844014 0 0 3732778 420620 3717290 422420  69.037 8 
 8.639 10.069 3886256 0 0 3732778 420620 3717290 422420  69.106 8 
 8.684 10.057 3928498 0 0 3732778 420620 3717290 422420  69.164 8 
 8.627 10.057 3970742 0 0 3732778 420620 3717290 422420  69.222 8 
 8.593 10.035 4012982 0 0 3732778 420620 3717290 422420  69.258 8 
 8.570 10.046 4055226 0 0 3732778 420620 3717290 422420  69.304 8 
 8.581 10.057 4097468 0 0 3732778 420620 3717290 422420  69.362 8 
 8.593 10.092 4139710 0 0 4157002 424224 4139710 422420  69.454 9 
 8.593 10.012 4181952 0 0 4157002 424224 4139710 422420  69.467 9 
 8.627 10.092 4224194 0 0 4157002 424224 4139710 422420  69.559 9 
 8.639 10.069 4266436 0 0 4157002 424224 4139710 422420  69.628 9 
 8.581 10.012 4308678 0 0 4157002 424224 4139710 422420  69.641 9 
 8.593 10.092 4350920 0 0 4157002 424224 4139710 422420  69.733 9 
 8.604 10.046 4393162 0 0 4157002 424224 4139710 422420  69.779 9 
 8.627 10.080 4435404 0 0 4157002 424224 4139710 422420  69.860 9 
 8.662 10.103 4477646 0 0 4157002 424224 4139710 422420  69.964 9 
 8.696 10.057 4519888 0 0 4157002 424224 4139710 422420  70.022 9 
 8.627 10.012 4562130 0 0 4157002 424224 4139710 422420  70.034 9 
 8.673 10.069 4604372 0 0 4157002 424224 4139710 422420  70.104 9 
 8.627 10.046 4646614 0 0 4157002 424224 4139710 422420  70.150 9 
 8.639 10.012 4688856 0 0 4157002 424224 4139710 422420  70.162 9 
 8.639 10.126 4731098 0 0 4157002 424224 4139710 422420  70.289 9 
 8.673 10.057 4773340 0 0 4790630 633628 4773340 633630  70.347 10 
 8.639 10.012 4815582 0 0 4790630 633628 4773340 633630  70.359 10 
 8.662 10.046 4857824 0 0 4790630 633628 4773340 633630  70.406 10 
 8.684 10.103 4900066 0 0 4790630 633628 4773340 633630  70.510 10 
 8.639 10.057 4942308 0 0 4790630 633628 4773340 633630  70.568 10 
 8.593 10.057 4984550 0 0 4790630 633628 4773340 633630  70.626 10 
 8.581 10.046 5026792 0 0 4790630 633628 4773340 633630  70.672 10 
 8.627 10.057 5069034 0 0 4790630 633628 4773340 633630  70.730 10 
 8.547 10.057 5111274 0 0 4790630 633628 4773340 633630  70.788 10 
 8.547 10.057 5153516 0 0 4790630 633628 4773340 633630  70.846 10 
 8.536 10.046 5195758 0 0 4790630 633628 4773340 633630  70.893 10 
 8.536 10.103 5238000 0 0 4790630 633628 4773340 633630  70.996 10 
 8.536 10.080 5280242 0 0 5297530 506900 5280242 506902  71.077 11 
 8.536 10.035 5322482 0 0 5297530 506900 5280242 506902  71.112 11 
 8.536 10.103 5364724 0 0 5297530 506900 5280242 506902  71.216 11 
 8.559 10.057 5406966 0 0 5297530 506900 5280242 506902  71.274 11 
 8.570 10.057 5449208 0 0 5297530 506900 5280242 506902  71.332 11 
 8.593 10.057 5491450 0 0 5297530 506900 5280242 506902  71.390 11 
 8.570 10.035 5533692 0 0 5297530 506900 5280242 506902  71.425 11 
 8.593 10.035 5575934 0 0 5297530 506900 5280242 506902  71.460 11 
 8.616 10.000 5618176 0 0 5297530 506900 5280242 506902  71.461 11 
 8.639 10.092 5660420 0 0 5297530 506900 5280242 506902  71.553 11 
 8.662 10.057 5702660 0 0 5297530 506900 5280242 506902  71.611 11 
 8.639 10.057 5744904 0 0 5297530 506900 5280242 506902  71.669 11 
 8.639 10.057 5787146 0 0 5297530 506900 5280242 506902  71.727 11 
 8.639 10.023 5829388 0 0 5297530 506900 5280242 506902  71.751 11 
 8.639 10.046 5871630 0 0 5297530 506900 5280242 506902  71.798 11 
 8.627 10.069 5913872 0 0 5931164 633634 5913872 633630  71.867 12 
 8.639 10.046 5956114 0 0 5931164 633634 5913872 633630  71.914 12 
 8.593 10.046 5998356 0 0 5931164 633634 5913872 633630  71.960 12 
 8.616 10.057 6040598 0 0 5931164 633634 5913872 633630  72.018 12 
 8.639 10.046 6082840 0 0 5931164 633634 5913872 633630  72.065 12 
 8.616 10.046 6125082 0 0 5931164 633634 5913872 633630  72.111 12 
 8.639 10.012 6167324 0 0 5931164 633634 5913872 633630  72.123 12 
 8.593 10.046 6209564 0 0 5931164 633634 5913872 633630  72.170 12 
 8.616 10.069 6251806 0 0 5931164 633634 5913872 633630  72.239 12 
 8.696 10.057 6294046 0 0 5931164 633634 5913872 633630  72.297 12 
 8.673 10.035 6336288 0 0 5931164 633634 5913872 633630  72.333 12 
 8.639 10.046 6378530 0 0 5931164 633634 5913872 633630  72.379 12 
 8.639 10.012 6420772 0 0 5931164 633634 5913872 633630  72.391 12 
 8.627 10.057 6463012 0 0 5931164 633634 5913872 633630  72.449 12 
 8.627 10.000 6505254 0 0 5931164 633634 5913872 633630  72.450 12 
 8.673 10.012 6547496 0 0 6564788 633624 6547496 633624  72.462 13 
 8.684 10.023 6589738 0 0 6564788 633624 6547496 633624  72.486 13 
 8.639 10.035 6631980 0 0 6564788 633624 6547496 633624  72.521 13 
 8.650 10.103 6674222 0 0 6564788 633624 6547496 633624  72.625 13 
 8.616 10.046 6716464 0 0 6564788 633624 6547496 633624  72.671 13 
 8.639 10.012 6758706 0 0 6564788 633624 6547496 633624  72.684 13 
 8.650 10.080 6800948 0 0 6564788 633624 6547496 633624  72.764 13 
 8.627 9.977 6843190 0 0 6564788 633624 6547496 633624  72.787 13 
 8.627 10.092 6885432 0 0 6564788 633624 6547496 633624  72.879 13 
 8.639 10.012 6927674 0 0 6564788 633624 6547496 633624  72.891 13 
 8.581 9.977 6969916 0 0 6564788 633624 6547496 633624  72.913 13 
 8.581 10.035 7012158 0 0 6564788 633624 6547496 633624  72.948 13 
 8.604 10.000 7054400 0 0 6564788 633624 6547496 633624  72.949 13 
 8.593 10.069 7096642 0 0 6564788 633624 6547496 633624  73.019 13 
 8.581 10.023 7138884 0 0 6564788 633624 6547496 633624  73.042 13 
 8.593 10.012 7181128 0 0 7198416 633628 7181128 633632  73.054 14 
 8.627 10.046 7223366 0 0 7198416 633628 7181128 633632  73.101 14 
 8.639 10.012 7265608 0 0 7198416 633628 7181128 633632  73.113 14 
 8.627 10.046 7307850 0 0 7198416 633628 7181128 633632  73.160 14 
 8.627 10.092 7350092 0 0 7198416 633628 7181128 633632  73.252 14 
 8.639 10.115 7392332 0 0 7198416 633628 7181128 633632  73.367 14 
 8.650 10.000 7434574 0 0 7198416 633628 7181128 633632  73.368 14 
 8.673 10.080 7476814 0 0 7198416 633628 7181128 633632  73.449 14 
 8.684 10.035 7519056 0 0 7198416 633628 7181128 633632  73.484 14 
 8.673 10.046 7561296 0 0 7198416 633628 7181128 633632  73.531 14 
 8.719 10.035 7603538 0 0 7198416 633628 7181128 633632  73.566 14 
 8.730 10.046 7645780 0 0 7198416 633628 7181128 633632  73.612 14 
 8.684 10.012 7688024 0 0 7198416 633628 7181128 633632  73.624 14 
 8.730 10.046 7730266 0 0 7198416 633628 7181128 633632  73.671 14 
 8.719 10.046 7772508 0 0 7198416 633628 7181128 633632  73.718 14 
 8.719 10.000 7814750 0 0 7832042 633626 7814750 633622  73.718 15 
 8.719 10.103 7856992 0 0 7832042 633626 7814750 633622  73.822 15 
 8.730 10.046 7899234 0 0 7832042 633626 7814750 633622  73.869 15 
 8.730 10.012 7941476 0 0 7832042 633626 7814750 633622  73.881 15 
 8.764 10.046 7983718 0 0 7832042 633626 7814750 633622  73.927 15 
 8.730 10.046 8025960 0 0 7832042 633626 7814750 633622  73.974 15 
 8.719 10.046 8068202 0 0 7832042 633626 7814750 633622  74.020 15 
 8.719 10.092 8110444 0 0 7832042 633626 7814750 633622  74.113 15 
 8.730 10.115 8152686 0 0 7832042 633626 7814750 633622  74.228 15 
 8.730 10.092 8194928 0 0 7832042 633626 7814750 633622  74.320 15 
 8.730 10.069 8237170 0 0 7832042 633626 7814750 633622  74.390 15 
 8.764 10.103 8279412 0 0 7832042 633626 7814750 633622  74.494 15 
 8.719 10.115 8321654 0 0 7832042 633626 7814750 633622  74.609 15 
 8.719 10.103 8363896 0 0 7832042 633626 7814750 633622  74.712 15 
 8.925 10.057 8406138 0 0 7832042 633626 7814750 633622  0.057 15 
 9.314 10.149 8448380 0 0 8463866 631824 8448380 633630  0.207 16 
 9.611 10.149 8490620 0 0 8463866 631824 8448380 633630  0.357 16 
 9.955 10.241 8532862 0 0 8463866 631824 8448380 633630  0.598 16 
 10.241 10.275 8575104 0 0 8463866 631824 8448380 633630  0.873 16 
 10.561 10.332 8617346 8619784 155918 8463866 631824 8448380 633630  1.206 17 
 10.595 10.321 8659588 8662126 42342 8463866 631824 8448380 633630  1.527 18 
 10.344 10.366 8701830 8662126 42342 8463866 631824 8448380 633630  1.894 18 
 10.115 10.378 8744072 8662126 42342 8463866 631824 8448380 633630  2.272 18 
 9.874 10.458 8786314 8662126 42342 8463866 631824 8448380 633630  2.731 18 
 9.600 10.458 8828556 8662126 42342 8463866 631824 8448380 633630  3.189 18 
 9.451 10.538 8870800 8662126 42342 8888088 225962 8870800 422420  3.728 19 
 9.279 10.458 8913040 8662126 42342 8888088 225962 8870800 422420  4.186 19 
 9.096 10.515 8955282 8662126 42342 8888088 225962 8870800 422420  4.702 19 
 8.902 10.469 8997524 8662126 42342 8888088 225962 8870800 422420  5.172 19 
 8.799 10.458 9039766 9042338 154250 8888088 225962 8870800 422420  5.630 20 
 8.696 10.424 9082008 9042338 154250 8888088 225962 8870800 422420  6.054 20 
 8.570 10.458 9124250 9042338 154250 8888088 225962 8870800 422420  6.513 20 
 8.490 10.469 9166492 9042338 154250 8888088 225962 8870800 422420  6.983 20 
 8.444 10.469 9208734 9211228 168890 8888088 225962 8870800 422420  7.453 21 
 8.364 10.366 9250978 9211228 168890 9268268 57040 9250978 380178  7.820 22 
 8.330 10.378 9293218 9211228 168890 9268268 57040 9250978 380178  8.198 22 
 8.307 10.366 9335462 9211228 168890 9268268 57040 9250978 380178  8.565 22 
 8.284 10.321 9377702 9211228 168890 9268268 57040 9250978 380178  8.886 22 
 8.272 10.298 9419942 9211228 168890 9268268 57040 9250978 380178  9.184 22 
 8.261 10.275 9462186 9211228 168890 9268268 57040 9250978 380178  9.460 22 
 8.204 10.241 9504428 9211228 168890 9268268 57040 9250978 380178  9.701 22 
 8.169 10.241 9546670 9211228 168890 9268268 57040 9250978 380178  9.942 22 
 8.158 10.172 9588912 9211228 168890 9268268 57040 9250978 380178  10.114 22 
 8.147 10.206 9631154 9633602 365334 9268268 57040 9250978 380178  10.321 23 
 8.181 10.183 9673396 9633602 365334 9690688 57086 9673396 422418  10.505 24 
 8.192 10.138 9715638 9633602 365334 9690688 57086 9673396 422418  10.643 24 
 8.227 10.126 9757880 9633602 365334 9690688 57086 9673396 422418  10.770 24 
 8.295 10.138 9800122 9633602 365334 9690688 57086 9673396 422418  10.908 24 
 8.307 10.092 9842364 9633602 365334 9690688 57086 9673396 422418  11.000 24 
 8.364 10.115 9884606 9633602 365334 9690688 57086 9673396 422418  11.115 24 
 8.398 10.092 9926848 9633602 365334 9690688 57086 9673396 422418  11.208 24 
 8.398 10.046 9969090 9633602 365334 9690688 57086 9673396 422418  11.254 24 
 8.433 10.046 10011332 9633602 365334 9690688 57086 9673396 422418  11.301 24 
 8.433 10.080 10053574 9633602 365334 9690688 57086 9673396 422418  11.382 24 
 8.456 10.046 10095816 9633602 365334 9690688 57086 9673396 422418  11.428 24 
 8.501 10.012 10138058 9633602 365334 9690688 57086 9673396 422418  11.440 24 
 8.456 10.046 10180300 9633602 365334 9690688 57086 9673396 422418  11.487 24 
 8.501 10.035 10222542 9633602 365334 9690688 57086 9673396 422418  11.522 24 
 8.501 10.012 10264784 9633602 365334 9690688 57086 9673396 422418  11.534 24 
 8.490 9.955 10307028 9633602 365334 10324318 633630 10307028 633632  11.579 25 
 8.501 10.000 10349268 9633602 365334 10324318 633630 10307028 633632  11.580 25 
 8.501 10.000 10391510 9633602 365334 10324318 633630 10307028 633632  11.581 25 
 8.536 9.932 10433752 9633602 365334 10324318 633630 10307028 633632  11.649 25 
 8.490 10.046 10475994 9633602 365334 10324318 633630 10307028 633632  11.695 25 
 8.513 10.000 10518236 9633602 365334 10324318 633630 10307028 633632  11.696 25 
 8.547 10.000 10560478 9633602 365334 10324318 633630 10307028 633632  11.697 25 
 8.547 9.966 10602720 9633602 365334 10324318 633630 10307028 633632  11.730 25 
 8.559 9.989 10644962 9633602 365334 10324318 633630 10307028 633632  11.741 25 
 8.559 9.989 10687204 9633602 365334 10324318 633630 10307028 633632  11.752 25 
 8.639 10.000 10729446 9633602 365334 10324318 633630 10307028 633632  11.752 25 
 8.581 9.966 10771688 9633602 365334 10324318 633630 10307028 633632  11.786 25 
 8.593 9.932 10813930 9633602 365334 10324318 633630 10307028 633632  11.854 25 
 8.581 9.955 10856172 9633602 365334 10324318 633630 10307028 633632  11.899 25 
 8.581 9.966 10898414 9633602 365334 10324318 633630 10307028 633632  11.932 25 
 8.627 9.966 10940658 9633602 365334 10957948 633630 10940658 633630  11.966 26 
 8.559 9.966 10982900 9633602 365334 10957948 633630 10940658 633630  11.999 26 
 8.547 10.000 11025142 9633602 365334 10957948 633630 10940658 633630  12.000 26 
 8.547 10.046 11067384 9633602 365334 10957948 633630 10940658 633630  12.047 26 
 8.513 10.012 11109626 9633602 365334 10957948 633630 10940658 633630  12.059 26 
 8.536 10.012 11151868 9633602 365334 10957948 633630 10940658 633630  12.071 26 
 8.513 10.000 11194110 9633602 365334 10957948 633630 10940658 633630  12.072 26 
 8.524 9.966 11236352 9633602 365334 10957948 633630 10940658 633630  12.106 26 
 8.490 9.955 11278594 9633602 365334 10957948 633630 10940658 633630  12.151 26 
 8.513 9.977 11320836 9633602 365334 10957948 633630 10940658 633630  12.173 26 
 8.490 9.955 11363078 9633602 365334 10957948 633630 10940658 633630  12.218 26 
 8.478 9.955 11405320 9633602 365334 10957948 633630 10940658 633630  12.263 26 
 8.501 9.989 11447562 9633602 365334 10957948 633630 10940658 633630  12.273 26 
 8.456 9.874 11489804 9633602 365334 10957948 633630 10940658 633630  12.398 26 
 8.421 9.920 11532046 9633602 365334 10957948 633630 10940658 633630  12.478 26 
 8.433 9.943 11574288 11576792 618844 10957948 633630 11574288 633630  12.534 27 
 8.490 9.955 11616530 11576792 618844 10957948 633630 11574288 633630  12.579 27 
 8.478 10.000 11658772 11576792 618844 10957948 633630 11574288 633630  12.580 27 
 8.456 9.943 11701014 11576792 618844 10957948 633630 11574288 633630  12.636 27 
 8.490 9.955 11743256 11576792 618844 10957948 633630 11574288 633630  12.681 27 
 8.456 9.955 11785498 11576792 618844 10957948 633630 11574288 633630  12.726 27 
 8.536 9.909 11827740 11576792 618844 10957948 633630 11574288 633630  12.817 27 
 8.547 9.955 11869982 11576792 618844 10957948 633630 11574288 633630  12.862 27 
 8.536 9.966 11912224 11576792 618844 10957948 633630 11574288 633630  12.896 27 
 8.593 9.955 11954466 11576792 618844 10957948 633630 11574288 633630  12.941 27 
 8.524 9.874 11996708 11576792 618844 10957948 633630 11574288 633630  13.066 27 
 8.559 10.057 12038950 11576792 618844 10957948 633630 11574288 633630  13.124 27 
 8.536 9.955 12081192 11576792 618844 10957948 633630 11574288 633630  13.169 27 
 8.559 10.012 12123434 11576792 618844 10957948 633630 11574288 633630  13.181 27 
 8.547 9.932 12165676 11576792 618844 10957948 633630 11574288 633630  13.249 27 
 8.627 9.966 12207920 11576792 618844 12225208 648416 12207920 633632  13.282 28 
 8.593 9.920 12250160 11576792 618844 12225208 648416 12207920 633632  13.362 28 
 8.581 9.943 12292402 11576792 618844 12225208 648416 12207920 633632  13.418 28 
 8.547 9.955 12334644 11576792 618844 12225208 648416 12207920 633632  13.463 28 
 8.570 9.966 12376886 11576792 618844 12225208 648416 12207920 633632  13.497 28 
 8.547 9.909 12419128 11576792 618844 12225208 648416 12207920 633632  13.587 28 
 8.570 10.000 12461370 11576792 618844 12225208 648416 12207920 633632  13.588 28 
 8.513 9.955 12503612 11576792 618844 12225208 648416 12207920 633632  13.633 28 
 8.513 9.943 12545854 11576792 618844 12225208 648416 12207920 633632  13.690 28 
 8.501 9.955 12588096 11576792 618844 12225208 648416 12207920 633632  13.735 28 
 8.536 10.057 12630338 11576792 618844 12225208 648416 12207920 633632  13.793 28 
 8.513 10.000 12672580 11576792 618844 12225208 648416 12207920 633632  13.793 28 
 8.456 9.966 12714824 11576792 618844 12225208 648416 12207920 633632  13.827 28 
 8.456 9.955 12757064 11576792 618844 12225208 648416 12207920 633632  13.872 28 
 8.524 9.955 12799306 11576792 618844 12225208 648416 12207920 633632  13.917 28 
 8.456 9.955 12841550 11576792 618844 12857090 631882 12841550 633630  13.962 29 
 8.490 9.966 12883792 11576792 618844 12857090 631882 12841550 633630  13.995 29 
 8.467 9.955 12926034 11576792 618844 12857090 631882 12841550 633630  14.040 29 
 8.478 9.966 12968276 11576792 618844 12857090 631882 12841550 633630  14.074 29 
 8.444 10.000 13010518 11576792 618844 12857090 631882 12841550 633630  14.075 29 
 8.444 9.966 13052760 11576792 618844 12857090 631882 12841550 633630  14.108 29 
 8.444 9.977 13095002 11576792 618844 12857090 631882 12841550 633630  14.130 29 
 8.421 9.920 13137244 11576792 618844 12857090 631882 12841550 633630  14.210 29 
 8.456 9.966 13179486 11576792 618844 12857090 631882 12841550 633630  14.243 29 
 8.456 9.932 13221728 11576792 618844 12857090 631882 12841550 633630  14.311 29 
 8.421 9.943 13263968 11576792 618844 12857090 631882 12841550 633630  14.368 29 
 8.410 9.977 13306210 11576792 618844 12857090 631882 12841550 633630  14.390 29 
 8.410 9.955 13348452 11576792 618844 12857090 631882 12841550 633630  14.435 29 
 8.444 9.955 13390694 11576792 618844 12857090 631882 12841550 633630  14.480 29 
 8.410 9.955 13432936 11576792 618844 12857090 631882 12841550 633630  14.525 29 
 8.398 9.977 13475178 11576792 618844 13492468 635378 13475178 633628  14.547 30 
 8.410 9.966 13517420 11576792 618844 13492468 635378 13475178 633628  14.580 30 
 8.398 9.932 13559662 11576792 618844 13492468 635378 13475178 633628  14.648 30 
 8.421 9.920 13601904 11576792 618844 13492468 635378 13475178 633628  14.728 30 
 8.410 9.932 13644146 11576792 618844 13492468 635378 13475178 633628  14.795 30 
 8.398 9.909 13686388 11576792 618844 13492468 635378 13475178 633628  14.886 30 
 8.398 9.909 13728630 11576792 618844 13492468 635378 13475178 633628  14.977 30 
 8.410 9.920 13770872 11576792 618844 13492468 635378 13475178 633628  15.056 30 
 8.410 9.920 13813114 11576792 618844 13492468 635378 13475178 633628  15.136 30 
 8.410 9.920 13855356 11576792 618844 13492468 635378 13475178 633628  15.215 30 
 8.433 9.920 13897598 11576792 618844 13492468 635378 13475178 633628  15.294 30 
 8.456 9.966 14066570 11576792 618844 13492468 635378 13475178 633628  15.328 30 
 8.536 9.920 14108810 11576792 618844 14126102 633634 14108810 633632  15.407 31 
 8.490 9.909 14151050 11576792 618844 14126102 633634 14108810 633632  15.498 31 
 8.478 9.909 14193292 11576792 618844 14126102 633634 14108810 633632  15.589 31 
 8.501 9.989 14235534 11576792 618844 14126102 633634 14108810 633632  15.599 31 
 8.501 9.955 14277776 11576792 618844 14126102 633634 14108810 633632  15.644 31 
 8.547 9.920 14320018 11576792 618844 14126102 633634 14108810 633632  15.724 31 
 8.536 9.955 14362262 11576792 618844 14126102 633634 14108810 633632  15.769 31 
 8.559 9.943 14404502 11576792 618844 14126102 633634 14108810 633632  15.825 31 
 8.547 9.966 14446746 11576792 618844 14126102 633634 14108810 633632  15.859 31 
 8.581 9.943 14488988 11576792 618844 14126102 633634 14108810 633632  15.915 31 
 8.593 9.977 14531228 11576792 618844 14126102 633634 14108810 633632  15.937 31 
 8.593 9.955 14573472 11576792 618844 14126102 633634 14108810 633632  15.982 31 
 8.627 9.932 14615714 11576792 618844 14126102 633634 14108810 633632  16.050 31 
 8.593 10.000 14657956 11576792 618844 14126102 633634 14108810 633632  16.051 31 
 8.684 9.955 14700198 11576792 618844 14126102 633634 14108810 633632  16.096 31 
 8.719 9.932 14742440 11576792 618844 14759730 633628 14742440 633630  16.164 32 
