Thread[Thread-1,5,main] 5.172 5.103 0 0 0 17290 17290 0 0  4.896 1 
 6.522 5.194 42242 0 0 17290 17290 0 0  9.701 1 
 7.632 5.286 84486 0 0 17290 17290 0 0  14.415 1 
 8.890 5.446 126726 0 0 17290 17290 0 0  18.968 1 
 9.966 5.698 168970 0 0 17290 17290 0 0  23.270 1 
 10.973 5.927 211210 0 0 17290 17290 0 0  27.342 1 
 11.934 6.201 253452 0 0 17290 17290 0 0  31.141 1 
 12.838 6.453 295694 0 0 17290 17290 0 0  34.687 1 
 13.719 6.831 337936 0 0 17290 17290 0 0  37.856 1 
 14.669 7.185 380178 0 0 17290 17290 0 0  40.670 1 
 15.493 7.609 422420 0 0 17290 17290 0 0  43.061 1 
 16.271 7.986 464662 0 0 17290 17290 0 0  45.074 1 
 17.060 8.353 506904 0 0 17290 17290 0 0  46.721 1 
 17.735 8.730 549146 0 0 17290 17290 0 0  47.990 1 
 18.514 9.131 591388 0 0 17290 17290 0 0  48.859 1 
 18.891 9.417 633632 0 0 650922 633632 633632 633632  49.442 2 
 17.461 9.554 675872 0 0 650922 633632 633632 633632  49.887 2 
 16.580 9.909 718114 0 0 650922 633632 633632 633632  49.978 2 
 15.630 10.138 760358 0 0 650922 633632 633632 633632  50.116 2 
 14.669 10.412 802600 0 0 650922 633632 633632 633632  50.529 2 
 13.731 10.607 844842 0 0 650922 633632 633632 633632  51.136 2 
 12.849 10.744 887082 0 0 650922 633632 633632 633632  51.881 2 
 11.968 10.893 929324 0 0 650922 633632 633632 633632  52.774 2 
 11.156 10.961 971566 0 0 650922 633632 633632 633632  53.736 2 
 10.332 11.030 1013808 0 0 650922 633632 633632 633632  54.766 2 
 9.588 11.099 1056050 0 0 650922 633632 633632 633632  55.866 2 
 8.845 11.007 1098292 0 0 650922 633632 633632 633632  56.873 2 
 8.101 11.019 1140534 0 0 650922 633632 633632 633632  57.893 2 
 7.437 10.996 1182776 0 0 650922 633632 633632 633632  58.889 2 
 6.785 10.916 1225018 0 0 650922 633632 633632 633632  59.805 2 
 6.201 10.778 1267260 0 0 1284554 633632 1267260 633628  60.584 3 
 6.281 10.675 1309502 1313968 29414 1284554 633632 1267260 633628  61.260 4 
 6.384 10.595 1351744 1313968 29414 1284554 633632 1267260 633628  61.856 4 
 6.533 10.469 1393986 1313968 29414 1284554 633632 1267260 633628  62.325 4 
 6.670 10.412 1436228 1313968 29414 1284554 633632 1267260 633628  62.738 4 
 6.808 10.332 1478470 1313968 29414 1284554 633632 1267260 633628  63.071 4 
 6.945 10.229 1520712 1313968 29414 1284554 633632 1267260 633628  63.300 4 
 7.060 10.138 1562954 1313968 29414 1284554 633632 1267260 633628  63.438 4 
 7.185 10.046 1605196 1313968 29414 1284554 633632 1267260 633628  63.485 4 
 7.311 10.023 1647438 1313968 29414 1284554 633632 1267260 633628  63.509 4 
 7.426 9.955 1689680 1313968 29414 1284554 633632 1267260 633628  63.554 4 
 7.517 9.874 1731922 1313968 29414 1284554 633632 1267260 633628  63.679 4 
 7.620 9.874 1774164 1313968 29414 1284554 633632 1267260 633628  63.804 4 
 7.700 9.829 1816406 1313968 29414 1284554 633632 1267260 633628  63.975 4 
 7.803 9.829 1858648 1313968 29414 1284554 633632 1267260 633628  64.146 4 
 7.895 9.817 1900892 1313968 29414 1918182 604214 1900892 633632  64.328 5 
 8.032 9.726 1943132 1313968 29414 1918182 604214 1900892 633632  64.602 5 
 8.135 9.771 1985374 1313968 29414 1918182 604214 1900892 633632  64.830 5 
 8.261 9.726 2027616 1313968 29414 1918182 604214 1900892 633632  65.104 5 
 8.398 9.783 2069858 1313968 29414 1918182 604214 1900892 633632  65.320 5 
 8.547 9.749 2112100 1313968 29414 1918182 604214 1900892 633632  65.571 5 
 8.673 9.771 2154342 1313968 29414 1918182 604214 1900892 633632  65.799 5 
 8.776 9.726 2196584 1313968 29414 1918182 604214 1900892 633632  66.073 5 
 8.902 9.783 2238826 1313968 29414 1918182 604214 1900892 633632  66.290 5 
 8.993 9.783 2281070 1313968 29414 1918182 604214 1900892 633632  66.506 5 
 9.051 9.737 2323312 1313968 29414 1918182 604214 1900892 633632  66.769 5 
 9.211 9.783 2365554 1313968 29414 1918182 604214 1900892 633632  66.985 5 
 9.291 9.863 2407796 1313968 29414 1918182 604214 1900892 633632  67.122 5 
 9.371 9.863 2450038 1313968 29414 1918182 604214 1900892 633632  67.259 5 
 9.428 9.874 2492280 1313968 29414 1918182 604214 1900892 633632  67.384 5 
 9.531 9.920 2534522 1313968 29414 2551816 633634 2534522 633630  67.463 6 
 9.451 10.023 2576764 1313968 29414 2551816 633634 2534522 633630  67.487 6 
 9.417 9.966 2619006 1313968 29414 2551816 633634 2534522 633630  67.520 6 
 9.325 10.057 2661248 1313968 29414 2551816 633634 2534522 633630  67.578 6 
 9.314 10.023 2703490 1313968 29414 2551816 633634 2534522 633630  67.602 6 
 9.234 10.092 2745732 1313968 29414 2551816 633634 2534522 633630  67.694 6 
 9.176 10.057 2787974 1313968 29414 2551816 633634 2534522 633630  67.752 6 
 9.096 10.069 2830216 1313968 29414 2551816 633634 2534522 633630  67.822 6 
 9.062 10.138 2872458 1313968 29414 2551816 633634 2534522 633630  67.960 6 
 9.005 10.149 2914700 1313968 29414 2551816 633634 2534522 633630  68.109 6 
 8.959 10.138 2956942 1313968 29414 2551816 633634 2534522 633630  68.247 6 
 8.970 10.160 2999184 1313968 29414 2551816 633634 2534522 633630  68.408 6 
 8.856 10.138 3041426 3050030 498214 2551816 633634 2534522 633630  68.546 7 
 8.822 10.160 3083668 3050030 498214 2551816 633634 2534522 633630  68.707 7 
 8.810 10.172 3125910 3050030 498214 2551816 633634 2534522 633630  68.880 7 
 8.764 10.138 3168154 3050030 498214 3185444 135414 3168154 633632  69.018 8 
 8.719 10.149 3210394 3050030 498214 3185444 135414 3168154 633632  69.167 8 
 8.684 10.149 3252636 3050030 498214 3185444 135414 3168154 633632  69.317 8 
 8.673 10.149 3294878 3050030 498214 3185444 135414 3168154 633632  69.466 8 
 8.673 10.149 3337120 3050030 498214 3185444 135414 3168154 633632  69.616 8 
 8.662 10.149 3379362 3050030 498214 3185444 135414 3168154 633632  69.765 8 
 8.627 10.138 3421604 3050030 498214 3185444 135414 3168154 633632  69.903 8 
 8.639 10.115 3463846 3050030 498214 3185444 135414 3168154 633632  70.019 8 
 8.604 10.160 3506088 3050030 498214 3185444 135414 3168154 633632  70.180 8 
 8.604 10.172 3548330 3050030 498214 3185444 135414 3168154 633632  70.352 8 
 8.559 10.103 3590572 3050030 498214 3185444 135414 3168154 633632  70.456 8 
 8.536 10.183 3632816 3639432 453988 3185444 135414 3168154 633632  70.640 9 
 8.536 10.183 3675058 3639432 453988 3185444 135414 3168154 633632  70.824 9 
 8.559 10.149 3717298 3639432 453988 3185444 135414 3168154 633632  70.973 9 
 8.536 10.080 3759542 3639432 453988 3185444 135414 3168154 633632  71.054 9 
 8.536 10.195 3801784 3639432 453988 3819076 179644 3801784 633630  71.249 10 
 8.536 10.103 3844026 3639432 453988 3819076 179644 3801784 633630  71.353 10 
 8.547 10.103 3886268 3639432 453988 3819076 179644 3801784 633630  71.457 10 
 8.547 10.103 3928510 3639432 453988 3819076 179644 3801784 633630  71.561 10 
 8.559 10.092 3970752 3639432 453988 3819076 179644 3801784 633630  71.653 10 
 8.581 10.069 4012994 3639432 453988 3819076 179644 3801784 633630  71.722 10 
 8.604 10.080 4055236 3639432 453988 3819076 179644 3801784 633630  71.803 10 
 8.604 10.069 4097478 3639432 453988 3819076 179644 3801784 633630  71.873 10 
 8.593 10.080 4139720 3639432 453988 3819076 179644 3801784 633630  71.953 10 
 8.639 10.057 4181962 3639432 453988 3819076 179644 3801784 633630  72.011 10 
 8.639 10.092 4224204 3639432 453988 3819076 179644 3801784 633630  72.104 10 
 8.627 10.057 4266446 3639432 453988 3819076 179644 3801784 633630  72.162 10 
 8.627 10.046 4308688 3639432 453988 3819076 179644 3801784 633630  72.208 10 
 8.662 10.046 4350930 3639432 453988 3819076 179644 3801784 633630  72.255 10 
 8.639 10.000 4393172 3639432 453988 3819076 179644 3801784 633630  72.256 10 
 8.673 10.057 4435416 3639432 453988 4452708 633632 4435416 633632  72.314 11 
 8.639 10.023 4477656 3639432 453988 4452708 633632 4435416 633632  72.337 11 
 8.673 10.035 4519898 3639432 453988 4452708 633632 4435416 633632  72.372 11 
 8.707 10.046 4562140 3639432 453988 4452708 633632 4435416 633632  72.419 11 
 8.719 10.057 4604382 3639432 453988 4452708 633632 4435416 633632  72.477 11 
 8.730 10.103 4646624 3639432 453988 4452708 633632 4435416 633632  72.581 11 
 8.776 10.012 4815594 3639432 453988 4452708 633632 4435416 633632  72.593 11 
 8.776 10.023 4857834 3639432 453988 4452708 633632 4435416 633632  72.617 11 
 8.787 10.080 4900076 3639432 453988 4452708 633632 4435416 633632  72.697 11 
 8.787 10.046 4942318 3639432 453988 4452708 633632 4435416 633632  72.744 11 
 8.856 10.092 4984562 3639432 453988 4452708 633632 4435416 633632  72.836 11 
 8.822 10.103 5026802 3639432 453988 4452708 633632 4435416 633632  72.940 11 
 8.867 10.046 5069046 3639432 453988 5084568 631860 5069046 633630  72.987 12 
 8.867 10.069 5111288 3639432 453988 5084568 631860 5069046 633630  73.056 12 
 8.787 10.046 5153530 3639432 453988 5084568 631860 5069046 633630  73.103 12 
 8.867 10.092 5195772 3639432 453988 5084568 631860 5069046 633630  73.195 12 
 8.822 10.092 5238014 3639432 453988 5084568 631860 5069046 633630  73.287 12 
 8.822 10.057 5280256 3639432 453988 5084568 631860 5069046 633630  73.345 12 
 8.822 10.115 5322498 3639432 453988 5084568 631860 5069046 633630  73.460 12 
 8.776 10.103 5364740 3639432 453988 5084568 631860 5069046 633630  73.564 12 
 8.822 10.069 5406982 3639432 453988 5084568 631860 5069046 633630  73.634 12 
 8.810 10.057 5449224 3639432 453988 5084568 631860 5069046 633630  73.692 12 
 8.776 10.103 5491466 3639432 453988 5084568 631860 5069046 633630  73.795 12 
 8.799 10.046 5533708 3639432 453988 5084568 631860 5069046 633630  73.842 12 
 8.776 10.092 5575948 3639432 453988 5084568 631860 5069046 633630  73.934 12 
 8.764 10.103 5618190 3639432 453988 5084568 631860 5069046 633630  74.038 12 
 8.787 10.092 5660432 3639432 453988 5084568 631860 5069046 633630  74.130 12 
 8.764 10.069 5702674 3639432 453988 5719966 635398 5702674 633628  74.200 13 
 8.730 10.012 5744914 3639432 453988 5719966 635398 5702674 633628  74.212 13 
 8.719 10.057 5787156 3639432 453988 5719966 635398 5702674 633628  74.270 13 
 8.730 10.046 5829398 3639432 453988 5719966 635398 5702674 633628  74.317 13 
 8.764 10.057 5871640 3639432 453988 5719966 635398 5702674 633628  74.375 13 
 8.742 10.000 5913882 3639432 453988 5719966 635398 5702674 633628  74.375 13 
 8.753 10.000 5956124 3639432 453988 5719966 635398 5702674 633628  74.376 13 
 8.753 10.046 5998366 3639432 453988 5719966 635398 5702674 633628  74.423 13 
 8.730 10.057 6040608 3639432 453988 5719966 635398 5702674 633628  74.481 13 
 8.696 10.046 6082848 3639432 453988 5719966 635398 5702674 633628  74.527 13 
 8.719 10.046 6251818 3639432 453988 5719966 635398 5702674 633628  74.574 13 
 8.673 10.046 6294056 3639432 453988 5719966 635398 5702674 633628  74.620 13 
 8.662 10.012 6336300 3639432 453988 6353590 633624 6336300 633626  74.632 14 
 8.684 10.046 6378540 3639432 453988 6353590 633624 6336300 633626  74.679 14 
 8.719 10.069 6420782 3639432 453988 6353590 633624 6336300 633626  74.748 14 
 8.730 10.069 6463026 3639432 453988 6353590 633624 6336300 633626  74.818 14 
 8.742 10.000 6505268 3639432 453988 6353590 633624 6336300 633626  74.819 14 
 8.822 9.966 6547510 3639432 453988 6353590 633624 6336300 633626  74.852 14 
 8.833 10.012 6589752 3639432 453988 6353590 633624 6336300 633626  74.864 14 
 8.810 10.035 6631994 3639432 453988 6353590 633624 6336300 633626  74.900 14 
 8.799 10.057 6674234 3639432 453988 6353590 633624 6336300 633626  74.958 14 
 8.833 10.046 6716478 3639432 453988 6353590 633624 6336300 633626  75.004 14 
 8.810 10.046 6758720 3639432 453988 6353590 633624 6336300 633626  75.051 14 
 8.845 10.012 6800962 3639432 453988 6353590 633624 6336300 633626  75.063 14 
 8.890 10.057 6843204 3639432 453988 6353590 633624 6336300 633626  75.121 14 
 8.867 10.012 6885446 3639432 453988 6353590 633624 6336300 633626  75.133 14 
 8.902 10.057 6927688 3639432 453988 6353590 633624 6336300 633626  75.191 14 
 8.879 10.069 6969932 3639432 453988 6987222 633632 6969932 633632  75.260 15 
 8.867 10.000 7012172 3639432 453988 6987222 633632 6969932 633632  75.261 15 
 8.856 10.080 7054414 3639432 453988 6987222 633632 6969932 633632  75.342 15 
 8.856 10.103 7096656 3639432 453988 6987222 633632 6969932 633632  75.446 15 
 8.856 10.092 7138898 3639432 453988 6987222 633632 6969932 633632  75.538 15 
 8.845 10.080 7181140 3639432 453988 6987222 633632 6969932 633632  75.619 15 
 8.799 10.046 7223382 3639432 453988 6987222 633632 6969932 633632  75.666 15 
 8.730 10.092 7265624 3639432 453988 6987222 633632 6969932 633632  75.758 15 
 8.764 10.092 7307866 3639432 453988 6987222 633632 6969932 633632  75.850 15 
 8.764 10.069 7350108 3639432 453988 6987222 633632 6969932 633632  75.920 15 
 8.719 10.092 7392350 3639432 453988 6987222 633632 6969932 633632  76.012 15 
 8.730 10.103 7434592 3639432 453988 6987222 633632 6969932 633632  76.116 15 
 8.719 10.080 7476834 3639432 453988 6987222 633632 6969932 633632  76.197 15 
 8.673 10.057 7519076 3639432 453988 6987222 633632 6969932 633632  76.255 15 
 8.684 10.092 7561318 3639432 453988 6987222 633632 6969932 633632  76.347 15 
 8.684 10.103 7603562 3639432 453988 7620854 633632 7603562 633630  76.451 16 
 8.662 10.092 7645802 3639432 453988 7620854 633632 7603562 633630  76.543 16 
 8.719 10.092 7688044 3639432 453988 7620854 633632 7603562 633630  76.635 16 
 8.673 10.046 7730286 3639432 453988 7620854 633632 7603562 633630  76.682 16 
 8.707 10.057 7772528 3639432 453988 7620854 633632 7603562 633630  76.740 16 
 8.696 10.069 7814770 3639432 453988 7620854 633632 7603562 633630  76.809 16 
 8.719 10.057 7857012 3639432 453988 7620854 633632 7603562 633630  76.867 16 
 8.730 10.057 7899256 3639432 453988 7620854 633632 7603562 633630  76.925 16 
 8.730 10.046 7941498 3639432 453988 7620854 633632 7603562 633630  76.972 16 
 8.719 10.057 7983740 3639432 453988 7620854 633632 7603562 633630  77.030 16 
 8.719 10.046 8025982 3639432 453988 7620854 633632 7603562 633630  77.076 16 
 8.719 10.057 8068224 3639432 453988 7620854 633632 7603562 633630  77.134 16 
 8.753 10.000 8110466 3639432 453988 7620854 633632 7603562 633630  77.135 16 
 8.764 10.115 8152708 3639432 453988 7620854 633632 7603562 633630  77.250 16 
 8.776 10.046 8194950 3639432 453988 7620854 633632 7603562 633630  77.297 16 
 8.742 10.046 8237192 3639432 453988 8254482 633628 8237192 633630  77.343 17 
 8.764 10.023 8279434 3639432 453988 8254482 633628 8237192 633630  77.367 17 
 8.776 10.023 8321676 3639432 453988 8254482 633628 8237192 633630  77.391 17 
 8.787 10.012 8363918 3639432 453988 8254482 633628 8237192 633630  77.403 17 
 8.993 10.046 8406160 3639432 453988 8254482 633628 8237192 633630  77.450 17 
 9.325 10.092 8448402 3639432 453988 8254482 633628 8237192 633630  77.542 17 
 9.703 10.183 8490644 3639432 453988 8254482 633628 8237192 633630  77.726 17 
 10.012 10.195 8532886 3639432 453988 8254482 633628 8237192 633630  77.921 17 
 10.366 10.241 8575128 3639432 453988 8254482 633628 8237192 633630  78.162 17 
 10.630 10.286 8617370 8625950 371468 8254482 633628 8237192 633630  78.449 18 
 10.675 10.286 8659612 8662060 36110 8254482 633628 8237192 633630  0.286 19 
 10.447 10.332 8701854 8662060 36110 8254482 633628 8237192 633630  0.619 19 
 10.183 10.412 8744096 8662060 36110 8254482 633628 8237192 633630  1.032 19 
 9.920 10.458 8786338 8662060 36110 8254482 633628 8237192 633630  1.490 19 
 9.646 10.435 8828580 8662060 36110 8254482 633628 8237192 633630  1.926 19 
 9.417 10.458 8870824 8662060 36110 8888114 226054 8870824 633632  2.384 20 
 9.268 10.481 8913064 8662060 36110 8888114 226054 8870824 633632  2.866 20 
 9.131 10.469 8955306 8662060 36110 8888114 226054 8870824 633632  3.336 20 
 9.005 10.469 8997548 8662060 36110 8888114 226054 8870824 633632  3.805 20 
 8.913 10.504 9039790 9044304 156190 8888114 226054 8870824 633632  4.310 21 
 8.776 10.504 9082032 9044304 156190 8888114 226054 8870824 633632  4.814 21 
 8.673 10.469 9124274 9044304 156190 8888114 226054 8870824 633632  5.284 21 
 8.581 10.424 9166516 9044304 156190 8888114 226054 8870824 633632  5.708 21 
 8.490 10.424 9208758 9211216 166912 8888114 226054 8870824 633632  6.132 22 
 8.456 10.366 9251000 9211216 166912 8888114 226054 8870824 633632  6.499 22 
 8.421 10.378 9293244 9211216 166912 8888114 226054 8870824 633632  6.877 22 
 8.398 10.332 9335486 9211216 166912 8888114 226054 8870824 633632  7.210 22 
 8.353 10.321 9377728 9211216 166912 8888114 226054 8870824 633632  7.531 22 
 8.341 10.321 9419970 9211216 166912 8888114 226054 8870824 633632  7.852 22 
 8.272 10.263 9462212 9211216 166912 8888114 226054 8870824 633632  8.116 22 
 8.227 10.286 9504454 9211216 166912 9521744 310528 9504454 633630  8.403 23 
 8.261 10.195 9546696 9211216 166912 9521744 310528 9504454 633630  8.599 23 
 8.295 10.229 9588938 9211216 166912 9521744 310528 9504454 633630  8.828 23 
 8.307 10.195 9631180 9211216 166912 9521744 310528 9504454 633630  9.023 23 
 8.307 10.183 9673422 9211216 166912 9521744 310528 9504454 633630  9.207 23 
 8.318 10.138 9715664 9211216 166912 9521744 310528 9504454 633630  9.345 23 
 8.364 10.126 9757906 9211216 166912 9521744 310528 9504454 633630  9.472 23 
 8.364 10.183 9800148 9211216 166912 9521744 310528 9504454 633630  9.656 23 
 8.398 10.103 9842390 9211216 166912 9521744 310528 9504454 633630  9.760 23 
 8.410 10.103 9884632 9211216 166912 9521744 310528 9504454 633630  9.863 23 
 8.398 10.103 9926874 9211216 166912 9521744 310528 9504454 633630  9.967 23 
 8.444 10.126 9969116 9211216 166912 9521744 310528 9504454 633630  10.094 23 
 8.444 10.046 10011358 9211216 166912 9521744 310528 9504454 633630  10.140 23 
 8.478 10.057 10053600 9211216 166912 9521744 310528 9504454 633630  10.198 23 
 8.490 10.080 10095842 9211216 166912 9521744 310528 9504454 633630  10.279 23 
 8.490 10.046 10138084 9211216 166912 10153610 631866 10138084 633630  10.326 24 
 8.501 10.057 10180326 9211216 166912 10153610 631866 10138084 633630  10.384 24 
 8.547 10.046 10222566 9211216 166912 10153610 631866 10138084 633630  10.430 24 
 8.581 10.000 10264808 9211216 166912 10153610 631866 10138084 633630  10.431 24 
 8.593 10.046 10307050 9211216 166912 10153610 631866 10138084 633630  10.478 24 
 8.673 10.046 10349292 9211216 166912 10153610 631866 10138084 633630  10.524 24 
 8.639 10.012 10391532 9211216 166912 10153610 631866 10138084 633630  10.536 24 
 8.650 10.069 10433776 9211216 166912 10153610 631866 10138084 633630  10.606 24 
 8.707 10.057 10476016 9211216 166912 10153610 631866 10138084 633630  10.664 24 
 8.696 10.046 10518258 9211216 166912 10153610 631866 10138084 633630  10.710 24 
 8.730 10.057 10560502 9211216 166912 10153610 631866 10138084 633630  10.768 24 
 8.742 10.057 10602742 9211216 166912 10153610 631866 10138084 633630  10.826 24 
 8.742 10.057 10644982 9211216 166912 10153610 631866 10138084 633630  10.884 24 
 8.776 10.012 10687224 9211216 166912 10153610 631866 10138084 633630  10.897 24 
 8.822 10.012 10729468 9211216 166912 10153610 631866 10138084 633630  10.909 24 
 8.833 10.046 10771710 9211216 166912 10789000 635390 10771710 633626  10.955 25 
 8.845 10.046 10813952 9211216 166912 10789000 635390 10771710 633626  11.002 25 
 8.810 10.057 10856194 9211216 166912 10789000 635390 10771710 633626  11.060 25 
 8.845 10.057 10898436 9211216 166912 10789000 635390 10771710 633626  11.118 25 
 8.810 10.000 10940678 9211216 166912 10789000 635390 10771710 633626  11.119 25 
 8.764 10.057 10982920 9211216 166912 10789000 635390 10771710 633626  11.177 25 
 8.787 10.046 11025162 9211216 166912 10789000 635390 10771710 633626  11.223 25 
 8.764 10.057 11067404 9211216 166912 10789000 635390 10771710 633626  11.281 25 
 8.764 10.023 11109646 9211216 166912 10789000 635390 10771710 633626  11.305 25 
 8.764 10.069 11151888 9211216 166912 10789000 635390 10771710 633626  11.374 25 
 8.810 10.046 11194130 9211216 166912 10789000 635390 10771710 633626  11.421 25 
 8.776 10.023 11236372 9211216 166912 10789000 635390 10771710 633626  11.444 25 
 8.742 10.046 11278614 9211216 166912 10789000 635390 10771710 633626  11.491 25 
 8.764 10.012 11320856 9211216 166912 10789000 635390 10771710 633626  11.503 25 
 8.719 10.046 11363098 9211216 166912 10789000 635390 10771710 633626  11.550 25 
 8.742 10.057 11405340 9211216 166912 11422634 633634 11405340 633630  11.608 26 
 8.719 10.012 11447580 9211216 166912 11422634 633634 11405340 633630  11.620 26 
 8.730 10.057 11489822 9211216 166912 11422634 633634 11405340 633630  11.678 26 
 8.673 10.080 11532064 9211216 166912 11422634 633634 11405340 633630  11.759 26 
 8.753 10.023 11574306 9211216 166912 11422634 633634 11405340 633630  11.783 26 
 8.696 10.046 11616548 9211216 166912 11422634 633634 11405340 633630  11.829 26 
 8.707 10.092 11658788 9211216 166912 11422634 633634 11405340 633630  11.921 26 
 8.719 10.046 11701030 9211216 166912 11422634 633634 11405340 633630  11.968 26 
 8.719 10.046 11743270 9211216 166912 11422634 633634 11405340 633630  12.015 26 
 8.696 10.046 11785512 9211216 166912 11422634 633634 11405340 633630  12.061 26 
 8.719 10.046 11827754 9211216 166912 11422634 633634 11405340 633630  12.108 26 
 8.684 10.000 11869996 9211216 166912 11422634 633634 11405340 633630  12.108 26 
 8.696 10.057 11912240 9211216 166912 11422634 633634 11405340 633630  12.166 26 
 8.707 10.057 11954478 9211216 166912 11422634 633634 11405340 633630  12.224 26 
 8.696 10.057 11996718 9211216 166912 11422634 633634 11405340 633630  12.282 26 
 8.673 10.057 12038962 9211216 166912 12056254 633620 12038962 633622  12.340 27 
 8.742 10.069 12081202 9211216 166912 12056254 633620 12038962 633622  12.410 27 
 8.730 10.046 12123446 9211216 166912 12056254 633620 12038962 633622  12.456 27 
 8.730 10.046 12165686 9211216 166912 12056254 633620 12038962 633622  12.503 27 
 8.719 10.012 12207930 9211216 166912 12056254 633620 12038962 633622  12.515 27 
 8.684 10.012 12250172 9211216 166912 12056254 633620 12038962 633622  12.527 27 
 8.730 10.012 12292414 9211216 166912 12056254 633620 12038962 633622  12.540 27 
 8.719 10.046 12334656 9211216 166912 12056254 633620 12038962 633622  12.586 27 
 8.673 10.035 12376898 9211216 166912 12056254 633620 12038962 633622  12.621 27 
 8.719 10.000 12419140 9211216 166912 12056254 633620 12038962 633622  12.622 27 
 8.719 10.012 12461382 9211216 166912 12056254 633620 12038962 633622  12.634 27 
 8.684 10.012 12503624 9211216 166912 12056254 633620 12038962 633622  12.646 27 
 8.684 10.012 12545866 9211216 166912 12056254 633620 12038962 633622  12.659 27 
 8.684 10.046 12588106 9211216 166912 12056254 633620 12038962 633622  12.705 27 
 8.730 10.012 12630348 9211216 166912 12056254 633620 12038962 633622  12.717 27 
 8.742 10.023 12672590 9211216 166912 12689882 633628 12672590 633628  12.741 28 
 8.787 10.012 12714830 9211216 166912 12689882 633628 12672590 633628  12.753 28 
 8.764 10.012 12757070 9211216 166912 12689882 633628 12672590 633628  12.765 28 
 8.776 10.012 12799310 9211216 166912 12689882 633628 12672590 633628  12.778 28 
 8.810 10.000 12841552 9211216 166912 12689882 633628 12672590 633628  12.778 28 
 8.810 10.046 12883794 9211216 166912 12689882 633628 12672590 633628  12.825 28 
 8.822 10.000 12926034 9211216 166912 12689882 633628 12672590 633628  12.826 28 
 8.810 10.046 12968274 9211216 166912 12689882 633628 12672590 633628  12.872 28 
 8.833 9.977 13010516 9211216 166912 12689882 633628 12672590 633628  12.894 28 
 8.810 10.057 13052758 9211216 166912 12689882 633628 12672590 633628  12.952 28 
 8.902 10.000 13094998 9211216 166912 12689882 633628 12672590 633628  12.953 28 
 8.867 10.023 13137240 9211216 166912 12689882 633628 12672590 633628  12.977 28 
 8.867 10.057 13179480 9211216 166912 12689882 633628 12672590 633628  13.035 28 
 8.867 10.046 13221720 9211216 166912 12689882 633628 12672590 633628  13.081 28 
 8.902 10.046 13263962 9211216 166912 12689882 633628 12672590 633628  13.128 28 
 8.867 10.057 13306206 9211216 166912 13323496 633614 13306206 633616  13.186 29 
 8.890 10.080 13348444 9211216 166912 13323496 633614 13306206 633616  13.267 29 
 8.856 10.057 13390686 9211216 166912 13323496 633614 13306206 633616  13.325 29 
 8.867 10.069 13432930 9211216 166912 13323496 633614 13306206 633616  13.394 29 
 8.867 10.069 13475172 9211216 166912 13323496 633614 13306206 633616  13.464 29 
 8.867 10.057 13517414 9211216 166912 13323496 633614 13306206 633616  13.522 29 
 8.867 10.057 13559656 9211216 166912 13323496 633614 13306206 633616  13.580 29 
 8.822 10.035 13601898 9211216 166912 13323496 633614 13306206 633616  13.615 29 
 8.856 10.103 13644140 9211216 166912 13323496 633614 13306206 633616  13.719 29 
 8.845 10.103 13686382 9211216 166912 13323496 633614 13306206 633616  13.822 29 
 8.810 10.057 13728624 9211216 166912 13323496 633614 13306206 633616  13.880 29 
 8.833 10.057 13770866 9211216 166912 13323496 633614 13306206 633616  13.938 29 
 8.822 10.057 13813108 9211216 166912 13323496 633614 13306206 633616  13.996 29 
 8.845 10.012 13855350 9211216 166912 13323496 633614 13306206 633616  14.009 29 
 8.810 10.080 13897592 9211216 166912 13323496 633614 13306206 633616  14.089 29 
 8.833 10.046 13939832 9211216 166912 13957122 633626 13939832 633626  14.136 30 
 8.822 10.069 13982074 9211216 166912 13957122 633626 13939832 633626  14.205 30 
 8.764 10.069 14024316 9211216 166912 13957122 633626 13939832 633626  14.275 30 
 8.810 10.057 14066558 9211216 166912 13957122 633626 13939832 633626  14.333 30 
 8.776 10.092 14108800 9211216 166912 13957122 633626 13939832 633626  14.425 30 
 8.764 10.046 14151042 9211216 166912 13957122 633626 13939832 633626  14.472 30 
 8.833 10.069 14193284 9211216 166912 13957122 633626 13939832 633626  14.541 30 
 8.822 10.046 14235524 9211216 166912 13957122 633626 13939832 633626  14.588 30 
 8.810 10.046 14277766 9211216 166912 13957122 633626 13939832 633626  14.634 30 
 8.730 10.103 14320006 9211216 166912 13957122 633626 13939832 633626  14.738 30 
 8.799 10.023 14362248 9211216 166912 13957122 633626 13939832 633626  14.762 30 
 8.810 10.046 14404490 9211216 166912 13957122 633626 13939832 633626  14.808 30 
 8.787 10.046 14446730 9211216 166912 13957122 633626 13939832 633626  14.855 30 
 8.764 10.080 14488972 9211216 166912 13957122 633626 13939832 633626  14.936 30 
 8.810 10.046 14531214 9211216 166912 13957122 633626 13939832 633626  14.982 30 
 8.719 10.092 14573456 9211216 166912 14590748 633626 14573456 633624  15.074 31 
 8.810 10.046 14615694 9211216 166912 14590748 633626 14573456 633624  15.121 31 
 8.753 10.092 14657936 9211216 166912 14590748 633626 14573456 633624  15.213 31 
 8.799 10.092 14700178 9211216 166912 14590748 633626 14573456 633624  15.306 31 
 8.810 10.092 14742418 9211216 166912 14590748 633626 14573456 633624  15.398 31 
