Thread[Thread-1,5,main] 7.586 4.908 0 0 0 13388 13388 0 0  5.091 1 
 9.005 5.091 42258 0 0 55642 42254 42258 42258  9.999 2 
 10.492 5.343 84432 0 0 55642 42254 42258 42258  14.655 2 
 11.511 5.606 126676 0 0 55642 42254 42258 42258  19.048 2 
 12.895 5.858 168918 0 0 55642 42254 42258 42258  23.190 2 
 14.337 6.110 211158 0 0 228450 172808 211158 168900  27.079 3 
 15.264 6.339 253400 0 0 228450 172808 211158 168900  30.740 3 
 16.225 6.545 295642 0 0 228450 172808 211158 168900  34.195 3 
 17.152 6.785 337884 0 0 228450 172808 211158 168900  37.410 3 
 18.010 6.991 380128 0 0 393576 165126 380128 168970  40.418 4 
 18.250 7.140 422368 0 0 393576 165126 380128 168970  43.278 4 
 18.479 7.300 464612 0 0 393576 165126 380128 168970  45.978 4 
 18.800 7.517 506854 0 0 393576 165126 380128 168970  48.460 4 
 19.017 7.712 549096 0 0 393576 165126 380128 168970  50.748 4 
 19.475 7.918 591338 0 0 393576 165126 380128 168970  52.829 4 
 19.669 8.181 633580 0 0 393576 165126 380128 168970  54.648 4 
 19.898 8.410 675822 0 0 393576 165126 380128 168970  56.238 4 
 20.127 8.593 718064 0 0 393576 165126 380128 168970  57.644 4 
 20.310 8.822 760306 0 0 777600 384024 760306 380178  58.822 5 
 19.429 9.039 802548 0 0 777600 384024 760306 380178  59.783 5 
 18.788 9.245 844790 0 0 777600 384024 760306 380178  60.537 5 
 18.285 9.462 887032 0 0 777600 384024 760306 380178  61.074 5 
 17.781 9.600 929274 0 0 777600 384024 760306 380178  61.474 5 
 17.289 9.771 971516 0 0 777600 384024 760306 380178  61.702 5 
 16.820 9.920 1013758 0 0 777600 384024 760306 380178  61.781 5 
 16.328 10.000 1056002 0 0 777600 384024 760306 380178  61.782 5 
 15.870 10.115 1098244 0 0 777600 384024 760306 380178  61.897 5 
 15.447 10.160 1140486 0 0 777600 384024 760306 380178  62.058 5 
 15.035 10.218 1182726 0 0 777600 384024 760306 380178  62.276 5 
 14.623 10.275 1224970 0 0 777600 384024 760306 380178  62.552 5 
 14.223 10.298 1267210 0 0 777600 384024 760306 380178  62.850 5 
 13.845 10.286 1309452 0 0 777600 384024 760306 380178  63.137 5 
 13.490 10.321 1351694 0 0 777600 384024 760306 380178  63.458 5 
 13.136 10.263 1393938 0 0 1411228 633628 1393938 633632  63.722 6 
 13.090 10.241 1436180 1438618 27390 1411228 633628 1393938 633632  63.963 7 
 13.055 10.229 1478422 1438618 27390 1411228 633628 1393938 633632  64.193 7 
 13.021 10.195 1520664 1438618 27390 1411228 633628 1393938 633632  64.388 7 
 12.987 10.160 1562906 1438618 27390 1411228 633628 1393938 633632  64.549 7 
 12.952 10.115 1605148 1438618 27390 1411228 633628 1393938 633632  64.664 7 
 12.930 10.092 1647390 1438618 27390 1411228 633628 1393938 633632  64.756 7 
 12.941 10.057 1689634 1438618 27390 1706922 268304 1689634 295696  64.814 8 
 13.010 10.023 1731876 1438618 27390 1706922 268304 1689634 295696  64.838 8 
 13.055 10.012 1774118 1438618 27390 1706922 268304 1689634 295696  64.850 8 
 13.078 9.966 1816360 1438618 27390 1706922 268304 1689634 295696  64.884 8 
 13.124 9.966 1858602 1438618 27390 1706922 268304 1689634 295696  64.917 8 
 13.170 9.955 1900844 1438618 27390 1706922 268304 1689634 295696  64.962 8 
 13.216 9.955 1943086 1438618 27390 1706922 268304 1689634 295696  65.007 8 
 13.261 9.920 1985328 1438618 27390 1706922 268304 1689634 295696  65.087 8 
 13.341 9.909 2027572 1438618 27390 2044862 337940 2027572 337938  65.178 9 
 13.341 9.897 2069812 1438618 27390 2044862 337940 2027572 337938  65.280 9 
 13.422 9.920 2112054 1438618 27390 2044862 337940 2027572 337938  65.359 9 
 13.444 9.863 2154296 1438618 27390 2044862 337940 2027572 337938  65.496 9 
 13.490 9.909 2196538 1438618 27390 2044862 337940 2027572 337938  65.586 9 
 13.536 9.886 2238780 1438618 27390 2044862 337940 2027572 337938  65.700 9 
 13.582 9.909 2281022 1438618 27390 2044862 337940 2027572 337938  65.791 9 
 13.616 9.909 2323264 1438618 27390 2044862 337940 2027572 337938  65.882 9 
 13.673 9.920 2365506 1438618 27390 2044862 337940 2027572 337938  65.961 9 
 13.708 9.920 2407750 1438618 27390 2044862 337940 2027572 337938  66.040 9 
 13.753 9.932 2449992 1438618 27390 2044862 337940 2027572 337938  66.108 9 
 13.799 9.920 2492234 1438618 27390 2044862 337940 2027572 337938  66.187 9 
 13.856 9.943 2534476 1438618 27390 2044862 337940 2027572 337938  66.244 9 
 13.891 9.943 2576720 1438618 27390 2594008 549146 2576720 549148  66.300 10 
 13.845 9.966 2618958 1438618 27390 2594008 549146 2576720 549148  66.334 10 
 13.799 9.966 2661200 1438618 27390 2594008 549146 2576720 549148  66.367 10 
 13.765 9.966 2703442 1438618 27390 2594008 549146 2576720 549148  66.401 10 
 13.719 9.966 2745686 2748168 154160 2594008 549146 2576720 549148  66.434 11 
 13.719 10.000 2787928 2748168 154160 2594008 549146 2576720 549148  66.435 11 
 13.673 9.977 2830170 2748168 154160 2594008 549146 2576720 549148  66.457 11 
 13.662 10.000 2872412 2874974 126806 2594008 549146 2576720 549148  66.458 12 
 13.616 9.966 2914654 2874974 126806 2594008 549146 2576720 549148  66.492 12 
 13.593 10.023 2956896 2874974 126806 2594008 549146 2576720 549148  66.515 12 
 13.593 10.012 2999136 2874974 126806 2594008 549146 2576720 549148  66.528 12 
 13.570 10.012 3041378 2874974 126806 2594008 549146 2576720 549148  66.540 12 
 13.536 10.012 3083620 3086200 211226 2594008 549146 2576720 549148  66.552 13 
 13.536 9.989 3125862 3086200 211226 2594008 549146 2576720 549148  66.563 13 
 13.525 10.000 3168104 3086200 211226 3185394 99194 3168104 591384  66.563 14 
 13.525 9.989 3210346 3086200 211226 3185394 99194 3168104 591384  66.574 14 
 13.525 9.966 3252588 3086200 211226 3185394 99194 3168104 591384  66.608 14 
 13.525 9.955 3294828 3086200 211226 3185394 99194 3168104 591384  66.653 14 
 13.525 9.966 3337068 3086200 211226 3185394 99194 3168104 591384  66.686 14 
 13.525 9.977 3379308 3086200 211226 3185394 99194 3168104 591384  66.708 14 
 13.525 9.966 3421552 3086200 211226 3185394 99194 3168104 591384  66.742 14 
 13.536 9.943 3463794 3086200 211226 3185394 99194 3168104 591384  66.798 14 
 13.502 9.955 3506036 3086200 211226 3185394 99194 3168104 591384  66.843 14 
 13.525 9.955 3548278 3086200 211226 3185394 99194 3168104 591384  66.888 14 
 13.525 9.909 3590520 3086200 211226 3185394 99194 3168104 591384  66.979 14 
 13.547 9.932 3632762 3086200 211226 3185394 99194 3168104 591384  67.047 14 
 13.525 9.966 3675006 3086200 211226 3688454 503060 3675006 506902  67.080 15 
 13.570 9.977 3717248 3086200 211226 3688454 503060 3675006 506902  67.103 15 
 13.570 9.932 3759490 3086200 211226 3688454 503060 3675006 506902  67.170 15 
 13.570 9.966 3801732 3086200 211226 3688454 503060 3675006 506902  67.204 15 
 13.582 9.943 3843974 3086200 211226 3688454 503060 3675006 506902  67.260 15 
 13.616 9.955 3886216 3086200 211226 3688454 503060 3675006 506902  67.305 15 
 13.616 9.920 3928458 3086200 211226 3688454 503060 3675006 506902  67.385 15 
 13.650 9.955 3970700 3086200 211226 3688454 503060 3675006 506902  67.430 15 
 13.673 9.943 4012942 3086200 211226 3688454 503060 3675006 506902  67.486 15 
 13.673 9.966 4055186 3086200 211226 3688454 503060 3675006 506902  67.520 15 
 13.685 9.920 4097428 3086200 211226 3688454 503060 3675006 506902  67.599 15 
 13.673 9.989 4139670 3086200 211226 3688454 503060 3675006 506902  67.610 15 
 13.708 9.955 4181912 3086200 211226 3688454 503060 3675006 506902  67.655 15 
 13.708 9.955 4224154 3086200 211226 4241446 552992 4224154 549148  67.700 16 
 13.708 9.955 4266396 3086200 211226 4241446 552992 4224154 549148  67.745 16 
 13.685 9.989 4308638 3086200 211226 4241446 552992 4224154 549148  67.755 16 
 13.673 9.966 4350880 3086200 211226 4241446 552992 4224154 549148  67.789 16 
 13.673 9.977 4393124 3086200 211226 4241446 552992 4224154 549148  67.811 16 
 13.673 9.977 4435366 3086200 211226 4241446 552992 4224154 549148  67.833 16 
 13.673 9.977 4477608 3086200 211226 4241446 552992 4224154 549148  67.855 16 
 13.662 9.966 4519850 3086200 211226 4241446 552992 4224154 549148  67.889 16 
 13.662 9.966 4562092 3086200 211226 4241446 552992 4224154 549148  67.922 16 
 13.628 9.966 4604334 4612854 371408 4241446 552992 4224154 549148  67.956 17 
 13.628 10.000 4646576 4612854 371408 4241446 552992 4224154 549148  67.957 17 
 13.628 9.977 4688820 4612854 371408 4241446 552992 4224154 549148  67.979 17 
 13.628 9.989 4731060 4612854 371408 4241446 552992 4224154 549148  67.989 17 
 13.628 9.977 4773302 4612854 371408 4790594 177740 4773302 549148  68.012 18 
 13.628 10.000 4815544 4612854 371408 4790594 177740 4773302 549148  68.012 18 
 13.616 9.966 4857786 4612854 371408 4790594 177740 4773302 549148  68.046 18 
 13.616 9.955 4900028 4612854 371408 4790594 177740 4773302 549148  68.091 18 
 13.616 9.955 4942268 4612854 371408 4790594 177740 4773302 549148  68.136 18 
 13.628 9.989 4984512 4612854 371408 4790594 177740 4773302 549148  68.147 18 
 13.616 9.966 5026754 4612854 371408 4790594 177740 4773302 549148  68.180 18 
 13.628 9.966 5068996 4612854 371408 4790594 177740 4773302 549148  68.214 18 
 13.616 9.966 5111238 4612854 371408 4790594 177740 4773302 549148  68.247 18 
 13.628 9.955 5153480 4612854 371408 4790594 177740 4773302 549148  68.292 18 
 13.616 9.955 5195722 4612854 371408 4790594 177740 4773302 549148  68.337 18 
 13.616 10.000 5237964 4612854 371408 4790594 177740 4773302 549148  68.338 18 
 13.628 9.977 5280206 4612854 371408 4790594 177740 4773302 549148  68.360 18 
 13.628 9.966 5322446 4612854 371408 5339738 549144 5322446 549144  68.394 19 
 13.628 9.955 5364690 4612854 371408 5339738 549144 5322446 549144  68.439 19 
 13.650 9.989 5406932 4612854 371408 5339738 549144 5322446 549144  68.449 19 
 13.639 9.955 5449174 4612854 371408 5339738 549144 5322446 549144  68.494 19 
 13.662 9.989 5491414 4612854 371408 5339738 549144 5322446 549144  68.505 19 
 13.662 9.966 5533656 4612854 371408 5339738 549144 5322446 549144  68.539 19 
 13.662 9.943 5575898 4612854 371408 5339738 549144 5322446 549144  68.595 19 
 13.662 9.989 5618140 4612854 371408 5339738 549144 5322446 549144  68.606 19 
 13.673 9.989 5660382 4612854 371408 5339738 549144 5322446 549144  68.616 19 
 13.662 9.955 5702626 4612854 371408 5339738 549144 5322446 549144  68.661 19 
 13.673 10.012 5744868 4612854 371408 5339738 549144 5322446 549144  68.673 19 
 13.662 10.000 5787110 4612854 371408 5339738 549144 5322446 549144  68.674 19 
 13.673 10.000 5829352 4612854 371408 5339738 549144 5322446 549144  68.675 19 
 13.673 9.989 5871594 4612854 371408 5885046 545308 5871594 549148  68.686 20 
 13.662 10.012 5913836 4612854 371408 5885046 545308 5871594 549148  68.698 20 
 13.628 10.000 5956078 4612854 371408 5885046 545308 5871594 549148  68.699 20 
 13.628 10.046 5998320 4612854 371408 5885046 545308 5871594 549148  68.745 20 
 13.616 10.012 6040564 6043124 158078 5885046 545308 5871594 549148  68.757 21 
 13.616 10.046 6082806 6043124 158078 5885046 545308 5871594 549148  68.804 21 
 13.582 10.012 6125048 6043124 158078 5885046 545308 5871594 549148  68.816 21 
 13.570 10.023 6167290 6043124 158078 5885046 545308 5871594 549148  68.840 21 
 13.525 10.000 6209532 6043124 158078 5885046 545308 5871594 549148  68.841 21 
 13.536 10.000 6251774 6043124 158078 5885046 545308 5871594 549148  68.841 21 
 13.536 10.012 6294018 6043124 158078 5885046 545308 5871594 549148  68.854 21 
 13.525 10.000 6336260 6043124 158078 5885046 545308 5871594 549148  68.854 21 
 13.536 10.000 6378502 6043124 158078 5885046 545308 5871594 549148  68.855 21 
 13.525 10.012 6420744 6043124 158078 6438034 394910 6420744 549150  68.867 22 
 13.490 9.977 6462986 6043124 158078 6438034 394910 6420744 549150  68.890 22 
 13.525 10.000 6505228 6043124 158078 6438034 394910 6420744 549150  68.890 22 
 13.525 10.012 6547470 6043124 158078 6438034 394910 6420744 549150  68.903 22 
 13.525 10.000 6589712 6043124 158078 6438034 394910 6420744 549150  68.903 22 
 13.490 10.000 6631954 6043124 158078 6438034 394910 6420744 549150  68.904 22 
 13.525 10.000 6674196 6043124 158078 6438034 394910 6420744 549150  68.905 22 
 13.525 9.966 6716440 6043124 158078 6438034 394910 6420744 549150  68.938 22 
 13.536 10.000 6758682 6043124 158078 6438034 394910 6420744 549150  68.939 22 
 13.536 9.989 6800924 6043124 158078 6438034 394910 6420744 549150  68.950 22 
 13.525 10.000 6843166 6043124 158078 6438034 394910 6420744 549150  68.951 22 
 13.536 9.966 6885408 6043124 158078 6438034 394910 6420744 549150  68.984 22 
 13.536 10.000 6927652 6043124 158078 6944942 506908 6927652 506908  68.985 23 
 13.547 9.977 6969892 6043124 158078 6944942 506908 6927652 506908  69.007 23 
 13.570 9.989 7012136 6043124 158078 6944942 506908 6927652 506908  69.018 23 
 13.582 10.012 7054378 6043124 158078 6944942 506908 6927652 506908  69.030 23 
 13.616 10.012 7096620 6043124 158078 6944942 506908 6927652 506908  69.042 23 
 13.616 10.000 7138862 6043124 158078 6944942 506908 6927652 506908  69.043 23 
 13.628 10.046 7181104 6043124 158078 6944942 506908 6927652 506908  69.090 23 
 13.628 10.012 7223346 6043124 158078 6944942 506908 6927652 506908  69.102 23 
 13.662 10.046 7265588 6043124 158078 6944942 506908 6927652 506908  69.148 23 
 13.639 10.012 7307832 6043124 158078 6944942 506908 6927652 506908  69.161 23 
 13.673 10.012 7350074 6043124 158078 6944942 506908 6927652 506908  69.173 23 
 13.673 10.000 7392316 6043124 158078 6944942 506908 6927652 506908  69.174 23 
 13.708 10.046 7434558 6043124 158078 6944942 506908 6927652 506908  69.220 23 
 13.673 10.012 7476800 6043124 158078 7494092 549150 7476800 549148  69.232 24 
 13.662 10.012 7519042 6043124 158078 7494092 549150 7476800 549148  69.245 24 
 13.628 10.012 7561284 6043124 158078 7494092 549150 7476800 549148  69.257 24 
 13.628 10.023 7603526 7610072 115980 7494092 549150 7476800 549148  69.280 25 
 13.616 10.046 7645768 7610072 115980 7494092 549150 7476800 549148  69.327 25 
 13.582 10.000 7688012 7610072 115980 7494092 549150 7476800 549148  69.328 25 
 13.570 10.035 7730254 7610072 115980 7494092 549150 7476800 549148  69.363 25 
 13.525 10.046 7772496 7610072 115980 7494092 549150 7476800 549148  69.409 25 
 13.525 10.023 7814738 7610072 115980 7494092 549150 7476800 549148  69.433 25 
 13.490 10.046 7856980 7859426 249354 7494092 549150 7476800 549148  69.480 26 
 13.490 10.023 7899222 7859426 249354 7494092 549150 7476800 549148  69.503 26 
 13.490 10.012 7941464 7859426 249354 7494092 549150 7476800 549148  69.516 26 
 13.479 10.035 7983708 7859426 249354 8000998 141572 7983708 506908  69.551 27 
 13.513 10.012 8025950 7859426 249354 8000998 141572 7983708 506908  69.563 27 
 13.490 9.977 8068192 7859426 249354 8000998 141572 7983708 506908  69.585 27 
 13.502 10.012 8110432 7859426 249354 8000998 141572 7983708 506908  69.597 27 
 13.490 10.000 8152674 7859426 249354 8000998 141572 7983708 506908  69.598 27 
 13.490 10.000 8194916 7859426 249354 8000998 141572 7983708 506908  69.599 27 
 13.479 9.989 8237158 7859426 249354 8000998 141572 7983708 506908  69.609 27 
 13.525 10.000 8279400 7859426 249354 8000998 141572 7983708 506908  69.610 27 
 13.490 10.000 8321644 7859426 249354 8000998 141572 7983708 506908  69.611 27 
 13.490 9.977 8363886 7859426 249354 8000998 141572 7983708 506908  69.633 27 
 13.513 9.977 8406128 7859426 249354 8000998 141572 7983708 506908  0.022 27 
 13.536 10.012 8448370 7859426 249354 8000998 141572 7983708 506908  0.034 27 
 13.536 9.955 8490614 7859426 249354 8504064 503066 8490614 506906  0.079 28 
 13.536 10.000 8532854 7859426 249354 8504064 503066 8490614 506906  0.080 28 
 13.525 9.966 8575096 7859426 249354 8504064 503066 8490614 506906  0.113 28 
 13.536 9.966 8617338 7859426 249354 8504064 503066 8490614 506906  0.147 28 
 13.502 9.966 8659582 7859426 249354 8504064 503066 8490614 506906  0.180 28 
 13.536 9.955 8701824 7859426 249354 8504064 503066 8490614 506906  0.225 28 
 13.525 9.966 8744066 7859426 249354 8504064 503066 8490614 506906  0.259 28 
 13.525 9.966 8786308 7859426 249354 8504064 503066 8490614 506906  0.292 28 
 13.525 9.955 8828550 7859426 249354 8504064 503066 8490614 506906  0.337 28 
 13.502 9.966 8870792 7859426 249354 8504064 503066 8490614 506906  0.371 28 
 13.490 9.966 8913034 7859426 249354 8504064 503066 8490614 506906  0.404 28 
 13.490 9.955 8955276 7859426 249354 8504064 503066 8490614 506906  0.449 28 
 13.490 9.920 8997520 7859426 249354 9014812 510748 8997520 506906  0.529 29 
 13.536 9.966 9039762 7859426 249354 9014812 510748 8997520 506906  0.562 29 
 13.582 9.966 9082004 7859426 249354 9014812 510748 8997520 506906  0.596 29 
 13.628 9.955 9124246 7859426 249354 9014812 510748 8997520 506906  0.641 29 
 13.662 9.955 9166488 7859426 249354 9014812 510748 8997520 506906  0.686 29 
 13.696 9.966 9208730 7859426 249354 9014812 510748 8997520 506906  0.719 29 
 13.708 9.932 9250972 7859426 249354 9014812 510748 8997520 506906  0.787 29 
 13.753 9.966 9293214 7859426 249354 9014812 510748 8997520 506906  0.821 29 
 13.765 9.932 9335458 7859426 249354 9014812 510748 8997520 506906  0.889 29 
 13.799 9.966 9377700 7859426 249354 9014812 510748 8997520 506906  0.922 29 
 13.834 9.966 9419942 7859426 249354 9014812 510748 8997520 506906  0.956 29 
 13.845 10.000 9462184 7859426 249354 9014812 510748 8997520 506906  0.957 29 
 13.856 9.955 9504426 7859426 249354 9014812 510748 8997520 506906  1.002 29 
 13.937 10.000 9546668 7859426 249354 9014812 510748 8997520 506906  1.002 29 
 13.902 9.966 9588912 7859426 249354 9606200 591388 9588912 591392  1.036 30 
 13.845 9.989 9631152 7859426 249354 9606200 591388 9588912 591392  1.047 30 
 13.788 10.012 9673396 7859426 249354 9606200 591388 9588912 591392  1.059 30 
 13.753 10.012 9715638 9718160 111960 9606200 591388 9588912 591392  1.071 31 
 13.708 10.000 9757880 9718160 111960 9606200 591388 9588912 591392  1.072 31 
 13.673 10.012 9800122 9718160 111960 9606200 591388 9588912 591392  1.084 31 
 13.639 10.000 9842364 9718160 111960 9606200 591388 9588912 591392  1.085 31 
 13.628 10.012 9884606 9887166 169006 9606200 591388 9588912 591392  1.097 32 
 13.628 9.955 9926848 9887166 169006 9606200 591388 9588912 591392  1.142 32 
 13.582 10.000 9969090 9887166 169006 9606200 591388 9588912 591392  1.143 32 
 13.547 10.000 10011334 9887166 169006 9606200 591388 9588912 591392  1.144 32 
 13.570 10.012 10053576 9887166 169006 9606200 591388 9588912 591392  1.156 32 
 13.525 9.977 10095818 9887166 169006 9606200 591388 9588912 591392  1.178 32 
 13.525 10.000 10138060 9887166 169006 10155350 268184 10138060 549148  1.179 33 
 13.490 9.966 10180302 9887166 169006 10155350 268184 10138060 549148  1.212 33 
 13.525 10.000 10222544 9887166 169006 10155350 268184 10138060 549148  1.213 33 
 13.502 9.989 10264788 9887166 169006 10155350 268184 10138060 549148  1.224 33 
 13.502 9.966 10307030 9887166 169006 10155350 268184 10138060 549148  1.257 33 
 13.490 9.955 10349272 9887166 169006 10155350 268184 10138060 549148  1.302 33 
 13.525 9.989 10391514 9887166 169006 10155350 268184 10138060 549148  1.313 33 
 13.479 9.955 10433756 9887166 169006 10155350 268184 10138060 549148  1.358 33 
 13.502 9.966 10475998 9887166 169006 10155350 268184 10138060 549148  1.391 33 
 13.490 9.920 10518240 9887166 169006 10155350 268184 10138060 549148  1.471 33 
 13.490 9.966 10560482 9887166 169006 10155350 268184 10138060 549148  1.504 33 
 13.479 9.920 10602726 9887166 169006 10155350 268184 10138060 549148  1.584 33 
 13.490 9.955 10644968 9887166 169006 10662258 506908 10644968 506908  1.629 34 
 13.502 9.920 10687210 9887166 169006 10662258 506908 10644968 506908  1.708 34 
 13.536 9.955 10729452 9887166 169006 10662258 506908 10644968 506908  1.753 34 
 13.525 9.920 10771694 9887166 169006 10662258 506908 10644968 506908  1.832 34 
 13.570 9.920 10813936 9887166 169006 10662258 506908 10644968 506908  1.912 34 
 13.570 9.909 10856178 9887166 169006 10662258 506908 10644968 506908  2.002 34 
 13.616 9.909 10898420 9887166 169006 10662258 506908 10644968 506908  2.093 34 
 13.628 9.920 10940664 9887166 169006 10662258 506908 10644968 506908  2.172 34 
 13.628 9.920 10982904 9887166 169006 10662258 506908 10644968 506908  2.252 34 
 13.628 9.920 11025146 9887166 169006 10662258 506908 10644968 506908  2.331 34 
 13.662 9.932 11067388 9887166 169006 10662258 506908 10644968 506908  2.399 34 
 13.673 9.920 11109630 9887166 169006 10662258 506908 10644968 506908  2.478 34 
 13.708 9.932 11151872 9887166 169006 10662258 506908 10644968 506908  2.546 34 
 13.673 9.932 11194116 9887166 169006 11211406 549148 11194116 549148  2.614 35 
 13.719 9.943 11236356 9887166 169006 11211406 549148 11194116 549148  2.670 35 
 13.708 9.920 11278600 9887166 169006 11211406 549148 11194116 549148  2.750 35 
 13.731 9.955 11320842 9887166 169006 11211406 549148 11194116 549148  2.795 35 
 13.719 9.955 11363084 9887166 169006 11211406 549148 11194116 549148  2.840 35 
 13.708 9.966 11405324 9887166 169006 11211406 549148 11194116 549148  2.873 35 
 13.685 9.955 11447566 9887166 169006 11211406 549148 11194116 549148  2.918 35 
 13.708 9.966 11489808 9887166 169006 11211406 549148 11194116 549148  2.952 35 
 13.685 9.977 11532050 9887166 169006 11211406 549148 11194116 549148  2.974 35 
 13.708 9.989 11574292 9887166 169006 11211406 549148 11194116 549148  2.985 35 
 13.673 9.966 11616536 9887166 169006 11211406 549148 11194116 549148  3.018 35 
 13.708 9.955 11658778 9887166 169006 11211406 549148 11194116 549148  3.063 35 
 13.708 9.966 11701020 9887166 169006 11211406 549148 11194116 549148  3.097 35 
 13.708 9.977 11743262 9887166 169006 11760552 549146 11743262 549146  3.119 36 
 13.673 9.966 11785504 9887166 169006 11760552 549146 11743262 549146  3.152 36 
 13.696 10.000 11827746 9887166 169006 11760552 549146 11743262 549146  3.153 36 
 13.662 10.000 11869990 9887166 169006 11760552 549146 11743262 549146  3.154 36 
 13.673 10.000 11912230 9887166 169006 11760552 549146 11743262 549146  3.155 36 
 13.628 9.966 11954474 9887166 169006 11760552 549146 11743262 549146  3.188 36 
 13.650 10.000 11996716 9887166 169006 11760552 549146 11743262 549146  3.189 36 
 13.628 10.000 12038956 9887166 169006 11760552 549146 11743262 549146  3.190 36 
 13.628 10.012 12081200 12089824 329272 11760552 549146 11743262 549146  3.202 37 
 13.616 9.966 12123442 12089824 329272 11760552 549146 11743262 549146  3.236 37 
 13.616 10.012 12165684 12089824 329272 11760552 549146 11743262 549146  3.248 37 
 13.616 10.000 12207926 12089824 329272 11760552 549146 11743262 549146  3.249 37 
 13.616 10.000 12250168 12089824 329272 11760552 549146 11743262 549146  3.249 37 
 13.616 10.012 12292412 12089824 329272 12309700 219876 12292412 549150  3.262 38 
 13.616 10.012 12334654 12089824 329272 12309700 219876 12292412 549150  3.274 38 
 13.570 10.000 12376896 12089824 329272 12309700 219876 12292412 549150  3.275 38 
 13.628 10.012 12419138 12089824 329272 12309700 219876 12292412 549150  3.287 38 
 13.570 9.966 12461380 12089824 329272 12309700 219876 12292412 549150  3.320 38 
 13.582 10.000 12503622 12089824 329272 12309700 219876 12292412 549150  3.321 38 
 13.570 9.977 12545864 12089824 329272 12309700 219876 12292412 549150  3.343 38 
 13.570 9.966 12588106 12089824 329272 12309700 219876 12292412 549150  3.377 38 
 13.570 9.989 12630350 12089824 329272 12309700 219876 12292412 549150  3.387 38 
 13.570 9.989 12672592 12089824 329272 12309700 219876 12292412 549150  3.398 38 
 13.570 9.989 12714834 12089824 329272 12309700 219876 12292412 549150  3.409 38 
 13.570 9.966 12757076 12089824 329272 12309700 219876 12292412 549150  3.442 38 
 13.570 9.966 12799318 12089824 329272 12816610 506910 12799318 506906  3.476 39 
 13.582 9.966 12841560 12089824 329272 12816610 506910 12799318 506906  3.509 39 
 13.582 9.955 12883802 12089824 329272 12816610 506910 12799318 506906  3.554 39 
 13.582 9.955 12926044 12089824 329272 12816610 506910 12799318 506906  3.599 39 
 13.593 9.955 12968288 12089824 329272 12816610 506910 12799318 506906  3.644 39 
 13.605 9.955 13010528 12089824 329272 12816610 506910 12799318 506906  3.689 39 
 13.616 9.966 13052770 12089824 329272 12816610 506910 12799318 506906  3.723 39 
 13.662 9.966 13095012 12089824 329272 12816610 506910 12799318 506906  3.756 39 
 13.628 9.955 13137254 12089824 329272 12816610 506910 12799318 506906  3.801 39 
 13.650 9.955 13179496 12089824 329272 12816610 506910 12799318 506906  3.846 39 
 13.628 9.966 13221738 12089824 329272 12816610 506910 12799318 506906  3.880 39 
 13.662 9.955 13263980 12089824 329272 12816610 506910 12799318 506906  3.925 39 
 13.662 9.966 13306224 12089824 329272 12816610 506910 12799318 506906  3.959 39 
 13.673 9.966 13348466 12089824 329272 13365756 549146 13348466 549148  3.992 40 
 13.662 9.966 13390708 12089824 329272 13365756 549146 13348466 549148  4.026 40 
 13.673 9.966 13432950 12089824 329272 13365756 549146 13348466 549148  4.059 40 
 13.628 9.977 13475192 12089824 329272 13365756 549146 13348466 549148  4.081 40 
 13.673 9.977 13517434 12089824 329272 13365756 549146 13348466 549148  4.103 40 
 13.650 9.966 13559676 12089824 329272 13365756 549146 13348466 549148  4.137 40 
 13.673 9.966 13601918 12089824 329272 13365756 549146 13348466 549148  4.170 40 
 13.662 9.966 13644162 12089824 329272 13365756 549146 13348466 549148  4.204 40 
 13.673 10.000 13686404 12089824 329272 13365756 549146 13348466 549148  4.205 40 
 13.662 9.977 13728646 12089824 329272 13365756 549146 13348466 549148  4.227 40 
 13.673 9.989 13770888 12089824 329272 13365756 549146 13348466 549148  4.238 40 
 13.673 9.966 13813130 12089824 329272 13365756 549146 13348466 549148  4.271 40 
 13.673 9.989 13855370 12089824 329272 13365756 549146 13348466 549148  4.282 40 
 13.662 9.977 13897614 12089824 329272 13914904 549148 13897614 549148  4.304 41 
 13.662 10.000 13939854 12089824 329272 13914904 549148 13897614 549148  4.305 41 
 13.639 9.966 13982098 12089824 329272 13914904 549148 13897614 549148  4.338 41 
 13.662 9.966 14024340 12089824 329272 13914904 549148 13897614 549148  4.372 41 
 13.673 9.989 14066582 12089824 329272 13914904 549148 13897614 549148  4.382 41 
 13.662 9.989 14108824 12089824 329272 13914904 549148 13897614 549148  4.393 41 
 13.616 9.989 14151066 12089824 329272 13914904 549148 13897614 549148  4.404 41 
 13.628 10.000 14193308 12089824 329272 13914904 549148 13897614 549148  4.405 41 
 13.616 9.977 14235550 12089824 329272 13914904 549148 13897614 549148  4.427 41 
 13.616 9.977 14277794 12089824 329272 13914904 549148 13897614 549148  4.449 41 
 13.616 9.955 14320036 14324584 409680 13914904 549148 13897614 549148  4.494 42 
 13.662 9.955 14362278 14324584 409680 13914904 549148 13897614 549148  4.539 42 
 13.616 9.955 14404520 14324584 409680 14421812 97228 14404520 506906  4.584 43 
 13.628 9.966 14446762 14324584 409680 14421812 97228 14404520 506906  4.617 43 
 13.628 9.955 14489004 14324584 409680 14421812 97228 14404520 506906  4.662 43 
 13.662 9.966 14531248 14324584 409680 14421812 97228 14404520 506906  4.696 43 
 13.662 10.000 14573488 14324584 409680 14421812 97228 14404520 506906  4.697 43 
 13.673 9.989 14615732 14324584 409680 14421812 97228 14404520 506906  4.707 43 
 13.685 9.955 14657974 14324584 409680 14421812 97228 14404520 506906  4.752 43 
 13.708 9.955 14700214 14324584 409680 14421812 97228 14404520 506906  4.797 43 
 13.708 9.966 14742458 14324584 409680 14421812 97228 14404520 506906  4.831 43 
 13.719 9.955 14784700 14324584 409680 14421812 97228 14404520 506906  4.876 43 
 13.708 9.966 14826942 14324584 409680 14421812 97228 14404520 506906  4.909 43 
 13.719 10.000 14869184 14324584 409680 14421812 97228 14404520 506906  4.910 43 
 13.753 10.012 14911426 14324584 409680 14421812 97228 14404520 506906  4.922 43 
 13.753 10.012 14953666 14324584 409680 14970956 549144 14953666 549146  4.935 44 
 13.696 9.966 14995910 14324584 409680 14970956 549144 14953666 549146  4.968 44 
 13.685 10.012 15038152 14324584 409680 14970956 549144 14953666 549146  4.980 44 
 13.673 9.977 15080394 14324584 409680 14970956 549144 14953666 549146  5.002 44 
 13.662 10.000 15122636 14324584 409680 14970956 549144 14953666 549146  5.003 44 
 13.639 9.955 15164878 14324584 409680 14970956 549144 14953666 549146  5.048 44 
 13.628 10.000 15207120 14324584 409680 14970956 549144 14953666 549146  5.049 44 
 13.605 9.966 15249362 15253848 282892 14970956 549144 14953666 549146  5.083 45 
 13.628 9.966 15291606 15253848 282892 14970956 549144 14953666 549146  5.116 45 
 13.616 9.932 15333848 15253848 282892 14970956 549144 14953666 549146  5.184 45 
 13.616 9.955 15376090 15253848 282892 14970956 549144 14953666 549146  5.229 45 
 13.628 9.955 15418332 15253848 282892 14970956 549144 14953666 549146  5.274 45 
 13.628 9.966 15460574 15253848 282892 14970956 549144 14953666 549146  5.308 45 
 13.628 9.966 15502818 15253848 282892 15520108 266260 15502818 549152  5.341 46 
 13.650 9.966 15545058 15253848 282892 15520108 266260 15502818 549152  5.375 46 
 13.639 9.955 15587300 15253848 282892 15520108 266260 15502818 549152  5.420 46 
 13.673 9.966 15629544 15253848 282892 15520108 266260 15502818 549152  5.453 46 
 13.673 9.955 15671786 15253848 282892 15520108 266260 15502818 549152  5.498 46 
 13.685 9.966 15714028 15253848 282892 15520108 266260 15502818 549152  5.532 46 
 13.673 9.966 15756270 15253848 282892 15520108 266260 15502818 549152  5.565 46 
 13.696 9.955 15798512 15253848 282892 15520108 266260 15502818 549152  5.610 46 
 13.708 9.920 15840754 15253848 282892 15520108 266260 15502818 549152  5.690 46 
 13.708 9.977 15882996 15253848 282892 15520108 266260 15502818 549152  5.712 46 
 13.708 9.966 15925238 15253848 282892 15520108 266260 15502818 549152  5.745 46 
 13.742 9.955 15967482 15253848 282892 15520108 266260 15502818 549152  5.790 46 
 13.719 9.955 16009724 15253848 282892 15520108 266260 15502818 549152  5.835 46 
 13.719 9.977 16051966 15253848 282892 16069256 549148 16051966 549148  5.857 47 
 13.685 9.966 16094208 15253848 282892 16069256 549148 16051966 549148  5.891 47 
 13.708 9.955 16136450 15253848 282892 16069256 549148 16051966 549148  5.936 47 
 13.673 9.955 16178692 15253848 282892 16069256 549148 16051966 549148  5.981 47 
 13.708 9.966 16220934 15253848 282892 16069256 549148 16051966 549148  6.014 47 
 13.662 9.932 16263176 15253848 282892 16069256 549148 16051966 549148  6.082 47 
 13.685 9.966 16305418 15253848 282892 16069256 549148 16051966 549148  6.116 47 
 13.662 9.977 16347662 15253848 282892 16069256 549148 16051966 549148  6.138 47 
 13.673 9.920 16389904 15253848 282892 16069256 549148 16051966 549148  6.217 47 
 13.662 9.966 16432146 15253848 282892 16069256 549148 16051966 549148  6.251 47 
 13.673 9.966 16474388 15253848 282892 16069256 549148 16051966 549148  6.284 47 
 13.662 9.966 16516630 16519084 449828 16069256 549148 16051966 549148  6.318 48 
 13.662 9.955 16558872 16519084 449828 16069256 549148 16051966 549148  6.363 48 
 13.662 9.966 16601116 16519084 449828 16618404 99320 16601116 549150  6.396 49 
 13.685 9.966 16643358 16519084 449828 16618404 99320 16601116 549150  6.430 49 
 13.708 9.955 16685600 16519084 449828 16618404 99320 16601116 549150  6.475 49 
 13.685 9.966 16727842 16519084 449828 16618404 99320 16601116 549150  6.509 49 
 13.708 9.966 16770084 16519084 449828 16618404 99320 16601116 549150  6.542 49 
 13.719 9.955 16812326 16519084 449828 16618404 99320 16601116 549150  6.587 49 
 13.731 9.989 16854568 16519084 449828 16618404 99320 16601116 549150  6.598 49 
 13.753 9.966 16896810 16519084 449828 16618404 99320 16601116 549150  6.631 49 
 13.731 9.932 16939054 16519084 449828 16618404 99320 16601116 549150  6.699 49 
 13.753 9.955 16981296 16519084 449828 16618404 99320 16601116 549150  6.744 49 
 13.753 9.955 17023538 16519084 449828 16618404 99320 16601116 549150  6.789 49 
 13.765 9.989 17065780 16519084 449828 16618404 99320 16601116 549150  6.800 49 
 13.765 9.966 17108022 16519084 449828 16618404 99320 16601116 549150  6.833 49 
 13.799 10.012 17150264 16519084 449828 17167556 549152 17150264 549148  6.846 50 
 13.753 10.000 17192506 16519084 449828 17167556 549152 17150264 549148  6.846 50 
 13.719 10.012 17234748 16519084 449828 17167556 549152 17150264 549148  6.859 50 
 13.708 9.966 17276992 16519084 449828 17167556 549152 17150264 549148  6.892 50 
 13.708 10.000 17319234 16519084 449828 17167556 549152 17150264 549148  6.893 50 
 13.673 10.000 17361476 16519084 449828 17167556 549152 17150264 549148  6.894 50 
 13.662 10.000 17403718 17412320 244764 17167556 549152 17150264 549148  6.894 51 
 13.662 9.989 17445960 17412320 244764 17167556 549152 17150264 549148  6.905 51 
 13.628 9.977 17488202 17412320 244764 17167556 549152 17150264 549148  6.927 51 
 13.582 9.966 17530444 17412320 244764 17167556 549152 17150264 549148  6.961 51 
 13.582 9.989 17572686 17412320 244764 17167556 549152 17150264 549148  6.971 51 
 13.570 9.966 17614928 17412320 244764 17167556 549152 17150264 549148  7.005 51 
 13.570 9.989 17657172 17665802 253482 17167556 549152 17150264 549148  7.016 52 
 13.559 9.955 17699414 17665802 253482 17716704 50902 17699414 549150  7.061 53 
 13.582 9.966 17741656 17665802 253482 17716704 50902 17699414 549150  7.094 53 
 13.616 9.977 17783898 17665802 253482 17716704 50902 17699414 549150  7.116 53 
 13.628 9.977 17826140 17665802 253482 17716704 50902 17699414 549150  7.138 53 
 13.650 10.000 17868382 17665802 253482 17716704 50902 17699414 549150  7.139 53 
 13.708 9.966 17910624 17665802 253482 17716704 50902 17699414 549150  7.173 53 
 13.719 9.966 17952868 17665802 253482 17716704 50902 17699414 549150  7.206 53 
 13.753 9.977 17995110 17665802 253482 17716704 50902 17699414 549150  7.228 53 
 13.765 10.000 18037352 17665802 253482 17716704 50902 17699414 549150  7.229 53 
 13.765 10.012 18079594 17665802 253482 17716704 50902 17699414 549150  7.241 53 
 13.776 10.000 18121836 17665802 253482 17716704 50902 17699414 549150  7.242 53 
 13.811 10.046 18164078 17665802 253482 17716704 50902 17699414 549150  7.289 53 
 13.811 10.000 18206320 17665802 253482 17716704 50902 17699414 549150  7.290 53 
 13.845 10.023 18248564 17665802 253482 18265854 549150 18248564 549150  7.313 54 
 13.776 10.000 18290804 17665802 253482 18265854 549150 18248564 549150  7.314 54 
 13.753 10.035 18333048 17665802 253482 18265854 549150 18248564 549150  7.349 54 
 13.708 10.046 18375290 17665802 253482 18265854 549150 18248564 549150  7.396 54 
 13.673 10.023 18417532 18420088 154234 18265854 549150 18248564 549150  7.419 55 
 13.662 10.012 18459774 18420088 154234 18265854 549150 18248564 549150  7.431 55 
 13.628 10.046 18502016 18420088 154234 18265854 549150 18248564 549150  7.478 55 
 13.593 10.012 18544258 18420088 154234 18265854 549150 18248564 549150  7.490 55 
