Thread[Thread-1,5,main] 6.041 6.384 0 0 0 17226 17226 0 0  3.615 1 
 7.254 6.396 42254 0 0 59482 42256 42254 42254  7.218 2 
 8.410 6.476 84432 0 0 59482 42256 42254 42254  10.742 2 
 9.382 6.648 126676 0 0 59482 42256 42254 42254  14.094 2 
 10.378 6.808 168918 0 0 59482 42256 42254 42254  17.285 2 
 11.385 6.968 211160 0 0 59482 42256 42254 42254  20.317 2 
 12.346 7.220 253400 0 0 59482 42256 42254 42254  23.097 2 
 13.136 7.471 295644 0 0 59482 42256 42254 42254  25.625 2 
 13.937 7.712 337884 0 0 355174 295692 337884 295630  27.912 3 
 13.776 7.895 380126 0 0 355174 295692 337884 295630  30.017 3 
 13.994 8.181 422366 0 0 355174 295692 337884 295630  31.836 3 
 14.120 8.421 464608 0 0 355174 295692 337884 295630  33.414 3 
 14.257 8.639 506850 0 0 355174 295692 337884 295630  34.775 3 
 14.463 8.902 549092 0 0 355174 295692 337884 295630  35.872 3 
 14.577 9.188 591334 0 0 355174 295692 337884 295630  36.684 3 
 14.623 9.394 633576 0 0 355174 295692 337884 295630  37.290 3 
 14.772 9.646 675818 0 0 355174 295692 337884 295630  37.644 3 
 14.852 9.863 718062 0 0 735352 380178 718062 380178  37.780 4 
 14.348 10.023 760302 0 0 735352 380178 718062 380178  37.804 4 
 13.982 10.206 802544 0 0 735352 380178 718062 380178  38.011 4 
 13.662 10.458 844786 0 0 735352 380178 718062 380178  38.469 4 
 13.296 10.607 887028 0 0 735352 380178 718062 380178  39.076 4 
 13.021 10.721 929270 0 0 735352 380178 718062 380178  39.798 4 
 12.724 10.824 971512 0 0 735352 380178 718062 380178  40.623 4 
 12.449 10.973 1013754 0 0 735352 380178 718062 380178  41.596 4 
 12.163 11.064 1055998 0 0 735352 380178 718062 380178  42.661 4 
 11.923 11.156 1098238 0 0 735352 380178 718062 380178  43.817 4 
 11.659 11.202 1140482 0 0 735352 380178 718062 380178  45.020 4 
 11.419 11.293 1182724 0 0 735352 380178 718062 380178  46.313 4 
 11.202 11.328 1224966 0 0 735352 380178 718062 380178  47.642 4 
 10.939 11.373 1267208 0 0 735352 380178 718062 380178  49.015 4 
 10.733 11.419 1309450 0 0 735352 380178 718062 380178  50.435 4 
 10.550 11.419 1351692 0 0 1368984 633632 1351692 633630  51.855 5 
 10.401 11.419 1393934 0 0 1368984 633632 1351692 633630  53.274 5 
 10.241 11.476 1436176 0 0 1368984 633632 1351692 633630  54.751 5 
 10.046 11.419 1478418 0 0 1368984 633632 1351692 633630  56.171 5 
 9.920 11.396 1520660 0 0 1368984 633632 1351692 633630  57.568 5 
 9.863 11.373 1562902 0 0 1368984 633632 1351692 633630  58.942 5 
 9.714 11.453 1605142 0 0 1368984 633632 1351692 633630  60.396 5 
 9.531 11.350 1647382 0 0 1368984 633632 1351692 633630  61.747 5 
 9.474 11.350 1689624 0 0 1368984 633632 1351692 633630  63.098 5 
 9.394 11.328 1731866 0 0 1368984 633632 1351692 633630  64.426 5 
 9.302 11.328 1774108 1776552 407568 1368984 633632 1351692 633630  65.754 6 
 9.268 11.259 1816350 1776552 407568 1368984 633632 1351692 633630  67.013 6 
 9.325 11.236 1858592 1776552 407568 1368984 633632 1351692 633630  68.250 6 
 9.268 11.190 1900836 1776552 407568 1368984 633632 1351692 633630  69.441 6 
 9.279 11.202 1943078 1776552 407568 1368984 633632 1351692 633630  70.643 6 
 9.245 11.156 1985320 1776552 407568 2002610 226058 1985320 633628  71.799 7 
 9.314 11.156 2027560 1776552 407568 2002610 226058 1985320 633628  72.956 7 
 9.325 11.110 2069804 1776552 407568 2002610 226058 1985320 633628  74.066 7 
 9.394 11.110 2112046 1776552 407568 2002610 226058 1985320 633628  75.177 7 
 9.405 11.087 2154288 1776552 407568 2002610 226058 1985320 633628  76.265 7 
 9.451 11.110 2196530 1776552 407568 2002610 226058 1985320 633628  77.376 7 
 9.440 11.099 2238772 1776552 407568 2002610 226058 1985320 633628  78.475 7 
 9.474 11.007 2281014 1776552 407568 2002610 226058 1985320 633628  79.483 7 
 9.520 11.030 2323256 1776552 407568 2002610 226058 1985320 633628  80.513 7 
 9.554 11.064 2365498 1776552 407568 2002610 226058 1985320 633628  81.578 7 
 9.543 10.973 2407740 1776552 407568 2002610 226058 1985320 633628  82.552 7 
 9.531 11.019 2449980 1776552 407568 2002610 226058 1985320 633628  83.571 7 
 9.588 11.007 2492222 1776552 407568 2002610 226058 1985320 633628  84.579 7 
 9.680 11.030 2534464 1776552 407568 2002610 226058 1985320 633628  85.609 7 
 9.634 11.053 2576706 1776552 407568 2002610 226058 1985320 633628  86.663 7 
 9.668 11.053 2618950 1776552 407568 2636240 633630 2618950 633630  87.716 8 
 9.646 10.961 2661190 1776552 407568 2636240 633630 2618950 633630  88.678 8 
 9.680 10.996 2703432 1776552 407568 2636240 633630 2618950 633630  89.674 8 
 9.703 11.007 2745674 1776552 407568 2636240 633630 2618950 633630  90.682 8 
 9.646 10.996 2787916 1776552 407568 2636240 633630 2618950 633630  91.678 8 
 9.703 10.961 2830160 1776552 407568 2636240 633630 2618950 633630  92.640 8 
 9.680 10.973 2872402 1776552 407568 2636240 633630 2618950 633630  93.614 8 
 9.691 10.973 2914644 1776552 407568 2636240 633630 2618950 633630  94.587 8 
 9.703 10.973 2956886 1776552 407568 2974178 337938 2956886 337936  95.560 9 
 9.726 10.927 2999128 1776552 407568 2974178 337938 2956886 337936  96.488 9 
 9.771 10.927 3041368 1776552 407568 2974178 337938 2956886 337936  97.416 9 
 9.771 10.961 3083610 3090186 116008 2974178 337938 2956886 337936  98.378 10 
 9.783 11.019 3125852 3090186 116008 2974178 337938 2956886 337936  99.397 10 
 9.852 10.973 3168094 3090186 116008 2974178 337938 2956886 337936  100.370 10 
 9.874 11.007 3210336 3090186 116008 2974178 337938 2956886 337936  101.378 10 
 9.909 11.007 3252578 3090186 116008 2974178 337938 2956886 337936  102.386 10 
 9.955 11.007 3294822 3090186 116008 3312110 221924 3294822 337936  103.393 11 
 10.000 11.030 3337062 3090186 116008 3312110 221924 3294822 337936  104.424 11 
 9.932 11.019 3379304 3090186 116008 3312110 221924 3294822 337936  105.443 11 
 9.920 10.996 3421546 3090186 116008 3312110 221924 3294822 337936  106.439 11 
 9.920 11.064 3463786 3090186 116008 3312110 221924 3294822 337936  107.504 11 
 9.920 11.019 3506026 3090186 116008 3312110 221924 3294822 337936  108.524 11 
 9.977 11.030 3548268 3090186 116008 3312110 221924 3294822 337936  109.554 11 
 9.909 11.145 3590510 3090186 116008 3312110 221924 3294822 337936  110.699 11 
 9.897 11.053 3632752 3090186 116008 3312110 221924 3294822 337936  111.753 11 
 9.874 11.099 3674996 3090186 116008 3692288 380178 3674996 380174  112.852 12 
 9.829 11.053 3717236 3090186 116008 3692288 380178 3674996 380174  113.905 12 
 9.806 10.973 3759478 3090186 116008 3692288 380178 3674996 380174  114.879 12 
 9.794 11.087 3801720 3090186 116008 3692288 380178 3674996 380174  115.967 12 
 9.771 11.019 3843962 3090186 116008 3692288 380178 3674996 380174  116.986 12 
 9.726 11.064 3886204 3090186 116008 3692288 380178 3674996 380174  118.051 12 
 9.771 11.007 3928446 3090186 116008 3692288 380178 3674996 380174  119.058 12 
 9.737 11.087 3970688 3973272 280984 3692288 380178 3674996 380174  120.146 13 
 9.806 11.053 4012930 3973272 280984 3692288 380178 3674996 380174  121.200 13 
 9.771 11.053 4055172 3973272 280984 4072466 99194 4055172 380176  122.253 14 
 9.771 11.019 4097414 3973272 280984 4072466 99194 4055172 380176  123.272 14 
 9.760 11.030 4139656 3973272 280984 4072466 99194 4055172 380176  124.303 14 
 9.737 11.019 4181898 3973272 280984 4072466 99194 4055172 380176  125.322 14 
 9.737 11.030 4224140 3973272 280984 4072466 99194 4055172 380176  126.353 14 
 9.726 11.030 4266382 3973272 280984 4072466 99194 4055172 380176  127.383 14 
 9.691 11.053 4308622 3973272 280984 4072466 99194 4055172 380176  128.437 14 
 9.680 11.053 4350864 3973272 280984 4072466 99194 4055172 380176  129.490 14 
 9.680 11.099 4393108 3973272 280984 4410398 337932 4393108 337936  130.590 15 
 9.691 11.064 4435348 3973272 280984 4410398 337932 4393108 337936  131.655 15 
 9.600 10.973 4477590 3973272 280984 4410398 337932 4393108 337936  132.628 15 
 9.668 11.007 4519834 3973272 280984 4410398 337932 4393108 337936  133.636 15 
 9.680 11.030 4562074 3973272 280984 4410398 337932 4393108 337936  134.666 15 
 9.646 11.042 4604316 3973272 280984 4410398 337932 4393108 337936  135.708 15 
 9.611 11.042 4646558 3973272 280984 4410398 337932 4393108 337936  136.750 15 
 9.600 11.007 4688800 3973272 280984 4410398 337932 4393108 337936  137.758 15 
 9.600 11.007 4731042 3973272 280984 4748332 337934 4731042 337934  138.766 16 
 9.646 11.019 4773284 3973272 280984 4748332 337934 4731042 337934  139.785 16 
 9.657 10.984 4815526 3973272 280984 4748332 337934 4731042 337934  140.770 16 
 9.646 11.007 4857768 3973272 280984 4748332 337934 4731042 337934  141.778 16 
 9.646 11.030 4900010 3973272 280984 4748332 337934 4731042 337934  142.808 16 
 9.657 10.961 4942252 3973272 280984 4748332 337934 4731042 337934  143.770 16 
 9.680 10.973 4984494 3973272 280984 4748332 337934 4731042 337934  144.744 16 
 9.634 10.927 5026734 3973272 280984 4748332 337934 4731042 337934  145.671 16 
 9.726 10.973 5068976 3973272 280984 4748332 337934 4731042 337934  146.645 16 
 9.680 11.019 5111220 3973272 280984 5128510 380178 5111220 380178  147.664 17 
 9.691 10.973 5153460 3973272 280984 5128510 380178 5111220 380178  148.637 17 
 9.726 10.950 5195702 3973272 280984 5128510 380178 5111220 380178  149.588 17 
 9.726 11.007 5237944 3973272 280984 5128510 380178 5111220 380178  150.595 17 
 9.691 10.961 5280186 3973272 280984 5128510 380178 5111220 380178  151.557 17 
 9.668 11.053 5322428 3973272 280984 5128510 380178 5111220 380178  152.611 17 
 9.726 10.996 5364670 3973272 280984 5128510 380178 5111220 380178  153.607 17 
 9.737 11.007 5406912 3973272 280984 5128510 380178 5111220 380178  154.615 17 
 9.726 10.996 5449156 3973272 280984 5466446 337936 5449156 337936  155.611 18 
 9.737 11.007 5491396 3973272 280984 5466446 337936 5449156 337936  156.619 18 
 9.737 11.019 5533640 3973272 280984 5466446 337936 5449156 337936  157.638 18 
 9.771 10.973 5575882 3973272 280984 5466446 337936 5449156 337936  158.611 18 
 9.771 10.973 5618124 3973272 280984 5466446 337936 5449156 337936  159.585 18 
 9.760 11.019 5660366 3973272 280984 5466446 337936 5449156 337936  160.604 18 
 9.817 11.007 5702608 3973272 280984 5466446 337936 5449156 337936  161.612 18 
 9.817 10.996 5744848 3973272 280984 5466446 337936 5449156 337936  162.608 18 
 9.817 10.961 5787092 3973272 280984 5804384 337938 5787092 337936  163.570 19 
 9.806 10.984 5829334 3973272 280984 5804384 337938 5787092 337936  164.555 19 
 9.829 11.007 5871576 3973272 280984 5804384 337938 5787092 337936  165.562 19 
 9.829 10.973 5913818 3973272 280984 5804384 337938 5787092 337936  166.536 19 
 9.840 11.007 5956060 3973272 280984 5804384 337938 5787092 337936  167.543 19 
 9.829 11.019 5998302 3973272 280984 5804384 337938 5787092 337936  168.563 19 
 9.817 11.019 6040544 3973272 280984 5804384 337938 5787092 337936  169.582 19 
 9.863 11.064 6082786 3973272 280984 5804384 337938 5787092 337936  170.647 19 
 9.840 11.064 6125030 3973272 280984 6142320 337936 6125030 337938  171.712 20 
 9.817 11.076 6167270 3973272 280984 6142320 337936 6125030 337938  172.788 20 
 9.863 11.030 6209512 3973272 280984 6142320 337936 6125030 337938  173.819 20 
 9.829 11.042 6251754 3973272 280984 6142320 337936 6125030 337938  174.861 20 
 9.817 11.007 6293996 3973272 280984 6142320 337936 6125030 337938  175.868 20 
 9.829 11.053 6336238 3973272 280984 6142320 337936 6125030 337938  176.922 20 
 9.771 11.053 6378482 3973272 280984 6142320 337936 6125030 337938  177.975 20 
 9.771 11.019 6420724 3973272 280984 6142320 337936 6125030 337938  178.995 20 
 9.783 11.076 6462966 3973272 280984 6480258 337938 6462966 337936  180.071 21 
 9.749 11.053 6505208 3973272 280984 6480258 337938 6462966 337936  181.124 21 
 9.462 10.984 6547450 3973272 280984 6480258 337938 6462966 337936  182.109 21 
 9.771 11.053 6589692 3973272 280984 6480258 337938 6462966 337936  183.163 21 
 9.737 11.007 6631934 3973272 280984 6480258 337938 6462966 337936  184.171 21 
 9.771 11.099 6674176 3973272 280984 6480258 337938 6462966 337936  185.270 21 
 9.760 11.007 6716418 3973272 280984 6480258 337938 6462966 337936  186.277 21 
 9.737 11.019 6758660 3973272 280984 6480258 337938 6462966 337936  187.297 21 
 9.703 11.042 6800902 3973272 280984 6818194 337936 6800902 337936  188.339 22 
 9.749 11.019 6843144 3973272 280984 6818194 337936 6800902 337936  189.358 22 
 9.726 11.030 6885386 3973272 280984 6818194 337936 6800902 337936  190.388 22 
 9.646 11.007 6927628 3973272 280984 6818194 337936 6800902 337936  191.396 22 
 9.771 11.019 6969870 3973272 280984 6818194 337936 6800902 337936  192.415 22 
 9.703 11.019 7012112 3973272 280984 6818194 337936 6800902 337936  193.435 22 
 9.726 11.007 7054354 3973272 280984 6818194 337936 6800902 337936  194.442 22 
 9.726 11.064 7096596 3973272 280984 6818194 337936 6800902 337936  195.507 22 
 9.703 10.973 7138840 3973272 280984 7156130 337936 7138840 337938  196.481 23 
 9.726 11.064 7181080 3973272 280984 7156130 337936 7138840 337938  197.546 23 
 9.714 10.973 7223322 3973272 280984 7156130 337936 7138840 337938  198.519 23 
 9.760 11.019 7265566 3973272 280984 7156130 337936 7138840 337938  199.538 23 
 9.726 11.030 7307806 3973272 280984 7156130 337936 7138840 337938  200.569 23 
 9.737 10.973 7350050 3973272 280984 7156130 337936 7138840 337938  201.542 23 
 9.703 11.064 7392292 3973272 280984 7156130 337936 7138840 337938  202.607 23 
 9.737 11.064 7434534 3973272 280984 7156130 337936 7138840 337938  203.672 23 
 9.714 11.007 7476776 3973272 280984 7494068 337938 7476776 337936  204.680 24 
 9.726 11.019 7519018 3973272 280984 7494068 337938 7476776 337936  205.699 24 
 9.726 11.019 7561260 3973272 280984 7494068 337938 7476776 337936  206.718 24 
 9.749 10.984 7603502 3973272 280984 7494068 337938 7476776 337936  207.703 24 
 9.760 11.007 7645744 3973272 280984 7494068 337938 7476776 337936  208.711 24 
 9.771 11.053 7687986 3973272 280984 7494068 337938 7476776 337936  209.764 24 
 9.760 11.053 7730228 3973272 280984 7494068 337938 7476776 337936  210.818 24 
 9.783 11.019 7772470 3973272 280984 7494068 337938 7476776 337936  211.837 24 
 9.771 11.053 7814714 3973272 280984 7832006 337938 7814714 337938  212.890 25 
 9.783 11.076 7856954 3973272 280984 7832006 337938 7814714 337938  213.967 25 
 9.771 10.973 7899196 3973272 280984 7832006 337938 7814714 337938  214.940 25 
 9.760 11.019 7941438 3973272 280984 7832006 337938 7814714 337938  215.959 25 
 9.794 11.064 7983680 3973272 280984 7832006 337938 7814714 337938  217.024 25 
 9.760 11.042 8025922 3973272 280984 7832006 337938 7814714 337938  218.066 25 
 9.783 11.019 8068164 3973272 280984 7832006 337938 7814714 337938  219.085 25 
 9.726 11.007 8110404 3973272 280984 7832006 337938 7814714 337938  220.093 25 
 9.829 11.053 8152648 3973272 280984 8169942 337936 8152648 337934  221.147 26 
 9.794 10.984 8194890 3973272 280984 8169942 337936 8152648 337934  222.131 26 
 9.726 11.007 8237132 3973272 280984 8169942 337936 8152648 337934  223.139 26 
 9.737 10.961 8279374 3973272 280984 8169942 337936 8152648 337934  224.101 26 
 9.771 11.030 8321616 3973272 280984 8169942 337936 8152648 337934  225.132 26 
 9.783 10.984 8363858 3973272 280984 8169942 337936 8152648 337934  226.116 26 
 9.794 10.973 8406100 3973272 280984 8169942 337936 8152648 337934  0.973 26 
 9.771 11.007 8448342 3973272 280984 8169942 337936 8152648 337934  1.981 26 
 9.726 11.007 8490584 3973272 280984 8507878 337936 8490584 337936  2.988 27 
 9.737 11.019 8532826 3973272 280984 8507878 337936 8490584 337936  4.007 27 
 9.737 10.973 8575068 3973272 280984 8507878 337936 8490584 337936  4.981 27 
 9.783 10.973 8617310 3973272 280984 8507878 337936 8490584 337936  5.954 27 
 9.691 10.961 8659552 3973272 280984 8507878 337936 8490584 337936  6.916 27 
 9.760 11.053 8701794 3973272 280984 8507878 337936 8490584 337936  7.970 27 
 9.703 10.927 8744036 3973272 280984 8507878 337936 8490584 337936  8.897 27 
 9.691 10.973 8786278 3973272 280984 8507878 337936 8490584 337936  9.871 27 
 9.703 11.019 8828522 3973272 280984 8845812 337934 8828522 337938  10.890 28 
 9.726 10.973 8870764 3973272 280984 8845812 337934 8828522 337938  11.863 28 
 9.714 10.996 8913004 3973272 280984 8845812 337934 8828522 337938  12.860 28 
 9.737 11.007 8955248 3973272 280984 8845812 337934 8828522 337938  13.867 28 
 9.680 10.996 8997490 3973272 280984 8845812 337934 8828522 337938  14.864 28 
 9.737 11.030 9039732 9048284 202472 8845812 337934 8828522 337938  15.894 29 
 9.749 10.961 9081974 9048284 202472 8845812 337934 8828522 337938  16.856 29 
 9.737 11.007 9124216 9048284 202472 8845812 337934 8828522 337938  17.864 29 
 9.726 11.007 9166458 9048284 202472 9183748 135464 9166458 337936  18.872 30 
 9.771 10.984 9208700 9048284 202472 9183748 135464 9166458 337936  19.856 30 
 9.726 10.984 9250942 9048284 202472 9183748 135464 9166458 337936  20.841 30 
 9.726 11.007 9293184 9048284 202472 9183748 135464 9166458 337936  21.849 30 
 9.737 10.973 9335426 9048284 202472 9183748 135464 9166458 337936  22.822 30 
 9.771 11.007 9377668 9048284 202472 9183748 135464 9166458 337936  23.830 30 
 9.737 10.961 9419910 9048284 202472 9183748 135464 9166458 337936  24.792 30 
 9.737 11.007 9462152 9048284 202472 9183748 135464 9166458 337936  25.800 30 
 9.737 10.973 9504394 9048284 202472 9521686 337938 9504394 337936  26.773 31 
 9.771 11.019 9546636 9048284 202472 9521686 337938 9504394 337936  27.792 31 
 9.783 11.019 9588878 9048284 202472 9521686 337938 9504394 337936  28.811 31 
 9.794 10.961 9631120 9048284 202472 9521686 337938 9504394 337936  29.773 31 
 9.783 10.927 9673362 9048284 202472 9521686 337938 9504394 337936  30.701 31 
 9.829 10.961 9715604 9048284 202472 9521686 337938 9504394 337936  31.663 31 
 9.817 10.984 9757846 9048284 202472 9521686 337938 9504394 337936  32.648 31 
 9.829 11.030 9800088 9048284 202472 9521686 337938 9504394 337936  33.678 31 
 9.874 10.984 9842332 9048284 202472 9859622 337936 9842332 337938  34.663 32 
 9.840 11.019 9884572 9048284 202472 9859622 337936 9842332 337938  35.682 32 
 9.840 10.973 9926816 9048284 202472 9859622 337936 9842332 337938  36.656 32 
 9.863 11.007 9969058 9048284 202472 9859622 337936 9842332 337938  37.664 32 
 9.817 11.007 10011300 9048284 202472 9859622 337936 9842332 337938  38.671 32 
 9.829 11.007 10053542 9048284 202472 9859622 337936 9842332 337938  39.679 32 
 9.852 10.961 10095782 9048284 202472 9859622 337936 9842332 337938  40.641 32 
