Thread[Thread-1,5,main] 6.087 5.847 0 0 0 17228 17228 0 0  4.152 1 
 7.334 5.892 42256 0 0 59484 42256 42256 42256  8.259 2 
 8.410 5.984 84432 0 0 59484 42256 42256 42256  12.275 2 
 9.417 6.110 126674 0 0 59484 42256 42256 42256  16.165 2 
 10.389 6.270 168916 0 0 59484 42256 42256 42256  19.894 2 
 11.339 6.533 211156 0 0 59484 42256 42256 42256  23.360 2 
 12.243 6.796 253398 0 0 59484 42256 42256 42256  26.564 2 
 13.055 6.991 295640 0 0 59484 42256 42256 42256  29.572 2 
 13.765 7.277 337882 0 0 59484 42256 42256 42256  32.295 2 
 14.497 7.586 380124 0 0 397414 337930 380124 337868  34.708 3 
 14.268 7.803 422366 0 0 397414 337930 380124 337868  36.905 3 
 14.291 7.998 464608 0 0 397414 337930 380124 337868  38.906 3 
 14.348 8.330 506850 0 0 397414 337930 380124 337868  40.576 3 
 14.406 8.581 549092 0 0 397414 337930 380124 337868  41.994 3 
 14.486 8.810 591334 0 0 397414 337930 380124 337868  43.183 3 
 14.532 9.016 633576 0 0 397414 337930 380124 337868  44.167 3 
 14.543 9.257 675818 0 0 397414 337930 380124 337868  44.910 3 
 14.543 9.485 718060 0 0 397414 337930 380124 337868  45.424 3 
 14.577 9.726 760300 0 0 397414 337930 380124 337868  45.698 3 
 14.543 9.874 802544 0 0 819836 422422 802544 422420  45.823 4 
 14.085 10.103 844784 0 0 819836 422422 802544 422420  45.927 4 
 13.685 10.195 887028 0 0 819836 422422 802544 422420  46.122 4 
 13.341 10.469 929268 0 0 819836 422422 802544 422420  46.592 4 
 12.941 10.492 971510 0 0 819836 422422 802544 422420  47.085 4 
 12.621 10.744 1013752 0 0 819836 422422 802544 422420  47.829 4 
 12.300 10.744 1055994 0 0 819836 422422 802544 422420  48.574 4 
 11.980 10.836 1098238 0 0 819836 422422 802544 422420  49.410 4 
 11.671 10.961 1140480 0 0 819836 422422 802544 422420  50.372 4 
 11.385 10.961 1182722 0 0 819836 422422 802544 422420  51.334 4 
 11.064 11.019 1224964 0 0 819836 422422 802544 422420  52.353 4 
 10.801 11.042 1267204 0 0 819836 422422 802544 422420  53.395 4 
 10.550 11.099 1309446 0 0 819836 422422 802544 422420  54.494 4 
 10.286 11.099 1351688 0 0 819836 422422 802544 422420  55.593 4 
 10.000 11.099 1393930 0 0 819836 422422 802544 422420  56.693 4 
 9.817 11.110 1436172 0 0 1453464 633628 1436172 633628  57.803 5 
 9.726 11.099 1478414 0 0 1453464 633628 1436172 633628  58.903 5 
 9.623 11.064 1520656 0 0 1453464 633628 1436172 633628  59.968 5 
 9.543 11.064 1562898 0 0 1453464 633628 1436172 633628  61.032 5 
 9.417 11.053 1605140 0 0 1453464 633628 1436172 633628  62.086 5 
 9.371 11.007 1647382 1649828 196364 1453464 633628 1436172 633628  63.094 6 
 9.325 10.973 1689624 1649828 196364 1453464 633628 1436172 633628  64.067 6 
 9.314 10.961 1731866 1649828 196364 1453464 633628 1436172 633628  65.029 6 
 9.268 10.939 1774108 1649828 196364 1791404 141576 1774108 337936  65.968 7 
 9.257 10.847 1816350 1649828 196364 1791404 141576 1774108 337936  66.816 7 
 9.279 10.904 1858592 1649828 196364 1791404 141576 1774108 337936  67.720 7 
 9.314 10.824 1900834 1649828 196364 1791404 141576 1774108 337936  68.545 7 
 9.268 10.778 1943080 1649828 196364 1791404 141576 1774108 337936  69.324 7 
 9.222 10.778 1985318 1649828 196364 1791404 141576 1774108 337936  70.103 7 
 9.222 10.755 2027560 1649828 196364 1791404 141576 1774108 337936  70.859 7 
 9.234 10.733 2069800 1649828 196364 1791404 141576 1774108 337936  71.592 7 
 9.199 10.744 2112042 1649828 196364 1791404 141576 1774108 337936  72.336 7 
 9.188 10.698 2154284 1649828 196364 1791404 141576 1774108 337936  73.035 7 
 9.188 10.687 2196526 1649828 196364 1791404 141576 1774108 337936  73.722 7 
 9.176 10.733 2238768 1649828 196364 1791404 141576 1774108 337936  74.456 7 
 9.199 10.653 2281012 1649828 196364 2298300 506896 2281012 506904  75.109 8 
 9.234 10.641 2323254 1649828 196364 2298300 506896 2281012 506904  75.750 8 
 9.279 10.675 2365496 1649828 196364 2298300 506896 2281012 506904  76.426 8 
 9.314 10.641 2407738 1649828 196364 2298300 506896 2281012 506904  77.068 8 
 9.371 10.595 2449980 1649828 196364 2298300 506896 2281012 506904  77.663 8 
 9.382 10.538 2492222 1649828 196364 2298300 506896 2281012 506904  78.202 8 
 9.451 10.561 2534464 1649828 196364 2298300 506896 2281012 506904  78.763 8 
 9.462 10.595 2576706 1649828 196364 2298300 506896 2281012 506904  79.359 8 
 9.451 10.550 2618946 1649828 196364 2298300 506896 2281012 506904  79.909 8 
 9.508 10.504 2661188 1649828 196364 2298300 506896 2281012 506904  80.413 8 
 9.554 10.550 2703430 1649828 196364 2298300 506896 2281012 506904  80.963 8 
 9.588 10.504 2745672 1649828 196364 2298300 506896 2281012 506904  81.468 8 
 9.588 10.550 2787914 1649828 196364 2298300 506896 2281012 506904  82.018 8 
 9.646 10.527 2830156 1649828 196364 2298300 506896 2281012 506904  82.545 8 
 9.634 10.504 2872398 1649828 196364 2298300 506896 2281012 506904  83.049 8 
 9.691 10.550 2914640 1649828 196364 2931932 633632 2914640 633628  83.599 9 
 9.691 10.515 2956882 1649828 196364 2931932 633632 2914640 633628  84.115 9 
 9.726 10.515 2999122 1649828 196364 2931932 633632 2914640 633628  84.631 9 
 9.726 10.550 3041364 1649828 196364 2931932 633632 2914640 633628  85.181 9 
 9.726 10.550 3083606 1649828 196364 2931932 633632 2914640 633628  85.731 9 
 9.771 10.550 3125846 1649828 196364 2931932 633632 2914640 633628  86.281 9 
 9.737 10.550 3168088 1649828 196364 2931932 633632 2914640 633628  86.831 9 
 9.771 10.550 3210330 1649828 196364 2931932 633632 2914640 633628  87.381 9 
 9.737 10.561 3252572 1649828 196364 2931932 633632 2914640 633628  87.942 9 
 9.817 10.561 3294812 1649828 196364 2931932 633632 2914640 633628  88.504 9 
 9.852 10.515 3337054 1649828 196364 3354342 422410 3337054 422414  89.019 10 
 9.829 10.584 3379294 1649828 196364 3354342 422410 3337054 422414  89.604 10 
 9.840 10.572 3421534 1649828 196364 3354342 422410 3337054 422414  90.176 10 
 9.863 10.550 3463778 1649828 196364 3354342 422410 3337054 422414  90.726 10 
 9.874 10.561 3506018 1649828 196364 3354342 422410 3337054 422414  91.288 10 
 9.840 10.595 3548262 1649828 196364 3354342 422410 3337054 422414  91.884 10 
 9.874 10.561 3590504 1649828 196364 3354342 422410 3337054 422414  92.445 10 
 9.874 10.561 3632746 1649828 196364 3354342 422410 3337054 422414  93.007 10 
 9.852 10.595 3674988 1649828 196364 3692278 337936 3674988 337934  93.602 11 
 9.863 10.595 3717230 1649828 196364 3692278 337936 3674988 337934  94.198 11 
 9.863 10.607 3759472 1649828 196364 3692278 337936 3674988 337934  94.805 11 
 9.863 10.607 3801714 1649828 196364 3692278 337936 3674988 337934  95.413 11 
 9.874 10.607 3843956 1649828 196364 3692278 337936 3674988 337934  96.020 11 
 9.829 10.607 3886198 1649828 196364 3692278 337936 3674988 337934  96.627 11 
 9.874 10.618 3928440 1649828 196364 3692278 337936 3674988 337934  97.246 11 
 9.863 10.641 3970682 1649828 196364 3692278 337936 3674988 337934  97.887 11 
 9.909 10.595 4012924 1649828 196364 4030216 337938 4012924 337936  98.483 12 
 9.874 10.630 4055166 1649828 196364 4030216 337938 4012924 337936  99.113 12 
 9.817 10.618 4097408 1649828 196364 4030216 337938 4012924 337936  99.732 12 
 9.829 10.653 4139650 1649828 196364 4030216 337938 4012924 337936  100.385 12 
 9.783 10.607 4181892 1649828 196364 4030216 337938 4012924 337936  100.992 12 
 9.806 10.561 4224134 1649828 196364 4030216 337938 4012924 337936  101.554 12 
 9.726 10.595 4266376 1649828 196364 4030216 337938 4012924 337936  102.149 12 
 9.783 10.653 4308618 1649828 196364 4030216 337938 4012924 337936  102.802 12 
 9.760 10.607 4350860 1649828 196364 4030216 337938 4012924 337936  103.410 12 
 9.691 10.607 4393102 1649828 196364 4030216 337938 4012924 337936  104.017 12 
 9.691 10.595 4435346 1649828 196364 4452636 422420 4435346 422422  104.613 13 
 9.680 10.595 4477586 1649828 196364 4452636 422420 4435346 422422  105.208 13 
 9.714 10.595 4519828 1649828 196364 4452636 422420 4435346 422422  105.804 13 
 9.714 10.595 4562070 1649828 196364 4452636 422420 4435346 422422  106.400 13 
 9.726 10.595 4604312 1649828 196364 4452636 422420 4435346 422422  106.996 13 
 9.783 10.550 4646554 1649828 196364 4452636 422420 4435346 422422  107.546 13 
 9.749 10.550 4688798 1649828 196364 4452636 422420 4435346 422422  108.096 13 
 9.783 10.561 4731038 1649828 196364 4452636 422420 4435346 422422  108.657 13 
 9.771 10.584 4773280 1649828 196364 4452636 422420 4435346 422422  109.242 13 
 9.806 10.561 4815522 1649828 196364 4832812 380176 4815522 380176  109.803 14 
 9.783 10.550 4857764 1649828 196364 4832812 380176 4815522 380176  110.353 14 
 9.783 10.550 4900004 1649828 196364 4832812 380176 4815522 380176  110.903 14 
 9.863 10.595 4942246 1649828 196364 4832812 380176 4815522 380176  111.499 14 
 9.771 10.527 4984488 1649828 196364 4832812 380176 4815522 380176  112.026 14 
 9.783 10.527 5026730 1649828 196364 4832812 380176 4815522 380176  112.553 14 
 9.749 10.550 5068972 1649828 196364 4832812 380176 4815522 380176  113.103 14 
 9.771 10.527 5111214 1649828 196364 4832812 380176 4815522 380176  113.630 14 
 9.749 10.561 5153456 1649828 196364 5170748 337936 5153456 337934  114.192 15 
 9.771 10.550 5195698 1649828 196364 5170748 337936 5153456 337934  114.742 15 
 9.806 10.469 5237940 1649828 196364 5170748 337936 5153456 337934  115.212 15 
 9.771 10.550 5280182 1649828 196364 5170748 337936 5153456 337934  115.762 15 
 9.794 10.504 5322422 1649828 196364 5170748 337936 5153456 337934  116.266 15 
 9.783 10.550 5364664 1649828 196364 5170748 337936 5153456 337934  116.816 15 
 9.771 10.515 5406906 1649828 196364 5170748 337936 5153456 337934  117.332 15 
 9.817 10.538 5449148 1649828 196364 5170748 337936 5153456 337934  117.870 15 
 9.817 10.515 5491388 1649828 196364 5170748 337936 5153456 337934  118.386 15 
 9.794 10.515 5533632 1649828 196364 5550922 380174 5533632 380176  118.902 16 
 9.829 10.538 5575872 1649828 196364 5550922 380174 5533632 380176  119.440 16 
 9.817 10.515 5618114 1649828 196364 5550922 380174 5533632 380176  119.956 16 
 9.794 10.504 5660356 1649828 196364 5550922 380174 5533632 380176  120.460 16 
 9.863 10.504 5702600 1649828 196364 5550922 380174 5533632 380176  120.965 16 
 9.829 10.515 5744840 1649828 196364 5550922 380174 5533632 380176  121.480 16 
 9.829 10.561 5787082 1649828 196364 5550922 380174 5533632 380176  122.042 16 
 9.829 10.515 5829326 1649828 196364 5550922 380174 5533632 380176  122.557 16 
 9.886 10.504 5871568 1649828 196364 5888860 337938 5871568 337936  123.062 17 
 9.874 10.515 5913808 1649828 196364 5888860 337938 5871568 337936  123.577 17 
 9.863 10.515 5956052 1649828 196364 5888860 337938 5871568 337936  124.093 17 
 9.817 10.515 5998294 1649828 196364 5888860 337938 5871568 337936  124.609 17 
 9.863 10.595 6040536 1649828 196364 5888860 337938 5871568 337936  125.204 17 
 9.840 10.527 6082778 1649828 196364 5888860 337938 5871568 337936  125.732 17 
 9.863 10.504 6125020 1649828 196364 5888860 337938 5871568 337936  126.236 17 
 9.806 10.550 6167262 1649828 196364 5888860 337938 5871568 337936  126.786 17 
 9.863 10.595 6209504 1649828 196364 6226796 337936 6209504 337936  127.382 18 
 9.874 10.550 6251746 1649828 196364 6226796 337936 6209504 337936  127.932 18 
 9.783 10.550 6293988 1649828 196364 6226796 337936 6209504 337936  128.482 18 
 9.817 10.550 6336230 1649828 196364 6226796 337936 6209504 337936  129.032 18 
 9.829 10.550 6378472 1649828 196364 6226796 337936 6209504 337936  129.582 18 
 9.829 10.561 6420714 1649828 196364 6226796 337936 6209504 337936  130.143 18 
 9.806 10.550 6462956 1649828 196364 6226796 337936 6209504 337936  130.693 18 
 9.817 10.641 6505198 1649828 196364 6226796 337936 6209504 337936  131.335 18 
 9.771 10.550 6547440 1649828 196364 6564732 337936 6547440 337936  131.885 19 
 9.817 10.561 6589682 1649828 196364 6564732 337936 6547440 337936  132.446 19 
 9.771 10.595 6631924 1649828 196364 6564732 337936 6547440 337936  133.042 19 
 9.783 10.550 6674166 1649828 196364 6564732 337936 6547440 337936  133.592 19 
 9.771 10.550 6716408 1649828 196364 6564732 337936 6547440 337936  134.142 19 
 9.703 10.515 6758650 1649828 196364 6564732 337936 6547440 337936  134.658 19 
 9.783 10.550 6800892 1649828 196364 6564732 337936 6547440 337936  135.208 19 
 9.737 10.504 6843134 1649828 196364 6564732 337936 6547440 337936  135.712 19 
 9.817 10.515 6885378 1649828 196364 6902668 337936 6885378 337938  136.228 20 
 9.783 10.538 6927618 1649828 196364 6902668 337936 6885378 337938  136.766 20 
 9.771 10.515 6969860 1649828 196364 6902668 337936 6885378 337938  137.282 20 
 9.760 10.584 7012102 1649828 196364 6902668 337936 6885378 337938  137.866 20 
 9.737 10.550 7054346 1649828 196364 6902668 337936 6885378 337938  138.416 20 
 9.771 10.561 7096586 1649828 196364 6902668 337936 6885378 337938  138.978 20 
 9.737 10.515 7138830 1649828 196364 6902668 337936 6885378 337938  139.494 20 
 9.737 10.550 7181072 1649828 196364 6902668 337936 6885378 337938  140.044 20 
 9.771 10.515 7223314 1649828 196364 7240602 337934 7223314 337936  140.559 21 
 9.771 10.607 7265556 1649828 196364 7240602 337934 7223314 337936  141.166 21 
 9.771 10.515 7307798 1649828 196364 7240602 337934 7223314 337936  141.682 21 
 9.783 10.561 7350040 1649828 196364 7240602 337934 7223314 337936  142.244 21 
 9.783 10.584 7392282 1649828 196364 7240602 337934 7223314 337936  142.828 21 
 9.783 10.527 7434524 1649828 196364 7240602 337934 7223314 337936  143.355 21 
 9.749 10.550 7476766 1649828 196364 7240602 337934 7223314 337936  143.905 21 
 9.783 10.595 7519008 1649828 196364 7240602 337934 7223314 337936  144.501 21 
 9.783 10.515 7561250 1649828 196364 7578546 337944 7561250 337936  145.017 22 
 9.783 10.561 7603492 1649828 196364 7578546 337944 7561250 337936  145.578 22 
 9.794 10.561 7645734 1649828 196364 7578546 337944 7561250 337936  146.140 22 
 9.760 10.607 7687976 1649828 196364 7578546 337944 7561250 337936  146.747 22 
 9.760 10.550 7730218 1649828 196364 7578546 337944 7561250 337936  147.297 22 
 9.749 10.550 7772460 1649828 196364 7578546 337944 7561250 337936  147.847 22 
 9.714 10.515 7814702 1649828 196364 7578546 337944 7561250 337936  148.362 22 
 9.726 10.561 7856944 1649828 196364 7578546 337944 7561250 337936  148.924 22 
 9.726 10.550 7899188 1649828 196364 7916476 337930 7899188 337938  149.474 23 
 9.691 10.561 7941428 1649828 196364 7916476 337930 7899188 337938  150.035 23 
 9.737 10.515 7983670 1649828 196364 7916476 337930 7899188 337938  150.551 23 
 9.691 10.641 8025912 1649828 196364 7916476 337930 7899188 337938  151.193 23 
 9.783 10.550 8068154 1649828 196364 7916476 337930 7899188 337938  151.743 23 
 9.737 10.561 8110394 1649828 196364 7916476 337930 7899188 337938  152.304 23 
 9.726 10.550 8152636 1649828 196364 7916476 337930 7899188 337938  152.854 23 
 9.737 10.607 8194878 1649828 196364 7916476 337930 7899188 337938  153.461 23 
 9.726 10.550 8237122 1649828 196364 7916476 337930 7899188 337938  154.011 23 
 9.749 10.561 8279364 1649828 196364 8296654 380178 8279364 380176  154.573 24 
 9.771 10.527 8321606 1649828 196364 8296654 380178 8279364 380176  155.100 24 
 9.771 10.595 8363848 1649828 196364 8296654 380178 8279364 380176  155.696 24 
 9.749 10.572 8406090 1649828 196364 8296654 380178 8279364 380176  0.572 24 
 9.737 10.595 8448332 1649828 196364 8296654 380178 8279364 380176  1.168 24 
 9.691 10.607 8490574 1649828 196364 8296654 380178 8279364 380176  1.775 24 
 9.783 10.550 8532816 1649828 196364 8296654 380178 8279364 380176  2.325 24 
 9.760 10.561 8575058 1649828 196364 8296654 380178 8279364 380176  2.887 24 
 9.737 10.618 8617300 1649828 196364 8296654 380178 8279364 380176  3.506 24 
 9.737 10.595 8659542 1649828 196364 8676834 380180 8659542 380178  4.101 25 
 9.749 10.630 8701784 1649828 196364 8676834 380180 8659542 380178  4.731 25 
 9.680 10.561 8744026 1649828 196364 8676834 380180 8659542 380178  5.293 25 
 9.726 10.595 8786268 1649828 196364 8676834 380180 8659542 380178  5.889 25 
 9.726 10.561 8828510 1649828 196364 8676834 380180 8659542 380178  6.450 25 
 9.737 10.584 8870752 1649828 196364 8676834 380180 8659542 380178  7.035 25 
 9.817 10.561 8912994 1649828 196364 8676834 380180 8659542 380178  7.596 25 
 9.817 10.687 8955236 1649828 196364 8676834 380180 8659542 380178  8.283 25 
 9.737 10.561 8997478 1649828 196364 8676834 380180 8659542 380178  8.845 25 
 9.783 10.595 9039720 1649828 196364 9057012 380178 9039720 380178  9.441 26 
 9.726 10.561 9081962 1649828 196364 9057012 380178 9039720 380178  10.002 26 
 9.783 10.515 9124204 1649828 196364 9057012 380178 9039720 380178  10.518 26 
 9.726 10.561 9166446 1649828 196364 9057012 380178 9039720 380178  11.079 26 
 9.737 10.595 9208688 1649828 196364 9057012 380178 9039720 380178  11.675 26 
 9.726 10.607 9250930 1649828 196364 9057012 380178 9039720 380178  12.282 26 
 9.737 10.550 9293172 1649828 196364 9057012 380178 9039720 380178  12.832 26 
 9.691 10.595 9335414 1649828 196364 9057012 380178 9039720 380178  13.428 26 
 9.726 10.561 9377656 1649828 196364 9057012 380178 9039720 380178  13.990 26 
 9.726 10.550 9419900 1649828 196364 9437190 380178 9419900 380180  14.540 27 
 9.691 10.561 9462140 1649828 196364 9437190 380178 9419900 380180  15.101 27 
 9.703 10.550 9504384 1649828 196364 9437190 380178 9419900 380180  15.651 27 
 9.749 10.561 9546626 1649828 196364 9437190 380178 9419900 380180  16.212 27 
 9.691 10.527 9588868 1649828 196364 9437190 380178 9419900 380180  16.740 27 
 9.737 10.527 9631110 1649828 196364 9437190 380178 9419900 380180  17.267 27 
 9.714 10.550 9673352 1649828 196364 9437190 380178 9419900 380180  17.817 27 
 9.737 10.515 9715594 1649828 196364 9437190 380178 9419900 380180  18.332 27 
 9.737 10.538 9757836 1649828 196364 9437190 380178 9419900 380180  18.871 27 
 9.737 10.550 9800078 1649828 196364 9817368 380178 9800078 380178  19.421 28 
 9.726 10.481 9842320 1649828 196364 9817368 380178 9800078 380178  19.902 28 
 9.726 10.515 9884562 1649828 196364 9817368 380178 9800078 380178  20.418 28 
 9.691 10.550 9926804 1649828 196364 9817368 380178 9800078 380178  20.968 28 
 9.771 10.561 9969046 1649828 196364 9817368 380178 9800078 380178  21.530 28 
 9.691 10.527 10011288 1649828 196364 9817368 380178 9800078 380178  22.057 28 
 9.691 10.550 10053530 1649828 196364 9817368 380178 9800078 380178  22.607 28 
 9.634 10.572 10095772 1649828 196364 9817368 380178 9800078 380178  23.180 28 
 9.680 10.515 10138014 1649828 196364 9817368 380178 9800078 380178  23.695 28 
 9.680 10.584 10180258 1649828 196364 10197550 380182 10180258 380180  24.280 29 
 9.703 10.561 10222498 1649828 196364 10197550 380182 10180258 380180  24.841 29 
 9.646 10.550 10264740 1649828 196364 10197550 380182 10180258 380180  25.391 29 
 9.634 10.561 10306982 1649828 196364 10197550 380182 10180258 380180  25.953 29 
 9.680 10.515 10349224 1649828 196364 10197550 380182 10180258 380180  26.468 29 
 9.680 10.538 10391466 1649828 196364 10197550 380182 10180258 380180  27.007 29 
 9.726 10.550 10433710 1649828 196364 10197550 380182 10180258 380180  27.557 29 
 9.726 10.561 10475950 1649828 196364 10197550 380182 10180258 380180  28.118 29 
 9.680 10.515 10518194 1649828 196364 10197550 380182 10180258 380180  28.634 29 
 9.691 10.561 10560434 1649828 196364 10197550 380182 10180258 380180  29.196 29 
 9.691 10.550 10602678 1649828 196364 10619966 422416 10602678 422420  29.746 30 
 9.680 10.515 10644920 1649828 196364 10619966 422416 10602678 422420  30.261 30 
 9.691 10.504 10687162 1649828 196364 10619966 422416 10602678 422420  30.765 30 
 9.680 10.550 10729404 1649828 196364 10619966 422416 10602678 422420  31.316 30 
 9.634 10.515 10771646 1649828 196364 10619966 422416 10602678 422420  31.831 30 
 9.646 10.515 10813888 1649828 196364 10619966 422416 10602678 422420  32.347 30 
 9.657 10.504 10856130 1649828 196364 10619966 422416 10602678 422420  32.851 30 
 9.691 10.504 10898372 1649828 196364 10619966 422416 10602678 422420  33.355 30 
 9.646 10.504 10940614 1649828 196364 10619966 422416 10602678 422420  33.860 30 
 9.680 10.515 10982854 1649828 196364 11000144 380178 10982854 380176  34.375 31 
 9.714 10.469 11025096 1649828 196364 11000144 380178 10982854 380176  34.845 31 
 9.691 10.515 11067338 1649828 196364 11000144 380178 10982854 380176  35.361 31 
 9.726 10.504 11109580 1649828 196364 11000144 380178 10982854 380176  35.865 31 
 9.771 10.504 11151822 1649828 196364 11000144 380178 10982854 380176  36.369 31 
 9.726 10.469 11194064 1649828 196364 11000144 380178 10982854 380176  36.839 31 
 9.749 10.515 11236306 1649828 196364 11000144 380178 10982854 380176  37.355 31 
 9.749 10.492 11278548 1649828 196364 11000144 380178 10982854 380176  37.848 31 
 9.783 10.504 11320790 1649828 196364 11000144 380178 10982854 380176  38.352 31 
 9.829 10.550 11363034 1649828 196364 11380324 380180 11363034 380180  38.902 32 
 9.806 10.515 11405272 1649828 196364 11380324 380180 11363034 380180  39.418 32 
 9.783 10.469 11447514 1649828 196364 11380324 380180 11363034 380180  39.888 32 
 9.783 10.515 11489756 1649828 196364 11380324 380180 11363034 380180  40.403 32 
 9.749 10.458 11531998 1649828 196364 11380324 380180 11363034 380180  40.862 32 
 9.737 10.515 11574240 1649828 196364 11380324 380180 11363034 380180  41.378 32 
 9.749 10.515 11616482 1649828 196364 11380324 380180 11363034 380180  41.893 32 
 9.771 10.515 11658724 1649828 196364 11380324 380180 11363034 380180  42.409 32 
 9.691 10.515 11700968 1649828 196364 11718258 337934 11700968 337934  42.925 33 
 9.771 10.481 11743208 1649828 196364 11718258 337934 11700968 337934  43.406 33 
 9.714 10.504 11785452 1649828 196364 11718258 337934 11700968 337934  43.910 33 
 9.760 10.515 11827692 1649828 196364 11718258 337934 11700968 337934  44.426 33 
 9.783 10.504 11869936 1649828 196364 11718258 337934 11700968 337934  44.930 33 
 9.749 10.469 11912178 1649828 196364 11718258 337934 11700968 337934  45.400 33 
 9.680 10.504 11954420 1649828 196364 11718258 337934 11700968 337934  45.904 33 
 9.771 10.469 11996662 1649828 196364 11718258 337934 11700968 337934  46.374 33 
 9.771 10.481 12038904 1649828 196364 12056196 337938 12038904 337936  46.856 34 
 9.783 10.515 12081146 1649828 196364 12056196 337938 12038904 337936  47.371 34 
 9.771 10.504 12123388 1649828 196364 12056196 337938 12038904 337936  47.876 34 
 9.783 10.504 12165630 1649828 196364 12056196 337938 12038904 337936  48.380 34 
 9.771 10.504 12207872 1649828 196364 12056196 337938 12038904 337936  48.884 34 
 9.829 10.492 12250114 1649828 196364 12056196 337938 12038904 337936  49.377 34 
 9.771 10.504 12292356 1649828 196364 12056196 337938 12038904 337936  49.881 34 
 9.829 10.515 12334598 1649828 196364 12056196 337938 12038904 337936  50.397 34 
 9.817 10.515 12376840 1649828 196364 12394130 337934 12376840 337936  50.913 35 
 9.817 10.550 12419082 1649828 196364 12394130 337934 12376840 337936  51.463 35 
 9.783 10.550 12461324 1649828 196364 12394130 337934 12376840 337936  52.013 35 
 9.829 10.515 12503566 1649828 196364 12394130 337934 12376840 337936  52.528 35 
 9.783 10.469 12545808 1649828 196364 12394130 337934 12376840 337936  52.998 35 
 9.817 10.504 12588050 1649828 196364 12394130 337934 12376840 337936  53.502 35 
 9.783 10.504 12630292 1649828 196364 12394130 337934 12376840 337936  54.007 35 
 9.771 10.641 12672534 1649828 196364 12394130 337934 12376840 337936  54.648 35 
 9.783 10.504 12714778 1649828 196364 12732068 337938 12714778 337938  55.153 36 
 9.794 10.515 12757018 1649828 196364 12732068 337938 12714778 337938  55.668 36 
 9.771 10.561 12799260 1649828 196364 12732068 337938 12714778 337938  56.230 36 
 9.771 10.550 12841502 1649828 196364 12732068 337938 12714778 337938  56.780 36 
 9.817 10.550 12883746 1649828 196364 12732068 337938 12714778 337938  57.330 36 
 9.817 10.550 12925986 1649828 196364 12732068 337938 12714778 337938  57.880 36 
 9.783 10.550 12968230 1649828 196364 12732068 337938 12714778 337938  58.430 36 
 9.817 10.538 13010470 1649828 196364 12732068 337938 12714778 337938  58.968 36 
 9.817 10.550 13052712 1649828 196364 13070002 337934 13052712 337934  59.518 37 
 9.794 10.561 13094954 1649828 196364 13070002 337934 13052712 337934  60.080 37 
 9.794 10.584 13137196 1649828 196364 13070002 337934 13052712 337934  60.664 37 
 9.771 10.561 13179438 1649828 196364 13070002 337934 13052712 337934  61.226 37 
 9.794 10.504 13221680 1649828 196364 13070002 337934 13052712 337934  61.730 37 
 9.771 10.550 13263922 1649828 196364 13070002 337934 13052712 337934  62.280 37 
 9.817 10.572 13306164 1649828 196364 13070002 337934 13052712 337934  62.853 37 
 9.783 10.641 13348406 1649828 196364 13070002 337934 13052712 337934  63.494 37 
 9.771 10.595 13390648 1649828 196364 13407940 337938 13390648 337936  64.090 38 
 9.749 10.561 13432890 1649828 196364 13407940 337938 13390648 337936  64.652 38 
 9.771 10.607 13475132 1649828 196364 13407940 337938 13390648 337936  65.259 38 
 9.829 10.618 13517374 1649828 196364 13407940 337938 13390648 337936  65.878 38 
 9.737 10.561 13559616 1649828 196364 13407940 337938 13390648 337936  66.439 38 
 9.806 10.595 13601858 1649828 196364 13407940 337938 13390648 337936  67.035 38 
 9.760 10.595 13644100 1649828 196364 13407940 337938 13390648 337936  67.631 38 
 9.737 10.595 13686342 1649828 196364 13407940 337938 13390648 337936  68.226 38 
 9.737 10.607 13728586 1649828 196364 13745876 337936 13728586 337938  68.834 39 
 9.771 10.572 13770826 1649828 196364 13745876 337936 13728586 337938  69.406 39 
 9.726 10.607 13813068 1649828 196364 13745876 337936 13728586 337938  70.014 39 
 9.726 10.595 13855310 1649828 196364 13745876 337936 13728586 337938  70.610 39 
 9.737 10.595 13897550 1649828 196364 13745876 337936 13728586 337938  71.205 39 
 9.737 10.584 13939794 1649828 196364 13745876 337936 13728586 337938  71.790 39 
 9.749 10.607 13982034 1649828 196364 13745876 337936 13728586 337938  72.397 39 
 9.737 10.630 14024276 1649828 196364 13745876 337936 13728586 337938  73.027 39 
 9.749 10.572 14066518 1649828 196364 13745876 337936 13728586 337938  73.600 39 
 9.737 10.607 14108760 1649828 196364 13745876 337936 13728586 337938  74.207 39 
 9.771 10.595 14151004 1649828 196364 14168292 422416 14151004 422418  74.803 40 
 9.783 10.641 14193246 1649828 196364 14168292 422416 14151004 422418  75.444 40 
 9.726 10.618 14235488 1649828 196364 14168292 422416 14151004 422418  76.063 40 
 9.771 10.561 14277730 1649828 196364 14168292 422416 14151004 422418  76.625 40 
 9.771 10.595 14319972 1649828 196364 14168292 422416 14151004 422418  77.220 40 
 9.737 10.607 14362214 1649828 196364 14168292 422416 14151004 422418  77.828 40 
 9.771 10.572 14404456 1649828 196364 14168292 422416 14151004 422418  78.401 40 
 9.771 10.550 14446698 1649828 196364 14168292 422416 14151004 422418  78.951 40 
 9.691 10.538 14488940 1649828 196364 14168292 422416 14151004 422418  79.489 40 
 9.691 10.607 14531182 1649828 196364 14548472 380180 14531182 380178  80.096 41 
 9.726 10.492 14573424 1649828 196364 14548472 380180 14531182 380178  80.589 41 
 9.737 10.572 14615666 1649828 196364 14548472 380180 14531182 380178  81.162 41 
 9.726 10.561 14657908 1649828 196364 14548472 380180 14531182 380178  81.724 41 
 9.737 10.550 14700150 1649828 196364 14548472 380180 14531182 380178  82.274 41 
 9.726 10.550 14742392 1649828 196364 14548472 380180 14531182 380178  82.824 41 
 9.771 10.515 14784634 1649828 196364 14548472 380180 14531182 380178  83.339 41 
 9.726 10.550 14826876 1649828 196364 14548472 380180 14531182 380178  83.889 41 
 9.737 10.607 14869118 1649828 196364 14548472 380180 14531182 380178  84.497 41 
 9.737 10.550 14911360 1649828 196364 14928652 380180 14911360 380178  85.047 42 
 9.737 10.550 14953600 1649828 196364 14928652 380180 14911360 380178  85.597 42 
 9.737 10.504 14995842 1649828 196364 14928652 380180 14911360 380178  86.101 42 
 9.737 10.561 15038084 1649828 196364 14928652 380180 14911360 380178  86.662 42 
 9.771 10.550 15080326 1649828 196364 14928652 380180 14911360 380178  87.212 42 
 9.680 10.550 15122568 1649828 196364 14928652 380180 14911360 380178  87.762 42 
 9.749 10.504 15164810 1649828 196364 14928652 380180 14911360 380178  88.267 42 
 9.771 10.492 15207052 1649828 196364 14928652 380180 14911360 380178  88.759 42 
 9.771 10.561 15249294 1649828 196364 14928652 380180 14911360 380178  89.321 42 
 9.783 10.561 15291538 1649828 196364 15308828 380176 15291538 380178  89.882 43 
 9.737 10.515 15333778 1649828 196364 15308828 380176 15291538 380178  90.398 43 
 9.783 10.595 15376020 1649828 196364 15308828 380176 15291538 380178  90.994 43 
 9.749 10.550 15418262 1649828 196364 15308828 380176 15291538 380178  91.544 43 
 9.771 10.550 15460504 1649828 196364 15308828 380176 15291538 380178  92.094 43 
 9.817 10.550 15502748 1649828 196364 15308828 380176 15291538 380178  92.644 43 
 9.783 10.550 15544990 1649828 196364 15308828 380176 15291538 380178  93.194 43 
 9.829 10.550 15587232 1649828 196364 15308828 380176 15291538 380178  93.744 43 
 9.829 10.538 15629474 1649828 196364 15646764 337936 15629474 337936  94.282 44 
 9.817 10.653 15671716 1649828 196364 15646764 337936 15629474 337936  94.935 44 
 9.771 10.538 15713958 1649828 196364 15646764 337936 15629474 337936  95.474 44 
 9.817 10.561 15756200 1649828 196364 15646764 337936 15629474 337936  96.035 44 
 9.783 10.515 15798442 1649828 196364 15646764 337936 15629474 337936  96.551 44 
 9.817 10.550 15840684 1649828 196364 15646764 337936 15629474 337936  97.101 44 
 9.783 10.595 15882926 1649828 196364 15646764 337936 15629474 337936  97.697 44 
 9.817 10.561 15925168 1649828 196364 15646764 337936 15629474 337936  98.258 44 
 9.783 10.572 15967410 1649828 196364 15984700 337936 15967410 337936  98.831 45 
 9.771 10.550 16009652 1649828 196364 15984700 337936 15967410 337936  99.381 45 
 9.749 10.538 16051894 1649828 196364 15984700 337936 15967410 337936  99.920 45 
 9.726 10.550 16094136 1649828 196364 15984700 337936 15967410 337936  100.470 45 
 9.726 10.550 16136378 1649828 196364 15984700 337936 15967410 337936  101.020 45 
 9.726 10.607 16178620 1649828 196364 15984700 337936 15967410 337936  101.627 45 
 9.714 10.572 16220862 1649828 196364 15984700 337936 15967410 337936  102.200 45 
 9.726 10.561 16263104 1649828 196364 15984700 337936 15967410 337936  102.762 45 
 9.726 10.561 16305346 1649828 196364 16322638 337938 16305346 337936  103.323 46 
 9.760 10.595 16347588 1649828 196364 16322638 337938 16305346 337936  103.919 46 
 9.714 10.561 16389830 1649828 196364 16322638 337938 16305346 337936  104.480 46 
 9.726 10.538 16432074 1649828 196364 16322638 337938 16305346 337936  105.019 46 
 9.714 10.595 16474314 1649828 196364 16322638 337938 16305346 337936  105.615 46 
 9.691 10.561 16516558 1649828 196364 16322638 337938 16305346 337936  106.176 46 
 9.737 10.595 16558798 1649828 196364 16322638 337938 16305346 337936  106.772 46 
 9.703 10.561 16601042 1649828 196364 16322638 337938 16305346 337936  107.333 46 
 9.714 10.561 16643282 1649828 196364 16322638 337938 16305346 337936  107.895 46 
 9.726 10.561 16685526 1649828 196364 16702816 380178 16685526 380180  108.456 47 
 9.737 10.527 16727766 1649828 196364 16702816 380178 16685526 380180  108.983 47 
 9.749 10.641 16770010 1649828 196364 16702816 380178 16685526 380180  109.625 47 
 9.771 10.561 16812252 1649828 196364 16702816 380178 16685526 380180  110.186 47 
 9.749 10.504 16854494 1649828 196364 16702816 380178 16685526 380180  110.691 47 
 9.783 10.595 16896736 1649828 196364 16702816 380178 16685526 380180  111.286 47 
 9.760 10.550 16938978 1649828 196364 16702816 380178 16685526 380180  111.836 47 
 9.840 10.561 16981220 1649828 196364 16702816 380178 16685526 380180  112.398 47 
 9.817 10.572 17023462 1649828 196364 16702816 380178 16685526 380180  112.971 47 
 9.829 10.561 17065704 1649828 196364 17082996 380180 17065704 380178  113.532 48 
 9.863 10.641 17107946 1649828 196364 17082996 380180 17065704 380178  114.174 48 
 9.783 10.630 17150188 1649828 196364 17082996 380180 17065704 380178  114.804 48 
 9.783 10.550 17192430 1649828 196364 17082996 380180 17065704 380178  115.354 48 
 9.829 10.641 17234672 1649828 196364 17082996 380180 17065704 380178  115.996 48 
 9.783 10.561 17276914 1649828 196364 17082996 380180 17065704 380178  116.557 48 
 9.783 10.572 17319156 1649828 196364 17082996 380180 17065704 380178  117.130 48 
 9.771 10.595 17361398 1649828 196364 17082996 380180 17065704 380178  117.726 48 
 9.771 10.687 17403642 1649828 196364 17420932 337936 17403642 337938  118.413 49 
 9.737 10.538 17445882 1649828 196364 17420932 337936 17403642 337938  118.952 49 
 9.783 10.641 17488124 1649828 196364 17420932 337936 17403642 337938  119.593 49 
 9.771 10.584 17530366 1649828 196364 17420932 337936 17403642 337938  120.178 49 
 9.737 10.641 17572608 1649828 196364 17420932 337936 17403642 337938  120.819 49 
 9.783 10.641 17614850 1649828 196364 17420932 337936 17403642 337938  121.461 49 
 9.771 10.607 17657092 1649828 196364 17420932 337936 17403642 337938  122.068 49 
 9.703 10.607 17699334 1649828 196364 17420932 337936 17403642 337938  122.675 49 
 9.737 10.687 17741578 1649828 196364 17758868 337936 17741578 337936  123.362 50 
 9.726 10.595 17783818 1649828 196364 17758868 337936 17741578 337936  123.958 50 
 9.737 10.641 17826060 1649828 196364 17758868 337936 17741578 337936  124.600 50 
 9.691 10.641 17868302 1649828 196364 17758868 337936 17741578 337936  125.241 50 
 9.691 10.607 17910544 1649828 196364 17758868 337936 17741578 337936  125.849 50 
 9.646 10.572 17952788 1649828 196364 17758868 337936 17741578 337936  126.421 50 
 9.680 10.641 17995028 1649828 196364 17758868 337936 17741578 337936  127.063 50 
 9.657 10.641 18037272 1649828 196364 17758868 337936 17741578 337936  127.705 50 
 9.691 10.630 18079514 1649828 196364 17758868 337936 17741578 337936  128.335 50 
 9.646 10.630 18121756 1649828 196364 18135204 376336 18121756 380178  128.965 51 
 9.714 10.618 18163998 1649828 196364 18135204 376336 18121756 380178  129.583 51 
 9.703 10.630 18206240 1649828 196364 18135204 376336 18121756 380178  130.214 51 
 9.760 10.595 18248482 1649828 196364 18135204 376336 18121756 380178  130.809 51 
 9.783 10.607 18290724 1649828 196364 18135204 376336 18121756 380178  131.417 51 
 9.817 10.595 18332966 1649828 196364 18135204 376336 18121756 380178  132.012 51 
 9.817 10.595 18375208 1649828 196364 18135204 376336 18121756 380178  132.608 51 
 9.863 10.641 18417450 1649828 196364 18135204 376336 18121756 380178  133.250 51 
 9.920 10.595 18459692 1649828 196364 18135204 376336 18121756 380178  133.846 51 
 9.840 10.641 18501934 1649828 196364 18135204 376336 18121756 380178  134.487 51 
 9.909 10.607 18544176 1649828 196364 18557628 422424 18544176 422420  135.094 52 
