Thread[Thread-1,5,main] 8.856 3.879 0 0 0 0 0 0 0  6.120 0 
 8.044 3.272 42436 0 0 51970 8920 42436 42436  12.848 2 
 10.790 3.215 84572 92364 6884 85480 33510 42436 42436  19.633 4 
 12.346 3.581 126718 129244 36880 85480 33510 42436 42436  26.051 5 
 12.609 3.364 168974 129244 36880 85480 33510 42436 42436  32.687 5 
 14.131 3.684 211228 129244 36880 85480 33510 42436 42436  39.002 5 
 14.703 3.798 253486 129244 36880 85480 33510 42436 42436  45.204 5 
 15.641 4.325 295742 129244 36880 85480 33510 42436 42436  50.878 5 
 15.641 4.542 338000 342548 213304 85480 33510 338000 295564  56.336 6 
 17.278 4.954 380256 342548 213304 85480 33510 338000 295564  61.381 6 
 17.472 4.828 422512 342548 213304 85480 33510 338000 295564  66.552 6 
 18.102 5.320 464768 342548 213304 85480 33510 338000 295564  71.231 6 
 18.651 5.355 507026 342548 213304 85480 33510 338000 295564  75.876 6 
 18.925 5.835 549282 342548 213304 85480 33510 338000 295564  80.041 6 
 18.834 5.973 591538 342548 213304 85480 33510 338000 295564  84.068 6 
 19.704 6.865 633796 342548 213304 651086 308538 633796 295796  87.202 7 
 18.925 6.442 676052 342548 213304 651086 308538 633796 295796  90.760 7 
 18.708 6.670 718308 726868 75782 651086 308538 633796 295796  94.089 8 
 18.800 6.808 760562 765130 38262 651086 308538 633796 295796  97.281 9 
 17.976 6.247 802820 805380 40250 651086 308538 633796 295796  101.033 10 
 16.969 7.128 845076 851696 46316 651086 308538 633796 295796  103.904 11 
 18.205 7.723 887332 889814 38118 651086 308538 633796 295796  106.181 12 
 16.820 7.368 929590 938116 48302 651086 308538 633796 295796  108.812 13 
 17.060 7.426 971846 938116 48302 651086 308538 633796 295796  111.385 13 
 16.145 6.865 1014102 938116 48302 651086 308538 633796 295796  114.520 13 
 16.282 7.735 1056360 938116 48302 651086 308538 633796 295796  116.785 13 
 18.422 8.169 1098616 938116 48302 651086 308538 633796 295796  118.615 13 
 17.152 7.769 1140872 938116 48302 651086 308538 633796 295796  120.845 13 
 14.852 7.414 1183130 938116 48302 651086 308538 633796 295796  123.430 13 
 14.989 8.215 1225386 938116 48302 1242676 304560 1225386 591590  125.215 14 
 14.211 8.318 1267640 938116 48302 1242676 304560 1225386 591590  126.896 14 
 14.039 8.639 1309896 938116 48302 1242676 304560 1225386 591590  128.257 14 
 15.722 7.815 1352154 1358730 116054 1242676 304560 1225386 591590  130.442 15 
 14.566 8.410 1394410 1396886 38156 1242676 304560 1225386 591590  132.031 16 
 15.310 7.494 1436666 1443174 46288 1242676 304560 1225386 591590  134.537 17 
 15.172 7.391 1478924 1481424 38250 1242676 304560 1225386 591590  137.145 18 
 15.355 8.810 1521180 1525750 44326 1242676 304560 1225386 591590  138.334 19 
 14.120 9.234 1563436 1567932 42182 1242676 304560 1225386 591590  139.100 20 
 14.017 8.032 1605694 1612218 44286 1242676 304560 1225386 591590  141.067 21 
 13.353 9.016 1647950 1612218 44286 1242676 304560 1225386 591590  142.050 21 
 13.582 8.078 1690206 1612218 44286 1242676 304560 1225386 591590  143.972 21 
 13.444 8.776 1732464 1737072 124854 1242676 304560 1225386 591590  145.196 22 
 13.341 8.433 1774720 1737072 124854 1242676 304560 1225386 591590  146.762 22 
 14.486 8.856 1816976 1737072 124854 1242676 304560 1225386 591590  147.906 22 
 13.628 8.867 1859234 1737072 124854 1876524 139452 1859234 633848  149.038 23 
 13.158 8.501 1901490 1737072 124854 1876524 139452 1859234 633848  150.536 23 
 13.811 8.307 1943746 1952308 75784 1876524 139452 1859234 633848  152.229 24 
 13.719 8.662 1986002 1952308 75784 1876524 139452 1859234 633848  153.567 24 
 13.444 7.952 2028260 1952308 75784 1876524 139452 1859234 633848  155.614 24 
 12.930 7.986 2070514 1952308 75784 1876524 139452 1859234 633848  157.627 24 
 13.822 7.883 2112770 2121406 169098 1876524 139452 1859234 633848  159.743 25 
 14.417 8.444 2155028 2159550 38144 1876524 139452 1859234 633848  161.299 26 
 14.532 8.009 2197284 2159550 38144 1876524 139452 1859234 633848  163.289 26 
 14.909 8.353 2239540 2241990 82440 1876524 139452 1859234 633848  164.936 27 
 14.623 7.632 2281798 2241990 82440 1876524 139452 1859234 633848  167.304 27 
 14.131 8.181 2324054 2330568 88578 1876524 139452 1859234 633848  169.122 28 
 14.532 8.284 2366310 2330568 88578 1876524 139452 1859234 633848  170.838 28 
 15.218 8.135 2408566 2330568 88578 1876524 139452 1859234 633848  172.702 28 
 13.902 8.307 2450824 2330568 88578 2468114 137546 2450824 591590  174.395 29 
 14.955 8.536 2493080 2495564 27450 2468114 137546 2450824 591590  175.859 30 
 13.937 7.941 2535336 2495564 27450 2468114 137546 2450824 591590  177.918 30 
 13.845 8.593 2577594 2582072 86508 2468114 137546 2450824 591590  179.324 31 
 14.211 7.861 2619848 2628522 46450 2468114 137546 2450824 591590  181.463 32 
 13.536 8.822 2662104 2628522 46450 2468114 137546 2450824 591590  182.641 32 
 14.131 8.330 2704362 2708934 80412 2468114 137546 2450824 591590  184.311 33 
 13.158 8.673 2746618 2708934 80412 2468114 137546 2450824 591590  185.638 33 
 14.154 8.444 2788874 2708934 80412 2468114 137546 2450824 591590  187.193 33 
 13.673 7.758 2831132 2837676 128742 2468114 137546 2450824 591590  189.435 34 
 14.005 8.604 2873388 2877964 40288 2468114 137546 2450824 591590  190.830 35 
 13.765 9.039 2915644 2918130 40166 2468114 137546 2450824 591590  191.791 36 
 12.941 8.467 2957900 2960430 42300 2468114 137546 2450824 591590  193.323 37 
 13.570 7.334 3000156 3002618 42188 2468114 137546 2450824 591590  195.988 38 
 13.673 8.181 3042412 3002618 42188 2468114 137546 2450824 591590  197.807 38 
 13.525 8.398 3084670 3002618 42188 3101960 99342 3084670 633846  199.408 39 
 13.399 8.318 3126924 3002618 42188 3101960 99342 3084670 633846  201.090 39 
 13.982 8.078 3169180 3002618 42188 3101960 99342 3084670 633846  203.011 39 
 13.536 7.941 3211436 3002618 42188 3101960 99342 3084670 633846  205.070 39 
 14.177 8.490 3253694 3002618 42188 3101960 99342 3084670 633846  206.580 39 
 14.348 7.471 3295948 3002618 42188 3101960 99342 3084670 633846  209.108 39 
 13.227 7.803 3338202 3002618 42188 3101960 99342 3084670 633846  211.304 39 
 14.440 7.918 3380458 3002618 42188 3101960 99342 3084670 633846  213.386 39 
 13.582 8.238 3422714 3002618 42188 3101960 99342 3084670 633846  215.147 39 
 13.799 8.284 3464970 3002618 42188 3101960 99342 3084670 633846  216.863 39 
 14.451 8.364 3507226 3002618 42188 3101960 99342 3084670 633846  218.498 39 
 14.806 7.746 3549484 3002618 42188 3101960 99342 3084670 633846  220.751 39 
 14.440 8.261 3591740 3002618 42188 3101960 99342 3084670 633846  222.490 39 
 12.746 8.032 3633996 3002618 42188 3101960 99342 3084670 633846  224.457 39 
 14.039 9.028 3676254 3678824 576864 3101960 99342 3084670 633846  225.429 40 
 15.218 8.513 3718510 3678824 576864 3735800 56976 3718510 633840  226.916 41 
 15.504 7.918 3760766 3678824 576864 3735800 56976 3718510 633840  228.998 41 
 13.856 8.524 3803024 3678824 576864 3735800 56976 3718510 633840  230.473 41 
 14.314 8.078 3845280 3678824 576864 3735800 56976 3718510 633840  232.395 41 
 14.451 8.009 3887536 3678824 576864 3735800 56976 3718510 633840  234.385 41 
 15.046 7.677 3929794 3678824 576864 3735800 56976 3718510 633840  236.707 41 
 14.131 8.009 3972050 3678824 576864 3735800 56976 3718510 633840  238.697 41 
 13.536 8.078 4014306 3678824 576864 3735800 56976 3718510 633840  240.619 41 
 14.943 8.398 4056564 3678824 576864 4073856 338056 4056564 338054  242.220 42 
 14.280 7.620 4098820 4105366 31510 4073856 338056 4056564 338054  244.599 43 
 14.635 8.124 4141076 4145688 40322 4073856 338056 4056564 338054  246.475 44 
 13.399 7.700 4183332 4187896 42208 4073856 338056 4056564 338054  248.774 45 
 14.074 7.998 4225590 4187896 42208 4073856 338056 4056564 338054  250.776 45 
 15.149 8.330 4267846 4272320 84424 4073856 338056 4056564 338054  252.446 46 
 12.781 8.501 4310102 4312588 40268 4073856 338056 4056564 338054  253.944 47 
 14.623 8.227 4352360 4312588 40268 4073856 338056 4056564 338054  255.717 47 
 13.731 8.135 4394616 4312588 40268 4411906 99318 4394616 338052  257.581 48 
 13.250 8.169 4436872 4443368 31462 4411906 99318 4394616 338052  259.411 49 
 14.303 8.089 4479130 4483622 40254 4411906 99318 4394616 338052  261.321 50 
 13.982 8.021 4521386 4523846 40224 4411906 99318 4394616 338052  263.300 51 
 14.074 8.993 4563642 4523846 40224 4411906 99318 4394616 338052  264.306 51 
 13.982 7.758 4605900 4610402 86556 4411906 99318 4394616 338052  266.548 52 
 14.635 7.700 4648156 4610402 86556 4665448 55046 4648156 253540  268.847 53 
 13.719 8.616 4690412 4694954 29506 4665448 55046 4648156 253540  270.231 54 
 13.433 7.815 4732668 4694954 29506 4665448 55046 4648156 253540  272.416 54 
 13.719 8.169 4774924 4781466 86512 4665448 55046 4648156 253540  274.246 55 
 12.621 7.769 4817180 4781466 86512 4665448 55046 4648156 253540  276.476 55 
 13.158 7.952 4859436 4861980 80514 4665448 55046 4648156 253540  278.524 56 
 13.170 8.318 4901692 4861980 80514 4918982 57002 4901692 253536  280.205 57 
 14.760 8.330 4943948 4950458 31476 4918982 57002 4901692 253536  281.875 58 
 13.067 7.929 4986204 4950458 31476 4918982 57002 4901692 253536  283.945 58 
 13.788 8.490 5028462 4950458 31476 4918982 57002 4901692 253536  285.455 58 
 13.708 8.066 5070718 4950458 31476 4918982 57002 4901692 253536  287.388 58 
 13.799 8.421 5112974 5117482 167024 4918982 57002 4901692 253536  288.966 59 
 13.124 8.169 5155232 5117482 167024 4918982 57002 4901692 253536  290.796 59 
 13.616 8.581 5197488 5117482 167024 4918982 57002 4901692 253536  292.214 59 
 13.662 7.986 5239744 5244232 126750 4918982 57002 4901692 253536  294.227 60 
 13.582 8.318 5282000 5288630 44398 4918982 57002 4901692 253536  295.908 61 
 13.662 8.089 5324256 5330774 42144 4918982 57002 4901692 253536  297.819 62 
 13.822 8.135 5366514 5330774 42144 5383804 53030 5366514 464822  299.683 63 
 13.731 7.826 5408768 5330774 42144 5383804 53030 5366514 464822  301.856 63 
 14.726 7.758 5451026 5455526 71722 5383804 53030 5366514 464822  304.098 64 
 14.623 8.227 5493280 5455526 71722 5383804 53030 5366514 464822  305.871 64 
 14.486 8.135 5535536 5455526 71722 5383804 53030 5366514 464822  307.735 64 
 13.399 7.986 5577794 5455526 71722 5383804 53030 5366514 464822  309.749 64 
 15.115 7.769 5620050 5622568 167042 5383804 53030 5366514 464822  311.979 65 
 14.486 8.650 5662308 5670838 48270 5383804 53030 5662308 295794  313.329 66 
 14.497 7.723 5704564 5670838 48270 5383804 53030 5662308 295794  315.605 66 
 12.701 8.799 5746820 5755488 84650 5383804 53030 5662308 295794  316.805 67 
 14.097 7.998 5789076 5791524 36036 5383804 53030 5662308 295794  318.807 68 
 12.792 7.506 5831332 5833878 42354 5383804 53030 5662308 295794  321.301 69 
 12.792 7.780 5873590 5833878 42354 5383804 53030 5662308 295794  323.520 69 
 13.673 7.563 5915846 5833878 42354 5383804 53030 5662308 295794  325.956 69 
 15.367 8.124 5958102 5833878 42354 5383804 53030 5662308 295794  327.832 69 
 14.314 7.414 6000360 6004962 171084 5383804 53030 5662308 295794  330.417 70 
 14.085 7.826 6042616 6045358 40396 5383804 53030 5662308 295794  332.591 71 
 14.223 7.758 6084872 6089400 44042 5383804 53030 5662308 295794  334.833 72 
 15.001 7.941 6127130 6089400 44042 5383804 53030 5662308 295794  336.892 72 
 14.943 8.089 6169386 6089400 44042 5383804 53030 5662308 295794  338.802 72 
 14.074 8.867 6211644 6089400 44042 6225094 135694 6211644 549336  339.934 73 
 15.401 8.375 6253900 6089400 44042 6225094 135694 6211644 549336  341.558 73 
 15.504 8.398 6296156 6304702 79608 6225094 135694 6211644 549336  343.159 74 
 14.028 7.769 6338412 6345038 40336 6225094 135694 6211644 549336  345.390 75 
 14.257 9.188 6380668 6383252 38214 6225094 135694 6211644 549336  346.201 76 
 14.497 7.986 6422926 6383252 38214 6225094 135694 6211644 549336  348.214 76 
 15.447 8.536 6465182 6469668 86416 6225094 135694 6211644 549336  349.678 77 
 15.275 8.272 6507438 6509924 40256 6225094 135694 6211644 549336  351.405 78 
 14.268 8.993 6549696 6552172 42248 6225094 135694 6211644 549336  352.411 79 
 12.426 8.032 6591952 6598580 46408 6225094 135694 6211644 549336  354.379 80 
 14.760 8.307 6634208 6636730 38150 6225094 135694 6211644 549336  356.071 81 
 13.708 8.456 6676466 6636730 38150 6225094 135694 6211644 549336  357.615 81 
 14.497 8.261 6718722 6636730 38150 6225094 135694 6211644 549336  359.354 81 
 13.433 8.444 6760978 6636730 38150 6225094 135694 6211644 549336  360.909 81 
 14.165 8.684 6803236 6636730 38150 6225094 135694 6211644 549336  362.224 81 
 14.680 7.803 6845492 6636730 38150 6862782 226052 6845492 633848  364.421 82 
 14.577 8.753 6887748 6892340 29558 6862782 226052 6845492 633848  365.667 83 
 14.177 7.620 6930006 6932492 40152 6862782 226052 6845492 633848  368.046 84 
 13.204 7.769 6972262 6976794 44302 6862782 226052 6845492 633848  370.277 85 
 13.891 7.849 7014518 7017060 40266 6862782 226052 6845492 633848  372.427 86 
 14.589 7.964 7056776 7017060 40266 6862782 226052 6845492 633848  374.463 86 
 13.811 8.410 7099032 7103546 86486 6862782 226052 6845492 633848  376.053 87 
 14.120 8.353 7141288 7143814 40268 6862782 226052 6845492 633848  377.700 88 
 15.321 8.513 7183544 7143814 40268 6862782 226052 6845492 633848  379.187 88 
 14.257 7.906 7225802 7228384 84570 6862782 226052 7225802 380310  381.280 89 
 14.955 7.723 7268058 7270526 42142 6862782 226052 7225802 380310  383.556 90 
 16.030 8.410 7310314 7312782 42256 6862782 226052 7225802 380310  385.146 91 
 15.081 7.677 7352572 7359116 46334 6862782 226052 7225802 380310  387.468 92 
 14.120 8.181 7394828 7359116 46334 6862782 226052 7225802 380310  389.287 92 
 15.859 8.227 7437084 7359116 46334 6862782 226052 7225802 380310  391.059 92 
 14.223 8.364 7479342 7485846 126730 6862782 226052 7225802 380310  392.695 93 
 15.275 8.593 7521598 7485846 126730 6862782 226052 7225802 380310  394.102 93 
 14.486 8.959 7563854 7485846 126730 6862782 226052 7225802 380310  395.142 93 
 14.131 8.410 7606110 7485846 126730 6862782 226052 7225802 380310  396.732 93 
 13.307 8.913 7648368 7652984 167138 6862782 226052 7225802 380310  397.818 94 
 14.577 8.135 7690624 7652984 167138 6862782 226052 7225802 380310  399.682 94 
 13.662 8.032 7732880 7652984 167138 6862782 226052 7225802 380310  401.650 94 
 13.937 7.540 7775138 7652984 167138 6862782 226052 7225802 380310  404.109 94 
 13.948 8.536 7817394 7652984 167138 6862782 226052 7225802 380310  405.573 94 
 13.673 8.742 7859652 7652984 167138 7876942 223958 7859652 633850  406.831 95 
 13.399 8.902 7901908 7910494 33552 7876942 223958 7859652 633850  407.929 96 
 14.257 8.112 7944164 7950678 40184 7876942 223958 7859652 633850  409.816 97 
 14.211 8.421 7986420 7950678 40184 7876942 223958 7859652 633850  411.394 97 
 12.884 8.490 8028678 7950678 40184 7876942 223958 7859652 633850  412.904 97 
 14.234 8.856 8070934 8077464 126786 7876942 223958 7859652 633850  414.047 98 
 13.616 7.620 8113190 8117722 40258 7876942 223958 8113190 253538  416.426 99 
 14.165 8.353 8155444 8160006 42284 7876942 223958 8113190 253538  418.073 100 
 13.937 8.490 8197702 8200182 40176 7876942 223958 8113190 253538  419.583 101 
 13.902 8.719 8239958 8244444 44262 7876942 223958 8113190 253538  420.864 102 
 13.902 8.044 8282214 8284934 40490 7876942 223958 8113190 253538  422.820 103 
 13.147 9.039 8324472 8326930 41996 7876942 223958 8113190 253538  423.780 104 
 13.673 8.467 8366728 8326930 41996 7876942 223958 8113190 253538  425.313 104 
 15.630 7.803 8408984 8326930 41996 7876942 223958 8113190 253538  2.196 104 
 14.818 7.758 8451242 8326930 41996 7876942 223958 8113190 253538  4.438 104 
 14.348 9.131 8493498 8502158 175228 7876942 223958 8493498 380308  5.307 105 
 14.165 9.188 8535754 8544424 42266 7876942 223958 8493498 380308  6.118 106 
 14.623 8.238 8578012 8584542 40118 7876942 223958 8493498 380308  7.880 107 
 13.444 8.444 8620268 8624852 40310 7876942 223958 8493498 380308  9.435 108 
 14.039 8.456 8662524 8624852 40310 7876942 223958 8493498 380308  10.979 108 
 13.628 7.666 8704780 8624852 40310 7876942 223958 8493498 380308  13.312 108 
 14.451 8.547 8747038 8624852 40310 7876942 223958 8493498 380308  14.765 108 
 15.092 7.712 8789294 8624852 40310 7876942 223958 8493498 380308  17.053 108 
 13.856 8.604 8831550 8836162 211310 7876942 223958 8493498 380308  18.448 109 
 14.783 8.261 8873808 8880340 44178 7876942 223958 8493498 380308  20.186 110 
 14.348 7.849 8916064 8918572 38232 7876942 223958 8916064 422566  22.337 111 
 14.863 8.547 8958320 8964938 46366 7876942 223958 8916064 422566  23.789 112 
 14.028 8.696 9000578 8964938 46366 7876942 223958 8916064 422566  25.093 112 
 14.715 8.044 9042834 8964938 46366 7876942 223958 8916064 422566  27.049 112 
 15.847 8.845 9085090 8964938 46366 7876942 223958 8916064 422566  28.204 112 
 13.856 8.593 9127348 8964938 46366 7876942 223958 8916064 422566  29.610 112 
 14.394 8.307 9169602 8964938 46366 7876942 223958 8916064 422566  31.303 112 
 14.989 8.490 9211860 9214326 249388 7876942 223958 8916064 422566  32.813 113 
 14.943 8.444 9254118 9214326 249388 7876942 223958 8916064 422566  34.368 113 
 15.367 8.501 9296374 9303004 88678 7876942 223958 8916064 422566  35.866 114 
 14.635 9.005 9338630 9341172 38168 7876942 223958 8916064 422566  36.861 115 
 14.085 7.758 9380886 9389420 48248 7876942 223958 8916064 422566  39.103 116 
 14.257 8.467 9423144 9425664 36244 7876942 223958 8916064 422566  40.635 117 
 14.818 8.662 9465400 9467908 42244 7876942 223958 8916064 422566  41.973 118 
 13.490 8.227 9507656 9510188 42280 7876942 223958 8916064 422566  43.746 119 
 12.666 9.131 9549914 9552368 42180 7876942 223958 9549914 633850  44.615 120 
 15.367 8.616 9592170 9596644 44276 7876942 223958 9549914 633850  45.999 121 
 13.914 8.867 9634426 9596644 44276 7876942 223958 9549914 633850  47.131 121 
 13.719 8.501 9676684 9596644 44276 7876942 223958 9549914 633850  48.629 121 
 14.028 8.272 9718940 9596644 44276 7876942 223958 9549914 633850  50.356 121 
 13.582 8.570 9761196 9596644 44276 7876942 223958 9549914 633850  51.786 121 
 14.451 7.769 9803452 9596644 44276 7876942 223958 9549914 633850  54.016 121 
 13.570 8.044 9845710 9596644 44276 9863000 266356 9845710 295796  55.972 122 
 14.589 7.780 9887966 9596644 44276 9863000 266356 9845710 295796  58.191 122 
 12.666 8.593 9930222 9596644 44276 9863000 266356 9845710 295796  59.598 122 
 13.136 7.952 9972480 9596644 44276 9863000 266356 9845710 295796  61.645 122 
 12.071 8.124 10014736 10017318 154318 9863000 266356 9845710 295796  63.521 123 
 13.101 7.815 10056992 10063566 46248 9863000 266356 9845710 295796  65.706 124 
 14.543 9.039 10099250 10101736 38170 9863000 266356 9845710 295796  66.666 125 
 14.280 7.723 10141506 10101736 38170 9863000 266356 9845710 295796  68.942 125 
 13.296 7.346 10183762 10101736 38170 9863000 266356 9845710 295796  71.596 125 
 14.039 7.986 10226020 10232560 130824 9863000 266356 10226020 380310  73.609 126 
 13.902 7.815 10268276 10272822 40262 9863000 266356 10226020 380310  75.794 127 
 13.399 7.895 10310532 10272822 40262 9863000 266356 10226020 380310  77.899 127 
 14.806 8.559 10352790 10355290 82468 9863000 266356 10226020 380310  79.340 128 
 14.989 7.780 10395046 10403674 48384 9863000 266356 10226020 380310  81.559 129 
 15.413 8.650 10437302 10403674 48384 9863000 266356 10226020 380310  82.908 129 
 13.490 7.815 10479558 10403674 48384 9863000 266356 10226020 380310  85.093 129 
 15.378 8.810 10521816 10403674 48384 9863000 266356 10226020 380310  86.282 129 
 15.321 8.284 10564072 10403674 48384 9863000 266356 10226020 380310  87.998 129 
 16.145 8.742 10606328 10403674 48384 9863000 266356 10226020 380310  89.256 129 
 15.687 8.822 10648586 10403674 48384 9863000 266356 10226020 380310  90.434 129 
 14.497 8.524 10690842 10697434 293760 9863000 266356 10226020 380310  91.909 130 
 16.099 7.986 10733100 10735640 38206 9863000 266356 10226020 380310  93.922 131 
 16.053 8.684 10775356 10779848 44208 9863000 266356 10226020 380310  95.237 132 
 15.676 7.998 10817612 10820070 40222 9863000 266356 10226020 380310  97.239 133 
 16.362 8.467 10859870 10820070 40222 10877160 57090 10859870 633850  98.771 134 
 15.355 9.268 10902124 10904652 27492 10877160 57090 10859870 633850  99.503 135 
 13.753 9.462 10944382 10946906 42254 10877160 57090 10859870 633850  100.040 136 
 14.532 8.993 10986636 10991188 44282 10877160 57090 10859870 633850  101.046 137 
 14.360 8.776 11028894 11031340 40152 10877160 57090 10859870 633850  102.270 138 
 13.868 8.169 11071150 11031340 40152 10877160 57090 10859870 633850  104.100 138 
 13.982 7.483 11113406 11031340 40152 10877160 57090 10859870 633850  106.616 138 
 13.937 7.574 11155664 11031340 40152 11172954 141614 11155664 295794  109.041 139 
 14.039 9.051 11197920 11202476 29522 11172954 141614 11155664 295794  109.990 140 
 14.451 8.444 11240176 11202476 29522 11172954 141614 11155664 295794  111.546 140 
 15.355 7.998 11282434 11202476 29522 11172954 141614 11155664 295794  113.547 140 
 14.188 7.803 11324690 11329170 126694 11172954 141614 11155664 295794  115.744 141 
 14.863 8.078 11366946 11329170 126694 11172954 141614 11155664 295794  117.665 141 
 14.715 8.238 11409200 11329170 126694 11172954 141614 11155664 295794  119.426 141 
 13.479 8.364 11451458 11329170 126694 11172954 141614 11155664 295794  121.062 141 
 13.284 7.586 11493714 11329170 126694 11172954 141614 11155664 295794  123.476 141 
 14.486 8.684 11535970 11544606 215436 11172954 141614 11155664 295794  124.791 142 
 14.039 7.918 11578228 11580736 36130 11172954 141614 11155664 295794  126.872 143 
 15.641 8.456 11620484 11623068 42332 11172954 141614 11155664 295794  128.416 144 
 13.948 8.192 11662740 11667350 44282 11172954 141614 11155664 295794  130.224 145 
 14.543 8.524 11704998 11667350 44282 11718448 51098 11704998 549334  131.699 146 
 14.188 8.730 11747254 11667350 44282 11718448 51098 11704998 549334  132.968 146 
 14.131 8.375 11789510 11667350 44282 11718448 51098 11704998 549334  134.592 146 
 13.307 8.124 11831766 11667350 44282 11718448 51098 11704998 549334  136.468 146 
 14.406 8.124 11874024 11667350 44282 11718448 51098 11704998 549334  138.344 146 
 13.273 8.261 11916280 11667350 44282 11718448 51098 11704998 549334  140.082 146 
 13.570 7.986 11958536 11667350 44282 11718448 51098 11704998 549334  142.095 146 
 13.307 8.719 12000794 11667350 44282 11718448 51098 11704998 549334  143.376 146 
 14.028 8.764 12043050 11667350 44282 12056500 338052 12043050 338052  144.611 147 
 14.177 7.986 12085306 11667350 44282 12056500 338052 12043050 338052  146.624 147 
 12.987 8.009 12127564 12134202 77702 12056500 338052 12043050 338052  148.615 148 
 13.444 8.639 12169820 12134202 77702 12056500 338052 12043050 338052  149.976 148 
 13.902 8.684 12212076 12134202 77702 12056500 338052 12043050 338052  151.291 148 
 13.937 7.986 12254332 12134202 77702 12056500 338052 12043050 338052  153.304 148 
 14.806 8.444 12296590 12134202 77702 12056500 338052 12043050 338052  154.859 148 
 13.261 7.620 12338846 12134202 77702 12056500 338052 12043050 338052  157.238 148 
 14.577 8.490 12381102 12387732 253530 12056500 338052 12043050 338052  158.748 149 
 14.726 8.181 12423360 12425906 38174 12056500 338052 12043050 338052  160.567 150 
 14.497 8.627 12465616 12468178 42272 12056500 338052 12043050 338052  161.939 151 
 14.543 8.684 12507874 12468178 42272 12525164 56986 12507874 464824  163.254 152 
 14.955 7.620 12550128 12468178 42272 12525164 56986 12507874 464824  165.633 152 
 15.310 7.540 12592386 12596862 71698 12525164 56986 12507874 464824  168.093 153 
 14.852 8.169 12634642 12641230 44368 12525164 56986 12507874 464824  169.923 154 
 14.532 8.524 12676898 12679402 38172 12525164 56986 12507874 464824  171.398 155 
 13.799 9.131 12719156 12723744 44342 12525164 56986 12507874 464824  172.267 156 
 14.131 7.861 12761412 12763888 40144 12525164 56986 12507874 464824  174.406 157 
 15.172 8.764 12803668 12808168 44280 12525164 56986 12507874 464824  175.641 158 
 14.451 8.227 12845926 12848680 40512 12525164 56986 12507874 464824  177.414 159 
 14.074 9.005 12888182 12890724 42044 12525164 56986 12507874 464824  178.408 160 
 13.021 7.574 12930438 12932982 42258 12525164 56986 12507874 464824  180.833 161 
 13.307 8.433 12972696 12932982 42258 12525164 56986 12507874 464824  182.400 161 
 13.639 7.952 13014950 12932982 42258 12525164 56986 12507874 464824  184.448 161 
 15.767 8.547 13057206 13065866 132884 12525164 56986 12507874 464824  185.900 162 
 14.989 8.639 13099462 13103992 38126 12525164 56986 12507874 464824  187.261 163 
 14.211 8.696 13141720 13144184 40192 12525164 56986 13141720 633846  188.565 164 
 14.326 8.227 13183976 13186424 42240 12525164 56986 13141720 633846  190.338 165 
 14.394 8.456 13226232 13228744 42320 12525164 56986 13141720 633846  191.882 166 
 13.673 7.986 13268490 13273080 44336 12525164 56986 13141720 633846  193.895 167 
 13.513 8.456 13310746 13315224 42144 12525164 56986 13141720 633846  195.439 168 
 14.314 8.536 13353002 13355544 40320 12525164 56986 13141720 633846  196.902 169 
 15.195 8.112 13395260 13399810 44266 12525164 56986 13141720 633846  198.790 170 
 13.444 7.929 13437516 13399810 44266 12525164 56986 13141720 633846  200.860 170 
 13.753 8.307 13479774 13399810 44266 12525164 56986 13141720 633846  202.553 170 
 13.822 8.089 13522030 13399810 44266 13539320 139510 13522030 380310  204.463 171 
 14.074 8.044 13564286 13399810 44266 13539320 139510 13522030 380310  206.419 171 
 13.856 7.506 13606542 13399810 44266 13539320 139510 13522030 380310  208.912 171 
 13.525 8.353 13648800 13399810 44266 13539320 139510 13522030 380310  210.559 171 
 14.589 8.547 13691056 13399810 44266 13539320 139510 13522030 380310  212.012 171 
 14.188 8.318 13733312 13399810 44266 13539320 139510 13522030 380310  213.693 171 
 13.433 8.364 13775570 13399810 44266 13792860 253540 13775570 253540  215.329 172 
 15.046 8.147 13817826 13820288 27428 13792860 253540 13775570 253540  217.182 173 
 12.392 8.307 13860080 13864594 44306 13792860 253540 13775570 253540  218.874 174 
 14.989 8.307 13902336 13864594 44306 13792860 253540 13775570 253540  220.567 174 
 13.353 7.975 13944594 13864594 44306 13792860 253540 13775570 253540  222.591 174 
 13.170 8.490 13986850 13864594 44306 13792860 253540 13775570 253540  224.101 174 
 12.804 8.181 14029106 14037634 173040 13792860 253540 13775570 253540  225.920 175 
 13.444 8.044 14071362 14037634 173040 13792860 253540 13775570 253540  227.876 175 
 13.719 7.643 14113620 14037634 173040 13792860 253540 13775570 253540  230.232 175 
 13.547 8.032 14155876 14037634 173040 13792860 253540 13775570 253540  232.199 175 
 12.380 8.490 14198132 14037634 173040 13792860 253540 13775570 253540  233.709 175 
 13.811 7.609 14240390 14037634 173040 13792860 253540 13775570 253540  236.100 175 
 13.570 7.403 14282646 14037634 173040 13792860 253540 13775570 253540  238.696 175 
 13.708 8.650 14324902 14037634 173040 13792860 253540 13775570 253540  240.046 175 
 13.261 8.272 14367160 14037634 173040 14384450 346816 14367160 591590  241.773 176 
 12.483 8.032 14409416 14411880 27430 14384450 346816 14367160 591590  243.740 177 
 14.268 7.941 14451672 14454238 42358 14384450 346816 14367160 591590  245.799 178 
 14.291 8.227 14493930 14454238 42358 14384450 346816 14367160 591590  247.572 178 
 14.085 8.066 14536186 14540732 86494 14384450 346816 14367160 591590  249.505 179 
 15.538 8.398 14578442 14580902 40170 14384450 346816 14367160 591590  251.106 180 
 14.760 8.078 14620700 14623194 42292 14384450 346816 14367160 591590  253.028 181 
 14.532 8.032 14662956 14671558 48364 14384450 346816 14367160 591590  254.995 182 
 14.085 8.112 14705212 14707662 36104 14384450 346816 14367160 591590  256.882 183 
 15.035 8.570 14747468 14707662 36104 14384450 346816 14367160 591590  258.312 183 
 13.799 7.437 14789726 14707662 36104 14384450 346816 14367160 591590  260.874 183 
 15.813 7.391 14831982 14834542 126880 14384450 346816 14831982 464822  263.482 184 
 14.623 7.632 14874238 14880832 46290 14384450 346816 14831982 464822  265.850 185 
 14.406 7.998 14916496 14880832 46290 14384450 346816 14831982 464822  267.852 185 
 15.413 7.540 14958750 14880832 46290 14384450 346816 14831982 464822  270.311 185 
 14.577 7.655 15001006 14880832 46290 14384450 346816 14831982 464822  272.656 185 
 13.582 7.941 15043264 14880832 46290 14384450 346816 14831982 464822  274.715 185 
 13.387 8.501 15085520 14880832 46290 14384450 346816 14831982 464822  276.213 185 
 14.635 7.769 15127778 14880832 46290 14384450 346816 14831982 464822  278.444 185 
 14.543 8.444 15170034 14880832 46290 14384450 346816 14831982 464822  279.999 185 
 14.623 7.712 15212290 14880832 46290 14384450 346816 14831982 464822  282.287 185 
 14.852 7.941 15254546 14880832 46290 14384450 346816 14831982 464822  284.346 185 
 13.753 8.124 15296802 14880832 46290 14384450 346816 14831982 464822  286.221 185 
 13.708 8.867 15339060 14880832 46290 14384450 346816 14831982 464822  287.354 185 
 12.769 8.398 15381316 14880832 46290 14384450 346816 14831982 464822  288.955 185 
 13.170 8.490 15423572 14880832 46290 14384450 346816 14831982 464822  290.464 185 
 14.532 7.906 15465830 14880832 46290 15483120 602288 15465830 633848  292.558 186 
 12.746 7.712 15508086 15510568 27448 15483120 602288 15465830 633848  294.845 187 
 13.101 7.517 15550342 15556954 46386 15483120 602288 15465830 633848  297.327 188 
 14.635 7.906 15592600 15595122 38168 15483120 602288 15465830 633848  299.421 189 
 12.758 8.490 15634856 15639346 44224 15483120 602288 15465830 633848  300.930 190 
 13.708 7.826 15677112 15685638 46292 15483120 602288 15465830 633848  303.104 191 
 12.506 8.925 15719368 15685638 46292 15483120 602288 15465830 633848  304.178 191 
 13.273 8.559 15761626 15770220 84582 15483120 602288 15761626 295796  305.619 192 
 13.593 8.456 15803882 15770220 84582 15483120 602288 15761626 295796  307.163 192 
 14.451 8.215 15846138 15770220 84582 15483120 602288 15761626 295796  308.948 192 
 13.708 8.021 15888396 15770220 84582 15483120 602288 15761626 295796  310.926 192 
 13.708 8.513 15930652 15770220 84582 15483120 602288 15761626 295796  312.413 192 
 13.490 8.364 15972908 15770220 84582 15483120 602288 15761626 295796  314.049 192 
 13.490 8.616 16015166 15770220 84582 15483120 602288 15761626 295796  315.432 192 
 13.021 7.941 16057422 15770220 84582 15483120 602288 15761626 295796  317.491 192 
 12.197 8.856 16099678 15770220 84582 15483120 602288 15761626 295796  318.635 192 
 13.307 7.861 16141936 15770220 84582 15483120 602288 15761626 295796  320.774 192 
 12.209 7.586 16184192 15770220 84582 16201482 431262 16184192 422566  323.187 193 
 14.028 8.169 16226448 15770220 84582 16201482 431262 16184192 422566  325.017 193 
 13.067 8.353 16268706 15770220 84582 16201482 431262 16184192 422566  326.664 193 
 14.268 7.712 16310962 16313544 112062 16201482 431262 16184192 422566  328.952 194 
 14.028 7.632 16353218 16355758 42214 16201482 431262 16184192 422566  331.320 195 
 13.433 8.124 16395474 16398058 42300 16201482 431262 16184192 422566  333.196 196 
 13.662 8.032 16437732 16398058 42300 16201482 431262 16184192 422566  335.163 196 
 14.943 8.764 16479990 16484552 86494 16201482 431262 16479990 295798  336.398 197 
 15.676 7.677 16522244 16484552 86494 16201482 431262 16479990 295798  338.720 197 
 14.532 7.323 16564502 16484552 86494 16201482 431262 16479990 295798  341.397 197 
 14.085 8.524 16606758 16609266 124714 16201482 431262 16479990 295798  342.872 198 
 13.570 8.192 16649014 16609266 124714 16201482 431262 16479990 295798  344.679 198 
 13.948 8.009 16691272 16609266 124714 16201482 431262 16479990 295798  346.670 198 
 13.799 7.586 16733528 16609266 124714 16201482 431262 16479990 295798  349.083 198 
 14.966 7.689 16775784 16609266 124714 16201482 431262 16479990 295798  351.394 198 
 13.570 8.604 16818040 16822570 213304 16201482 431262 16479990 295798  352.789 199 
 14.852 8.364 16860298 16868934 46364 16201482 431262 16479990 295798  354.424 200 
 14.406 7.895 16902554 16868934 46364 16201482 431262 16479990 295798  356.529 200 
 15.504 8.501 16944810 16868934 46364 16201482 431262 16479990 295798  358.027 200 
 13.719 8.673 16987068 16868934 46364 16201482 431262 16479990 295798  359.354 200 
 13.307 7.849 17029324 16868934 46364 16201482 431262 16479990 295798  361.504 200 
 14.886 8.066 17071580 17078122 209188 16201482 431262 16479990 295798  363.437 201 
 13.319 8.261 17113838 17116344 38222 16201482 431262 17113838 633848  365.176 202 
 14.257 8.456 17156094 17116344 38222 16201482 431262 17113838 633848  366.720 202 
 14.074 8.353 17198350 17116344 38222 16201482 431262 17113838 633848  368.367 202 
 13.753 7.964 17240608 17116344 38222 16201482 431262 17113838 633848  370.403 202 
 14.165 8.353 17282864 17116344 38222 16201482 431262 17113838 633848  372.050 202 
 14.715 8.444 17325120 17333734 217390 16201482 431262 17113838 633848  373.605 203 
 14.360 8.776 17367376 17333734 217390 16201482 431262 17113838 633848  374.829 203 
 13.628 8.856 17409634 17414220 80486 16201482 431262 17113838 633848  375.972 204 
 14.440 8.593 17451890 17454368 40148 16201482 431262 17113838 633848  377.379 205 
 13.937 7.803 17494146 17454368 40148 16201482 431262 17113838 633848  379.575 205 
 13.341 9.096 17536404 17454368 40148 16201482 431262 17113838 633848  380.478 205 
 13.868 7.060 17578660 17454368 40148 17595950 141582 17578660 464822  383.418 206 
 13.525 8.135 17620916 17625510 29560 17595950 141582 17578660 464822  385.282 207 
 15.035 7.471 17663174 17625510 29560 17595950 141582 17578660 464822  387.810 207 
 13.170 8.353 17705430 17711944 86434 17595950 141582 17578660 464822  389.457 208 
 13.662 8.684 17747688 17711944 86434 17595950 141582 17578660 464822  390.773 208 
 14.120 8.524 17789944 17711944 86434 17595950 141582 17578660 464822  392.248 208 
 14.131 8.330 17832200 17711944 86434 17849490 137546 17832200 253540  393.918 209 
 14.554 8.364 17874456 17879030 29540 17849490 137546 17832200 253540  395.553 210 
 13.753 8.627 17916712 17879030 29540 17849490 137546 17832200 253540  396.925 210 
 14.268 8.135 17958970 17879030 29540 17849490 137546 17832200 253540  398.790 210 
 12.758 8.330 18001226 17879030 29540 17849490 137546 17832200 253540  400.460 210 
 14.223 8.662 18043482 17879030 29540 17849490 137546 17832200 253540  401.798 210 
 14.772 7.895 18085740 17879030 29540 17849490 137546 17832200 253540  403.902 210 
 13.628 9.085 18127996 17879030 29540 18145286 266256 18127996 295796  404.817 211 
 14.223 8.593 18170252 17879030 29540 18145286 266256 18127996 295796  406.224 211 
 13.044 8.307 18212510 18217064 71778 18145286 266256 18127996 295796  407.916 212 
 13.021 8.902 18254766 18261340 44276 18145286 266256 18127996 295796  409.014 213 
 14.451 8.009 18297022 18299544 38204 18145286 266256 18127996 295796  411.004 214 
 13.753 8.135 18339278 18299544 38204 18145286 266256 18127996 295796  412.869 214 
 14.257 8.055 18381536 18299544 38204 18145286 266256 18127996 295796  414.813 214 
 14.280 7.986 18423792 18299544 38204 18145286 266256 18127996 295796  416.826 214 
 14.669 9.131 18466050 18299544 38204 18145286 266256 18127996 295796  417.695 214 
 13.708 8.124 18508306 18299544 38204 18145286 266256 18127996 295796  419.571 214 
 14.165 9.039 18550562 18299544 38204 18567852 268308 18550562 422566  420.531 215 
