Thread[Thread-1,5,main] 0.000 0.0000 0 
 327.256 330.5990 0 
 281.996 329.0410 0 
 253.842 327.5000 0 
 238.507 325.9780 0 
 220.538 324.4730 0 
 204.384 322.9850 0 
 193.717 321.5130 0 
 184.157 320.0590 0 
 181.719 318.6200 0 
 186.604 317.1980 0 
 194.069 315.7920 0 
 207.464 314.4010 0 
 225.368 313.0250 0 
 248.034 311.6650 0 
 285.590 310.3190 0 
 319.288 317.94612098090 2890 
 357.941 354.71012142432 2858 
 269.972 357.18112142432 2858 
 209.270 354.37312142432 2858 
 150.651 351.58512142432 2858 
 107.296 348.81812142432 2858 
 73.974 346.07112142432 2858 
 49.622 343.34512142432 2858 
 32.184 340.64012142432 2858 
 24.097 337.95412142432 2858 
 20.103 335.28912142432 2858 
 22.497 332.64412142432 2858 
 26.530 330.01912142432 2858 
 37.643 327.41312142432 2858 
 50.740 324.82712142432 2858 
 64.790 322.26112142432 2858 
 82.671 319.71412142432 2858 
 103.208 317.18612142432 2858 
 125.759 314.67712142432 2858 
 150.511 312.18812142432 2858 
 177.623 309.71712142432 2858 
 207.122 307.26612142432 2858 
 238.956 304.83312142432 2858 
 272.137 302.41912142432 2858 
 308.522 306.22913113460 2906 
 347.751 345.24413156084 2830 
 379.589 377.81913197874 2910 
 415.782 414.35713240408 2850 
 466.810 464.28213282400 2906 
 525.415 522.50213324976 2932 
 589.512 587.45413366814 2798 
 664.762 660.41813409468 2832 
 732.626 727.73613450456 4856 
 810.902 811.59813490664 2826 
 842.289 839.90813530094 39430 
 792.200 807.19713572808 42714 
 717.655 803.97713572808 42714 
 645.015 800.78813572808 42714 
 600.430 797.62813572808 42714 
 549.310 794.49813572808 42714 
 515.722 791.39713572808 42714 
 479.234 788.32613572808 42714 
 452.583 785.28213572808 42714 
 432.844 782.26713572808 42714 
 426.301 779.28013572808 42714 
 420.849 776.32113572808 42714 
 414.238 773.38813572808 42714 
 439.296 770.48313572808 42714 
 461.679 767.60413572808 42714 
 499.085 764.75213572808 42714 
 550.752 761.92613572808 42714 
 609.957 759.12513572808 42714 
 682.609 756.35013572808 42714 
 751.245 753.60013572808 42714 
 837.519 827.57614380624 2856 
 942.733 935.75214423222 2934 
 1033.028 1029.88314465082 2846 
