Thread[Thread-1,5,main] 530.000 446.000 316.457 332.099 0 0 0 17290 17290 20 20 
 624.000 449.000 285.101 311.899 42396 0 0 17290 17290 20 20 
 742.000 460.000 259.610 310.797 84686 0 0 17290 17290 20 20 
 838.000 472.000 239.922 309.434 126728 0 0 17290 17290 20 20 
 926.000 491.000 222.143 308.354 169162 0 0 17290 17290 20 20 
 1016.000 511.000 198.863 307.017 211230 0 0 17290 17290 20 20 
 1096.000 539.000 192.011 305.958 253644 0 0 17290 17290 20 20 
 1185.000 566.000 182.316 304.648 295694 0 0 17290 17290 20 20 
 1250.000 603.000 177.173 303.610 338128 0 0 17290 17290 20 20 
 1328.000 626.000 177.319 302.325 380198 0 0 17290 17290 20 20 
 1397.000 694.000 185.267 301.307 422614 0 0 17290 17290 20 20 
 1466.000 699.000 195.833 300.047 464682 0 0 17290 17290 20 20 
 1539.000 731.000 209.104 299.049 507098 0 0 17290 17290 20 20 
 1598.000 762.000 229.958 297.812 549166 0 0 17290 17290 20 20 
 1650.000 795.000 256.407 296.833 591582 0 0 17290 17290 20 20 
 1711.000 819.000 284.675 295.621 633652 0 0 651122 633832 633654 633634 
 1586.000 837.000 225.669 293.497 675872 0 0 651122 633832 633654 633634 
 1504.000 871.000 172.901 290.691 718114 0 0 651122 633832 633654 633634 
 1422.000 886.000 127.927 287.910 760356 0 0 651122 633832 633654 633634 
 1343.000 911.000 92.953 285.154 802598 0 0 651122 633832 633654 633634 
 1261.000 929.000 65.855 282.422 844860 0 0 651122 633832 633654 633634 
 1187.000 942.000 44.996 279.713 887106 0 0 651122 633832 633654 633634 
 1115.000 955.000 29.867 277.029 929324 0 0 651122 633832 633654 633634 
 1046.000 963.000 20.377 274.368 971586 0 0 651122 633832 633654 633634 
 978.000 968.000 14.685 271.730 1013828 0 0 651122 633832 633654 633634 
 915.000 972.000 14.317 269.116 1056072 0 0 651122 633832 633654 633634 
 851.000 968.000 14.555 266.526 1098314 0 0 651122 633832 633654 633634 
 791.000 979.000 18.214 263.958 1140550 0 0 651122 633832 633654 633634 
 732.000 959.000 21.663 261.413 1182770 0 0 651122 633832 633654 633634 
 678.000 955.000 30.226 258.891 1225032 0 0 651122 633832 633654 633634 
 627.000 948.000 38.292 256.391 1267278 0 0 1284744 633622 1267282 633628 
 627.000 946.000 42.287 43.821 1309494 1310858 26114 1284744 633622 1267282 633628 
 631.000 934.000 37.909 43.479 1351736 1310858 26114 1284744 633622 1267282 633628 
 643.000 926.000 33.812 43.140 1393978 1310858 26114 1284744 633622 1267282 633628 
 651.000 915.000 30.301 42.803 1436220 1310858 26114 1284744 633622 1267282 633628 
 661.000 906.000 27.322 42.468 1478462 1310858 26114 1284744 633622 1267282 633628 
 667.000 900.000 25.393 42.135 1520706 1310858 26114 1284744 633622 1267282 633628 
 675.000 895.000 22.519 41.804 1562948 1310858 26114 1284744 633622 1267282 633628 
 681.000 886.000 20.810 41.476 1605190 1310858 26114 1284744 633622 1267282 633628 
 691.000 885.000 19.357 41.149 1647432 1310858 26114 1284744 633622 1267282 633628 
 696.000 874.000 16.724 40.825 1689674 1310858 26114 1284744 633622 1267282 633628 
 703.000 874.000 16.698 40.503 1731916 1310858 26114 1284744 633622 1267282 633628 
 709.000 866.000 15.539 40.183 1774158 1310858 26114 1284744 633622 1267282 633628 
 715.000 864.000 14.411 39.865 1816400 1310858 26114 1284744 633622 1267282 633628 
 718.000 862.000 13.641 39.550 1858642 1310858 26114 1284744 633622 1267282 633628 
 726.000 859.000 13.081 39.236 1900884 1310858 26114 1918174 607316 1900888 633606 
 734.000 856.000 11.598 14.512 1943126 1310858 26114 1918174 607316 1900888 633606 
 747.000 855.000 10.403 14.383 1985368 1310858 26114 1918174 607316 1900888 633606 
 760.000 854.000 8.679 14.256 2027610 1310858 26114 1918174 607316 1900888 633606 
 774.000 854.000 7.596 14.130 2069852 1310858 26114 1918174 607316 1900888 633606 
 783.000 854.000 6.026 14.005 2112094 1310858 26114 1918174 607316 1900888 633606 
 791.000 852.000 5.367 13.881 2154336 1310858 26114 1918174 607316 1900888 633606 
 802.000 851.000 4.400 13.759 2196578 1310858 26114 1918174 607316 1900888 633606 
 811.000 850.000 3.962 13.638 2238820 1310858 26114 1918174 607316 1900888 633606 
 819.000 855.000 3.318 13.518 2281062 1310858 26114 1918174 607316 1900888 633606 
 827.000 854.000 2.865 13.400 2323304 1310858 26114 1918174 607316 1900888 633606 
 839.000 855.000 1.946 13.283 2365546 1310858 26114 1918174 607316 1900888 633606 
 847.000 858.000 1.653 13.167 2407790 1310858 26114 1918174 607316 1900888 633606 
 851.000 858.000 1.320 13.052 2450032 1310858 26114 1918174 607316 1900888 633606 
 859.000 862.000 0.767 12.938 2492274 1310858 26114 1918174 607316 1900888 633606 
 872.000 867.000 0.613 12.826 2534516 1310858 26114 2551804 633630 2534520 633632 
 870.000 866.000 0.525 2.076 2576758 1310858 26114 2551804 633630 2534520 633632 
 862.000 868.000 0.475 2.071 2619000 1310858 26114 2551804 633630 2534520 633632 
 859.000 869.000 0.628 2.067 2661242 1310858 26114 2551804 633630 2534520 633632 
 859.000 874.000 0.724 2.062 2703484 1310858 26114 2551804 633630 2534520 633632 
 859.000 876.000 0.662 2.058 2745726 1310858 26114 2551804 633630 2534520 633632 
 856.000 879.000 0.832 2.053 2787968 1310858 26114 2551804 633630 2534520 633632 
 851.000 881.000 0.778 2.049 2830210 1310858 26114 2551804 633630 2534520 633632 
 850.000 879.000 0.870 2.045 2872452 1310858 26114 2551804 633630 2534520 633632 
 850.000 884.000 1.087 2.040 2914694 1310858 26114 2551804 633630 2534520 633632 
 843.000 882.000 1.242 2.036 2956936 1310858 26114 2551804 633630 2534520 633632 
 843.000 893.000 1.488 2.032 2999178 1310858 26114 2551804 633630 2534520 633632 
 842.000 887.000 1.417 2.028 3041420 1310858 26114 2551804 633630 2534520 633632 
 842.000 886.000 1.488 2.024 3083662 1310858 26114 2551804 633630 2534520 633632 
 839.000 883.000 1.656 2.020 3125906 1310858 26114 2551804 633630 2534520 633632 
 838.000 887.000 1.775 2.016 3168148 1310858 26114 3185436 633632 3168150 633630 
 827.000 888.000 2.224 3.259 3210390 1310858 26114 3185436 633632 3168150 633630 
 826.000 887.000 2.446 3.244 3252632 1310858 26114 3185436 633632 3168150 633630 
 826.000 887.000 2.581 3.228 3294874 1310858 26114 3185436 633632 3168150 633630 
 822.000 883.000 2.662 3.213 3337116 1310858 26114 3185436 633632 3168150 633630 
 815.000 886.000 3.000 3.197 3379358 1310858 26114 3185436 633632 3168150 633630 
 815.000 883.000 2.963 3.182 3421600 1310858 26114 3185436 633632 3168150 633630 
 811.000 886.000 3.329 4.853 3463842 3465382 279946 3185436 633632 3168150 633630 
 810.000 887.000 3.401 4.822 3506084 3465382 279946 3185436 633632 3168150 633630 
 810.000 887.000 3.450 4.792 3548326 3465382 279946 3185436 633632 3168150 633630 
 810.000 883.000 3.404 4.762 3590566 3465382 279946 3185436 633632 3168150 633630 
 806.000 885.000 3.634 4.733 3632808 3465382 279946 3185436 633632 3168150 633630 
 806.000 882.000 3.824 4.703 3675050 3465382 279946 3185436 633632 3168150 633630 
 801.000 882.000 3.688 4.674 3717292 3465382 279946 3185436 633632 3168150 633630 
 801.000 880.000 4.034 4.645 3759534 3465382 279946 3185436 633632 3168150 633630 
 802.000 882.000 4.357 4.616 3801778 3465382 279946 3819066 353684 3801780 633630 
 796.000 883.000 3.767 5.729 3844018 3465382 279946 3819066 353684 3801780 633630 
 802.000 878.000 4.075 5.690 3886260 3465382 279946 3819066 353684 3801780 633630 
 801.000 879.000 4.395 5.651 3928502 3465382 279946 3819066 353684 3801780 633630 
 803.000 878.000 3.562 5.612 3970744 3465382 279946 3819066 353684 3801780 633630 
 802.000 879.000 4.150 5.574 4012986 3465382 279946 3819066 353684 3801780 633630 
 802.000 878.000 3.863 5.536 4055230 3465382 279946 3819066 353684 3801780 633630 
 796.000 879.000 4.011 5.498 4097472 3465382 279946 3819066 353684 3801780 633630 
 803.000 871.000 3.709 5.461 4139714 3465382 279946 3819066 353684 3801780 633630 
 804.000 873.000 3.777 5.424 4181956 3465382 279946 3819066 353684 3801780 633630 
 799.000 874.000 4.272 5.387 4224198 3465382 279946 3819066 353684 3801780 633630 
 802.000 877.000 3.856 5.351 4266440 3465382 279946 3819066 353684 3801780 633630 
 800.000 871.000 4.104 5.315 4308680 3465382 279946 3819066 353684 3801780 633630 
 800.000 876.000 4.086 5.279 4350924 3465382 279946 3819066 353684 3801780 633630 
 803.000 869.000 3.863 5.244 4393166 3465382 279946 3819066 353684 3801780 633630 
 799.000 872.000 4.213 5.208 4435408 3465382 279946 4452694 633628 4435410 633630 
 806.000 874.000 3.618 5.816 4477650 3465382 279946 4452694 633628 4435410 633630 
 810.000 871.000 3.541 5.773 4519890 3465382 279946 4452694 633628 4435410 633630 
 811.000 872.000 3.239 5.731 4562130 3465382 279946 4452694 633628 4435410 633630 
 811.000 871.000 3.098 5.689 4604372 3465382 279946 4452694 633628 4435410 633630 
 813.000 871.000 3.026 5.648 4646614 3465382 279946 4452694 633628 4435410 633630 
 817.000 873.000 2.675 5.606 4688856 3465382 279946 4452694 633628 4435410 633630 
 820.000 871.000 2.748 5.566 4731096 3465382 279946 4452694 633628 4435410 633630 
 815.000 874.000 2.542 5.525 4773338 3465382 279946 4452694 633628 4435410 633630 
 823.000 871.000 2.411 5.485 4815582 3465382 279946 4452694 633628 4435410 633630 
 820.000 879.000 2.565 5.446 4857820 3465382 279946 4452694 633628 4435410 633630 
 827.000 873.000 2.227 5.407 4900062 3465382 279946 4452694 633628 4435410 633630 
 830.000 883.000 2.223 5.368 4942304 3465382 279946 4452694 633628 4435410 633630 
 828.000 874.000 1.937 5.330 4984542 3465382 279946 4452694 633628 4435410 633630 
 827.000 878.000 1.975 5.292 5026786 3465382 279946 4452694 633628 4435410 633630 
 830.000 872.000 1.652 5.254 5069028 3465382 279946 5084394 631700 5069032 633622 
 830.000 876.000 1.937 3.350 5111270 3465382 279946 5084394 631700 5069032 633622 
 831.000 878.000 1.845 3.332 5153512 3465382 279946 5084394 631700 5069032 633622 
 829.000 874.000 2.096 3.314 5195752 3465382 279946 5084394 631700 5069032 633622 
 826.000 878.000 2.279 3.296 5237994 3465382 279946 5084394 631700 5069032 633622 
 827.000 878.000 2.184 3.278 5280236 3465382 279946 5084394 631700 5069032 633622 
 825.000 882.000 2.279 3.260 5322478 3465382 279946 5084394 631700 5069032 633622 
 823.000 878.000 2.321 3.243 5364720 3465382 279946 5084394 631700 5069032 633622 
 823.000 875.000 2.294 3.226 5406962 3465382 279946 5084394 631700 5069032 633622 
 822.000 879.000 2.532 3.209 5449204 3465382 279946 5084394 631700 5069032 633622 
 818.000 879.000 2.484 4.380 5491446 5493052 408658 5084394 631700 5069032 633622 
 819.000 882.000 2.692 4.353 5533688 5493052 408658 5084394 631700 5069032 633622 
 815.000 878.000 2.756 4.326 5575930 5493052 408658 5084394 631700 5069032 633622 
 815.000 877.000 2.868 4.299 5618172 5493052 408658 5084394 631700 5069032 633622 
 814.000 877.000 3.064 4.273 5660414 5493052 408658 5084394 631700 5069032 633622 
 813.000 882.000 3.214 4.246 5702658 5493052 408658 5719944 226892 5702660 633628 
 810.000 880.000 3.028 4.741 5744898 5493052 408658 5719944 226892 5702660 633628 
 807.000 879.000 3.669 4.710 5787140 5493052 408658 5719944 226892 5702660 633628 
 808.000 883.000 3.344 4.679 5829382 5493052 408658 5719944 226892 5702660 633628 
 807.000 880.000 3.512 4.648 5871626 5493052 408658 5719944 226892 5702660 633628 
 810.000 879.000 3.512 4.618 5913868 5493052 408658 5719944 226892 5702660 633628 
 806.000 878.000 3.454 4.588 5956110 5493052 408658 5719944 226892 5702660 633628 
 803.000 878.000 3.575 4.558 5998352 5493052 408658 5719944 226892 5702660 633628 
 806.000 878.000 3.590 4.529 6040594 5493052 408658 5719944 226892 5702660 633628 
 803.000 876.000 3.813 4.499 6082836 5493052 408658 5719944 226892 5702660 633628 
 803.000 873.000 3.863 4.470 6125078 5493052 408658 5719944 226892 5702660 633628 
 802.000 874.000 4.243 4.441 6167320 5493052 408658 5719944 226892 5702660 633628 
 803.000 871.000 3.944 4.413 6209562 5493052 408658 5719944 226892 5702660 633628 
 801.000 871.000 3.992 4.385 6251804 5493052 408658 5719944 226892 5702660 633628 
 802.000 870.000 3.546 4.357 6294046 5493052 408658 5719944 226892 5702660 633628 
 802.000 870.000 3.630 4.329 6336288 5493052 408658 6353576 633632 6336292 633632 
 802.000 870.000 4.191 5.324 6378530 5493052 408658 6353576 633632 6336292 633632 
 806.000 870.000 3.619 5.287 6420772 5493052 408658 6353576 633632 6336292 633632 
 806.000 871.000 3.540 5.249 6463014 5493052 408658 6353576 633632 6336292 633632 
 804.000 867.000 3.388 5.212 6505256 5493052 408658 6353576 633632 6336292 633632 
 811.000 871.000 3.098 5.175 6547498 5493052 408658 6353576 633632 6336292 633632 
 808.000 870.000 3.244 5.139 6589740 5493052 408658 6353576 633632 6336292 633632 
 814.000 872.000 3.210 5.103 6631982 5493052 408658 6353576 633632 6336292 633632 
 815.000 874.000 3.077 5.067 6674226 5493052 408658 6353576 633632 6336292 633632 
 814.000 870.000 2.808 5.032 6716466 5493052 408658 6353576 633632 6336292 633632 
 818.000 864.000 2.742 4.997 6758710 5493052 408658 6353576 633632 6336292 633632 
 818.000 871.000 2.868 4.962 6800952 5493052 408658 6353576 633632 6336292 633632 
 819.000 869.000 2.549 4.928 6843194 5493052 408658 6353576 633632 6336292 633632 
 821.000 870.000 2.541 4.894 6885436 5493052 408658 6353576 633632 6336292 633632 
 819.000 871.000 2.674 4.860 6927678 5493052 408658 6353576 633632 6336292 633632 
 824.000 874.000 2.477 4.827 6969920 5493052 408658 6987206 633630 6969924 633632 
 818.000 870.000 2.799 3.951 7012162 5493052 408658 6987206 633630 6969924 633632 
 820.000 870.000 2.384 3.927 7054404 5493052 408658 6987206 633630 6969924 633632 
 822.000 874.000 2.474 3.903 7096646 5493052 408658 6987206 633630 6969924 633632 
 819.000 875.000 2.484 3.879 7138888 5493052 408658 6987206 633630 6969924 633632 
 823.000 874.000 2.347 3.855 7181130 5493052 408658 6987206 633630 6969924 633632 
 822.000 875.000 2.411 3.832 7223372 5493052 408658 6987206 633630 6969924 633632 
 823.000 880.000 2.608 3.809 7265614 5493052 408658 6987206 633630 6969924 633632 
 824.000 871.000 2.481 3.786 7307856 5493052 408658 6987206 633630 6969924 633632 
 821.000 867.000 2.473 3.763 7350098 5493052 408658 6987206 633630 6969924 633632 
 823.000 878.000 2.674 3.741 7392340 5493052 408658 6987206 633630 6969924 633632 
 823.000 875.000 2.411 3.718 7434582 5493052 408658 6987206 633630 6969924 633632 
 822.000 874.000 2.275 3.696 7476824 5493052 408658 6987206 633630 6969924 633632 
 821.000 885.000 2.284 3.675 7519066 5493052 408658 6987206 633630 6969924 633632 
 822.000 876.000 2.259 3.653 7561308 5493052 408658 6987206 633630 6969924 633632 
 823.000 874.000 2.416 3.632 7603552 5493052 408658 7620840 633634 7603554 633630 
 822.000 875.000 2.481 3.951 7645794 5493052 408658 7620840 633634 7603554 633630 
 823.000 876.000 2.513 3.927 7688036 5493052 408658 7620840 633634 7603554 633630 
 823.000 879.000 2.424 3.903 7730278 5493052 408658 7620840 633634 7603554 633630 
 821.000 878.000 2.598 3.879 7772520 5493052 408658 7620840 633634 7603554 633630 
 823.000 876.000 2.259 3.855 7814762 5493052 408658 7620840 633634 7603554 633630 
 823.000 877.000 2.481 3.832 7857004 5493052 408658 7620840 633634 7603554 633630 
 819.000 878.000 2.572 3.809 7899246 5493052 408658 7620840 633634 7603554 633630 
 819.000 878.000 2.530 3.786 7941488 5493052 408658 7620840 633634 7603554 633630 
 820.000 875.000 2.481 3.763 7983730 5493052 408658 7620840 633634 7603554 633630 
 822.000 873.000 3.210 3.741 8025972 5493052 408658 7620840 633634 7603554 633630 
 822.000 877.000 2.530 3.718 8068214 5493052 408658 7620840 633634 7603554 633630 
 821.000 875.000 2.532 3.696 8110456 5493052 408658 7620840 633634 7603554 633630 
 819.000 877.000 2.688 3.675 8152698 5493052 408658 7620840 633634 7603554 633630 
 818.000 880.000 2.596 3.653 8194940 5493052 408658 7620840 633634 7603554 633630 
 821.000 874.000 2.465 3.632 8237184 5493052 408658 8254472 633632 8237186 633632 
 811.000 878.000 2.966 3.956 8279426 5493052 408658 8254472 633632 8237186 633632 
 818.000 878.000 2.998 3.932 8321666 5493052 408658 8254472 633632 8237186 633632 
 818.000 874.000 2.513 3.908 8363908 5493052 408658 8254472 633632 8237186 633632 
 819.000 874.000 2.819 3.884 8406152 5493052 408658 8254472 633632 8237186 633632 
 827.000 878.000 2.369 3.860 8448392 5493052 408658 8254472 633632 8237186 633632 
 834.000 877.000 1.959 3.837 8490634 5493052 408658 8254472 633632 8237186 633632 
 838.000 879.000 1.707 3.814 8532878 5493052 408658 8254472 633632 8237186 633632 
 847.000 882.000 1.456 3.791 8575120 5493052 408658 8254472 633632 8237186 633632 
 855.000 882.000 0.795 3.768 8617362 5493052 408658 8254472 633632 8237186 633632 
 859.000 881.000 0.802 3.746 8659604 5493052 408658 8254472 633632 8237186 633632 
 863.000 882.000 0.689 3.724 8701846 5493052 408658 8254472 633632 8237186 633632 
 870.000 886.000 0.667 3.702 8744088 5493052 408658 8254472 633632 8237186 633632 
 874.000 890.000 0.509 3.680 8786330 5493052 408658 8254472 633632 8237186 633632 
 877.000 890.000 0.537 3.658 8828572 5493052 408658 8254472 633632 8237186 633632 
 886.000 890.000 0.456 3.637 8870814 5493052 408658 8888102 633630 8870818 633632 
 874.000 894.000 0.542 1.842 8913056 5493052 408658 8888102 633630 8870818 633632 
 866.000 898.000 0.934 1.840 8955298 5493052 408658 8888102 633630 8870818 633632 
 859.000 891.000 1.174 1.839 8997540 5493052 408658 8888102 633630 8870818 633632 
 847.000 895.000 1.490 1.837 9039782 5493052 408658 8888102 633630 8870818 633632 
 842.000 892.000 2.042 3.404 9082024 9083532 195430 8888102 633630 8870818 633632 
 835.000 894.000 2.314 3.390 9124266 9083532 195430 8888102 633630 8870818 633632 
 828.000 890.000 2.616 3.376 9166508 9083532 195430 8888102 633630 8870818 633632 
 822.000 902.000 3.258 3.363 9208750 9083532 195430 8888102 633630 8870818 633632 
 819.000 899.000 3.680 4.951 9250992 9252452 168920 8888102 633630 8870818 633632 
 812.000 899.000 3.539 4.922 9293234 9252452 168920 8888102 633630 8870818 633632 
 807.000 894.000 4.118 4.894 9335476 9252452 168920 8888102 633630 8870818 633632 
 808.000 891.000 4.273 4.865 9377718 9252452 168920 8888102 633630 8870818 633632 
 803.000 891.000 4.034 4.837 9419962 9252452 168920 8888102 633630 8870818 633632 
 799.000 895.000 4.467 4.810 9462204 9252452 168920 8888102 633630 8870818 633632 
 796.000 890.000 4.723 4.782 9504446 9252452 168920 9521734 269282 9504450 633632 
 795.000 886.000 4.921 6.387 9546688 9252452 168920 9521734 269282 9504450 633632 
 796.000 885.000 4.780 6.342 9588930 9252452 168920 9521734 269282 9504450 633632 
 794.000 880.000 4.843 6.298 9631172 9252452 168920 9521734 269282 9504450 633632 
 795.000 881.000 5.063 6.254 9673414 9252452 168920 9521734 269282 9504450 633632 
 794.000 880.000 4.687 6.211 9715656 9252452 168920 9521734 269282 9504450 633632 
 791.000 887.000 5.012 6.168 9757898 9252452 168920 9521734 269282 9504450 633632 
 791.000 878.000 4.425 6.125 9800140 9252452 168920 9521734 269282 9504450 633632 
 791.000 876.000 4.789 6.083 9842382 9252452 168920 9521734 269282 9504450 633632 
 790.000 878.000 4.590 6.041 9884624 9252452 168920 9521734 269282 9504450 633632 
 791.000 877.000 4.971 5.999 9926866 9252452 168920 9521734 269282 9504450 633632 
 788.000 879.000 4.897 5.957 9969108 9252452 168920 9521734 269282 9504450 633632 
 787.000 875.000 5.175 5.916 10011350 9252452 168920 9521734 269282 9504450 633632 
 791.000 871.000 4.904 5.875 10053592 9252452 168920 9521734 269282 9504450 633632 
 790.000 872.000 4.888 5.835 10095834 9252452 168920 9521734 269282 9504450 633632 
 791.000 874.000 5.167 5.795 10138078 9252452 168920 10153446 631712 10138080 633630 
 791.000 871.000 4.711 6.339 10180318 9252452 168920 10153446 631712 10138080 633630 
 798.000 871.000 4.303 6.291 10222562 9252452 168920 10153446 631712 10138080 633630 
 798.000 868.000 4.531 6.244 10264802 9252452 168920 10153446 631712 10138080 633630 
 807.000 869.000 3.698 6.197 10307046 9252452 168920 10153446 631712 10138080 633630 
 803.000 863.000 4.105 6.150 10349288 9252452 168920 10153446 631712 10138080 633630 
 811.000 866.000 3.244 6.104 10391530 9252452 168920 10153446 631712 10138080 633630 
 814.000 865.000 3.168 6.058 10433772 9252452 168920 10153446 631712 10138080 633630 
 814.000 874.000 2.801 6.013 10476014 9252452 168920 10153446 631712 10138080 633630 
 814.000 868.000 3.007 5.968 10518256 9252452 168920 10153446 631712 10138080 633630 
