Thread[Thread-1,5,main] 325.141 330.599 0 0 0 17292 17292 20 20 
 283.704 311.650 42242 0 0 17292 17292 20 20 
 257.838 310.249 84484 0 0 17292 17292 20 20 
 240.947 308.864 126724 0 0 17292 17292 20 20 
 225.897 307.494 168966 0 0 17292 17292 20 20 
 216.626 306.139 211206 0 0 17292 17292 20 20 
 206.469 304.800 253448 0 0 17292 17292 20 20 
 196.143 303.475 295692 0 0 17292 17292 20 20 
 191.438 302.164 337932 0 0 17292 17292 20 20 
 190.891 300.868 380174 0 0 397462 380170 380176 380156 
 177.319 194.823 422414 0 0 397462 380170 380176 380156 
 153.365 193.749 464658 0 0 397462 380170 380176 380156 
 134.957 192.678 506900 0 0 397462 380170 380176 380156 
 115.350 191.611 549142 0 0 397462 380170 380176 380156 
 104.390 190.546 591384 0 0 397462 380170 380176 380156 
 92.064 189.486 633626 0 0 397462 380170 380176 380156 
 82.969 188.428 675868 0 0 397462 380170 380176 380156 
 71.519 187.374 718110 0 0 397462 380170 380176 380156 
 65.180 186.323 760352 0 0 397462 380170 380176 380156 
 59.255 185.276 802594 0 0 397462 380170 380176 380156 
 53.433 184.232 844836 0 0 397462 380170 380176 380156 
 52.148 183.192 887080 0 0 904368 506906 887082 506906 
 41.268 50.919 929320 0 0 904368 506906 887082 506906 
 23.976 50.440 1013804 0 0 904368 506906 887082 506906 
 12.460 49.965 1098288 0 0 904368 506906 887082 506906 
 9.411 49.494 1140530 0 0 904368 506906 887082 506906 
 7.386 49.027 1182772 0 0 904368 506906 887082 506906 
 4.960 48.564 1225014 0 0 904368 506906 887082 506906 
 5.403 48.105 1267256 0 0 904368 506906 887082 506906 
 4.554 47.650 1309500 0 0 904368 506906 887082 506906 
 3.988 47.198 1351742 0 0 904368 506906 887082 506906 
 4.798 46.751 1393982 0 0 904368 506906 887082 506906 
 5.379 46.307 1436224 0 0 904368 506906 887082 506906 
 6.496 45.867 1478466 0 0 904368 506906 887082 506906 
 8.506 45.431 1520708 0 0 1537994 633626 1520712 633630 
 9.293 9.554 1562948 1564996 1564996 1537994 633626 1520712 633630 
 8.435 9.502 1605290 1564996 1564996 1537994 633626 1520712 633630 
 7.719 9.451 1647608 1564996 1564996 1537994 633626 1520712 633630 
 7.521 9.399 1689866 1564996 1564996 1537994 633626 1520712 633630 
 7.670 9.348 1732110 1564996 1564996 1537994 633626 1520712 633630 
 7.668 9.297 1774354 1564996 1564996 1537994 633626 1520712 633630 
 7.323 9.247 1816592 1564996 1564996 1537994 633626 1520712 633630 
 7.606 9.196 1858836 1564996 1564996 1537994 633626 1520712 633630 
 7.401 9.146 1901080 1564996 1564996 1918174 380180 1901084 380372 
 7.070 7.567 1943324 1564996 1564996 1918174 380180 1901084 380372 
 6.577 7.509 1985564 1564996 1564996 1918174 380180 1901084 380372 
 5.758 7.452 2027806 1564996 1564996 1918174 380180 1901084 380372 
 5.136 7.394 2070056 1564996 1564996 1918174 380180 1901084 380372 
 4.533 7.338 2112288 1564996 1564996 1918174 380180 1901084 380372 
 4.105 7.267 2154348 1564996 1564996 1918174 380180 1901084 380372 
 3.939 7.212 2196744 1564996 1564996 1918174 380180 1901084 380372 
 3.463 7.156 2239018 1564996 1564996 1918174 380180 1901084 380372 
 3.120 7.087 2281076 1564996 1564996 1918174 380180 1901084 380372 
 2.755 7.033 2323462 1564996 1564996 1918174 380180 1901084 380372 
 2.690 6.979 2365742 1564996 1564996 1918174 380180 1901084 380372 
 2.123 6.925 2407988 1564996 1564996 1918174 380180 1901084 380372 
 2.019 6.858 2450052 1564996 1564996 1918174 380180 1901084 380372 
 2.137 6.805 2492426 1564996 1564996 1918174 380180 1901084 380372 
 1.677 6.752 2534714 1564996 1564996 2551804 633630 2534716 633632 
 1.598 1.746 2576952 1564996 1564996 2551804 633630 2534716 633632 
 2.138 1.732 2619192 1564996 1564996 2551804 633630 2534716 633632 
 1.363 1.716 2661254 1564996 1564996 2551804 633630 2534716 633632 
 1.549 1.702 2703616 1564996 1564996 2551804 633630 2534716 633632 
 1.407 1.689 2745920 1564996 1564996 2551804 633630 2534716 633632 
 1.463 1.676 2788164 1564996 1564996 2551804 633630 2534716 633632 
 1.258 1.659 2830230 1564996 1564996 2551804 633630 2534716 633632 
 1.258 1.647 2872604 1564996 1564996 2551804 633630 2534716 633632 
 1.258 1.634 2914890 1564996 1564996 2551804 633630 2534716 633632 
 1.346 1.621 2957136 1564996 1564996 2551804 633630 2534716 633632 
 1.043 1.605 2999198 1564996 1564996 2551804 633630 2534716 633632 
 1.231 1.593 3041580 1564996 1564996 2551804 633630 2534716 633632 
 1.231 1.581 3083858 1564996 1564996 2551804 633630 2534716 633632 
 1.081 1.565 3125918 1564996 1564996 2551804 633630 2534716 633632 
 1.107 1.553 3168306 1564996 1564996 3185436 633632 3168310 633594 
 0.948 1.021 3210584 1564996 1564996 3185436 633632 3168310 633594 
 1.300 1.014 3252826 1564996 1564996 3185436 633632 3168310 633594 
 0.983 1.004 3294892 1564996 1564996 3185436 633632 3168310 633594 
 1.121 0.997 3337250 1564996 1564996 3185436 633632 3168310 633594 
 1.281 0.990 3379552 1564996 1564996 3185436 633632 3168310 633594 
 1.254 0.982 3421794 1564996 1564996 3185436 633632 3168310 633594 
 1.120 0.973 3463854 1564996 1564996 3185436 633632 3168310 633594 
 1.240 0.966 3506234 1564996 1564996 3185436 633632 3168310 633594 
 1.254 0.959 3548520 1564996 1564996 3185436 633632 3168310 633594 
 1.216 0.952 3590762 1564996 1564996 3185436 633632 3168310 633594 
 1.331 0.945 3633004 1564996 1564996 3185436 633632 3168310 633594 
 1.348 0.937 3675064 1564996 1564996 3185436 633632 3168310 633594 
 1.319 0.930 3717438 1564996 1564996 3185436 633632 3168310 633594 
 1.308 0.923 3759732 1564996 1564996 3776826 591390 3759734 591424 
 1.448 1.483 3801972 1564996 1564996 3776826 591390 3759734 591424 
 1.359 1.471 3844214 1564996 1564996 3776826 591390 3759734 591424 
 1.254 1.457 3886274 1564996 1564996 3776826 591390 3759734 591424 
 1.504 1.445 3928638 1564996 1564996 3776826 591390 3759734 591424 
 1.454 1.434 3970940 1564996 1564996 3776826 591390 3759734 591424 
 1.396 1.422 4013182 1564996 1564996 3776826 591390 3759734 591424 
 1.445 1.411 4055424 1564996 1564996 3776826 591390 3759734 591424 
 1.304 1.400 4097666 1564996 1564996 3776826 591390 3759734 591424 
 1.454 1.389 4139908 1564996 1564996 4157004 380178 4139912 380178 
 1.564 1.345 4182156 1564996 1564996 4157004 380178 4139912 380178 
 1.301 1.335 4224392 1564996 1564996 4157004 380178 4139912 380178 
 1.498 1.322 4266454 1564996 1564996 4157004 380178 4139912 380178 
 1.506 1.311 4308818 1564996 1564996 4157004 380178 4139912 380178 
 1.448 1.301 4351120 1564996 1564996 4157004 380178 4139912 380178 
 1.503 1.290 4393364 1564996 1564996 4157004 380178 4139912 380178 
 1.546 1.278 4435422 1564996 1564996 4157004 380178 4139912 380178 
 1.546 1.268 4477788 1564996 1564996 4494942 337938 4477792 337880 
 1.705 1.585 4520088 1564996 1564996 4494942 337938 4477792 337880 
 1.790 1.572 4562330 1564996 1564996 4494942 337938 4477792 337880 
 1.546 1.559 4604578 1564996 1564996 4494942 337938 4477792 337880 
 1.495 1.547 4646812 1564996 1564996 4494942 337938 4477792 337880 
 1.660 1.532 4688874 1564996 1564996 4494942 337938 4477792 337880 
 1.650 1.520 4731244 1564996 1564996 4494942 337938 4477792 337880 
 1.652 1.507 4773540 1564996 1564996 4494942 337938 4477792 337880 
 1.548 1.495 4815786 1564996 1564996 4494942 337938 4477792 337880 
 1.607 1.481 4857850 1564996 1564996 4494942 337938 4477792 337880 
 1.348 1.469 4900238 1564996 1564996 4917362 422420 4900242 422450 
 1.513 1.637 4942508 1564996 1564996 4917362 422420 4900242 422450 
 1.504 1.624 4984750 1564996 1564996 4917362 422420 4900242 422450 
 1.301 1.607 5026820 1564996 1564996 4917362 422420 4900242 422450 
 1.488 1.595 5069204 1564996 1564996 4917362 422420 4900242 422450 
 1.348 1.582 5111478 1564996 1564996 4917362 422420 4900242 422450 
 1.503 1.569 5153722 1564996 1564996 4917362 422420 4900242 422450 
 1.351 1.554 5195788 1564996 1564996 4917362 422420 4900242 422450 
 1.308 1.541 5238176 1564996 1564996 4917362 422420 4900242 422450 
 1.448 1.529 5280446 1564996 1564996 4917362 422420 4900242 422450 
 1.301 1.517 5322690 1564996 1564996 5339782 422420 5322694 422452 
 1.506 1.483 5364932 1564996 1564996 5339782 422420 5322694 422452 
 1.301 1.471 5407172 1564996 1564996 5339782 422420 5322694 422452 
 1.498 1.457 5449240 1564996 1564996 5339782 422420 5322694 422452 
 1.399 1.445 5491598 1564996 1564996 5339782 422420 5322694 422452 
 1.652 1.434 5533898 1564996 1564996 5339782 422420 5322694 422452 
 1.577 1.422 5576142 1564996 1564996 5339782 422420 5322694 422452 
 1.669 1.411 5618382 1564996 1564996 5339782 422420 5322694 422452 
 1.823 1.397 5660442 1564996 1564996 5339782 422420 5322694 422452 
 1.597 1.386 5702822 1564996 1564996 5719962 380180 5702824 380130 
 1.600 1.709 5745110 1564996 1564996 5719962 380180 5702824 380130 
 1.652 1.696 5787352 1564996 1564996 5719962 380180 5702824 380130 
 1.705 1.683 5829592 1564996 1564996 5719962 380180 5702824 380130 
 1.504 1.666 5871652 1564996 1564996 5719962 380180 5702824 380130 
 1.768 1.653 5914028 1564996 1564996 5719962 380180 5702824 380130 
 1.868 1.640 5956320 1564996 1564996 5719962 380180 5702824 380130 
 1.902 1.627 5998564 1564996 1564996 5719962 380180 5702824 380130 
 1.650 1.614 6040804 1564996 1564996 6057898 337936 6040808 337984 
 1.705 1.910 6083048 1564996 1564996 6057898 337936 6040808 337984 
 1.703 1.895 6125286 1564996 1564996 6057898 337936 6040808 337984 
 1.868 1.880 6167528 1564996 1564996 6057898 337936 6040808 337984 
 1.704 1.865 6209772 1564996 1564996 6057898 337936 6040808 337984 
 1.870 1.847 6251840 1564996 1564996 6057898 337936 6040808 337984 
 1.729 1.832 6294204 1564996 1564996 6057898 337936 6040808 337984 
 1.704 1.818 6336502 1564996 1564996 6057898 337936 6040808 337984 
 1.665 1.803 6378740 1564996 1564996 6057898 337936 6040808 337984 
 1.743 1.785 6420808 1564996 1564996 6057898 337936 6040808 337984 
 1.495 1.771 6463166 1564996 1564996 6057898 337936 6040808 337984 
 1.495 1.757 6505468 1564996 1564996 6057898 337936 6040808 337984 
 1.993 1.743 6547710 1564996 1564996 6564804 506906 6547712 506904 
 1.597 1.692 6589958 1564996 1564996 6564804 506906 6547712 506904 
 1.301 1.675 6632010 1564996 1564996 6564804 506906 6547712 506904 
 1.474 1.662 6674398 1564996 1564996 6564804 506906 6547712 506904 
 1.677 1.648 6716678 1564996 1564996 6564804 506906 6547712 506904 
 1.504 1.635 6758916 1564996 1564996 6564804 506906 6547712 506904 
 1.548 1.619 6800978 1564996 1564996 6564804 506906 6547712 506904 
 1.304 1.606 6843372 1564996 1564996 6564804 506906 6547712 506904 
 1.555 1.593 6885644 1564996 1564996 6564804 506906 6547712 506904 
 1.454 1.578 6927704 1564996 1564996 6564804 506906 6547712 506904 
 1.591 1.565 6970086 1564996 1564996 6564804 506906 6547712 506904 
 1.665 1.553 7012372 1564996 1564996 7029466 464662 7012376 464664 
 1.546 1.639 7054616 1564996 1564996 7029466 464662 7012376 464664 
 1.440 1.626 7096856 1564996 1564996 7029466 464662 7012376 464664 
 1.495 1.610 7138922 1564996 1564996 7029466 464662 7012376 464664 
 1.405 1.597 7181308 1564996 1564996 7029466 464662 7012376 464664 
 1.554 1.584 7223582 1564996 1564996 7029466 464662 7012376 464664 
 1.273 1.569 7265642 1564996 1564996 7029466 464662 7012376 464664 
 1.348 1.556 7308010 1564996 1564996 7029466 464662 7012376 464664 
 1.714 1.544 7350308 1564996 1564996 7029466 464662 7012376 464664 
 1.308 1.531 7392552 1564996 1564996 7029466 464662 7012376 464664 
 1.495 1.516 7434610 1564996 1564996 7029466 464662 7012376 464664 
 1.498 1.504 7476996 1564996 1564996 7494132 464666 7477000 464624 
 1.448 1.436 7519278 1564996 1564996 7494132 464666 7477000 464624 
 1.525 1.425 7561528 1564996 1564996 7494132 464666 7477000 464624 
 1.454 1.411 7603578 1564996 1564996 7494132 464666 7477000 464624 
 1.399 1.400 7645964 1564996 1564996 7494132 464666 7477000 464624 
 1.445 1.389 7688244 1564996 1564996 7494132 464666 7477000 464624 
 1.504 1.378 7730490 1564996 1564996 7494132 464666 7477000 464624 
 1.504 1.367 7772728 1564996 1564996 7494132 464666 7477000 464624 
 1.399 1.353 7814794 1564996 1564996 7494132 464666 7477000 464624 
 1.448 1.342 7857160 1564996 1564996 7874306 380174 7857164 380164 
 1.665 1.639 7899452 1564996 1564996 7874306 380174 7857164 380164 
 1.356 1.626 7941692 1564996 1564996 7874306 380174 7857164 380164 
 1.445 1.613 7983936 1564996 1564996 7874306 380174 7857164 380164 
 1.498 1.597 8025996 1564996 1564996 7874306 380174 7857164 380164 
 1.605 1.584 8068392 1564996 1564996 7874306 380174 7857164 380164 
 1.454 1.572 8110662 1564996 1564996 7874306 380174 7857164 380164 
 1.445 1.559 8152906 1564996 1564996 7874306 380174 7857164 380164 
 1.574 1.547 8195148 1564996 1564996 7874306 380174 7857164 380164 
 1.718 1.531 8237216 1564996 1564996 7874306 380174 7857164 380164 
 1.504 1.519 8279574 1564996 1564996 7874306 380174 7857164 380164 
 1.652 1.507 8321874 1564996 1564996 8338968 464662 8321878 464714 
 1.454 1.663 8364120 1564996 1564996 8338968 464662 8321878 464714 
 1.445 1.650 8406356 1564996 1564996 8338968 464662 8321878 464714 
 1.660 1.634 8448426 1564996 1564996 8338968 464662 8321878 464714 
 1.607 1.621 8490794 1564996 1564996 8338968 464662 8321878 464714 
 1.405 1.608 8533088 1564996 1564996 8338968 464662 8321878 464714 
 1.504 1.596 8575332 1564996 1564996 8338968 464662 8321878 464714 
 1.564 1.583 8617566 1564996 1564996 8338968 464662 8321878 464714 
 1.660 1.567 8659636 1564996 1564996 8338968 464662 8321878 464714 
 1.538 1.555 8702014 1564996 1564996 8338968 464662 8321878 464714 
 1.616 1.543 8744292 1564996 1564996 8338968 464662 8321878 464714 
 1.498 1.531 8786540 1564996 1564996 8801890 462922 8786544 464666 
 1.448 1.637 8828780 1564996 1564996 8801890 462922 8786544 464666 
 1.718 1.620 8870846 1564996 1564996 8801890 462922 8786544 464666 
 1.498 1.607 8913226 1564996 1564996 8801890 462922 8786544 464666 
 1.703 1.595 8955506 1564996 1564996 8801890 462922 8786544 464666 
 1.625 1.579 8997566 1564996 1564996 8801890 462922 8786544 464666 
 1.714 1.566 9039944 1564996 1564996 8801890 462922 8786544 464666 
 1.703 1.554 9082232 1564996 1564996 8801890 462922 8786544 464666 
 1.652 1.538 9124292 1564996 1564996 8801890 462922 8786544 464666 
 1.707 1.526 9166694 1564996 1564996 9183810 381920 9166698 380154 
 1.657 2.085 9208962 1564996 1564996 9183810 381920 9166698 380154 
 1.868 2.068 9251200 1564996 1564996 9183810 381920 9166698 380154 
 1.660 2.048 9293268 1564996 1564996 9183810 381920 9166698 380154 
 1.665 2.031 9335656 1564996 1564996 9183810 381920 9166698 380154 
 1.503 2.015 9377930 1564996 1564996 9183810 381920 9166698 380154 
 1.868 1.995 9419994 1564996 1564996 9183810 381920 9166698 380154 
 1.760 1.979 9462392 1564996 1564996 9183810 381920 9166698 380154 
 1.650 1.964 9504654 1564996 1564996 9183810 381920 9166698 380154 
 1.650 1.948 9546894 1564996 1564996 9183810 381920 9166698 380154 
 1.652 1.929 9588962 1564996 1564996 9183810 381920 9166698 380154 
 1.652 1.913 9631334 1564996 1564996 9183810 381920 9166698 380154 
 1.575 1.898 9673622 1564996 1564996 9183810 381920 9166698 380154 
 1.613 1.879 9715682 1564996 1564996 9733148 549338 9715684 548986 
 1.625 1.823 9758102 1564996 1564996 9733148 549338 9715684 548986 
 1.546 1.808 9800350 1564996 1564996 9733148 549338 9715684 548986 
 1.538 1.791 9842414 1564996 1564996 9733148 549338 9715684 548986 
 1.704 1.777 9884800 1564996 1564996 9733148 549338 9715684 548986 
 1.440 1.762 9927074 1564996 1564996 9733148 549338 9715684 548986 
 1.503 1.745 9969132 1564996 1564996 9733148 549338 9715684 548986 
 1.448 1.731 10011522 1564996 1564996 9733148 549338 9715684 548986 
 1.448 1.718 10053802 1564996 1564996 9733148 549338 9715684 548986 
 1.319 1.701 10095868 1564996 1564996 9733148 549338 9715684 548986 
 1.445 1.687 10138262 1564996 1564996 9733148 549338 9715684 548986 
 1.304 1.674 10180526 1564996 1564996 9733148 549338 9715684 548986 
 1.300 1.658 10222592 1564996 1564996 9733148 549338 9715684 548986 
 1.346 1.645 10264988 1564996 1564996 9733148 549338 9715684 548986 
 1.167 1.632 10307252 1564996 1564996 9733148 549338 9715684 548986 
 1.261 1.616 10349316 1564996 1564996 9733148 549338 10349318 633634 
 1.258 1.603 10391712 1564996 1564996 9733148 549338 10349318 633634 
 1.396 1.591 10433982 1564996 1564996 9733148 549338 10349318 633634 
 1.504 1.575 10476046 1564996 1564996 9733148 549338 10349318 633634 
 1.356 1.563 10518440 1564996 1564996 9733148 549338 10349318 633634 
