Thread[Thread-1,5,main] 327.865 330.599 0 0 0 17290 17290 18 18 
 285.141 314.880 42242 0 0 17290 17290 18 18 
 254.458 313.462 84486 0 0 17290 17290 18 18 
 246.075 312.060 126726 0 0 17290 17290 18 18 
 224.371 310.674 168970 0 0 17290 17290 18 18 
 217.248 309.303 211212 0 0 17290 17290 18 18 
 203.141 307.947 253454 0 0 17290 17290 18 18 
 189.522 306.607 295696 0 0 17290 17290 18 18 
 191.632 305.280 337938 0 0 17290 17290 18 18 
 189.700 303.969 380180 0 0 397468 380178 380182 380164 
 172.776 187.596 422422 0 0 397468 380178 380182 380164 
 151.553 186.597 464664 0 0 397468 380178 380182 380164 
 131.940 185.602 506906 0 0 397468 380178 380182 380164 
 111.836 184.609 549148 0 0 397468 380178 380182 380164 
 99.227 183.619 591390 0 0 397468 380178 380182 380164 
 87.043 182.632 633632 0 0 397468 380178 380182 380164 
 77.076 181.648 675874 0 0 397468 380178 380182 380164 
 70.579 180.667 718116 0 0 397468 380178 380182 380164 
 57.509 179.688 802600 0 0 397468 380178 380182 380164 
 51.880 178.713 844842 0 0 862130 464662 844846 464664 
 31.134 50.389 929324 0 0 862130 464662 844846 464664 
 16.723 49.926 1013808 0 0 862130 464662 844846 464664 
 8.473 49.467 1098292 0 0 862130 464662 844846 464664 
 3.728 49.012 1182776 0 0 862130 464662 844846 464664 
 2.361 48.560 1267262 0 0 862130 464662 844846 464664 
 3.217 48.112 1351746 0 0 862130 464662 844846 464664 
 4.666 47.668 1436230 0 0 862130 464662 844846 464664 
 7.313 47.227 1520714 0 0 862130 464662 844846 464664 
 11.017 46.789 1605198 0 0 862130 464662 844846 464664 
 16.001 46.356 1689682 0 0 862130 464662 844846 464664 
 20.989 45.925 1774166 0 0 862130 464662 844846 464664 
 27.954 45.499 1858650 0 0 862130 464662 844846 464664 
 33.961 45.075 1943134 0 0 862130 464662 844846 464664 
 41.841 44.656 2027618 0 0 862130 464662 844846 464664 
 48.424 49.656 2112104 2113858 2113858 862130 464662 2112106 1267260 
 40.821 49.285 2154512 2113858 2113858 862130 464662 2112106 1267260 
 32.121 48.917 2196780 2113858 2113858 862130 464662 2112106 1267260 
 26.819 48.553 2239020 2113858 2113858 862130 464662 2112106 1267260 
 22.239 48.103 2281082 2113858 2113858 862130 464662 2112106 1267260 
 18.753 47.746 2323484 2113858 2113858 862130 464662 2112106 1267260 
 18.422 47.393 2365750 2113858 2113858 862130 464662 2112106 1267260 
 14.382 46.955 2407808 2113858 2113858 862130 464662 2112106 1267260 
 11.453 46.609 2450210 2113858 2113858 862130 464662 2112106 1267260 
 10.723 46.266 2492476 2113858 2113858 862130 464662 2112106 1267260 
 9.699 45.926 2534712 2113858 2113858 862130 464662 2112106 1267260 
 9.031 45.505 2576782 2113858 2113858 862130 464662 2112106 1267260 
 8.714 45.172 2619168 2113858 2113858 862130 464662 2112106 1267260 
 9.024 44.842 2661438 2113858 2113858 862130 464662 2112106 1267260 
 9.261 44.515 2703682 2113858 2113858 2719030 1856900 2703686 591580 
 8.656 9.756 2745926 2113858 2113858 2719030 1856900 2703686 591580 
 6.509 9.711 2788160 2113858 2113858 2719030 1856900 2703686 591580 
 5.712 9.655 2830230 2113858 2113858 2719030 1856900 2703686 591580 
 4.106 9.611 2872624 2113858 2113858 2719030 1856900 2703686 591580 
 3.274 9.567 2914886 2113858 2113858 2719030 1856900 2703686 591580 
 2.624 9.523 2957134 2113858 2113858 2719030 1856900 2703686 591580 
 1.494 9.468 2999196 2113858 2113858 2719030 1856900 2703686 591580 
 1.022 9.424 3041610 2113858 2113858 2719030 1856900 2703686 591580 
 0.933 9.380 3083854 2113858 2113858 2719030 1856900 2703686 591580 
 0.560 9.326 3125900 2113858 2113858 2719030 1856900 2703686 591580 
 0.223 9.282 3168320 2113858 2113858 2719030 1856900 2703686 591580 
 0.175 9.239 3210580 2113858 2113858 2719030 1856900 2703686 591580 
 0.040 9.185 3252646 2113858 2113858 2719030 1856900 2703686 591580 
 0.122 9.142 3295042 2113858 2113858 2719030 1856900 2703686 591580 
 0.033 9.099 3337308 2113858 2113858 3354398 635368 3337310 633624 
 0.110 0.100 3379550 3381954 1268096 3354398 635368 3337310 633624 
 0.212 0.243 3421792 3424230 42276 3354398 635368 3337310 633624 
 0.287 0.272 3464030 3466354 42124 3354398 635368 3337310 633624 
 0.434 0.458 3506274 3508542 42188 3354398 635368 3337310 633624 
 0.593 0.589 3548518 3550828 42286 3354398 635368 3337310 633624 
 0.696 0.691 3590758 3593038 42210 3354398 635368 3337310 633624 
 0.896 0.890 3633000 3635330 42292 3354398 635368 3337310 633624 
 0.870 1.101 3675242 3677600 42270 3354398 635368 3337310 633624 
 1.145 1.056 3717484 3723936 46336 3354398 635368 3337310 633624 
 1.405 1.516 3759726 3762132 38196 3354398 635368 3337310 633624 
 1.357 1.504 3801966 3762132 38196 3354398 635368 3337310 633624 
 1.555 1.553 3844208 3846528 84396 3354398 635368 3337310 633624 
 1.546 1.541 3886446 3894808 48280 3354398 635368 3337310 633624 
 1.654 1.537 3928694 3930980 36172 3354398 635368 3337310 633624 
 1.392 1.553 3970930 3973338 42358 3354398 635368 3970932 633622 
 1.399 1.749 4013170 4015502 42164 3354398 635368 3970932 633622 
 1.613 1.735 4055412 4015502 42164 3354398 635368 3970932 633622 
 1.804 1.822 4097470 4098750 83248 3354398 635368 3970932 633622 
 1.909 1.721 4139836 4146086 47336 3354398 635368 3970932 633622 
 1.425 1.707 4182136 4146086 47336 3354398 635368 3970932 633622 
 1.752 1.721 4224382 4230738 84652 3354398 635368 3970932 633622 
 1.784 1.999 4266622 4268992 38254 3354398 635368 3970932 633622 
 1.457 1.985 4308860 4268992 38254 3354398 635368 3970932 633622 
 1.745 1.966 4350926 4268992 38254 3354398 635368 3970932 633622 
 1.430 1.952 4393320 4268992 38254 3354398 635368 3970932 633622 
 1.541 1.938 4435586 4268992 38254 3354398 635368 3970932 633622 
 1.495 1.920 4477652 4268992 38254 4495102 1140704 4477656 506724 
 1.406 1.434 4520070 4522420 253428 4495102 1140704 4477656 506724 
 1.406 1.579 4562312 4564752 42332 4495102 1140704 4477656 506724 
 1.363 1.568 4604564 4564752 42332 4495102 1140704 4477656 506724 
 1.478 1.553 4646620 4564752 42332 4495102 1140704 4477656 506724 
 1.394 1.475 4689018 4693214 128462 4495102 1140704 4477656 506724 
 1.394 1.465 4731290 4693214 128462 4495102 1140704 4477656 506724 
 1.273 1.452 4773350 4693214 128462 4495102 1140704 4477656 506724 
 1.107 1.443 4815746 4693214 128462 4832858 337756 4815750 338094 
 1.445 1.393 4858008 4862476 169262 4832858 337756 4815750 338094 
 1.314 1.384 4900256 4862476 169262 4832858 337756 4815750 338094 
 1.354 1.514 4942314 4943598 81122 4832858 337756 4815750 338094 
 1.314 1.504 4984696 4943598 81122 4832858 337756 4815750 338094 
 1.134 1.494 5026974 4943598 81122 4832858 337756 4815750 338094 
 1.245 1.481 5069032 4943598 81122 4832858 337756 4815750 338094 
 1.200 1.471 5111432 4943598 81122 4832858 337756 4815750 338094 
 1.293 1.461 5153700 4943598 81122 5170792 337934 5153704 337954 
 0.966 1.237 5195946 4943598 81122 5170792 337934 5153704 337954 
 1.200 1.117 5238008 5243380 299782 5170792 337934 5153704 337954 
 1.083 1.267 5280404 5282586 39206 5170792 337934 5153704 337954 
 0.991 1.258 5322668 5282586 39206 5170792 337934 5153704 337954 
 1.164 1.247 5364734 5282586 39206 5170792 337934 5153704 337954 
 1.528 1.313 5407112 5409380 126794 5170792 337934 5153704 337954 
 1.158 1.305 5449394 5409380 126794 5170792 337934 5153704 337954 
 1.245 1.294 5491460 5409380 126794 5508912 338120 5491464 337760 
 0.929 1.150 5533878 5409380 126794 5508912 338120 5491464 337760 
 1.158 1.227 5576130 5578548 169168 5508912 338120 5491464 337760 
 1.120 1.055 5618362 5624784 46236 5508912 338120 5491464 337760 
 1.314 1.307 5660608 5663054 38270 5508912 338120 5491464 337760 
 1.158 1.352 5702850 5705216 42162 5508912 338120 5491464 337760 
 1.083 1.343 5745094 5705216 42162 5508912 338120 5491464 337760 
 1.083 1.332 5787154 5705216 42162 5508912 338120 5491464 337760 
 1.022 1.323 5829536 5705216 42162 5846664 337752 5829540 338076 
 1.083 1.307 5871814 5874234 169018 5846664 337752 5829540 338076 
 1.049 1.079 5914064 5918450 44216 5846664 337752 5829540 338076 
 1.164 1.198 5956300 5958708 40258 5846664 337752 5829540 338076 
 1.198 1.391 5998546 6000872 42164 5846664 337752 5829540 338076 
 1.049 1.382 6040782 6000872 42164 5846664 337752 5829540 338076 
 1.198 1.370 6082840 6000872 42164 5846664 337752 5829540 338076 
 1.046 1.361 6125216 6000872 42164 5846664 337752 5829540 338076 
 1.061 1.353 6167508 6000872 42164 6184600 337936 6167510 337970 
 1.049 1.041 6209752 6212122 211250 6184600 337936 6167510 337970 
 1.049 1.158 6252000 6254330 42208 6184600 337936 6167510 337970 
 1.119 1.203 6294236 6296590 42260 6184600 337936 6167510 337970 
 1.123 1.307 6336476 6338806 42216 6184600 337936 6167510 337970 
 1.049 1.299 6378720 6338806 42216 6184600 337936 6167510 337970 
 1.046 1.288 6420784 6338806 42216 6184600 337936 6167510 337970 
 1.314 1.411 6463156 6465328 126522 6184600 337936 6167510 337970 
 1.083 1.403 6505442 6465328 126522 6184600 337936 6167510 337970 
 1.237 1.392 6547508 6465328 126522 6184600 337936 6167510 337970 
 1.119 1.383 6589906 6465328 126522 6607018 422418 6589910 422400 
 0.991 1.156 6632176 6465328 126522 6607018 422418 6589910 422400 
 1.158 1.146 6674232 6465328 126522 6607018 422418 6589910 422400 
 1.087 1.041 6716740 6719980 2896 6607018 422418 6589910 422400 
 1.107 1.191 6758708 6759974 39994 6607018 422418 6589910 422400 
 1.363 1.348 6801076 6803286 43312 6607018 422418 6589910 422400 
 1.097 1.339 6843378 6803286 43312 6607018 422418 6589910 422400 
 1.125 1.329 6885620 6803286 43312 6607018 422418 6589910 422400 
 1.272 1.318 6927682 6803286 43312 6945132 338114 6927686 337776 
 1.435 1.346 6970102 6972368 169082 6945132 338114 6927686 337776 
 1.330 1.429 7012342 7014668 42300 6945132 338114 6927686 337776 
 1.068 1.419 7054586 7014668 42300 6945132 338114 6927686 337776 
 1.237 1.406 7096650 7014668 42300 6945132 338114 6927686 337776 
 1.205 1.397 7139024 7014668 42300 6945132 338114 6927686 337776 
 1.359 1.387 7181310 7014668 42300 6945132 338114 6927686 337776 
 1.354 1.377 7223560 7014668 42300 6945132 338114 6927686 337776 
 1.237 1.365 7265620 7014668 42300 7283070 337938 7265622 337936 
 1.320 1.429 7308032 7014668 42300 7283070 337938 7265622 337936 
 1.354 1.489 7350280 7352582 337914 7283070 337938 7265622 337936 
 1.198 1.479 7392528 7352582 337914 7283070 337938 7265622 337936 
 1.314 1.467 7434586 7352582 337914 7283070 337938 7265622 337936 
 1.125 1.458 7476980 7352582 337914 7283070 337938 7265622 337936 
 1.354 1.449 7519248 7352582 337914 7283070 337938 7265622 337936 
 1.293 1.438 7561304 7352582 337914 7283070 337938 7265622 337936 
 1.205 1.472 7603710 7605882 253300 7283070 337938 7603712 338090 
 1.330 1.462 7645970 7605882 253300 7283070 337938 7603712 338090 
 1.158 1.450 7688036 7605882 253300 7283070 337938 7603712 338090 
 1.083 1.440 7730436 7605882 253300 7283070 337938 7603712 338090 
 1.344 1.431 7772696 7605882 253300 7283070 337938 7603712 338090 
 1.195 1.419 7814760 7605882 253300 7283070 337938 7603712 338090 
 1.200 1.410 7857158 7605882 253300 7283070 337938 7603712 338090 
 1.095 1.400 7899418 7605882 253300 7283070 337938 7603712 338090 
 1.013 1.389 7941484 7605882 253300 7958928 675858 7941488 337776 
 1.456 1.313 7983904 7986200 380318 7958928 675858 7941488 337776 
 1.198 1.305 8026144 7986200 380318 7958928 675858 7941488 337776 
 1.200 1.305 8068210 8069438 83238 7958928 675858 7941488 337776 
 1.120 1.352 8110592 8112760 43322 7958928 675858 7941488 337776 
 1.272 1.191 8152870 8157262 44502 7958928 675858 7941488 337776 
 1.164 1.183 8195114 8157262 44502 7958928 675858 7941488 337776 
 1.164 1.239 8237174 8238518 81256 7958928 675858 7941488 337776 
 1.049 1.231 8279564 8238518 81256 7958928 675858 7941488 337776 
 1.129 1.239 8321834 8324192 85674 7958928 675858 8321838 380350 
 1.061 1.077 8364076 8366476 42284 7958928 675858 8321838 380350 
 1.397 1.239 8406324 8408688 42212 7958928 675858 8321838 380350 
 1.282 1.352 8448562 8450866 42178 7958928 675858 8321838 380350 
 1.125 1.343 8490804 8450866 42178 7958928 675858 8321838 380350 
 1.083 1.332 8532868 8450866 42178 7958928 675858 8321838 380350 
 1.043 1.323 8575246 8450866 42178 7958928 675858 8321838 380350 
 1.029 1.315 8617530 8450866 42178 7958928 675858 8321838 380350 
 1.359 1.438 8659588 8660870 210004 7958928 675858 8659590 337752 
 1.119 1.429 8701990 8660870 210004 7958928 675858 8659590 337752 
 1.049 1.420 8744258 8660870 210004 7958928 675858 8659590 337752 
 1.164 1.408 8786320 8660870 210004 7958928 675858 8659590 337752 
 1.200 1.399 8828710 8660870 210004 7958928 675858 8659590 337752 
 1.083 1.390 8870980 8660870 210004 7958928 675858 8659590 337752 
 1.047 1.379 8913042 8660870 210004 7958928 675858 8659590 337752 
 1.046 1.371 8955438 8660870 210004 7958928 675858 8659590 337752 
 1.164 1.362 8997704 8660870 210004 9014794 1055866 8997706 338116 
 0.991 1.075 9039758 9041022 380152 9014794 1055866 8997706 338116 
 1.205 1.305 9082164 9084374 43352 9014794 1055866 8997706 338116 
 1.314 1.296 9124426 9132820 48446 9014794 1055866 8997706 338116 
 1.013 1.307 9166672 9169008 36188 9014794 1055866 8997706 338116 
 1.200 1.299 9208910 9169008 36188 9014794 1055866 8997706 338116 
 1.398 1.344 9250974 9252234 83226 9014794 1055866 8997706 338116 
 1.237 1.305 9293372 9295628 43394 9014794 1055866 8997706 338116 
 1.314 1.347 9335638 9337970 42342 9014794 1055866 8997706 338116 
 1.237 1.313 9377882 9380328 42358 9014794 1055866 8997706 338116 
 1.320 1.307 9420122 9422502 42174 9014794 1055866 9420124 422418 
 1.237 1.391 9462354 9464740 42238 9014794 1055866 9420124 422418 
 1.233 1.382 9504602 9464740 42238 9014794 1055866 9420124 422418 
 1.233 1.370 9546662 9464740 42238 9014794 1055866 9420124 422418 
 1.406 1.450 9589058 9591302 126562 9014794 1055866 9420124 422418 
 1.158 1.440 9631322 9591302 126562 9014794 1055866 9420124 422418 
 1.198 1.429 9673386 9591302 126562 9014794 1055866 9420124 422418 
 1.496 1.542 9715788 9718132 126830 9014794 1055866 9420124 422418 
 1.209 1.532 9758050 9718132 126830 9775138 760344 9758054 337930 
 1.245 1.395 9800292 9806672 88540 9775138 760344 9758054 337930 
 1.314 1.352 9842530 9844896 38224 9775138 760344 9758054 337930 
 1.237 1.191 9884770 9887122 42226 9775138 760344 9758054 337930 
 1.314 1.266 9927014 9929458 42336 9775138 760344 9758054 337930 
 1.158 1.154 9969260 9975700 46242 9775138 760344 9758054 337930 
 1.397 1.503 10011500 10013844 38144 9775138 760344 9758054 337930 
 1.046 1.493 10053738 10013844 38144 9775138 760344 9758054 337930 
 1.158 1.482 10095804 10013844 38144 9775138 760344 9758054 337930 
 1.314 1.473 10138206 10013844 38144 10153538 378400 10138210 380156 
 1.320 1.352 10180276 10181552 167708 10153538 378400 10138210 380156 
 1.164 1.450 10222700 10224968 43416 10153538 378400 10138210 380156 
 1.125 1.438 10264756 10224968 43416 10153538 378400 10138210 380156 
 1.237 1.352 10307176 10309516 84548 10153538 378400 10138210 380156 
 1.083 1.391 10349242 10350522 41006 10153538 378400 10138210 380156 
 1.200 1.382 10391668 10350522 41006 10153538 378400 10138210 380156 
 0.908 1.370 10433726 10350522 41006 10153538 378400 10138210 380156 
 1.046 1.361 10476142 10350522 41006 10491468 337930 10476144 337934 
 1.200 1.192 10518208 10519450 168928 10491468 337930 10476144 337934 
