Thread[Thread-1,5,main] 0.000 0.000 0 0 0 0 
 326.070 330.599 0 0 12350306 12350306 
 288.027 312.411 0 0 12350306 12350306 
 258.426 311.299 0 0 12350306 12350306 
 238.819 310.196 0 0 12350306 12350306 
 224.509 309.104 0 0 12350306 12350306 
 203.746 308.021 0 0 12350306 12350306 
 192.529 306.947 0 0 12350306 12350306 
 189.176 305.883 0 0 12350306 12350306 
 182.310 304.828 0 0 12350306 12350306 
 181.557 303.783 0 0 12730480 380174 
 172.025 183.167 0 0 12730480 380174 
 147.269 182.369 0 0 12730480 380174 
 125.373 181.572 0 0 12730480 380174 
 108.594 180.777 0 0 12730480 380174 
 98.203 179.984 0 0 12730480 380174 
 84.483 179.193 0 0 12730480 380174 
 75.320 178.404 0 0 12730480 380174 
 66.155 177.617 0 0 12730480 380174 
 59.475 176.832 0 0 12730480 380174 
 54.108 176.049 0 0 12730480 380174 
 49.554 175.267 0 0 13195142 464662 
 39.401 48.019 0 0 13195142 464662 
 30.050 47.662 0 0 13195142 464662 
 22.211 47.308 0 0 13195142 464662 
 16.351 46.956 0 0 13195142 464662 
 11.791 46.607 0 0 13195142 464662 
 8.244 46.259 0 0 13195142 464662 
 6.020 45.914 0 0 13195142 464662 
 4.317 45.572 0 0 13195142 464662 
 3.511 45.231 0 0 13195142 464662 
 4.218 44.893 0 0 13195142 464662 
 3.322 44.557 0 0 13195142 464662 
 4.599 44.223 0 0 13195142 464662 
 5.689 43.891 0 0 13195142 464662 
 6.648 43.562 0 0 13195142 464662 
 8.398 43.234 0 0 13828774 633632 
 8.624 9.038 0 0 13828774 633632 
 8.582 8.989 0 0 13828774 633632 
 8.043 8.939 0 0 13828774 633632 
 8.513 8.890 0 0 13828774 633632 
 8.700 8.841 0 0 13828774 633632 
 8.535 8.793 0 0 13828774 633632 
 8.885 8.956 14109884 14109884 13828774 633632 
 8.045 8.892 14109884 14109884 13828774 633632 
 8.238 8.828 14109884 14109884 13828774 633632 
 7.660 8.765 14109884 14109884 13828774 633632 
 6.683 8.702 14109884 14109884 13828774 633632 
 6.898 8.640 14109884 14109884 13828774 633632 
 6.764 8.578 14109884 14109884 13828774 633632 
 7.004 8.516 14109884 14109884 13828774 633632 
 6.691 8.455 14109884 14109884 13828774 633632 
 6.351 8.394 14109884 14109884 13828774 633632 
 6.148 8.334 14109884 14109884 13828774 633632 
 5.942 8.274 14109884 14109884 13828774 633632 
 6.369 8.214 14109884 14109884 13828774 633632 
 5.911 8.155 14109884 14109884 13828774 633632 
 5.863 8.096 14109884 14109884 13828774 633632 
 5.764 8.037 14109884 14109884 13828774 633632 
 6.113 7.979 14109884 14109884 13828774 633632 
 5.790 7.921 14109884 14109884 13828774 633632 
 6.506 7.863 14109884 14109884 13828774 633632 
 5.987 7.806 14109884 14109884 13828774 633632 
 5.699 7.749 14109884 14109884 13828774 633632 
 5.411 7.693 14109884 14109884 13828774 633632 
 5.506 7.637 14109884 14109884 13828774 633632 
 5.838 7.581 14109884 14109884 13828774 633632 
 5.669 7.525 14109884 14109884 13828774 633632 
 5.085 7.470 14109884 14109884 13828774 633632 
 5.376 7.416 14109884 14109884 13828774 633632 
 5.477 7.361 14109884 14109884 13828774 633632 
 5.985 7.307 14109884 14109884 13828774 633632 
 5.715 7.254 14109884 14109884 13828774 633632 
 5.631 7.200 14109884 14109884 13828774 633632 
 5.734 7.147 14109884 14109884 13828774 633632 
 5.167 7.095 14109884 14109884 13828774 633632 
 5.628 7.042 14109884 14109884 13828774 633632 
 4.985 6.990 14109884 14109884 13828774 633632 
 5.548 6.939 14109884 14109884 13828774 633632 
 5.548 6.887 14109884 14109884 13828774 633632 
 5.084 6.836 14109884 14109884 13828774 633632 
 5.464 6.786 14109884 14109884 13828774 633632 
 5.546 6.736 14109884 14109884 13828774 633632 
 5.467 6.686 14109884 14109884 13828774 633632 
 5.676 6.636 14109884 14109884 13828774 633632 
 5.073 6.587 14109884 14109884 13828774 633632 
 5.310 6.537 14109884 14109884 13828774 633632 
 5.580 6.489 14109884 14109884 13828774 633632 
 5.548 6.440 14109884 14109884 13828774 633632 
 4.912 6.392 14109884 14109884 13828774 633632 
 5.464 6.345 14109884 14109884 13828774 633632 
 5.630 6.297 14109884 14109884 13828774 633632 
 5.477 6.250 14109884 14109884 13828774 633632 
 5.726 6.203 14109884 14109884 13828774 633632 
 5.464 6.157 14109884 14109884 13828774 633632 
 5.546 6.110 14109884 14109884 13828774 633632 
 5.819 6.065 14109884 14109884 13828774 633632 
 5.548 6.019 14109884 14109884 13828774 633632 
 5.796 5.974 14109884 14109884 13828774 633632 
 5.387 5.778 16644714 2534830 13828774 633632 
 5.295 5.740 16644714 2534830 13828774 633632 
 4.850 5.701 16644714 2534830 13828774 633632 
 3.759 5.664 16644714 2534830 13828774 633632 
 3.926 5.626 16644714 2534830 13828774 633632 
 3.042 5.589 16644714 2534830 13828774 633632 
 3.131 5.552 16644714 2534830 13828774 633632 
 2.091 5.516 16644714 2534830 13828774 633632 
 2.078 5.480 16644714 2534830 13828774 633632 
 1.473 5.444 16644714 2534830 13828774 633632 
 1.473 5.409 16644714 2534830 13828774 633632 
 0.822 5.374 16644714 2534830 13828774 633632 
 0.843 5.339 16644714 2534830 13828774 633632 
 0.619 5.305 16644714 2534830 13828774 633632 
 0.388 5.271 16644714 2534830 13828774 633632 
 0.099 5.237 16644714 2534830 13828774 633632 
 0.465 5.204 16644714 2534830 13828774 633632 
 0.012 5.171 16644714 2534830 13828774 633632 
 0.013 5.138 16644714 2534830 13828774 633632 
 0.004 5.106 16644714 2534830 13828774 633632 
 0.015 5.074 16644714 2534830 13828774 633632 
 0.078 5.042 16644714 2534830 13828774 633632 
 0.075 5.010 16644714 2534830 13828774 633632 
 0.851 4.979 16644714 2534830 13828774 633632 
 1.244 4.948 16644714 2534830 13828774 633632 
 1.881 4.918 16644714 2534830 13828774 633632 
 1.639 4.888 16644714 2534830 13828774 633632 
 2.576 4.858 16644714 2534830 13828774 633632 
 2.464 4.828 16644714 2534830 13828774 633632 
 3.228 4.799 16644714 2534830 13828774 633632 
 3.325 4.770 16644714 2534830 13828774 633632 
 2.907 4.741 16644714 2534830 13828774 633632 
 3.963 4.712 16644714 2534830 13828774 633632 
 4.403 4.684 16644714 2534830 13828774 633632 
 5.017 5.003 18292130 1647416 13828774 633632 
 4.891 5.032 18337946 45816 13828774 633632 
 4.680 5.018 18337946 45816 13828774 633632 
 5.276 5.018 18418810 80864 13828774 633632 
 5.551 4.939 18462618 43808 13828774 633632 
 5.592 5.535 18504096 41478 13828774 633632 
 5.606 5.686 18545538 41442 13828774 633632 
 6.370 6.505 18587776 42238 13828774 633632 
 6.010 6.772 18630018 42242 13828774 633632 
 7.745 6.835 18672262 42244 13828774 633632 
 7.104 7.544 18714508 42246 13828774 633632 
 7.837 7.804 18756748 42240 13828774 633632 
 8.029 7.797 18798980 42232 13828774 633632 
 7.950 8.016 18841232 42252 13828774 633632 
 7.314 7.966 18841232 42252 13828774 633632 
 7.532 7.919 18925716 84484 13828774 633632 
 7.652 7.866 18925716 84484 13828774 633632 
 7.609 7.812 18925716 84484 13828774 633632 
 6.852 7.760 18925716 84484 13828774 633632 
 7.263 7.707 18925716 84484 13828774 633632 
 7.535 7.655 18925716 84484 13828774 633632 
 6.943 7.603 18925716 84484 13828774 633632 
 7.428 7.551 18925716 84484 13828774 633632 
 6.635 7.500 18925716 84484 13828774 633632 
 7.460 7.448 19311482 385766 13828774 633632 
 6.787 7.513 19311482 385766 13828774 633632 
 6.987 7.454 19311482 385766 13828774 633632 
 6.157 7.395 19311482 385766 13828774 633632 
 5.765 7.336 19311482 385766 13828774 633632 
 5.112 7.278 19311482 385766 13828774 633632 
 5.007 7.221 19311482 385766 13828774 633632 
 4.474 7.164 19311482 385766 13828774 633632 
 4.109 7.107 19311482 385766 13828774 633632 
 3.814 7.051 19311482 385766 13828774 633632 
 3.971 6.995 19311482 385766 13828774 633632 
 3.603 6.939 19311482 385766 13828774 633632 
 3.311 6.884 19311482 385766 13828774 633632 
 3.191 6.830 19311482 385766 13828774 633632 
 2.809 6.776 19311482 385766 13828774 633632 
 2.712 6.722 19311482 385766 13828774 633632 
 2.736 6.669 19311482 385766 13828774 633632 
 1.964 6.616 19311482 385766 13828774 633632 
 2.286 6.563 19311482 385766 13828774 633632 
 2.286 6.511 19311482 385766 13828774 633632 
 1.998 6.460 19311482 385766 13828774 633632 
 2.103 6.408 19311482 385766 13828774 633632 
 1.784 6.357 19311482 385766 13828774 633632 
 1.457 6.307 19311482 385766 13828774 633632 
 1.556 6.257 19311482 385766 13828774 633632 
 1.330 6.207 19311482 385766 13828774 633632 
 1.430 6.158 19311482 385766 13828774 633632 
 1.186 6.109 19311482 385766 13828774 633632 
 0.993 6.060 19311482 385766 13828774 633632 
 1.055 6.012 19311482 385766 13828774 633632 
 1.055 5.964 19311482 385766 13828774 633632 
 1.039 5.917 19311482 385766 13828774 633632 
 0.751 5.870 19311482 385766 13828774 633632 
 0.747 5.823 19311482 385766 13828774 633632 
 0.747 5.777 19311482 385766 13828774 633632 
 0.836 5.731 19311482 385766 13828774 633632 
 0.501 5.686 19311482 385766 13828774 633632 
 0.549 5.640 19311482 385766 13828774 633632 
 0.724 5.596 19311482 385766 13828774 633632 
 0.636 5.551 19311482 385766 13828774 633632 
 0.553 5.507 19311482 385766 13828774 633632 
 0.601 5.463 19311482 385766 13828774 633632 
 1.116 5.420 19311482 385766 13828774 633632 
 0.633 5.377 19311482 385766 13828774 633632 
 0.550 5.334 19311482 385766 13828774 633632 
 0.961 5.292 19311482 385766 13828774 633632 
 0.749 5.250 19311482 385766 13828774 633632 
 0.723 5.208 19311482 385766 13828774 633632 
 0.652 5.167 19311482 385766 13828774 633632 
 0.858 5.126 19311482 385766 13828774 633632 
 0.723 5.085 19311482 385766 13828774 633632 
 0.955 5.045 19311482 385766 13828774 633632 
 1.090 5.005 19311482 385766 13828774 633632 
 0.835 4.965 19311482 385766 13828774 633632 
 0.956 4.926 19311482 385766 13828774 633632 
 1.067 4.887 19311482 385766 13828774 633632 
 1.302 4.848 19311482 385766 13828774 633632 
 1.498 4.809 19311482 385766 13828774 633632 
 1.302 4.771 19311482 385766 13828774 633632 
 1.312 4.734 19311482 385766 13828774 633632 
 1.474 4.696 19311482 385766 13828774 633632 
 1.648 4.659 19311482 385766 13828774 633632 
 1.648 4.622 19311482 385766 13828774 633632 
 1.498 4.585 19311482 385766 13828774 633632 
 1.877 4.549 19311482 385766 13828774 633632 
 1.480 4.513 19311482 385766 13828774 633632 
 1.960 4.478 19311482 385766 13828774 633632 
 1.910 4.442 19311482 385766 13828774 633632 
 2.084 4.407 19311482 385766 13828774 633632 
 2.417 4.373 19311482 385766 13828774 633632 
 2.303 4.338 19311482 385766 13828774 633632 
 2.014 4.304 19311482 385766 13828774 633632 
 3.354 4.270 19311482 385766 13828774 633632 
 2.880 4.236 19311482 385766 13828774 633632 
 1.793 4.203 19311482 385766 13828774 633632 
 2.266 4.170 19311482 385766 13828774 633632 
 2.755 4.137 19311482 385766 13828774 633632 
 3.157 4.105 19311482 385766 13828774 633632 
 3.085 4.073 19311482 385766 13828774 633632 
 2.810 4.041 19311482 385766 13828774 633632 
 3.322 4.009 19311482 385766 13828774 633632 
 2.810 3.978 19311482 385766 13828774 633632 
 3.692 4.382 22769764 3458282 13828774 633632 
 3.570 4.371 22769764 3458282 13828774 633632 
