Thread[Thread-1,5,main] 5.618 5.206 0 0 0 17288 17288 0 0 
 6.957 5.263 42242 0 0 17288 17288 0 0 
 8.158 5.343 84486 0 0 17288 17288 0 0 
 9.268 5.469 126728 0 0 17288 17288 0 0 
 10.389 5.618 168968 0 0 17288 17288 0 0 
 11.373 5.835 211210 0 0 17288 17288 0 0 
 12.335 6.167 253452 0 0 17288 17288 0 0 
 13.204 6.419 295694 0 0 17288 17288 0 0 
 14.074 6.716 337936 0 0 17288 17288 0 0 
 14.898 7.128 380178 0 0 17288 17288 0 0 
 15.813 7.449 422420 0 0 17288 17288 0 0 
 16.591 7.849 464662 0 0 17288 17288 0 0 
 17.324 8.272 506904 0 0 17288 17288 0 0 
 18.159 8.673 549146 0 0 17288 17288 0 0 
 18.845 8.993 591388 0 0 17288 17288 0 0 
 18.468 9.108 633630 639408 622120 17288 17288 633630 633630 
 16.591 9.749 718114 639408 622120 17288 17288 633630 633630 
 14.772 10.321 802598 639408 622120 17288 17288 633630 633630 
 13.090 10.550 887082 639408 622120 17288 17288 633630 633630 
 11.568 10.778 971566 639408 622120 17288 17288 633630 633630 
 10.115 10.836 1056052 639408 622120 17288 17288 633630 633630 
 8.787 10.836 1140536 639408 622120 17288 17288 633630 633630 
 7.574 10.698 1225018 639408 622120 17288 17288 633630 633630 
 6.453 10.515 1309502 639408 622120 17288 17288 633630 633630 
 5.435 10.160 1393986 639408 622120 17288 17288 633630 633630 
 4.531 9.737 1478470 639408 622120 17288 17288 633630 633630 
 4.107 9.588 1520878 639408 622120 17288 17288 633630 633630 
 3.730 9.371 1563126 639408 622120 17288 17288 633630 633630 
 3.352 9.108 1605366 639408 622120 17288 17288 633630 633630 
 2.997 8.856 1647608 639408 622120 17288 17288 633630 633630 
 2.677 8.604 1689852 639408 622120 17288 17288 633630 633630 
 2.368 8.330 1732086 639408 622120 17288 17288 633630 633630 
 2.082 8.078 1774312 639408 622120 17288 17288 633630 633630 
 1.819 7.792 1816528 639408 622120 17288 17288 633630 633630 
 1.842 7.700 1858772 1861018 1221610 17288 17288 633630 633630 
 2.963 7.529 1901056 1861018 1221610 1918180 57162 1901056 1267426 
 4.107 7.426 1943324 1861018 1221610 1918180 57162 1901056 1267426 
 5.286 7.311 1985566 1861018 1221610 1918180 57162 1901056 1267426 
 6.407 7.254 2027810 1861018 1221610 1918180 57162 1901056 1267426 
 7.437 7.174 2070048 1861018 1221610 1918180 57162 1901056 1267426 
 8.456 7.266 2112288 1861018 1221610 1918180 57162 1901056 1267426 
 9.451 7.254 2154530 1861018 1221610 1918180 57162 1901056 1267426 
 10.286 7.391 2196774 1861018 1221610 1918180 57162 1901056 1267426 
 11.064 7.506 2239014 1861018 1221610 1918180 57162 1901056 1267426 
 11.911 7.769 2281256 1861018 1221610 1918180 57162 1901056 1267426 
 12.586 7.964 2323500 1861018 1221610 1918180 57162 1901056 1267426 
 13.387 8.135 2365744 1861018 1221610 1918180 57162 1901056 1267426 
 13.994 8.364 2407978 1861018 1221610 1918180 57162 1901056 1267426 
 14.669 8.650 2450226 1861018 1221610 1918180 57162 1901056 1267426 
 15.310 8.913 2492464 1861018 1221610 1918180 57162 1901056 1267426 
 15.779 9.222 2534706 1861018 1221610 2551800 633620 2534706 633650 
 14.943 9.222 2576948 1861018 1221610 2551800 633620 2534706 633650 
 14.394 9.451 2619192 1861018 1221610 2551800 633620 2534706 633650 
 13.788 9.703 2661434 1861018 1221610 2551800 633620 2534706 633650 
 13.330 9.863 2703676 1861018 1221610 2551800 633620 2534706 633650 
 12.815 10.023 2745922 1861018 1221610 2551800 633620 2534706 633650 
 12.335 10.103 2788160 1861018 1221610 2551800 633620 2534706 633650 
 11.843 10.332 2830400 1861018 1221610 2551800 633620 2534706 633650 
 11.419 10.332 2872648 1861018 1221610 2551800 633620 2534706 633650 
 10.973 10.366 2914884 1861018 1221610 2551800 633620 2534706 633650 
 10.550 10.527 2957126 1861018 1221610 2551800 633620 2534706 633650 
 10.149 10.469 2999374 1861018 1221610 2551800 633620 2534706 633650 
 9.749 10.469 3041608 1861018 1221610 2551800 633620 2534706 633650 
 9.382 10.515 3083852 1861018 1221610 2551800 633620 2534706 633650 
 9.039 10.469 3126092 1861018 1221610 2551800 633620 2534706 633650 
 8.696 10.504 3168338 1861018 1221610 3185432 633632 3168338 633632 
 8.673 10.424 3210582 1861018 1221610 3185432 633632 3168338 633632 
 8.627 10.378 3252824 1861018 1221610 3185432 633632 3168338 633632 
 8.650 10.321 3295064 1861018 1221610 3185432 633632 3168338 633632 
 8.581 10.321 3337306 1861018 1221610 3185432 633632 3168338 633632 
 8.547 10.286 3379548 1861018 1221610 3185432 633632 3168338 633632 
 8.513 10.252 3421790 1861018 1221610 3185432 633632 3168338 633632 
 8.501 10.252 3464032 1861018 1221610 3185432 633632 3168338 633632 
 8.490 10.183 3506276 1861018 1221610 3185432 633632 3168338 633632 
 8.490 10.149 3548510 1861018 1221610 3185432 633632 3168338 633632 
 8.444 10.138 3590760 1861018 1221610 3185432 633632 3168338 633632 
 8.410 10.103 3633002 1861018 1221610 3185432 633632 3168338 633632 
 8.444 10.092 3675244 1861018 1221610 3185432 633632 3168338 633632 
 8.364 10.000 3717486 1861018 1221610 3185432 633632 3168338 633632 
 8.421 10.046 3759724 3762210 576778 3185432 633632 3168338 633632 
 8.490 9.989 3801966 3762210 576778 3819060 56850 3801966 633628 
 8.604 9.943 3844208 3762210 576778 3819060 56850 3801966 633628 
 8.719 9.920 3886450 3762210 576778 3819060 56850 3801966 633628 
 8.730 9.932 3928692 3762210 576778 3819060 56850 3801966 633628 
 8.822 9.909 3970934 3762210 576778 3819060 56850 3801966 633628 
 8.867 9.909 4013174 3762210 576778 3819060 56850 3801966 633628 
 8.959 9.829 4055416 3762210 576778 3819060 56850 3801966 633628 
 9.165 9.852 4224216 3762210 576778 3819060 56850 3801966 633628 
 9.199 9.794 4266554 3762210 576778 3819060 56850 3801966 633628 
 9.291 9.863 4308868 3762210 576778 3819060 56850 3801966 633628 
 9.382 9.829 4351110 3762210 576778 3819060 56850 3801966 633628 
 9.359 9.817 4393352 3762210 576778 3819060 56850 3801966 633628 
 9.451 9.829 4435596 3762210 576778 4452692 633632 4435596 633630 
 9.474 9.829 4477838 3762210 576778 4452692 633632 4435596 633630 
 9.462 9.897 4520078 3762210 576778 4452692 633632 4435596 633630 
 9.474 9.920 4562320 3762210 576778 4452692 633632 4435596 633630 
 9.440 9.874 4604564 3762210 576778 4452692 633632 4435596 633630 
 9.451 9.874 4646808 3762210 576778 4452692 633632 4435596 633630 
 9.451 9.863 4689050 3762210 576778 4452692 633632 4435596 633630 
 9.451 9.955 4731292 3762210 576778 4452692 633632 4435596 633630 
 9.451 9.874 4773532 3762210 576778 4452692 633632 4435596 633630 
 9.497 9.943 4815776 3762210 576778 4452692 633632 4435596 633630 
 9.462 9.920 4858018 3762210 576778 4452692 633632 4435596 633630 
 9.451 9.874 4900260 3762210 576778 4452692 633632 4435596 633630 
 9.497 9.955 4942502 3762210 576778 4452692 633632 4435596 633630 
 9.508 9.955 4984748 3762210 576778 4452692 633632 4435596 633630 
 9.451 10.000 5026988 3762210 576778 4452692 633632 4435596 633630 
 9.531 9.966 5069236 3762210 576778 5084578 631886 5069236 633640 
 9.462 9.966 5111474 3762210 576778 5084578 631886 5069236 633640 
 9.462 9.989 5153718 3762210 576778 5084578 631886 5069236 633640 
 9.462 9.977 5195956 3762210 576778 5084578 631886 5069236 633640 
 9.405 9.989 5238202 3762210 576778 5084578 631886 5069236 633640 
 9.405 9.955 5280440 3762210 576778 5084578 631886 5069236 633640 
 9.371 10.046 5322686 3762210 576778 5084578 631886 5069236 633640 
 9.337 10.000 5364922 3762210 576778 5084578 631886 5069236 633640 
 9.325 9.989 5407164 3762210 576778 5084578 631886 5069236 633640 
 9.325 9.966 5449414 3762210 576778 5084578 631886 5069236 633640 
 9.314 10.012 5491654 3762210 576778 5084578 631886 5069236 633640 
 9.279 9.977 5533896 3762210 576778 5084578 631886 5069236 633640 
 9.291 10.046 5576132 3762210 576778 5084578 631886 5069236 633640 
 9.268 10.057 5618374 3762210 576778 5084578 631886 5069236 633640 
 9.257 9.955 5660622 3762210 576778 5084578 631886 5069236 633640 
 9.234 9.955 5702862 3762210 576778 5719952 635374 5702862 633626 
 9.234 9.989 5745110 3762210 576778 5719952 635374 5702862 633626 
 9.257 9.977 5787348 3762210 576778 5719952 635374 5702862 633626 
 9.234 10.046 5829590 3762210 576778 5719952 635374 5702862 633626 
 9.245 10.000 5871826 3762210 576778 5719952 635374 5702862 633626 
 9.222 9.955 5914078 3762210 576778 5719952 635374 5702862 633626 
 9.268 9.920 5956316 3762210 576778 5719952 635374 5702862 633626 
 9.234 9.955 5998556 3762210 576778 5719952 635374 5702862 633626 
 9.279 9.955 6040798 3762210 576778 5719952 635374 5702862 633626 
 9.245 9.909 6083038 3762210 576778 5719952 635374 5702862 633626 
 9.279 9.909 6125282 3762210 576778 5719952 635374 5702862 633626 
 9.279 9.955 6167524 3762210 576778 5719952 635374 5702862 633626 
 9.279 9.955 6209766 3762210 576778 5719952 635374 5702862 633626 
 9.279 9.920 6252006 3762210 576778 5719952 635374 5702862 633626 
 9.291 9.943 6294250 3762210 576778 5719952 635374 5702862 633626 
 9.279 9.966 6336492 3762210 576778 6353586 633634 6336492 633630 
 9.291 9.955 6378734 3762210 576778 6353586 633634 6336492 633630 
 9.314 9.966 6420980 3762210 576778 6353586 633634 6336492 633630 
 9.268 9.897 6463216 3762210 576778 6353586 633634 6336492 633630 
 9.268 9.977 6505460 3762210 576778 6353586 633634 6336492 633630 
 9.325 9.955 6547702 3762210 576778 6353586 633634 6336492 633630 
 9.359 9.955 6589944 3762210 576778 6353586 633634 6336492 633630 
 9.359 9.943 6632184 3762210 576778 6353586 633634 6336492 633630 
 9.325 9.920 6674428 3762210 576778 6353586 633634 6336492 633630 
 9.359 9.943 6716670 3762210 576778 6353586 633634 6336492 633630 
 9.348 9.920 6758912 3762210 576778 6353586 633634 6336492 633630 
 9.337 9.966 6801156 3762210 576778 6353586 633634 6336492 633630 
 9.359 9.920 6843398 3762210 576778 6353586 633634 6336492 633630 
 9.337 9.955 6885638 3762210 576778 6353586 633634 6336492 633630 
 9.371 9.977 6927880 3762210 576778 6353586 633634 6336492 633630 
 9.359 9.966 6970128 3762210 576778 6987214 633628 6970128 633636 
 9.359 9.909 7012366 3762210 576778 6987214 633628 6970128 633636 
 9.337 9.955 7054606 3762210 576778 6987214 633628 6970128 633636 
 9.314 9.943 7096848 3762210 576778 6987214 633628 6970128 633636 
 9.348 10.000 7139090 3762210 576778 6987214 633628 6970128 633636 
 9.279 10.000 7181334 3762210 576778 6987214 633628 6970128 633636 
 9.279 9.955 7223578 3762210 576778 6987214 633628 6970128 633636 
 9.257 10.012 7265820 3762210 576778 6987214 633628 6970128 633636 
 9.268 9.966 7308060 3762210 576778 6987214 633628 6970128 633636 
 9.257 9.966 7350302 3762210 576778 6987214 633628 6970128 633636 
 9.234 9.932 7392548 3762210 576778 6987214 633628 6970128 633636 
 9.188 9.920 7434792 3762210 576778 6987214 633628 6970128 633636 
 9.176 9.955 7477028 3762210 576778 6987214 633628 6970128 633636 
 9.222 9.909 7519272 3762210 576778 6987214 633628 6970128 633636 
 9.199 9.966 7561510 3762210 576778 6987214 633628 6970128 633636 
 9.211 9.943 7603754 3762210 576778 7620848 633634 7603754 633626 
 9.188 9.955 7645994 3762210 576778 7620848 633634 7603754 633626 
 9.188 9.920 7688236 3762210 576778 7620848 633634 7603754 633626 
 9.234 9.897 7730480 3762210 576778 7620848 633634 7603754 633626 
 9.222 9.955 7772722 3762210 576778 7620848 633634 7603754 633626 
 9.245 9.920 7814962 3762210 576778 7620848 633634 7603754 633626 
 9.279 9.886 7857206 3762210 576778 7620848 633634 7603754 633626 
 9.268 9.920 7899446 3762210 576778 7620848 633634 7603754 633626 
 9.314 9.920 7941690 3762210 576778 7620848 633634 7603754 633626 
 9.291 9.920 7983934 3762210 576778 7620848 633634 7603754 633626 
 9.314 9.920 8026174 3762210 576778 7620848 633634 7603754 633626 
 9.325 9.966 8068416 3762210 576778 7620848 633634 7603754 633626 
 9.325 9.932 8110660 3762210 576778 7620848 633634 7603754 633626 
 9.291 9.966 8152900 3762210 576778 7620848 633634 7603754 633626 
 9.359 9.909 8195144 3762210 576778 7620848 633634 7603754 633626 
 9.325 9.932 8237384 3762210 576778 8254478 633630 8237384 633630 
 9.337 9.955 8279624 3762210 576778 8254478 633630 8237384 633630 
 9.314 9.920 8321872 3762210 576778 8254478 633630 8237384 633630 
 9.337 9.955 8364110 3762210 576778 8254478 633630 8237384 633630 
 9.508 9.966 8406354 3762210 576778 8254478 633630 8237384 633630 
 9.920 10.092 8448596 3762210 576778 8254478 633630 8237384 633630 
 10.275 10.012 8490842 3762210 576778 8254478 633630 8237384 633630 
 10.618 10.138 8533080 3762210 576778 8254478 633630 8237384 633630 
 10.961 10.149 8575322 3762210 576778 8254478 633630 8237384 633630 
 11.293 10.229 8617566 8619934 365456 8254478 633630 8237384 633630 
 11.316 10.149 8659808 8662140 42206 8254478 633630 8237384 633630 
 11.007 10.241 8702044 8662140 42206 8254478 633630 8237384 633630 
 10.733 10.332 8744288 8662140 42206 8254478 633630 8237384 633630 
 10.458 10.378 8786528 8662140 42206 8254478 633630 8237384 633630 
 10.195 10.378 8828770 8662140 42206 8254478 633630 8237384 633630 
 9.955 10.378 8871012 8662140 42206 8888110 225970 8871012 633628 
 9.771 10.447 8913254 8662140 42206 8888110 225970 8871012 633628 
 9.634 10.424 8955496 8662140 42206 8888110 225970 8871012 633628 
 9.497 10.424 8997738 8662140 42206 8888110 225970 8871012 633628 
 9.371 10.424 9039980 9042310 154200 8888110 225970 8871012 633628 
 9.268 10.378 9082226 9042310 154200 8888110 225970 8871012 633628 
 9.176 10.321 9124464 9042310 154200 8888110 225970 8871012 633628 
 9.062 10.332 9166710 9042310 154200 8888110 225970 8871012 633628 
 9.005 10.332 9208950 9042310 154200 8888110 225970 8871012 633628 
 8.879 10.263 9251192 9042310 154200 8888110 225970 8871012 633628 
 8.833 10.286 9293434 9295734 253424 8888110 225970 8871012 633628 
 8.833 10.241 9335678 9295734 253424 8888110 225970 8871012 633628 
 8.810 10.241 9377922 9295734 253424 8888110 225970 8871012 633628 
 8.822 10.229 9420166 9295734 253424 8888110 225970 8871012 633628 
 8.787 10.160 9462408 9295734 253424 8888110 225970 8871012 633628 
 8.787 10.138 9504650 9295734 253424 9521738 226004 9504650 633638 
 8.810 10.126 9546890 9295734 253424 9521738 226004 9504650 633638 
 8.799 10.012 9589132 9295734 253424 9521738 226004 9504650 633638 
 8.856 10.103 9631376 9295734 253424 9521738 226004 9504650 633638 
 8.879 10.046 9673618 9295734 253424 9521738 226004 9504650 633638 
 8.879 10.035 9715858 9295734 253424 9521738 226004 9504650 633638 
 8.890 10.012 9758102 9295734 253424 9521738 226004 9504650 633638 
 8.948 10.000 9800346 9295734 253424 9521738 226004 9504650 633638 
 8.982 10.000 9842588 9295734 253424 9521738 226004 9504650 633638 
 8.982 9.920 9884824 9295734 253424 9521738 226004 9504650 633638 
 8.993 9.966 9927074 9295734 253424 9521738 226004 9504650 633638 
 9.016 9.955 9969314 9295734 253424 9521738 226004 9504650 633638 
 9.051 9.909 10011554 9295734 253424 9521738 226004 9504650 633638 
 9.051 9.920 10053794 9295734 253424 9521738 226004 9504650 633638 
 9.073 9.909 10096040 9295734 253424 9521738 226004 9504650 633638 
 9.119 9.909 10138280 9295734 253424 10153630 631892 10138280 633630 
 9.073 9.909 10180518 9295734 253424 10153630 631892 10138280 633630 
 9.188 9.920 10222758 9295734 253424 10153630 631892 10138280 633630 
 9.165 9.966 10265000 9295734 253424 10153630 631892 10138280 633630 
 9.222 9.909 10307242 9295734 253424 10153630 631892 10138280 633630 
 9.222 9.909 10349484 9295734 253424 10153630 631892 10138280 633630 
 9.279 9.897 10391726 9295734 253424 10153630 631892 10138280 633630 
 9.302 9.874 10433968 9295734 253424 10153630 631892 10138280 633630 
 9.371 9.909 10476212 9295734 253424 10153630 631892 10138280 633630 
 9.359 9.920 10518454 9295734 253424 10153630 631892 10138280 633630 
