Thread[Thread-1,5,main] 331.542 331.542
 330.302 331.227
 329.994 330.912
 330.290 330.599
 330.290 330.599
 330.290 330.599
 330.290 330.599
 330.290 330.599
 330.290 330.599
 330.290 330.599
 330.290 330.599
 330.290 330.599
 330.290 330.599
 330.290 330.599
 330.290 330.599
 330.290 330.599
 330.290 330.599
 330.290 330.599
 330.290 330.599
 330.290 330.599
 330.290 330.599
 330.290 330.599
 330.290 330.599
 330.290 330.599
 330.290 330.599
 330.290 330.599
 330.290 330.599
 330.290 330.599
 330.290 330.599
 297.752 326.153
 297.801 325.855
 293.367 325.557
 290.308 325.260
 290.308 325.260
 290.308 325.260
 290.308 325.260
 290.308 325.260
 290.308 325.260
 290.308 325.260
 290.308 325.260
 290.308 325.260
 290.308 325.260
 290.308 325.260
 290.308 325.260
 290.308 325.260
 290.308 325.260
 290.308 325.260
 290.308 325.260
 290.308 325.260
 290.308 325.260
 290.308 325.260
 290.308 325.260
 290.308 325.260
 290.308 325.260
 290.308 325.260
 290.308 325.260
 290.308 325.260
 266.240 324.963
 268.041 324.667
 265.869 324.372
 265.061 324.078
 265.863 323.784
 265.863 323.784
 265.863 323.784
 265.863 323.784
 265.863 323.784
 265.863 323.784
 265.863 323.784
 265.863 323.784
 265.863 323.784
 265.863 323.784
 265.863 323.784
 265.863 323.784
 265.863 323.784
 265.863 323.784
 265.863 323.784
 265.863 323.784
 265.863 323.784
 265.863 323.784
 265.863 323.784
 265.863 323.784
 265.863 323.784
 265.863 323.784
 265.863 323.784
 265.863 323.784
 265.863 323.784
 265.863 323.784
 265.863 323.784
 265.863 323.784
 265.863 323.784
 265.863 323.784
 265.863 323.784
 265.863 323.784
 265.863 323.784
 265.863 323.784
 265.863 323.784
 265.863 323.784
 265.863 323.784
 265.863 323.784
 265.863 323.784
 265.863 323.784
 265.863 323.784
 265.863 323.784
 265.863 323.784
 265.863 323.784
 265.863 323.784
 265.863 323.784
 265.863 323.784
 265.863 323.784
 265.863 323.784
 265.863 323.784
 265.863 323.784
 265.863 323.784
 265.863 323.784
 265.863 323.784
 265.863 323.784
 227.945 323.491
 227.911 323.198
 224.535 322.907
 226.818 322.615
 225.694 322.325
 225.694 322.325
 225.694 322.325
 225.694 322.325
 225.694 322.325
 225.694 322.325
 225.694 322.325
 225.694 322.325
 225.694 322.325
 225.694 322.325
 225.694 322.325
 225.694 322.325
 225.694 322.325
 225.694 322.325
 225.694 322.325
 225.694 322.325
 225.694 322.325
 225.694 322.325
 225.694 322.325
 225.694 322.325
 225.694 322.325
 225.694 322.325
 225.694 322.325
 225.694 322.325
 213.629 322.035
 210.895 321.746
 210.056 321.457
 210.604 321.169
 208.887 320.882
 208.887 320.882
 208.887 320.882
 208.887 320.882
 208.887 320.882
 208.887 320.882
 208.887 320.882
 208.887 320.882
 208.887 320.882
 208.887 320.882
 208.887 320.882
 208.887 320.882
 208.887 320.882
 208.887 320.882
 208.887 320.882
 208.887 320.882
 208.887 320.882
 208.887 320.882
 208.887 320.882
 208.887 320.882
 208.887 320.882
 208.887 320.882
 208.887 320.882
 208.887 320.882
 201.583 320.595
 201.733 320.309
 199.613 320.024
 197.656 319.739
 195.862 319.455
 195.862 319.455
 195.862 319.455
 195.862 319.455
 195.862 319.455
 195.862 319.455
 195.862 319.455
 195.862 319.455
 195.862 319.455
 195.862 319.455
 195.862 319.455
 195.862 319.455
 195.862 319.455
 195.862 319.455
 195.862 319.455
 195.862 319.455
 195.862 319.455
 195.862 319.455
 195.862 319.455
 195.862 319.455
 195.862 319.455
 195.862 319.455
 195.862 319.455
 195.862 319.455
 189.751 319.172
 188.613 318.889
 188.489 318.607
 188.380 318.325
 188.210 318.044
 188.210 318.044
 188.210 318.044
 188.210 318.044
 188.210 318.044
 188.210 318.044
 188.210 318.044
 188.210 318.044
 188.210 318.044
 188.210 318.044
 188.210 318.044
 188.210 318.044
 188.210 318.044
 188.210 318.044
 188.210 318.044
 188.210 318.044
 188.210 318.044
 188.210 318.044
 188.210 318.044
 188.210 318.044
 188.210 318.044
 188.210 318.044
 188.210 318.044
 188.210 318.044
 190.702 317.764
 189.084 317.485
 186.452 317.205
 182.953 316.927
 183.818 316.649
 183.818 316.649
 183.818 316.649
 183.818 316.649
 183.818 316.649
 183.818 316.649
 183.818 316.649
 183.818 316.649
 183.818 316.649
 183.818 316.649
 183.818 316.649
 183.818 316.649
 183.818 316.649
 183.818 316.649
 183.818 316.649
 183.818 316.649
 183.818 316.649
 183.818 316.649
 183.818 316.649
 183.818 316.649
 183.818 316.649
 183.818 316.649
 183.818 316.649
 183.818 316.649
 184.591 316.372
 185.069 316.095
 184.694 315.819
 186.071 315.544
 187.646 315.269
 187.646 315.269
 187.646 315.269
 187.646 315.269
 187.646 315.269
 187.646 315.269
 187.646 315.269
 187.646 315.269
 187.646 315.269
 187.646 315.269
 187.646 315.269
 187.646 315.269
 187.646 315.269
 187.646 315.269
 187.646 315.269
 187.646 315.269
 187.646 315.269
 187.646 315.269
 187.646 315.269
 187.646 315.269
 187.646 315.269
 187.646 315.269
 187.646 315.269
 187.646 315.269
 185.420 314.995
 186.998 314.722
 186.213 314.449
 186.213 314.176
 186.613 313.905
 186.613 313.905
 186.613 313.905
 186.613 313.905
 186.613 313.905
 186.613 313.905
 186.613 313.905
 186.613 313.905
 186.613 313.905
 186.613 313.905
 186.613 313.905
 186.613 313.905
 186.613 313.905
 186.613 313.905
 186.613 313.905
 186.613 313.905
 186.613 313.905
 186.613 313.905
 186.613 313.905
 186.613 313.905
 186.613 313.905
 186.613 313.905
 186.613 313.905
 186.613 313.905
 186.613 313.905
 186.613 313.905
 186.613 313.905
 186.613 313.905
 186.613 313.905
 186.613 313.905
 186.613 313.905
 186.613 313.905
 186.613 313.905
 186.613 313.905
 186.613 313.905
 186.613 313.905
 186.613 313.905
 186.613 313.905
 186.613 313.905
 186.613 313.905
 186.613 313.905
 186.613 313.905
 186.613 313.905
 186.613 313.905
 186.613 313.905
 186.613 313.905
 186.613 313.905
 186.613 313.905
 186.613 313.905
 186.613 313.905
 186.613 313.905
 186.613 313.905
 186.613 313.905
 186.613 313.905
 186.613 313.905
 208.441 313.633
 211.125 313.363
 213.826 313.093
 214.194 312.824
 217.954 312.555
 217.954 312.555
 217.954 312.555
 217.954 312.555
 217.954 312.555
 217.954 312.555
 217.954 312.555
 217.954 312.555
 217.954 312.555
 217.954 312.555
 217.954 312.555
 217.954 312.555
 217.954 312.555
 217.954 312.555
 217.954 312.555
 217.954 312.555
 217.954 312.555
 217.954 312.555
 217.954 312.555
 217.954 312.555
 217.954 312.555
 217.954 312.555
 217.954 312.555
 217.954 312.555
 189.514 219.060
 186.828 218.735
 187.645 218.411
 184.978 218.086
 183.760 217.762
 183.760 217.762
 183.760 217.762
 183.760 217.762
 183.760 217.762
 183.760 217.762
 183.760 217.762
 183.760 217.762
 183.760 217.762
 183.760 217.762
 183.760 217.762
 183.760 217.762
 183.760 217.762
 183.760 217.762
 183.760 217.762
 183.760 217.762
 183.760 217.762
 183.760 217.762
 183.760 217.762
 183.760 217.762
 183.760 217.762
 183.760 217.762
 183.760 217.762
 183.760 217.762
 162.575 217.439
 162.688 217.115
 161.339 216.793
 160.328 216.470
 157.873 216.148
 157.873 216.148
 157.873 216.148
 157.873 216.148
 157.873 216.148
 157.873 216.148
 157.873 216.148
 157.873 216.148
 157.873 216.148
 157.873 216.148
 157.873 216.148
 157.873 216.148
 157.873 216.148
 157.873 216.148
 157.873 216.148
 157.873 216.148
 157.873 216.148
 157.873 216.148
 157.873 216.148
 157.873 216.148
 157.873 216.148
 157.873 216.148
 157.873 216.148
 157.873 216.148
 137.295 215.826
 134.876 215.505
 132.922 215.183
 131.546 214.863
 130.781 214.542
 130.781 214.542
 130.781 214.542
 130.781 214.542
 130.781 214.542
 130.781 214.542
 130.781 214.542
 130.781 214.542
 130.781 214.542
 130.781 214.542
 130.781 214.542
 130.781 214.542
 130.781 214.542
 130.781 214.542
 130.781 214.542
 130.781 214.542
 130.781 214.542
 130.781 214.542
 130.781 214.542
 130.781 214.542
 130.781 214.542
 130.781 214.542
 130.781 214.542
 130.781 214.542
 109.482 214.222
 109.063 213.903
 108.335 213.584
 107.121 213.265
 104.756 212.946
 104.756 212.946
 104.756 212.946
 104.756 212.946
 104.756 212.946
 104.756 212.946
 104.756 212.946
 104.756 212.946
 104.756 212.946
 104.756 212.946
 104.756 212.946
 104.756 212.946
 104.756 212.946
 104.756 212.946
 104.756 212.946
 104.756 212.946
 104.756 212.946
 104.756 212.946
 104.756 212.946
 104.756 212.946
 104.756 212.946
 104.756 212.946
 104.756 212.946
 104.756 212.946
 91.703 212.628
 91.349 212.310
 90.980 211.993
 88.482 211.676
 88.126 211.359
 88.126 211.359
 88.126 211.359
 88.126 211.359
 88.126 211.359
 88.126 211.359
 88.126 211.359
 88.126 211.359
 88.126 211.359
 88.126 211.359
 88.126 211.359
 88.126 211.359
 88.126 211.359
 88.126 211.359
 88.126 211.359
 88.126 211.359
 88.126 211.359
 88.126 211.359
 88.126 211.359
 88.126 211.359
 88.126 211.359
 88.126 211.359
 88.126 211.359
 88.126 211.359
 75.943 211.042
 75.003 210.726
 73.716 210.411
 73.391 210.095
 71.869 209.781
 71.869 209.781
 71.869 209.781
 71.869 209.781
 71.869 209.781
 71.869 209.781
 71.869 209.781
 71.869 209.781
 71.869 209.781
 71.869 209.781
 71.869 209.781
 71.869 209.781
 71.869 209.781
 71.869 209.781
 71.869 209.781
 71.869 209.781
 71.869 209.781
 71.869 209.781
 71.869 209.781
 71.869 209.781
 71.869 209.781
 71.869 209.781
 71.869 209.781
 71.869 209.781
 71.869 209.781
 71.869 209.781
 71.869 209.781
 71.869 209.781
 71.869 209.781
 71.869 209.781
 71.869 209.781
 71.869 209.781
 71.869 209.781
 71.869 209.781
 71.869 209.781
 71.869 209.781
 71.869 209.781
 71.869 209.781
 71.869 209.781
 71.869 209.781
 71.869 209.781
 71.869 209.781
 71.869 209.781
 71.869 209.781
 71.869 209.781
 71.869 209.781
 71.869 209.781
 71.869 209.781
 71.869 209.781
 71.869 209.781
 71.869 209.781
 71.869 209.781
 71.869 209.781
 71.869 209.781
 71.869 209.781
 48.754 209.466
 49.028 209.152
 47.875 208.838
 47.679 208.524
 47.679 208.524
 47.679 208.524
 47.679 208.524
 47.679 208.524
 47.679 208.524
 47.679 208.524
 47.679 208.524
 47.679 208.524
 47.679 208.524
 47.679 208.524
 47.679 208.524
 47.679 208.524
 47.679 208.524
 47.679 208.524
 47.679 208.524
 47.679 208.524
 47.679 208.524
 47.679 208.524
 47.679 208.524
 47.679 208.524
 47.679 208.524
 47.679 208.524
 47.679 208.524
 47.679 208.524
 39.299 208.211
 38.842 207.898
 38.695 207.586
 38.095 207.274
 37.702 206.962
 37.702 206.962
 37.702 206.962
 37.702 206.962
 37.702 206.962
 37.702 206.962
 37.702 206.962
 37.702 206.962
 37.702 206.962
 37.702 206.962
 37.702 206.962
 37.702 206.962
 37.702 206.962
 37.702 206.962
 37.702 206.962
 37.702 206.962
 37.702 206.962
 37.702 206.962
 37.702 206.962
 37.702 206.962
 37.702 206.962
 37.702 206.962
 37.702 206.962
 37.702 206.962
 31.845 206.651
 31.585 206.340
 31.488 206.029
 31.488 205.719
 30.784 205.409
 30.784 205.409
 30.784 205.409
 30.784 205.409
 30.784 205.409
 30.784 205.409
 30.784 205.409
 30.784 205.409
 30.784 205.409
 30.784 205.409
 30.784 205.409
 30.784 205.409
 30.784 205.409
 30.784 205.409
 30.784 205.409
 30.784 205.409
 30.784 205.409
 30.784 205.409
 30.784 205.409
 30.784 205.409
 30.784 205.409
 30.784 205.409
 30.784 205.409
 30.784 205.409
 25.002 205.100
 24.505 204.790
 24.194 204.482
 24.216 204.173
 23.770 203.865
 23.770 203.865
 23.770 203.865
 23.770 203.865
 23.770 203.865
 23.770 203.865
 23.770 203.865
 23.770 203.865
 23.770 203.865
 23.770 203.865
 23.770 203.865
 23.770 203.865
 23.770 203.865
 23.770 203.865
 23.770 203.865
 23.770 203.865
 23.770 203.865
 23.770 203.865
 23.770 203.865
 23.770 203.865
 23.770 203.865
 23.770 203.865
 23.770 203.865
 23.770 203.865
 23.770 203.865
 23.770 203.865
 23.770 203.865
 23.770 203.865
 23.770 203.865
 23.770 203.865
 23.770 203.865
 23.770 203.865
 23.770 203.865
 23.770 203.865
 23.770 203.865
 23.770 203.865
 23.770 203.865
 23.770 203.865
 23.770 203.865
 23.770 203.865
 23.770 203.865
 23.770 203.865
 23.770 203.865
 23.770 203.865
 23.770 203.865
 23.770 203.865
 23.770 203.865
 23.770 203.865
 23.770 203.865
 23.770 203.865
 23.770 203.865
 23.770 203.865
 23.770 203.865
 23.770 203.865
 23.770 203.865
 14.508 203.557
 14.333 203.250
 14.333 202.943
 14.040 202.636
 14.040 202.636
 14.040 202.636
 14.040 202.636
 14.040 202.636
 14.040 202.636
 14.040 202.636
 14.040 202.636
 14.040 202.636
 14.040 202.636
 14.040 202.636
 14.040 202.636
 14.040 202.636
 14.040 202.636
 14.040 202.636
 14.040 202.636
 14.040 202.636
 14.040 202.636
 14.040 202.636
 14.040 202.636
 14.040 202.636
 14.040 202.636
 14.040 202.636
 14.040 202.636
 14.040 202.636
 10.937 202.330
 10.797 202.024
 10.802 201.718
 10.821 201.413
 10.821 201.413
 10.821 201.413
 10.821 201.413
 10.821 201.413
 10.821 201.413
 10.821 201.413
 10.821 201.413
 10.821 201.413
 10.821 201.413
 10.821 201.413
 10.821 201.413
 10.821 201.413
 10.821 201.413
 10.821 201.413
 10.821 201.413
 10.821 201.413
 10.821 201.413
 10.821 201.413
 10.821 201.413
 10.821 201.413
 10.821 201.413
 10.821 201.413
 10.821 201.413
 10.821 201.413
 10.821 201.413
 7.983 201.108
 7.891 200.803
 7.891 200.499
 7.869 200.195
 7.869 200.195
 7.869 200.195
 7.869 200.195
 7.869 200.195
 7.869 200.195
 7.869 200.195
 7.869 200.195
 7.869 200.195
 7.869 200.195
 7.869 200.195
 7.869 200.195
 7.869 200.195
 7.869 200.195
 7.869 200.195
 7.869 200.195
 7.869 200.195
 7.869 200.195
 7.869 200.195
 7.869 200.195
 7.869 200.195
 7.869 200.195
 7.869 200.195
 7.869 200.195
 7.869 200.195
 5.811 199.891
 5.876 199.588
 5.761 199.285
 5.662 198.983
 5.616 198.681
 5.616 198.681
 5.616 198.681
 5.616 198.681
 5.616 198.681
 5.616 198.681
 5.616 198.681
 5.616 198.681
 5.616 198.681
 5.616 198.681
 5.616 198.681
 5.616 198.681
 5.616 198.681
 5.616 198.681
 5.616 198.681
 5.616 198.681
 5.616 198.681
 5.616 198.681
 5.616 198.681
 5.616 198.681
 5.616 198.681
 5.616 198.681
 5.616 198.681
 5.616 198.681
 4.108 198.379
 4.218 198.078
 4.265 197.777
 4.265 197.476
 4.044 197.176
 4.044 197.176
 4.044 197.176
 4.044 197.176
 4.044 197.176
 4.044 197.176
 4.044 197.176
 4.044 197.176
 4.044 197.176
 4.044 197.176
 4.044 197.176
 4.044 197.176
 4.044 197.176
 4.044 197.176
 4.044 197.176
 4.044 197.176
 4.044 197.176
 4.044 197.176
 4.044 197.176
 4.044 197.176
 4.044 197.176
 4.044 197.176
 4.044 197.176
 4.044 197.176
 3.208 196.876
 3.364 196.576
 3.531 196.277
 3.306 195.978
 3.227 195.679
 3.227 195.679
 3.227 195.679
 3.227 195.679
 3.227 195.679
 3.227 195.679
 3.227 195.679
 3.227 195.679
 3.227 195.679
 3.227 195.679
 3.227 195.679
 3.227 195.679
 3.227 195.679
 3.227 195.679
 3.227 195.679
 3.227 195.679
 3.227 195.679
 3.227 195.679
 3.227 195.679
 3.227 195.679
 3.227 195.679
 3.227 195.679
 3.227 195.679
 3.227 195.679
 3.227 195.679
 3.227 195.679
 3.227 195.679
 3.227 195.679
 3.227 195.679
 3.227 195.679
 3.227 195.679
 3.227 195.679
 3.227 195.679
 3.227 195.679
 3.227 195.679
 3.227 195.679
 3.227 195.679
 3.227 195.679
 3.227 195.679
 3.227 195.679
 3.227 195.679
 3.227 195.679
 3.227 195.679
 3.227 195.679
 3.227 195.679
 3.227 195.679
 3.227 195.679
 3.227 195.679
 3.227 195.679
 3.227 195.679
 3.227 195.679
 3.227 195.679
 3.227 195.679
 3.227 195.679
 2.017 195.381
 2.289 195.083
 2.187 194.785
 1.992 194.488
 1.969 194.191
 1.969 194.191
 1.969 194.191
 1.969 194.191
 1.969 194.191
 1.969 194.191
 1.969 194.191
 1.969 194.191
 1.969 194.191
 1.969 194.191
 1.969 194.191
 1.969 194.191
 1.969 194.191
 1.969 194.191
 1.969 194.191
 1.969 194.191
 1.969 194.191
 1.969 194.191
 1.969 194.191
 1.969 194.191
 1.969 194.191
 1.969 194.191
 1.969 194.191
 1.969 194.191
 1.267 193.895
 1.447 193.599
 1.527 193.303
 1.714 193.007
 1.913 192.712
 1.913 192.712
 1.913 192.712
 1.913 192.712
 1.913 192.712
 1.913 192.712
 1.913 192.712
 1.913 192.712
 1.913 192.712
 1.913 192.712
 1.913 192.712
 1.913 192.712
 1.913 192.712
 1.913 192.712
 1.913 192.712
 1.913 192.712
 1.913 192.712
 1.913 192.712
 1.913 192.712
 1.913 192.712
 1.913 192.712
 1.913 192.712
 1.913 192.712
 1.913 192.712
 1.673 192.418
 1.986 192.123
 1.986 191.829
 2.095 191.535
 2.113 191.242
 2.113 191.242
 2.113 191.242
 2.113 191.242
 2.113 191.242
 2.113 191.242
 2.113 191.242
 2.113 191.242
 2.113 191.242
 2.113 191.242
 2.113 191.242
 2.113 191.242
 2.113 191.242
 2.113 191.242
 2.113 191.242
 2.113 191.242
 2.113 191.242
 2.113 191.242
 2.113 191.242
 2.113 191.242
 2.113 191.242
 2.113 191.242
 2.113 191.242
 2.113 191.242
 2.653 190.949
 2.173 190.656
 2.303 190.364
 2.233 190.072
 2.344 189.780
 2.344 189.780
 2.344 189.780
 2.344 189.780
 2.344 189.780
 2.344 189.780
 2.344 189.780
 2.344 189.780
 2.344 189.780
 2.344 189.780
 2.344 189.780
 2.344 189.780
 2.344 189.780
 2.344 189.780
 2.344 189.780
 2.344 189.780
 2.344 189.780
 2.344 189.780
 2.344 189.780
 2.344 189.780
 2.344 189.780
 2.344 189.780
 4.517 189.489
 4.384 189.198
 4.384 188.908
 4.661 188.617
 4.661 188.327
 4.661 188.327
 4.661 188.327
 4.661 188.327
 4.661 188.327
 4.661 188.327
 4.661 188.327
 4.661 188.327
 4.661 188.327
 4.661 188.327
 4.661 188.327
 4.661 188.327
 4.661 188.327
 4.661 188.327
 4.661 188.327
 4.661 188.327
 4.661 188.327
 4.661 188.327
 4.661 188.327
 4.661 188.327
 4.661 188.327
 4.661 188.327
 4.661 188.327
 4.661 188.327
 5.204 188.038
 5.189 187.749
 5.107 187.460
 4.916 187.171
 5.004 186.883
 5.004 186.883
 5.004 186.883
 5.004 186.883
 5.004 186.883
 5.004 186.883
 5.004 186.883
 5.004 186.883
 5.004 186.883
 5.004 186.883
 5.004 186.883
 5.004 186.883
 5.004 186.883
 5.004 186.883
 5.004 186.883
 5.004 186.883
 5.004 186.883
 5.004 186.883
 5.004 186.883
 5.004 186.883
 5.004 186.883
 5.004 186.883
 5.004 186.883
 5.004 186.883
 5.632 186.595
 5.699 186.308
 5.874 186.021
 5.632 185.734
 5.632 185.447
 5.632 185.447
 5.632 185.447
 5.632 185.447
 5.632 185.447
 5.632 185.447
 5.632 185.447
 5.632 185.447
 5.632 185.447
 5.632 185.447
 5.632 185.447
 5.632 185.447
 5.632 185.447
 5.632 185.447
 5.632 185.447
 5.632 185.447
 5.632 185.447
 5.632 185.447
 5.632 185.447
 5.632 185.447
 5.632 185.447
 5.632 185.447
 5.632 185.447
 5.632 185.447
 6.505 185.161
 6.896 184.875
 7.041 184.590
 7.247 184.305
 7.352 184.020
 7.352 184.020
 7.352 184.020
 7.352 184.020
 7.352 184.020
 7.352 184.020
 7.352 184.020
 7.352 184.020
 7.352 184.020
 7.352 184.020
 7.352 184.020
 7.352 184.020
 7.352 184.020
 7.352 184.020
 7.352 184.020
 7.352 184.020
 7.352 184.020
 7.352 184.020
 7.352 184.020
 7.352 184.020
 7.352 184.020
 7.352 184.020
 7.352 184.020
 7.352 184.020
 7.496 183.736
 7.543 183.452
 7.673 183.168
 7.673 182.885
 7.717 182.602
 7.717 182.602
 7.717 182.602
 7.717 182.602
 7.717 182.602
 7.717 182.602
 7.717 182.602
 7.717 182.602
 7.717 182.602
 7.717 182.602
 7.717 182.602
 7.717 182.602
 7.717 182.602
 7.717 182.602
 7.717 182.602
 7.717 182.602
 7.717 182.602
 7.717 182.602
 7.717 182.602
 7.717 182.602
 7.717 182.602
 7.717 182.602
 7.717 182.602
 7.717 182.602
 8.690 182.319
 8.754 182.037
 8.754 181.755
 8.931 181.473
 8.931 181.191
 8.931 181.191
 8.931 181.191
 8.931 181.191
 8.931 181.191
 8.931 181.191
 8.931 181.191
 8.931 181.191
 8.931 181.191
 8.931 181.191
 8.931 181.191
 8.931 181.191
 8.931 181.191
 8.931 181.191
 8.931 181.191
 8.931 181.191
 8.931 181.191
 8.931 181.191
 8.931 181.191
 8.931 181.191
 8.931 181.191
 8.931 181.191
 8.931 181.191
 8.931 181.191
 10.059 180.910
 10.236 180.630
 10.337 180.349
 10.236 180.070
 10.500 179.790
 10.500 179.790
 10.500 179.790
 10.500 179.790
 10.500 179.790
 10.500 179.790
 10.500 179.790
 10.500 179.790
 10.500 179.790
 10.500 179.790
 10.500 179.790
 10.500 179.790
 10.500 179.790
 10.500 179.790
 10.500 179.790
 10.500 179.790
 10.500 179.790
 10.500 179.790
 10.500 179.790
 10.500 179.790
 10.500 179.790
 10.500 179.790
 10.500 179.790
 10.500 179.790
 10.500 179.790
 11.611 179.511
 11.694 179.232
 11.731 178.953
 11.591 178.675
 11.591 178.675
 11.591 178.675
 11.591 178.675
 11.591 178.675
 11.591 178.675
 11.591 178.675
 11.591 178.675
 11.591 178.675
 11.591 178.675
 11.591 178.675
 11.591 178.675
 11.591 178.675
 11.591 178.675
 11.591 178.675
 11.591 178.675
 11.591 178.675
 11.591 178.675
 11.591 178.675
 11.591 178.675
 11.591 178.675
 11.591 178.675
 11.591 178.675
 11.591 178.675
 11.591 178.675
 12.549 178.397
 12.549 178.119
 12.673 177.842
 12.673 177.565
 12.653 177.288
 12.653 177.288
 12.653 177.288
 12.653 177.288
 12.653 177.288
 12.653 177.288
 12.653 177.288
 12.653 177.288
 12.653 177.288
 12.653 177.288
 12.653 177.288
 12.653 177.288
 12.653 177.288
 12.653 177.288
 12.653 177.288
 12.653 177.288
 12.653 177.288
 12.653 177.288
 12.653 177.288
 12.653 177.288
 12.653 177.288
 12.653 177.288
 12.653 177.288
 12.653 177.288
 13.823 177.012
 14.132 176.736
 14.265 176.460
 14.265 176.185
 14.444 175.910
 14.444 175.910
 14.444 175.910
 14.444 175.910
 14.444 175.910
 14.444 175.910
 14.444 175.910
 14.444 175.910
 14.444 175.910
 14.444 175.910
 14.444 175.910
 14.444 175.910
 14.444 175.910
 14.444 175.910
 14.444 175.910
 14.444 175.910
 14.444 175.910
 14.444 175.910
 14.444 175.910
 14.444 175.910
 14.444 175.910
 14.444 175.910
 14.444 175.910
 14.444 175.910
 14.444 175.910
 14.444 175.910
 14.444 175.910
 14.444 175.910
 14.444 175.910
 14.444 175.910
 14.444 175.910
 14.444 175.910
 14.444 175.910
 14.444 175.910
 14.444 175.910
 14.444 175.910
 14.444 175.910
 14.444 175.910
 14.444 175.910
 14.444 175.910
 14.444 175.910
 14.444 175.910
 14.444 175.910
 14.444 175.910
 14.444 175.910
 14.444 175.910
 14.444 175.910
 14.444 175.910
 14.444 175.910
 14.444 175.910
 14.444 175.910
 14.444 175.910
 14.444 175.910
 14.444 175.910
 14.444 175.910
 17.079 175.636
 17.148 175.361
 17.249 175.087
 17.079 174.814
 17.079 174.814
 17.079 174.814
 17.079 174.814
 17.079 174.814
 17.079 174.814
 17.079 174.814
 17.079 174.814
 17.079 174.814
 17.079 174.814
 17.079 174.814
 17.079 174.814
 17.079 174.814
 17.079 174.814
 17.079 174.814
 17.079 174.814
 17.079 174.814
 17.079 174.814
 17.079 174.814
 17.079 174.814
 17.079 174.814
 17.079 174.814
 17.079 174.814
 17.079 174.814
 17.079 174.814
 18.793 174.541
 18.553 174.268
 18.905 173.995
 18.654 173.723
 18.654 173.723
 18.654 173.723
 18.654 173.723
 18.654 173.723
 18.654 173.723
 18.654 173.723
 18.654 173.723
 18.654 173.723
 18.654 173.723
 18.654 173.723
 18.654 173.723
 18.654 173.723
 18.654 173.723
 18.654 173.723
 18.654 173.723
 18.654 173.723
 18.654 173.723
 18.654 173.723
 18.654 173.723
 18.654 173.723
 18.654 173.723
 18.654 173.723
 18.654 173.723
 18.654 173.723
 18.654 173.723
 18.654 173.723
 18.654 173.723
 18.654 173.723
 18.654 173.723
 18.654 173.723
 18.654 173.723
 18.654 173.723
 18.654 173.723
 18.654 173.723
 18.654 173.723
 18.654 173.723
 18.654 173.723
 18.654 173.723
 18.654 173.723
 18.654 173.723
 18.654 173.723
 18.654 173.723
 18.654 173.723
 18.654 173.723
 18.654 173.723
 18.654 173.723
 18.654 173.723
 18.654 173.723
 18.654 173.723
 18.654 173.723
 18.654 173.723
 18.654 173.723
 18.654 173.723
 18.654 173.723
 18.654 173.723
 22.571 173.451
 22.702 173.179
 22.702 172.908
 22.702 172.637
 22.702 172.637
 22.702 172.637
 22.702 172.637
 22.702 172.637
 22.702 172.637
 22.702 172.637
 22.702 172.637
 22.702 172.637
 22.702 172.637
 22.702 172.637
 22.702 172.637
 22.702 172.637
 22.702 172.637
 22.702 172.637
 22.702 172.637
 22.702 172.637
 22.702 172.637
 22.702 172.637
 22.702 172.637
 22.702 172.637
 22.702 172.637
 22.702 172.637
 22.702 172.637
 22.702 172.637
 23.401 172.367
 23.338 172.096
 23.279 171.826
 23.222 171.557
 23.279 171.288
 23.279 171.288
 23.279 171.288
 23.279 171.288
 23.279 171.288
 23.279 171.288
 23.279 171.288
 23.279 171.288
 23.279 171.288
 23.279 171.288
 23.279 171.288
 23.279 171.288
 23.279 171.288
 23.279 171.288
 23.279 171.288
 23.279 171.288
 23.279 171.288
 23.279 171.288
 23.279 171.288
 23.279 171.288
 23.279 171.288
 23.279 171.288
 23.279 171.288
 23.279 171.288
 25.289 171.019
 25.462 170.750
 25.751 170.482
 25.751 170.214
 25.751 169.946
 25.751 169.946
 25.751 169.946
 25.751 169.946
 25.751 169.946
 25.751 169.946
 25.751 169.946
 25.751 169.946
 25.751 169.946
 25.751 169.946
 25.751 169.946
 25.751 169.946
 25.751 169.946
 25.751 169.946
 25.751 169.946
 25.751 169.946
 25.751 169.946
 25.751 169.946
 25.751 169.946
 25.751 169.946
 25.751 169.946
 25.751 169.946
 25.751 169.946
 25.751 169.946
 27.266 169.679
 27.146 169.412
 27.358 169.145
 27.657 168.879
 27.758 168.613
 27.758 168.613
 27.758 168.613
 27.758 168.613
 27.758 168.613
 27.758 168.613
 27.758 168.613
 27.758 168.613
 27.758 168.613
 27.758 168.613
 27.758 168.613
 27.758 168.613
 27.758 168.613
 27.758 168.613
 27.758 168.613
 27.758 168.613
 27.758 168.613
 27.758 168.613
 27.758 168.613
 27.758 168.613
 27.758 168.613
 27.758 168.613
 27.758 168.613
 27.758 168.613
 30.856 168.348
 30.856 168.082
 31.067 167.817
 30.460 167.553
 30.334 167.288
 30.334 167.288
 30.334 167.288
 30.334 167.288
 30.334 167.288
 30.334 167.288
 30.334 167.288
 30.334 167.288
 30.334 167.288
 30.334 167.288
 30.334 167.288
 30.334 167.288
 30.334 167.288
 30.334 167.288
 30.334 167.288
 30.334 167.288
 30.334 167.288
 30.334 167.288
 30.334 167.288
 30.334 167.288
 30.334 167.288
 30.334 167.288
 30.334 167.288
 30.334 167.288
 30.334 167.288
 30.334 167.288
 30.334 167.288
 30.334 167.288
 30.334 167.288
 30.334 167.288
 30.334 167.288
 30.334 167.288
 30.334 167.288
 30.334 167.288
 30.334 167.288
 30.334 167.288
 30.334 167.288
 30.334 167.288
 30.334 167.288
 30.334 167.288
 30.334 167.288
 30.334 167.288
 30.334 167.288
 30.334 167.288
 30.334 167.288
 30.334 167.288
 30.334 167.288
 30.334 167.288
 30.334 167.288
 30.334 167.288
 30.334 167.288
 30.334 167.288
 30.334 167.288
 30.334 167.288
 30.334 167.288
 33.805 167.024
 33.962 166.761
 33.962 166.497
 33.745 166.234
 33.745 166.234
 33.745 166.234
 33.745 166.234
 33.745 166.234
 33.745 166.234
 33.745 166.234
 33.745 166.234
 33.745 166.234
 33.745 166.234
 33.745 166.234
 33.745 166.234
 33.745 166.234
 33.745 166.234
 33.745 166.234
 33.745 166.234
 33.745 166.234
 33.745 166.234
 33.745 166.234
 33.745 166.234
 33.745 166.234
 33.745 166.234
 33.745 166.234
 33.745 166.234
 33.745 166.234
 35.825 165.972
 35.825 165.709
 36.158 165.447
 36.502 165.186
 36.502 165.186
 36.502 165.186
 36.502 165.186
 36.502 165.186
 36.502 165.186
 36.502 165.186
 36.502 165.186
 36.502 165.186
 36.502 165.186
 36.502 165.186
 36.502 165.186
 36.502 165.186
 36.502 165.186
 36.502 165.186
 36.502 165.186
 36.502 165.186
 36.502 165.186
 36.502 165.186
 36.502 165.186
 36.502 165.186
 36.502 165.186
 36.502 165.186
 36.502 165.186
 36.502 165.186
 36.502 165.186
 33.762 37.460
 32.971 37.393
 32.971 37.325
 32.765 37.257
 32.765 37.257
 32.765 37.257
 32.765 37.257
 32.765 37.257
 32.765 37.257
 32.765 37.257
 32.765 37.257
 32.765 37.257
 32.765 37.257
 32.765 37.257
 32.765 37.257
 32.765 37.257
 32.765 37.257
 32.765 37.257
 32.765 37.257
 32.765 37.257
 32.765 37.257
 32.765 37.257
 32.765 37.257
 32.765 37.257
 32.765 37.257
 32.765 37.257
 32.765 37.257
 32.765 37.257
 32.765 37.257
 32.765 37.257
 32.765 37.257
 32.765 37.257
 32.765 37.257
 32.765 37.257
 32.765 37.257
 32.765 37.257
 32.765 37.257
 32.765 37.257
 32.765 37.257
 32.765 37.257
 32.765 37.257
 32.765 37.257
 32.765 37.257
 32.765 37.257
 32.765 37.257
 32.765 37.257
 32.765 37.257
 32.765 37.257
 32.765 37.257
 32.765 37.257
 32.765 37.257
 32.765 37.257
 32.765 37.257
 32.765 37.257
 32.765 37.257
 32.765 37.257
 32.765 37.257
 32.765 37.257
 24.827 37.190
 24.667 37.123
 24.563 37.056
 24.563 36.989
 24.623 36.922
 24.623 36.922
 24.623 36.922
 24.623 36.922
 24.623 36.922
 24.623 36.922
 24.623 36.922
 24.623 36.922
 24.623 36.922
 24.623 36.922
 24.623 36.922
 24.623 36.922
 24.623 36.922
 24.623 36.922
 24.623 36.922
 24.623 36.922
 24.623 36.922
 24.623 36.922
 24.623 36.922
 24.623 36.922
 24.623 36.922
 24.623 36.922
 24.623 36.922
 24.623 36.922
 22.007 36.855
 21.871 36.789
 21.274 36.723
 21.007 36.657
 21.236 36.591
 21.236 36.591
 21.236 36.591
 21.236 36.591
 21.236 36.591
 21.236 36.591
 21.236 36.591
 21.236 36.591
 21.236 36.591
 21.236 36.591
 21.236 36.591
 21.236 36.591
 21.236 36.591
 21.236 36.591
 21.236 36.591
 21.236 36.591
 21.236 36.591
 21.236 36.591
 21.236 36.591
 21.236 36.591
 21.236 36.591
 21.236 36.591
 21.236 36.591
 21.236 36.591
 19.461 36.525
 18.633 36.459
 18.172 36.394
 16.399 36.328
 16.078 36.263
 16.078 36.263
 16.078 36.263
 16.078 36.263
 16.078 36.263
 16.078 36.263
 16.078 36.263
 16.078 36.263
 16.078 36.263
 16.078 36.263
 16.078 36.263
 16.078 36.263
 16.078 36.263
 16.078 36.263
 16.078 36.263
 16.078 36.263
 16.078 36.263
 16.078 36.263
 16.078 36.263
 16.078 36.263
 16.078 36.263
 16.078 36.263
 16.078 36.263
 16.078 36.263
 15.746 36.198
 15.656 36.133
 15.804 36.068
 15.389 36.004
 14.893 35.939
 14.893 35.939
 14.893 35.939
 14.893 35.939
 14.893 35.939
 14.893 35.939
 14.893 35.939
 14.893 35.939
 14.893 35.939
 14.893 35.939
 14.893 35.939
 14.893 35.939
 14.893 35.939
 14.893 35.939
 14.893 35.939
 14.893 35.939
 14.893 35.939
 14.893 35.939
 14.893 35.939
 14.893 35.939
 14.893 35.939
 14.893 35.939
 14.893 35.939
 14.893 35.939
 13.566 35.875
 12.431 35.811
 11.059 35.747
 11.067 35.683
 11.716 35.619
 11.716 35.619
 11.716 35.619
 11.716 35.619
 11.716 35.619
 11.716 35.619
 11.716 35.619
 11.716 35.619
 11.716 35.619
 11.716 35.619
 11.716 35.619
 11.716 35.619
 11.716 35.619
 11.716 35.619
 11.716 35.619
 11.716 35.619
 11.716 35.619
 11.716 35.619
 11.716 35.619
 11.716 35.619
 11.716 35.619
 11.716 35.619
 11.716 35.619
 11.716 35.619
 12.549 35.556
 12.160 35.492
 12.068 35.429
 11.737 35.366
 11.737 35.303
 11.737 35.303
 11.737 35.303
 11.737 35.303
 11.737 35.303
 11.737 35.303
 11.737 35.303
 11.737 35.303
 11.737 35.303
 11.737 35.303
 11.737 35.303
 11.737 35.303
 11.737 35.303
 11.737 35.303
 11.737 35.303
 11.737 35.303
 11.737 35.303
 11.737 35.303
 11.737 35.303
 11.737 35.303
 11.737 35.303
 11.737 35.303
 11.737 35.303
 11.737 35.303
 9.972 35.240
 10.087 35.177
 9.963 35.115
 10.153 35.052
 9.899 34.990
 9.899 34.990
 9.899 34.990
 9.899 34.990
 9.899 34.990
 9.899 34.990
 9.899 34.990
 9.899 34.990
 9.899 34.990
 9.899 34.990
 9.899 34.990
 9.899 34.990
 9.899 34.990
 9.899 34.990
 9.899 34.990
 9.899 34.990
 9.899 34.990
 9.899 34.990
 9.899 34.990
 9.899 34.990
 9.899 34.990
 9.899 34.990
 9.899 34.990
 9.899 34.990
 9.496 34.928
 8.804 34.866
 9.029 34.804
 9.002 34.743
 9.222 34.681
 9.222 34.681
 9.222 34.681
 9.222 34.681
 9.222 34.681
 9.222 34.681
 9.222 34.681
 9.222 34.681
 9.222 34.681
 9.222 34.681
 9.222 34.681
 9.222 34.681
 9.222 34.681
 9.222 34.681
 9.222 34.681
 9.222 34.681
 9.222 34.681
 9.222 34.681
 9.222 34.681
 9.222 34.681
 9.222 34.681
 9.222 34.681
 9.222 34.681
 9.222 34.681
 8.774 34.620
 9.018 34.559
 9.028 34.498
 8.170 34.437
 8.170 34.376
 8.170 34.376
 8.170 34.376
 8.170 34.376
 8.170 34.376
 8.170 34.376
 8.170 34.376
 8.170 34.376
 8.170 34.376
 8.170 34.376
 8.170 34.376
 8.170 34.376
 8.170 34.376
 8.170 34.376
 8.170 34.376
 8.170 34.376
 8.170 34.376
 8.170 34.376
 8.170 34.376
 8.170 34.376
 8.170 34.376
 8.170 34.376
 8.170 34.376
 8.170 34.376
 7.572 34.315
 8.284 34.255
 8.284 34.194
 7.523 34.134
 7.118 34.074
 7.118 34.074
 7.118 34.074
 7.118 34.074
 7.118 34.074
 7.118 34.074
 7.118 34.074
 7.118 34.074
 7.118 34.074
 7.118 34.074
 7.118 34.074
 7.118 34.074
 7.118 34.074
 7.118 34.074
 7.118 34.074
 7.118 34.074
 7.118 34.074
 7.118 34.074
 7.118 34.074
 7.118 34.074
 7.118 34.074
 7.118 34.074
 7.118 34.074
 7.118 34.074
 7.118 34.074
 8.586 6.916
 8.367 6.911
 8.152 6.907
 7.730 6.903
 7.939 6.899
 7.939 6.899
 7.939 6.899
 7.939 6.899
 7.939 6.899
 7.939 6.899
 7.939 6.899
 7.939 6.899
 7.939 6.899
 7.939 6.899
 7.939 6.899
 7.939 6.899
 7.939 6.899
 7.939 6.899
 7.939 6.899
 7.939 6.899
 7.939 6.899
 7.939 6.899
 7.939 6.899
 7.939 6.899
 7.939 6.899
 7.939 6.899
 7.939 6.899
 7.939 6.899
 7.939 6.899
 7.939 6.899
 7.939 6.899
 7.939 6.899
 7.939 6.899
 7.939 6.899
 7.939 6.899
 7.939 6.899
 7.939 6.899
 7.939 6.899
 7.939 6.899
 7.939 6.899
 7.939 6.899
 7.939 6.899
 7.939 6.899
 7.939 6.899
 7.939 6.899
 7.939 6.899
 7.939 6.899
 7.939 6.899
 7.939 6.899
 7.939 6.899
 7.939 6.899
 7.939 6.899
 7.939 6.899
 7.939 6.899
 7.939 6.899
 7.939 6.899
 7.939 6.899
 7.939 6.899
 6.813 6.894
 6.618 6.890
 6.427 6.886
 6.052 6.882
 5.893 6.877
 5.893 6.877
 5.893 6.877
 5.893 6.877
 5.893 6.877
 5.893 6.877
 5.893 6.877
 5.893 6.877
 5.893 6.877
 5.893 6.877
 5.893 6.877
 5.893 6.877
 5.893 6.877
 5.893 6.877
 5.893 6.877
 5.893 6.877
 5.893 6.877
 5.893 6.877
 5.893 6.877
 5.893 6.877
 5.893 6.877
 5.893 6.877
 5.893 6.877
 5.893 6.877
 5.868 6.873
 5.336 6.869
 5.868 6.865
 5.688 6.860
 5.336 6.856
 5.336 6.856
 5.336 6.856
 5.336 6.856
 5.336 6.856
 5.336 6.856
 5.336 6.856
 5.336 6.856
 5.336 6.856
 5.336 6.856
 5.336 6.856
 5.336 6.856
 5.336 6.856
 5.336 6.856
 5.336 6.856
 5.336 6.856
 5.336 6.856
 5.336 6.856
 5.336 6.856
 5.336 6.856
 5.336 6.856
 5.336 6.856
 5.336 6.856
 5.336 6.856
 4.686 6.852
 4.561 6.848
 4.743 6.843
 4.908 6.839
 4.580 6.835
 4.580 6.835
 4.580 6.835
 4.580 6.835
 4.580 6.835
 4.580 6.835
 4.580 6.835
 4.580 6.835
 4.580 6.835
 4.580 6.835
 4.580 6.835
 4.580 6.835
 4.580 6.835
 4.580 6.835
 4.580 6.835
 4.580 6.835
 4.580 6.835
 4.580 6.835
 4.580 6.835
 4.580 6.835
 4.580 6.835
 4.580 6.835
 4.580 6.835
 4.580 6.835
 3.811 6.831
 3.922 6.826
 3.959 6.822
 4.421 6.818
 4.908 6.814
 4.908 6.814
 4.908 6.814
 4.908 6.814
 4.908 6.814
 4.908 6.814
 4.908 6.814
 4.908 6.814
 4.908 6.814
 4.908 6.814
 4.908 6.814
 4.908 6.814
 4.908 6.814
 4.908 6.814
 4.908 6.814
 4.908 6.814
 4.908 6.814
 4.908 6.814
 4.908 6.814
 4.908 6.814
 4.908 6.814
 4.908 6.814
 4.908 6.814
 4.908 6.814
 2.805 6.809
 3.196 6.805
 3.196 6.801
 3.062 6.797
 3.062 6.792
 3.062 6.792
 3.062 6.792
 3.062 6.792
 3.062 6.792
 3.062 6.792
 3.062 6.792
 3.062 6.792
 3.062 6.792
 3.062 6.792
 3.062 6.792
 3.062 6.792
 3.062 6.792
 3.062 6.792
 3.062 6.792
 3.062 6.792
 3.062 6.792
 3.062 6.792
 3.062 6.792
 3.062 6.792
 3.062 6.792
 3.062 6.792
 3.062 6.792
 3.062 6.792
 3.315 6.788
 3.047 6.784
 3.164 6.780
 3.047 6.776
 3.315 6.771
 3.315 6.771
 3.315 6.771
 3.315 6.771
 3.315 6.771
 3.315 6.771
 3.315 6.771
 3.315 6.771
 3.315 6.771
 3.315 6.771
 3.315 6.771
 3.315 6.771
 3.315 6.771
 3.315 6.771
 3.315 6.771
 3.315 6.771
 3.315 6.771
 3.315 6.771
 3.315 6.771
 3.315 6.771
 3.315 6.771
 3.315 6.771
 3.315 6.771
 3.315 6.771
 1.890 6.767
 2.044 6.763
 2.244 6.759
 2.340 6.754
 1.995 6.750
 1.995 6.750
 1.995 6.750
 1.995 6.750
 1.995 6.750
 1.995 6.750
 1.995 6.750
 1.995 6.750
 1.995 6.750
 1.995 6.750
 1.995 6.750
 1.995 6.750
 1.995 6.750
 1.995 6.750
 1.995 6.750
 1.995 6.750
 1.995 6.750
 1.995 6.750
 1.995 6.750
 1.995 6.750
 1.995 6.750
 1.995 6.750
 1.995 6.750
 1.995 6.750
 1.876 6.746
 1.789 6.742
 1.691 6.738
 1.775 6.733
 1.789 6.729
 1.789 6.729
 1.789 6.729
 1.789 6.729
 1.789 6.729
 1.789 6.729
 1.789 6.729
 1.789 6.729
 1.789 6.729
 1.789 6.729
 1.789 6.729
 1.789 6.729
 1.789 6.729
 1.789 6.729
 1.789 6.729
 1.789 6.729
 1.789 6.729
 1.789 6.729
 1.789 6.729
 1.789 6.729
 1.789 6.729
 1.789 6.729
 1.789 6.729
 1.789 6.729
 1.775 6.725
 1.837 6.721
 1.748 6.716
 1.736 6.712
 1.748 6.708
 1.748 6.708
 1.748 6.708
 1.748 6.708
 1.748 6.708
 1.748 6.708
 1.748 6.708
 1.748 6.708
 1.748 6.708
 1.748 6.708
 1.748 6.708
 1.748 6.708
 1.748 6.708
 1.748 6.708
 1.748 6.708
 1.748 6.708
 1.748 6.708
 1.748 6.708
 1.748 6.708
 1.748 6.708
 1.748 6.708
 1.748 6.708
 1.748 6.708
 1.748 6.708
 1.362 6.704
 1.112 6.700
 1.362 6.695
 1.362 6.691
 1.362 6.687
 1.362 6.687
 1.362 6.687
 1.362 6.687
 1.362 6.687
 1.362 6.687
 1.362 6.687
 1.362 6.687
 1.362 6.687
 1.362 6.687
 1.362 6.687
 1.362 6.687
 1.362 6.687
 1.362 6.687
 1.362 6.687
 1.362 6.687
 1.362 6.687
 1.362 6.687
 1.362 6.687
 1.362 6.687
 1.362 6.687
 1.362 6.687
 1.362 6.687
 1.362 6.687
 1.498 1.626
 1.406 1.625
 1.325 1.624
 1.413 1.624
 1.351 1.623
 1.351 1.623
 1.351 1.623
 1.351 1.623
 1.351 1.623
 1.351 1.623
 1.351 1.623
 1.351 1.623
 1.351 1.623
 1.351 1.623
 1.351 1.623
 1.351 1.623
 1.351 1.623
 1.351 1.623
 1.351 1.623
 1.351 1.623
 1.351 1.623
 1.351 1.623
 1.351 1.623
 1.351 1.623
 1.351 1.623
 1.351 1.623
 1.351 1.623
 1.351 1.623
 1.206 1.622
 0.969 1.621
 0.970 1.620
 0.971 1.619
 1.046 1.618
 1.046 1.618
 1.046 1.618
 1.046 1.618
 1.046 1.618
 1.046 1.618
 1.046 1.618
 1.046 1.618
 1.046 1.618
 1.046 1.618
 1.046 1.618
 1.046 1.618
 1.046 1.618
 1.046 1.618
 1.046 1.618
 1.046 1.618
 1.046 1.618
 1.046 1.618
 1.046 1.618
 1.046 1.618
 1.046 1.618
 1.046 1.618
 1.046 1.618
 1.046 1.618
 0.765 1.617
 0.705 1.616
 0.769 1.615
 0.478 1.614
 0.333 1.613
 0.333 1.613
 0.333 1.613
 0.333 1.613
 0.333 1.613
 0.333 1.613
 0.333 1.613
 0.333 1.613
 0.333 1.613
 0.333 1.613
 0.333 1.613
 0.333 1.613
 0.333 1.613
 0.333 1.613
 0.333 1.613
 0.333 1.613
 0.333 1.613
 0.333 1.613
 0.333 1.613
 0.333 1.613
 0.333 1.613
 0.333 1.613
 0.333 1.613
 0.333 1.613
 0.929 1.612
 1.154 1.611
 1.001 1.610
 1.069 1.609
 1.154 1.608
 1.154 1.608
 1.154 1.608
 1.154 1.608
 1.154 1.608
 1.154 1.608
 1.154 1.608
 1.154 1.608
 1.154 1.608
 1.154 1.608
 1.154 1.608
 1.154 1.608
 1.154 1.608
 1.154 1.608
 1.154 1.608
 1.154 1.608
 1.154 1.608
 1.154 1.608
 1.154 1.608
 1.154 1.608
 1.154 1.608
 1.154 1.608
 1.154 1.608
 1.154 1.608
 0.704 1.607
 0.584 1.606
 0.635 1.605
 0.584 1.604
 0.557 1.603
 0.557 1.603
 0.557 1.603
 0.557 1.603
 0.557 1.603
 0.557 1.603
 0.557 1.603
 0.557 1.603
 0.557 1.603
 0.557 1.603
 0.557 1.603
 0.557 1.603
 0.557 1.603
 0.557 1.603
 0.557 1.603
 0.557 1.603
 0.557 1.603
 0.557 1.603
 0.557 1.603
 0.557 1.603
 0.557 1.603
 0.557 1.603
 0.557 1.603
 0.557 1.603
 0.648 1.602
 0.699 1.601
 0.868 1.600
 0.868 1.599
 0.851 1.599
 0.851 1.599
 0.851 1.599
 0.851 1.599
 0.851 1.599
 0.851 1.599
 0.851 1.599
 0.851 1.599
 0.851 1.599
 0.851 1.599
 0.851 1.599
 0.851 1.599
 0.851 1.599
 0.851 1.599
 0.851 1.599
 0.851 1.599
 0.851 1.599
 0.851 1.599
 0.851 1.599
 0.851 1.599
 0.851 1.599
 0.851 1.599
 0.851 1.599
 0.851 1.599
 0.867 1.598
 0.867 1.597
 0.820 1.596
 1.010 1.595
 1.010 1.594
 1.010 1.594
 1.010 1.594
 1.010 1.594
 1.010 1.594
 1.010 1.594
 1.010 1.594
 1.010 1.594
 1.010 1.594
 1.010 1.594
 1.010 1.594
 1.010 1.594
 1.010 1.594
 1.010 1.594
 1.010 1.594
 1.010 1.594
 1.010 1.594
 1.010 1.594
 1.010 1.594
 1.010 1.594
 1.010 1.594
 1.010 1.594
 1.010 1.594
 1.010 1.594
 0.805 1.593
 0.778 1.592
 0.712 1.591
 0.923 1.590
 0.923 1.589
 0.923 1.589
 0.923 1.589
 0.923 1.589
 0.923 1.589
 0.923 1.589
 0.923 1.589
 0.923 1.589
 0.923 1.589
 0.923 1.589
 0.923 1.589
 0.923 1.589
 0.923 1.589
 0.923 1.589
 0.923 1.589
 0.923 1.589
 0.923 1.589
 0.923 1.589
 0.923 1.589
 0.923 1.589
 0.923 1.589
 0.923 1.589
 0.923 1.589
 0.923 1.589
 1.073 1.588
 0.876 1.587
 0.815 1.586
 0.874 1.585
 0.908 1.584
 0.908 1.584
 0.908 1.584
 0.908 1.584
 0.908 1.584
 0.908 1.584
 0.908 1.584
 0.908 1.584
 0.908 1.584
 0.908 1.584
 0.908 1.584
 0.908 1.584
 0.908 1.584
 0.908 1.584
 0.908 1.584
 0.908 1.584
 0.908 1.584
 0.908 1.584
 0.908 1.584
 0.908 1.584
 0.908 1.584
 0.908 1.584
 0.908 1.584
 0.908 1.584
 1.164 1.583
 1.046 1.582
 1.046 1.581
 1.082 1.580
 1.082 1.579
 1.082 1.579
 1.082 1.579
 1.082 1.579
 1.082 1.579
 1.082 1.579
 1.082 1.579
 1.082 1.579
 1.082 1.579
 1.082 1.579
 1.082 1.579
 1.082 1.579
 1.082 1.579
 1.082 1.579
 1.082 1.579
 1.082 1.579
 1.082 1.579
 1.082 1.579
 1.082 1.579
 1.082 1.579
 1.082 1.579
 1.082 1.579
 1.082 1.579
 1.082 1.579
 1.314 1.578
 1.359 1.578
 1.237 1.577
 1.164 1.576
 1.086 1.575
 1.086 1.575
 1.086 1.575
 1.086 1.575
 1.086 1.575
 1.086 1.575
 1.086 1.575
 1.086 1.575
 1.086 1.575
 1.086 1.575
 1.086 1.575
 1.086 1.575
 1.086 1.575
 1.086 1.575
 1.086 1.575
 1.086 1.575
 1.086 1.575
 1.086 1.575
 1.086 1.575
 1.086 1.575
 1.086 1.575
 1.086 1.575
 1.086 1.575
 1.086 1.575
 1.183 1.574
 1.250 1.573
 1.231 1.572
 1.231 1.571
 1.231 1.570
 1.231 1.570
 1.231 1.570
 1.231 1.570
 1.231 1.570
 1.231 1.570
 1.231 1.570
 1.231 1.570
 1.231 1.570
 1.231 1.570
 1.231 1.570
 1.231 1.570
 1.231 1.570
 1.231 1.570
 1.231 1.570
 1.231 1.570
 1.231 1.570
 1.231 1.570
 1.231 1.570
 1.231 1.570
 1.231 1.570
 1.231 1.570
 1.231 1.570
 1.231 1.570
 1.653 1.318
 1.530 1.315
 1.485 1.313
 1.564 1.310
 1.530 1.308
 1.530 1.308
 1.530 1.308
 1.530 1.308
 1.530 1.308
 1.530 1.308
 1.530 1.308
 1.530 1.308
 1.530 1.308
 1.530 1.308
 1.530 1.308
 1.530 1.308
 1.530 1.308
 1.530 1.308
 1.530 1.308
 1.530 1.308
 1.530 1.308
 1.530 1.308
 1.530 1.308
 1.530 1.308
 1.530 1.308
 1.530 1.308
 1.530 1.308
 1.530 1.308
 1.700 1.306
 1.653 1.303
 1.698 1.301
 1.698 1.299
 1.655 1.296
 1.655 1.296
 1.655 1.296
 1.655 1.296
 1.655 1.296
 1.655 1.296
 1.655 1.296
 1.655 1.296
 1.655 1.296
 1.655 1.296
 1.655 1.296
 1.655 1.296
 1.655 1.296
 1.655 1.296
 1.655 1.296
 1.655 1.296
 1.655 1.296
 1.655 1.296
 1.655 1.296
 1.655 1.296
 1.655 1.296
 1.655 1.296
 1.655 1.296
 1.655 1.296
 1.719 1.294
 1.684 1.292
 1.684 1.289
 1.684 1.287
 1.684 1.285
 1.684 1.285
 1.684 1.285
 1.684 1.285
 1.684 1.285
 1.684 1.285
 1.684 1.285
 1.684 1.285
 1.684 1.285
 1.684 1.285
 1.684 1.285
 1.684 1.285
 1.684 1.285
 1.684 1.285
 1.684 1.285
 1.684 1.285
 1.684 1.285
 1.684 1.285
 1.684 1.285
 1.684 1.285
 1.684 1.285
 1.684 1.285
 1.684 1.285
 1.684 1.285
 1.880 1.282
 1.802 1.280
 1.855 1.278
 1.909 1.276
 1.855 1.273
 1.855 1.273
 1.855 1.273
 1.855 1.273
 1.855 1.273
 1.855 1.273
 1.855 1.273
 1.855 1.273
 1.855 1.273
 1.855 1.273
 1.855 1.273
 1.855 1.273
 1.855 1.273
 1.855 1.273
 1.855 1.273
 1.855 1.273
 1.855 1.273
 1.855 1.273
 1.855 1.273
 1.855 1.273
 1.855 1.273
 1.855 1.273
 1.855 1.273
 1.855 1.273
 2.159 1.271
 2.103 1.269
 2.101 1.266
 2.101 1.264
 2.186 1.262
 2.186 1.262
 2.186 1.262
 2.186 1.262
 2.186 1.262
 2.186 1.262
 2.186 1.262
 2.186 1.262
 2.186 1.262
 2.186 1.262
 2.186 1.262
 2.186 1.262
 2.186 1.262
 2.186 1.262
 2.186 1.262
 2.186 1.262
 2.186 1.262
 2.186 1.262
 2.186 1.262
 2.186 1.262
 2.186 1.262
 2.186 1.262
 2.186 1.262
 2.186 1.262
 2.366 1.260
 2.393 1.257
 2.362 1.255
 2.311 1.253
 2.311 1.251
 2.311 1.251
 2.311 1.251
 2.311 1.251
 2.311 1.251
 2.311 1.251
 2.311 1.251
 2.311 1.251
 2.311 1.251
 2.311 1.251
 2.311 1.251
 2.311 1.251
 2.311 1.251
 2.311 1.251
 2.311 1.251
 2.311 1.251
 2.311 1.251
 2.311 1.251
 2.311 1.251
 2.311 1.251
 2.311 1.251
 2.311 1.251
 2.311 1.251
 2.311 1.251
 2.441 1.248
 2.483 1.246
 2.441 1.244
 2.483 1.242
 2.500 1.240
 2.500 1.240
 2.500 1.240
 2.500 1.240
 2.500 1.240
 2.500 1.240
 2.500 1.240
 2.500 1.240
 2.500 1.240
 2.500 1.240
 2.500 1.240
 2.500 1.240
 2.500 1.240
 2.500 1.240
 2.500 1.240
 2.500 1.240
 2.500 1.240
 2.500 1.240
 2.500 1.240
 2.500 1.240
 2.500 1.240
 2.500 1.240
 2.500 1.240
 2.500 1.240
 3.023 1.237
 2.979 1.235
 2.831 1.233
 2.831 1.231
 2.639 1.229
 2.639 1.229
 2.639 1.229
 2.639 1.229
 2.639 1.229
 2.639 1.229
 2.639 1.229
 2.639 1.229
 2.639 1.229
 2.639 1.229
 2.639 1.229
 2.639 1.229
 2.639 1.229
 2.639 1.229
 2.639 1.229
 2.639 1.229
 2.639 1.229
 2.639 1.229
 2.639 1.229
 2.639 1.229
 2.639 1.229
 2.639 1.229
 2.639 1.229
 2.639 1.229
 3.185 1.227
 3.023 1.224
 3.023 1.222
 2.979 1.220
 2.850 1.218
 2.850 1.218
 2.850 1.218
 2.850 1.218
 2.850 1.218
 2.850 1.218
 2.850 1.218
 2.850 1.218
 2.850 1.218
 2.850 1.218
 2.850 1.218
 2.850 1.218
 2.850 1.218
 2.850 1.218
 2.850 1.218
 2.850 1.218
 2.850 1.218
 2.850 1.218
 2.850 1.218
 2.850 1.218
 2.850 1.218
 2.850 1.218
 2.850 1.218
 2.850 1.218
 3.361 1.216
 3.291 1.214
 3.387 1.211
 3.361 1.209
 3.361 1.207
 3.361 1.207
 3.361 1.207
 3.361 1.207
 3.361 1.207
 3.361 1.207
 3.361 1.207
 3.361 1.207
 3.361 1.207
 3.361 1.207
 3.361 1.207
 3.361 1.207
 3.361 1.207
 3.361 1.207
 3.361 1.207
 3.361 1.207
 3.361 1.207
 3.361 1.207
 3.361 1.207
 3.361 1.207
 3.361 1.207
 3.361 1.207
 3.361 1.207
 3.361 1.207
 3.248 1.205
 3.407 1.203
 3.361 1.201
 3.318 1.199
 3.361 1.197
 3.361 1.197
 3.361 1.197
 3.361 1.197
 3.361 1.197
 3.361 1.197
 3.361 1.197
 3.361 1.197
 3.361 1.197
 3.361 1.197
 3.361 1.197
 3.361 1.197
 3.361 1.197
 3.361 1.197
 3.361 1.197
 3.361 1.197
 3.361 1.197
 3.361 1.197
 3.361 1.197
 3.361 1.197
 3.361 1.197
 3.361 1.197
 3.361 1.197
 3.361 1.197
 3.719 1.194
 3.573 1.192
 3.619 1.190
 3.719 1.188
 3.791 1.186
 3.791 1.186
 3.791 1.186
 3.791 1.186
 3.791 1.186
 3.791 1.186
 3.791 1.186
 3.791 1.186
 3.791 1.186
 3.791 1.186
 3.791 1.186
 3.791 1.186
 3.791 1.186
 3.791 1.186
 3.791 1.186
 3.791 1.186
 3.791 1.186
 3.791 1.186
 3.791 1.186
 3.791 1.186
 3.791 1.186
 3.791 1.186
 3.791 1.186
 3.791 1.186
 3.773 3.733
 3.562 3.726
 3.507 3.719
 3.562 3.712
 3.577 3.705
 3.577 3.705
 3.577 3.705
 3.577 3.705
 3.577 3.705
 3.577 3.705
 3.577 3.705
 3.577 3.705
 3.577 3.705
 3.577 3.705
 3.577 3.705
 3.577 3.705
 3.577 3.705
 3.577 3.705
 3.577 3.705
 3.577 3.705
 3.577 3.705
 3.577 3.705
 3.577 3.705
 3.577 3.705
 3.577 3.705
 3.577 3.705
 3.577 3.705
 3.577 3.705
 3.680 3.698
 3.438 3.692
 3.438 3.685
 3.493 3.678
 3.438 3.671
 3.438 3.671
 3.438 3.671
 3.438 3.671
 3.438 3.671
 3.438 3.671
 3.438 3.671
 3.438 3.671
 3.438 3.671
 3.438 3.671
 3.438 3.671
 3.438 3.671
 3.438 3.671
 3.438 3.671
 3.438 3.671
 3.438 3.671
 3.438 3.671
 3.438 3.671
 3.438 3.671
 3.438 3.671
 3.438 3.671
 3.438 3.671
 3.438 3.671
 3.438 3.671
 3.507 3.664
 3.438 3.658
 3.387 3.651
 3.156 3.644
 3.112 3.637
 3.112 3.637
 3.112 3.637
 3.112 3.637
 3.112 3.637
 3.112 3.637
 3.112 3.637
 3.112 3.637
 3.112 3.637
 3.112 3.637
 3.112 3.637
 3.112 3.637
 3.112 3.637
 3.112 3.637
 3.112 3.637
 3.112 3.637
 3.112 3.637
 3.112 3.637
 3.112 3.637
 3.112 3.637
 3.112 3.637
 3.112 3.637
 3.112 3.637
 3.112 3.637
 3.292 3.631
 3.227 3.624
 3.477 3.617
 3.477 3.611
 3.477 3.604
 3.477 3.604
 3.477 3.604
 3.477 3.604
 3.477 3.604
 3.477 3.604
 3.477 3.604
 3.477 3.604
 3.477 3.604
 3.477 3.604
 3.477 3.604
 3.477 3.604
 3.477 3.604
 3.477 3.604
 3.477 3.604
 3.477 3.604
 3.477 3.604
 3.477 3.604
 3.477 3.604
 3.477 3.604
 3.477 3.604
 3.477 3.604
 3.477 3.604
 3.477 3.604
 3.410 3.597
 3.162 3.591
 3.094 3.584
 3.036 3.577
 3.094 3.571
 3.094 3.571
 3.094 3.571
 3.094 3.571
 3.094 3.571
 3.094 3.571
 3.094 3.571
 3.094 3.571
 3.094 3.571
 3.094 3.571
 3.094 3.571
 3.094 3.571
 3.094 3.571
 3.094 3.571
 3.094 3.571
 3.094 3.571
 3.094 3.571
 3.094 3.571
 3.094 3.571
 3.094 3.571
 3.094 3.571
 3.094 3.571
 3.094 3.571
 3.094 3.571
 2.815 3.564
 3.036 3.558
 3.159 3.551
 3.159 3.545
 3.159 3.538
 3.159 3.538
 3.159 3.538
 3.159 3.538
 3.159 3.538
 3.159 3.538
 3.159 3.538
 3.159 3.538
 3.159 3.538
 3.159 3.538
 3.159 3.538
 3.159 3.538
 3.159 3.538
 3.159 3.538
 3.159 3.538
 3.159 3.538
 3.159 3.538
 3.159 3.538
 3.159 3.538
 3.159 3.538
 3.159 3.538
 3.159 3.538
 3.159 3.538
 3.159 3.538
 3.159 3.532
 2.974 3.525
 3.159 3.519
 3.094 3.512
 2.979 3.506
 2.979 3.506
 2.979 3.506
 2.979 3.506
 2.979 3.506
 2.979 3.506
 2.979 3.506
 2.979 3.506
 2.979 3.506
 2.979 3.506
 2.979 3.506
 2.979 3.506
 2.979 3.506
 2.979 3.506
 2.979 3.506
 2.979 3.506
 2.979 3.506
 2.979 3.506
 2.979 3.506
 2.979 3.506
 2.979 3.506
 2.979 3.506
 2.979 3.506
 2.979 3.506
 2.794 3.499
 2.677 3.493
 2.565 3.487
 2.677 3.480
 2.752 3.474
 2.752 3.474
 2.752 3.474
 2.752 3.474
 2.752 3.474
 2.752 3.474
 2.752 3.474
 2.752 3.474
 2.752 3.474
 2.752 3.474
 2.752 3.474
 2.752 3.474
 2.752 3.474
 2.752 3.474
 2.752 3.474
 2.752 3.474
 2.752 3.474
 2.752 3.474
 2.752 3.474
 2.752 3.474
 2.752 3.474
 2.752 3.474
 2.752 3.474
 2.752 3.474
 2.679 3.468
 2.677 3.461
 2.794 3.455
 2.680 3.449
 2.752 3.442
 2.752 3.442
 2.752 3.442
 2.752 3.442
 2.752 3.442
 2.752 3.442
 2.752 3.442
 2.752 3.442
 2.752 3.442
 2.752 3.442
 2.752 3.442
 2.752 3.442
 2.752 3.442
 2.752 3.442
 2.752 3.442
 2.752 3.442
 2.752 3.442
 2.752 3.442
 2.752 3.442
 2.752 3.442
 2.752 3.442
 2.752 3.442
 2.752 3.442
 2.752 3.442
 2.697 3.436
 2.578 3.430
 2.349 3.424
 2.643 3.417
 2.538 3.411
 2.538 3.411
 2.538 3.411
 2.538 3.411
 2.538 3.411
 2.538 3.411
 2.538 3.411
 2.538 3.411
 2.538 3.411
 2.538 3.411
 2.538 3.411
 2.538 3.411
 2.538 3.411
 2.538 3.411
 2.538 3.411
 2.538 3.411
 2.538 3.411
 2.538 3.411
 2.538 3.411
 2.538 3.411
 2.538 3.411
 2.538 3.411
 2.538 3.411
 2.538 3.411
 2.753 3.405
 2.830 3.399
 2.779 3.393
 2.556 3.387
 2.702 3.380
 2.702 3.380
 2.702 3.380
 2.702 3.380
 2.702 3.380
 2.702 3.380
 2.702 3.380
 2.702 3.380
 2.702 3.380
 2.702 3.380
 2.702 3.380
 2.702 3.380
 2.702 3.380
 2.702 3.380
 2.702 3.380
 2.702 3.380
 2.702 3.380
 2.702 3.380
 2.702 3.380
 2.702 3.380
 2.702 3.380
 2.702 3.380
 2.702 3.380
 2.702 3.380
 2.456 3.374
 2.338 3.368
 2.272 3.362
 2.290 3.356
 2.290 3.350
 2.290 3.350
 2.290 3.350
 2.290 3.350
 2.290 3.350
 2.290 3.350
 2.290 3.350
 2.290 3.350
 2.290 3.350
 2.290 3.350
 2.290 3.350
 2.290 3.350
 2.290 3.350
 2.290 3.350
 2.290 3.350
 2.290 3.350
 2.290 3.350
 2.290 3.350
 2.290 3.350
 2.290 3.350
 2.290 3.350
 2.290 3.350
 2.290 3.350
 2.290 3.350
 2.148 3.344
 2.160 3.338
 2.100 3.332
 2.042 3.326
 1.994 3.320
 1.994 3.320
 1.994 3.320
 1.994 3.320
 1.994 3.320
 1.994 3.320
 1.994 3.320
 1.994 3.320
 1.994 3.320
 1.994 3.320
 1.994 3.320
 1.994 3.320
 1.994 3.320
 1.994 3.320
 1.994 3.320
 1.994 3.320
 1.994 3.320
 1.994 3.320
 1.994 3.320
 1.994 3.320
 1.994 3.320
 1.994 3.320
 1.994 3.320
 1.994 3.320
 2.407 3.314
 2.290 3.308
 2.290 3.302
 2.197 3.296
 2.151 3.290
 2.151 3.290
 2.151 3.290
 2.151 3.290
 2.151 3.290
 2.151 3.290
 2.151 3.290
 2.151 3.290
 2.151 3.290
 2.151 3.290
 2.151 3.290
 2.151 3.290
 2.151 3.290
 2.151 3.290
 2.151 3.290
 2.151 3.290
 2.151 3.290
 2.151 3.290
 2.151 3.290
 2.151 3.290
 2.151 3.290
 2.151 3.290
 2.151 3.290
 2.151 3.290
 2.432 3.284
 2.290 3.278
 2.359 3.272
 2.066 3.266
 2.085 3.261
 2.085 3.261
 2.085 3.261
 2.085 3.261
 2.085 3.261
 2.085 3.261
 2.085 3.261
 2.085 3.261
 2.085 3.261
 2.085 3.261
 2.085 3.261
 2.085 3.261
 2.085 3.261
 2.085 3.261
 2.085 3.261
 2.085 3.261
 2.085 3.261
 2.085 3.261
 2.085 3.261
 2.085 3.261
 2.085 3.261
 2.085 3.261
 2.085 3.261
 2.085 3.261
 2.107 3.255
 2.107 3.249
 2.063 3.243
 1.976 3.237
 1.953 3.231
 1.953 3.231
 1.953 3.231
 1.953 3.231
 1.953 3.231
 1.953 3.231
 1.953 3.231
 1.953 3.231
 1.953 3.231
 1.953 3.231
 1.953 3.231
 1.953 3.231
 1.953 3.231
 1.953 3.231
 1.953 3.231
 1.953 3.231
 1.953 3.231
 1.953 3.231
 1.953 3.231
 1.953 3.231
 1.953 3.231
 1.953 3.231
 1.953 3.231
 1.953 3.231
 2.177 3.226
 2.049 3.220
 2.198 3.214
 2.049 3.208
 1.979 3.203
 1.979 3.203
 1.979 3.203
 1.979 3.203
 1.979 3.203
 1.979 3.203
 1.979 3.203
 1.979 3.203
 1.979 3.203
 1.979 3.203
 1.979 3.203
 1.979 3.203
 1.979 3.203
 1.979 3.203
 1.979 3.203
 1.979 3.203
 1.979 3.203
 1.979 3.203
 1.979 3.203
 1.979 3.203
 1.979 3.203
 1.979 3.203
 1.979 3.203
 1.979 3.203
 2.008 3.197
 2.008 3.191
 2.008 3.186
 1.897 3.180
 1.820 3.174
 1.820 3.174
 1.820 3.174
 1.820 3.174
 1.820 3.174
 1.820 3.174
 1.820 3.174
 1.820 3.174
 1.820 3.174
 1.820 3.174
 1.820 3.174
 1.820 3.174
 1.820 3.174
 1.820 3.174
 1.820 3.174
 1.820 3.174
 1.820 3.174
 1.820 3.174
 1.820 3.174
 1.820 3.174
 1.820 3.174
 1.820 3.174
 1.820 3.174
 1.820 3.174
 2.107 3.169
 2.021 3.163
 2.177 3.157
 2.049 3.152
 2.239 3.146
 2.239 3.146
 2.239 3.146
 2.239 3.146
 2.239 3.146
 2.239 3.146
 2.239 3.146
 2.239 3.146
 2.239 3.146
 2.239 3.146
 2.239 3.146
 2.239 3.146
 2.239 3.146
 2.239 3.146
 2.239 3.146
 2.239 3.146
 2.239 3.146
 2.239 3.146
 2.239 3.146
 2.239 3.146
 2.239 3.146
 2.239 3.146
 2.239 3.146
 2.239 3.146
 1.704 3.141
 1.752 3.135
 1.897 3.130
 1.890 3.124
 1.820 3.118
 1.820 3.118
 1.820 3.118
 1.820 3.118
 1.820 3.118
 1.820 3.118
 1.820 3.118
 1.820 3.118
 1.820 3.118
 1.820 3.118
 1.820 3.118
 1.820 3.118
 1.820 3.118
 1.820 3.118
 1.820 3.118
 1.820 3.118
 1.820 3.118
 1.820 3.118
 1.820 3.118
 1.820 3.118
 1.820 3.118
 1.820 3.118
 1.820 3.118
 1.820 3.118
 1.752 3.113
 1.625 3.107
 1.625 3.102
 1.714 3.096
 1.714 3.091
 1.714 3.091
 1.714 3.091
 1.714 3.091
 1.714 3.091
 1.714 3.091
 1.714 3.091
 1.714 3.091
 1.714 3.091
 1.714 3.091
 1.714 3.091
 1.714 3.091
 1.714 3.091
 1.714 3.091
 1.714 3.091
 1.714 3.091
 1.714 3.091
 1.714 3.091
 1.714 3.091
 1.714 3.091
 1.714 3.091
 1.714 3.091
 1.714 3.091
 1.714 3.091
 1.528 3.086
 1.566 3.080
 1.566 3.075
 1.587 3.069
 1.528 3.064
 1.528 3.064
 1.528 3.064
 1.528 3.064
 1.528 3.064
 1.528 3.064
 1.528 3.064
 1.528 3.064
 1.528 3.064
 1.528 3.064
 1.528 3.064
 1.528 3.064
 1.528 3.064
 1.528 3.064
 1.528 3.064
 1.528 3.064
 1.528 3.064
 1.528 3.064
 1.528 3.064
 1.528 3.064
 1.528 3.064
 1.528 3.064
 1.528 3.064
 1.528 3.064
 1.782 3.059
 1.853 3.053
 1.816 3.048
 1.745 3.042
 1.745 3.037
 1.745 3.037
 1.745 3.037
 1.745 3.037
 1.745 3.037
 1.745 3.037
 1.745 3.037
 1.745 3.037
 1.745 3.037
 1.745 3.037
 1.745 3.037
 1.745 3.037
 1.745 3.037
 1.745 3.037
 1.745 3.037
 1.745 3.037
 1.745 3.037
 1.745 3.037
 1.745 3.037
 1.745 3.037
 1.745 3.037
 1.745 3.037
 1.745 3.037
 1.745 3.037
 1.478 3.032
 1.478 3.026
 1.478 3.021
 1.418 3.016
 1.273 3.011
 1.273 3.011
 1.273 3.011
 1.273 3.011
 1.273 3.011
 1.273 3.011
 1.273 3.011
 1.273 3.011
 1.273 3.011
 1.273 3.011
 1.273 3.011
 1.273 3.011
 1.273 3.011
 1.273 3.011
 1.273 3.011
 1.273 3.011
 1.273 3.011
 1.273 3.011
 1.273 3.011
 1.273 3.011
 1.273 3.011
 1.273 3.011
 1.273 3.011
 1.273 3.011
 1.606 1.186
 1.540 1.184
 1.674 1.182
 1.478 1.180
 1.711 1.179
 1.711 1.179
 1.711 1.179
 1.711 1.179
 1.711 1.179
 1.711 1.179
 1.711 1.179
 1.711 1.179
 1.711 1.179
 1.711 1.179
 1.711 1.179
 1.711 1.179
 1.711 1.179
 1.711 1.179
 1.711 1.179
 1.711 1.179
 1.711 1.179
 1.711 1.179
 1.711 1.179
 1.711 1.179
 1.711 1.179
 1.711 1.179
 1.711 1.179
 1.711 1.179
 1.528 1.177
 1.528 1.175
 1.528 1.173
 1.528 1.172
 1.434 1.170
 1.434 1.170
 1.434 1.170
 1.434 1.170
 1.434 1.170
 1.434 1.170
 1.434 1.170
 1.434 1.170
 1.434 1.170
 1.434 1.170
 1.434 1.170
 1.434 1.170
 1.434 1.170
 1.434 1.170
 1.434 1.170
 1.434 1.170
 1.434 1.170
 1.434 1.170
 1.434 1.170
 1.434 1.170
 1.434 1.170
 1.434 1.170
 1.434 1.170
 1.434 1.170
 1.820 1.168
 1.587 1.166
 1.566 1.164
 1.471 1.163
 1.625 1.161
 1.625 1.161
 1.625 1.161
 1.625 1.161
 1.625 1.161
 1.625 1.161
 1.625 1.161
 1.625 1.161
 1.625 1.161
 1.625 1.161
 1.625 1.161
 1.625 1.161
 1.625 1.161
 1.625 1.161
 1.625 1.161
 1.625 1.161
 1.625 1.161
 1.625 1.161
 1.625 1.161
 1.625 1.161
 1.625 1.161
 1.625 1.161
 1.625 1.161
 1.625 1.161
 1.790 1.159
 1.744 1.157
 1.752 1.156
 1.938 1.154
 1.589 1.152
 1.589 1.152
 1.589 1.152
 1.589 1.152
 1.589 1.152
 1.589 1.152
 1.589 1.152
 1.589 1.152
 1.589 1.152
 1.589 1.152
 1.589 1.152
 1.589 1.152
 1.589 1.152
 1.589 1.152
 1.589 1.152
 1.589 1.152
 1.589 1.152
 1.589 1.152
 1.589 1.152
 1.589 1.152
 1.589 1.152
 1.589 1.152
 1.589 1.152
 1.589 1.152
 1.749 1.151
 1.653 1.149
 1.653 1.147
 1.700 1.145
 1.700 1.144
 1.700 1.144
 1.700 1.144
 1.700 1.144
 1.700 1.144
 1.700 1.144
 1.700 1.144
 1.700 1.144
 1.700 1.144
 1.700 1.144
 1.700 1.144
 1.700 1.144
 1.700 1.144
 1.700 1.144
 1.700 1.144
 1.700 1.144
 1.700 1.144
 1.700 1.144
 1.700 1.144
 1.700 1.144
 1.700 1.144
 1.700 1.144
 1.700 1.144
 1.700 1.144
 1.960 1.142
 1.893 1.140
 1.902 1.139
 1.948 1.137
 2.100 1.135
 2.100 1.135
 2.100 1.135
 2.100 1.135
 2.100 1.135
 2.100 1.135
 2.100 1.135
 2.100 1.135
 2.100 1.135
 2.100 1.135
 2.100 1.135
 2.100 1.135
 2.100 1.135
 2.100 1.135
 2.100 1.135
 2.100 1.135
 2.100 1.135
 2.100 1.135
 2.100 1.135
 2.100 1.135
 2.100 1.135
 2.100 1.135
 2.100 1.135
 2.100 1.135
 1.794 1.133
 1.847 1.132
 1.902 1.130
 1.838 1.128
 1.792 1.127
 1.792 1.127
 1.792 1.127
 1.792 1.127
 1.792 1.127
 1.792 1.127
 1.792 1.127
 1.792 1.127
 1.792 1.127
 1.792 1.127
 1.792 1.127
 1.792 1.127
 1.792 1.127
 1.792 1.127
 1.792 1.127
 1.792 1.127
 1.792 1.127
 1.792 1.127
 1.792 1.127
 1.792 1.127
 1.792 1.127
 1.792 1.127
 1.792 1.127
 1.792 1.127
 1.889 1.125
 1.938 1.123
 2.035 1.122
 1.935 1.120
 1.935 1.118
 1.935 1.118
 1.935 1.118
 1.935 1.118
 1.935 1.118
 1.935 1.118
 1.935 1.118
 1.935 1.118
 1.935 1.118
 1.935 1.118
 1.935 1.118
 1.935 1.118
 1.935 1.118
 1.935 1.118
 1.935 1.118
 1.935 1.118
 1.935 1.118
 1.935 1.118
 1.935 1.118
 1.935 1.118
 1.935 1.118
 1.935 1.118
 1.935 1.118
 1.935 1.118
 2.238 1.117
 2.138 1.115
 2.238 1.114
 2.292 1.112
 2.135 1.110
 2.135 1.110
 2.135 1.110
 2.135 1.110
 2.135 1.110
 2.135 1.110
 2.135 1.110
 2.135 1.110
 2.135 1.110
 2.135 1.110
 2.135 1.110
 2.135 1.110
 2.135 1.110
 2.135 1.110
 2.135 1.110
 2.135 1.110
 2.135 1.110
 2.135 1.110
 2.135 1.110
 2.135 1.110
 2.135 1.110
 2.135 1.110
 2.135 1.110
 2.135 1.110
 2.398 1.109
 2.509 1.107
 2.569 1.105
 2.697 1.104
 2.509 1.102
 2.509 1.102
 2.509 1.102
 2.509 1.102
 2.509 1.102
 2.509 1.102
 2.509 1.102
 2.509 1.102
 2.509 1.102
 2.509 1.102
 2.509 1.102
 2.509 1.102
 2.509 1.102
 2.509 1.102
 2.509 1.102
 2.509 1.102
 2.509 1.102
 2.509 1.102
 2.509 1.102
 2.509 1.102
 2.509 1.102
 2.509 1.102
 2.509 1.102
 2.509 1.102
 2.349 1.101
 2.349 1.099
 2.240 1.097
 2.138 1.096
 2.292 1.094
 2.292 1.094
 2.292 1.094
 2.292 1.094
 2.292 1.094
 2.292 1.094
 2.292 1.094
 2.292 1.094
 2.292 1.094
 2.292 1.094
 2.292 1.094
 2.292 1.094
 2.292 1.094
 2.292 1.094
 2.292 1.094
 2.292 1.094
 2.292 1.094
 2.292 1.094
 2.292 1.094
 2.292 1.094
 2.292 1.094
 2.292 1.094
 2.292 1.094
 2.292 1.094
 2.575 1.093
 2.527 1.091
 2.310 1.089
 2.508 1.088
 2.424 1.086
 2.424 1.086
 2.424 1.086
 2.424 1.086
 2.424 1.086
 2.424 1.086
 2.424 1.086
 2.424 1.086
 2.424 1.086
 2.424 1.086
 2.424 1.086
 2.424 1.086
 2.424 1.086
 2.424 1.086
 2.424 1.086
 2.424 1.086
 2.424 1.086
 2.424 1.086
 2.424 1.086
 2.424 1.086
 2.424 1.086
 2.424 1.086
 2.424 1.086
 2.424 1.086
 2.565 1.085
 2.569 1.083
 2.453 1.082
 2.565 1.080
 2.565 1.079
 2.565 1.079
 2.565 1.079
 2.565 1.079
 2.565 1.079
 2.565 1.079
 2.565 1.079
 2.565 1.079
 2.565 1.079
 2.565 1.079
 2.565 1.079
 2.565 1.079
 2.565 1.079
 2.565 1.079
 2.565 1.079
 2.565 1.079
 2.565 1.079
 2.565 1.079
 2.565 1.079
 2.565 1.079
 2.565 1.079
 2.565 1.079
 2.565 1.079
 2.565 1.079
 2.679 1.077
 2.586 1.075
 2.679 1.074
 2.679 1.072
 2.735 1.071
 2.735 1.071
 2.735 1.071
 2.735 1.071
 2.735 1.071
 2.735 1.071
 2.735 1.071
 2.735 1.071
 2.735 1.071
 2.735 1.071
 2.735 1.071
 2.735 1.071
 2.735 1.071
 2.735 1.071
 2.735 1.071
 2.735 1.071
 2.735 1.071
 2.735 1.071
 2.735 1.071
 2.735 1.071
 2.735 1.071
 2.735 1.071
 2.735 1.071
 2.735 1.071
 2.979 1.069
 2.735 1.068
 2.856 1.066
 2.921 1.065
 2.921 1.063
 2.921 1.063
 2.921 1.063
 2.921 1.063
 2.921 1.063
 2.921 1.063
 2.921 1.063
 2.921 1.063
 2.921 1.063
 2.921 1.063
 2.921 1.063
 2.921 1.063
 2.921 1.063
 2.921 1.063
 2.921 1.063
 2.921 1.063
 2.921 1.063
 2.921 1.063
 2.921 1.063
 2.921 1.063
 2.921 1.063
 2.921 1.063
 2.921 1.063
 2.921 1.063
 2.913 1.062
 2.974 1.060
 2.918 1.059
 2.913 1.057
 2.913 1.056
 2.913 1.056
 2.913 1.056
 2.913 1.056
 2.913 1.056
 2.913 1.056
 2.913 1.056
 2.913 1.056
 2.913 1.056
 2.913 1.056
 2.913 1.056
 2.913 1.056
 2.913 1.056
 2.913 1.056
 2.913 1.056
 2.913 1.056
 2.913 1.056
 2.913 1.056
 2.913 1.056
 2.913 1.056
 2.913 1.056
 2.913 1.056
 2.913 1.056
 2.913 1.056
 3.410 1.054
 3.413 1.053
 3.346 1.051
 3.220 1.050
 3.220 1.048
 3.220 1.048
 3.220 1.048
 3.220 1.048
 3.220 1.048
 3.220 1.048
 3.220 1.048
 3.220 1.048
 3.220 1.048
 3.220 1.048
 3.220 1.048
 3.220 1.048
 3.220 1.048
 3.220 1.048
 3.220 1.048
 3.220 1.048
 3.220 1.048
 3.220 1.048
 3.220 1.048
 3.220 1.048
 3.220 1.048
 3.220 1.048
 3.220 1.048
 3.220 1.048
 3.159 1.047
 2.974 1.045
 2.928 1.044
 2.865 1.042
 2.831 1.041
 2.831 1.041
 2.831 1.041
 2.831 1.041
 2.831 1.041
 2.831 1.041
 2.831 1.041
 2.831 1.041
 2.831 1.041
 2.831 1.041
 2.831 1.041
 2.831 1.041
 2.831 1.041
 2.831 1.041
 2.831 1.041
 2.831 1.041
 2.831 1.041
 2.831 1.041
 2.831 1.041
 2.831 1.041
 2.831 1.041
 2.831 1.041
 2.831 1.041
 2.831 1.041
 3.220 1.040
 3.220 1.038
 3.287 1.037
 3.159 1.035
 3.287 1.034
 3.287 1.034
 3.287 1.034
 3.287 1.034
 3.287 1.034
 3.287 1.034
 3.287 1.034
 3.287 1.034
 3.287 1.034
 3.287 1.034
 3.287 1.034
 3.287 1.034
 3.287 1.034
 3.287 1.034
 3.287 1.034
 3.287 1.034
 3.287 1.034
 3.287 1.034
 3.287 1.034
 3.287 1.034
 3.287 1.034
 3.287 1.034
 3.287 1.034
 3.287 1.034
 3.445 1.032
 3.220 1.031
 3.287 1.029
 3.477 1.028
 3.546 1.027
 3.546 1.027
 3.546 1.027
 3.546 1.027
 3.546 1.027
 3.546 1.027
 3.546 1.027
 3.546 1.027
 3.546 1.027
 3.546 1.027
 3.546 1.027
 3.546 1.027
 3.546 1.027
 3.546 1.027
 3.546 1.027
 3.546 1.027
 3.546 1.027
 3.546 1.027
 3.546 1.027
 3.546 1.027
 3.546 1.027
 3.546 1.027
 3.546 1.027
 3.546 1.027
 3.674 1.025
 3.607 1.024
 3.675 1.022
 3.483 1.021
 3.551 1.020
 3.551 1.020
 3.551 1.020
 3.551 1.020
 3.551 1.020
 3.551 1.020
 3.551 1.020
 3.551 1.020
 3.551 1.020
 3.551 1.020
 3.551 1.020
 3.551 1.020
 3.551 1.020
 3.551 1.020
 3.551 1.020
 3.551 1.020
 3.551 1.020
 3.551 1.020
 3.551 1.020
 3.551 1.020
 3.551 1.020
 3.551 1.020
 3.551 1.020
 3.551 1.020
 3.475 1.018
 3.542 1.017
 3.743 1.015
 3.674 1.014
 3.759 1.013
 3.759 1.013
 3.759 1.013
 3.759 1.013
 3.759 1.013
 3.759 1.013
 3.759 1.013
 3.759 1.013
 3.759 1.013
 3.759 1.013
 3.759 1.013
 3.759 1.013
 3.759 1.013
 3.759 1.013
 3.759 1.013
 3.759 1.013
 3.759 1.013
 3.759 1.013
 3.759 1.013
 3.759 1.013
 3.759 1.013
 3.759 1.013
 3.759 1.013
 3.759 1.013
 3.809 1.011
 3.810 1.010
 3.809 1.008
 3.741 1.007
 3.743 1.006
 3.743 1.006
 3.743 1.006
 3.743 1.006
 3.743 1.006
 3.743 1.006
 3.743 1.006
 3.743 1.006
 3.743 1.006
 3.743 1.006
 3.743 1.006
 3.743 1.006
 3.743 1.006
 3.743 1.006
 3.743 1.006
 3.743 1.006
 3.743 1.006
 3.743 1.006
 3.743 1.006
 3.743 1.006
 3.743 1.006
 3.743 1.006
 3.743 1.006
 3.743 1.006
 4.036 1.004
 3.958 1.003
 4.036 1.002
 3.883 1.000
 3.741 0.999
 3.741 0.999
 3.741 0.999
 3.741 0.999
 3.741 0.999
 3.741 0.999
 3.741 0.999
 3.741 0.999
 3.741 0.999
 3.741 0.999
 3.741 0.999
 3.741 0.999
 3.741 0.999
 3.741 0.999
 3.741 0.999
 3.741 0.999
 3.741 0.999
 3.741 0.999
 3.741 0.999
 3.741 0.999
 3.741 0.999
 3.741 0.999
 3.741 0.999
 3.741 0.999
 4.103 4.157
 3.958 4.150
 3.958 4.143
 3.958 4.136
 3.958 4.129
 3.958 4.129
 3.958 4.129
 3.958 4.129
 3.958 4.129
 3.958 4.129
 3.958 4.129
 3.958 4.129
 3.958 4.129
 3.958 4.129
 3.958 4.129
 3.958 4.129
 3.958 4.129
 3.958 4.129
 3.958 4.129
 3.958 4.129
 3.958 4.129
 3.958 4.129
 3.958 4.129
 3.958 4.129
 3.958 4.129
 3.958 4.129
 3.958 4.129
 3.958 4.129
 3.759 4.122
 3.410 4.115
 3.285 4.108
 3.346 4.101
 3.227 4.094
 3.227 4.094
 3.227 4.094
 3.227 4.094
 3.227 4.094
 3.227 4.094
 3.227 4.094
 3.227 4.094
 3.227 4.094
 3.227 4.094
 3.227 4.094
 3.227 4.094
 3.227 4.094
 3.227 4.094
 3.227 4.094
 3.227 4.094
 3.227 4.094
 3.227 4.094
 3.227 4.094
 3.227 4.094
 3.227 4.094
 3.227 4.094
 3.227 4.094
 3.227 4.094
 3.813 4.087
 3.667 4.080
 3.445 4.074
 3.524 4.067
 3.347 4.060
 3.347 4.060
 3.347 4.060
 3.347 4.060
 3.347 4.060
 3.347 4.060
 3.347 4.060
 3.347 4.060
 3.347 4.060
 3.347 4.060
 3.347 4.060
 3.347 4.060
 3.347 4.060
 3.347 4.060
 3.347 4.060
 3.347 4.060
 3.347 4.060
 3.347 4.060
 3.347 4.060
 3.347 4.060
 3.347 4.060
 3.347 4.060
 3.347 4.060
 3.347 4.060
 3.210 4.053
 3.289 4.046
 3.210 4.040
 3.210 4.033
 3.210 4.026
 3.210 4.026
 3.210 4.026
 3.210 4.026
 3.210 4.026
 3.210 4.026
 3.210 4.026
 3.210 4.026
 3.210 4.026
 3.210 4.026
 3.210 4.026
 3.210 4.026
 3.210 4.026
 3.210 4.026
 3.210 4.026
 3.210 4.026
 3.210 4.026
 3.210 4.026
 3.210 4.026
 3.210 4.026
 3.210 4.026
 3.210 4.026
 3.210 4.026
 3.210 4.026
 3.289 4.019
 3.378 4.013
 3.122 4.006
 2.988 3.999
 3.014 3.993
 3.014 3.993
 3.014 3.993
 3.014 3.993
 3.014 3.993
 3.014 3.993
 3.014 3.993
 3.014 3.993
 3.014 3.993
 3.014 3.993
 3.014 3.993
 3.014 3.993
 3.014 3.993
 3.014 3.993
 3.014 3.993
 3.014 3.993
 3.014 3.993
 3.014 3.993
 3.014 3.993
 3.014 3.993
 3.014 3.993
 3.014 3.993
 3.014 3.993
 3.014 3.993
 3.325 3.986
 3.378 3.979
 3.150 3.973
 3.183 3.966
 2.962 3.960
 2.962 3.960
 2.962 3.960
 2.962 3.960
 2.962 3.960
 2.962 3.960
 2.962 3.960
 2.962 3.960
 2.962 3.960
 2.962 3.960
 2.962 3.960
 2.962 3.960
 2.962 3.960
 2.962 3.960
 2.962 3.960
 2.962 3.960
 2.962 3.960
 2.962 3.960
 2.962 3.960
 2.962 3.960
 2.962 3.960
 2.962 3.960
 2.962 3.960
 2.962 3.960
 2.910 3.953
 2.860 3.947
 2.810 3.940
 2.860 3.934
 3.118 3.927
 3.118 3.927
 3.118 3.927
 3.118 3.927
 3.118 3.927
 3.118 3.927
 3.118 3.927
 3.118 3.927
 3.118 3.927
 3.118 3.927
 3.118 3.927
 3.118 3.927
 3.118 3.927
 3.118 3.927
 3.118 3.927
 3.118 3.927
 3.118 3.927
 3.118 3.927
 3.118 3.927
 3.118 3.927
 3.118 3.927
 3.118 3.927
 3.118 3.927
 3.118 3.927
 3.210 3.921
 2.972 3.914
 2.632 3.908
 2.456 3.901
 2.387 3.895
 2.387 3.895
 2.387 3.895
 2.387 3.895
 2.387 3.895
 2.387 3.895
 2.387 3.895
 2.387 3.895
 2.387 3.895
 2.387 3.895
 2.387 3.895
 2.387 3.895
 2.387 3.895
 2.387 3.895
 2.387 3.895
 2.387 3.895
 2.387 3.895
 2.387 3.895
 2.387 3.895
 2.387 3.895
 2.387 3.895
 2.387 3.895
 2.387 3.895
 2.387 3.895
 2.665 3.889
 2.573 3.882
 2.448 3.876
 2.448 3.869
 2.151 3.863
 2.151 3.863
 2.151 3.863
 2.151 3.863
 2.151 3.863
 2.151 3.863
 2.151 3.863
 2.151 3.863
 2.151 3.863
 2.151 3.863
 2.151 3.863
 2.151 3.863
 2.151 3.863
 2.151 3.863
 2.151 3.863
 2.151 3.863
 2.151 3.863
 2.151 3.863
 2.151 3.863
 2.151 3.863
 2.151 3.863
 2.151 3.863
 2.151 3.863
 2.151 3.863
 2.358 3.857
 2.704 3.850
 2.358 3.844
 2.490 3.838
 2.621 3.832
 2.621 3.832
 2.621 3.832
 2.621 3.832
 2.621 3.832
 2.621 3.832
 2.621 3.832
 2.621 3.832
 2.621 3.832
 2.621 3.832
 2.621 3.832
 2.621 3.832
 2.621 3.832
 2.621 3.832
 2.621 3.832
 2.621 3.832
 2.621 3.832
 2.621 3.832
 2.621 3.832
 2.621 3.832
 2.621 3.832
 2.621 3.832
 2.621 3.832
 2.621 3.832
 2.049 3.825
 2.236 3.819
 2.318 3.813
 2.236 3.807
 2.041 3.801
 2.041 3.801
 2.041 3.801
 2.041 3.801
 2.041 3.801
 2.041 3.801
 2.041 3.801
 2.041 3.801
 2.041 3.801
 2.041 3.801
 2.041 3.801
 2.041 3.801
 2.041 3.801
 2.041 3.801
 2.041 3.801
 2.041 3.801
 2.041 3.801
 2.041 3.801
 2.041 3.801
 2.041 3.801
 2.041 3.801
 2.041 3.801
 2.041 3.801
 2.041 3.801
 2.236 3.794
 2.196 3.788
 2.157 3.782
 2.157 3.776
 2.202 3.770
 2.202 3.770
 2.202 3.770
 2.202 3.770
 2.202 3.770
 2.202 3.770
 2.202 3.770
 2.202 3.770
 2.202 3.770
 2.202 3.770
 2.202 3.770
 2.202 3.770
 2.202 3.770
 2.202 3.770
 2.202 3.770
 2.202 3.770
 2.202 3.770
 2.202 3.770
 2.202 3.770
 2.202 3.770
 2.202 3.770
 2.202 3.770
 2.202 3.770
 2.202 3.770
 2.082 2.037
 2.082 2.035
 2.082 2.032
 1.966 2.029
 1.976 2.027
 1.976 2.027
 1.976 2.027
 1.976 2.027
 1.976 2.027
 1.976 2.027
 1.976 2.027
 1.976 2.027
 1.976 2.027
 1.976 2.027
 1.976 2.027
 1.976 2.027
 1.976 2.027
 1.976 2.027
 1.976 2.027
 1.976 2.027
 1.976 2.027
 1.976 2.027
 1.976 2.027
 1.976 2.027
 1.976 2.027
 1.976 2.027
 1.976 2.027
 1.976 2.027
 1.674 2.024
 1.478 2.022
 1.478 2.019
 1.674 2.016
 1.674 2.014
 1.674 2.014
 1.674 2.014
 1.674 2.014
 1.674 2.014
 1.674 2.014
 1.674 2.014
 1.674 2.014
 1.674 2.014
 1.674 2.014
 1.674 2.014
 1.674 2.014
 1.674 2.014
 1.674 2.014
 1.674 2.014
 1.674 2.014
 1.674 2.014
 1.674 2.014
 1.674 2.014
 1.674 2.014
 1.674 2.014
 1.674 2.014
 1.674 2.014
 1.674 2.014
 1.862 2.011
 1.752 2.008
 1.846 2.006
 1.877 2.003
 1.909 2.001
 1.909 2.001
 1.909 2.001
 1.909 2.001
 1.909 2.001
 1.909 2.001
 1.909 2.001
 1.909 2.001
 1.909 2.001
 1.909 2.001
 1.909 2.001
 1.909 2.001
 1.909 2.001
 1.909 2.001
 1.909 2.001
 1.909 2.001
 1.909 2.001
 1.909 2.001
 1.909 2.001
 1.909 2.001
 1.909 2.001
 1.909 2.001
 1.909 2.001
 1.909 2.001
 1.481 1.998
 1.412 1.996
 1.193 1.993
 1.313 1.990
 1.355 1.988
 1.355 1.988
 1.355 1.988
 1.355 1.988
 1.355 1.988
 1.355 1.988
 1.355 1.988
 1.355 1.988
 1.355 1.988
 1.355 1.988
 1.355 1.988
 1.355 1.988
 1.355 1.988
 1.355 1.988
 1.355 1.988
 1.355 1.988
 1.355 1.988
 1.355 1.988
 1.355 1.988
 1.355 1.988
 1.355 1.988
 1.355 1.988
 1.355 1.988
 1.355 1.988
 1.355 1.985
 1.424 1.983
 1.197 1.980
 1.396 1.978
 1.197 1.975
 1.197 1.975
 1.197 1.975
 1.197 1.975
 1.197 1.975
 1.197 1.975
 1.197 1.975
 1.197 1.975
 1.197 1.975
 1.197 1.975
 1.197 1.975
 1.197 1.975
 1.197 1.975
 1.197 1.975
 1.197 1.975
 1.197 1.975
 1.197 1.975
 1.197 1.975
 1.197 1.975
 1.197 1.975
 1.197 1.975
 1.197 1.975
 1.197 1.975
 1.197 1.975
 1.225 1.973
 1.164 1.970
 1.107 1.968
 1.164 1.965
 1.225 1.963
 1.225 1.963
 1.225 1.963
 1.225 1.963
 1.225 1.963
 1.225 1.963
 1.225 1.963
 1.225 1.963
 1.225 1.963
 1.225 1.963
 1.225 1.963
 1.225 1.963
 1.225 1.963
 1.225 1.963
 1.225 1.963
 1.225 1.963
 1.225 1.963
 1.225 1.963
 1.225 1.963
 1.225 1.963
 1.225 1.963
 1.225 1.963
 1.225 1.963
 1.225 1.963
 1.261 1.960
 1.370 1.958
 1.250 1.955
 1.119 1.953
 1.058 1.950
 1.058 1.950
 1.058 1.950
 1.058 1.950
 1.058 1.950
 1.058 1.950
 1.058 1.950
 1.058 1.950
 1.058 1.950
 1.058 1.950
 1.058 1.950
 1.058 1.950
 1.058 1.950
 1.058 1.950
 1.058 1.950
 1.058 1.950
 1.058 1.950
 1.058 1.950
 1.058 1.950
 1.058 1.950
 1.058 1.950
 1.058 1.950
 1.058 1.950
 1.058 1.950
 1.000 1.948
 0.843 1.945
 1.058 1.943
 1.119 1.940
 1.058 1.938
 1.058 1.938
 1.058 1.938
 1.058 1.938
 1.058 1.938
 1.058 1.938
 1.058 1.938
 1.058 1.938
 1.058 1.938
 1.058 1.938
 1.058 1.938
 1.058 1.938
 1.058 1.938
 1.058 1.938
 1.058 1.938
 1.058 1.938
 1.058 1.938
 1.058 1.938
 1.058 1.938
 1.058 1.938
 1.058 1.938
 1.058 1.938
 1.058 1.938
 1.058 1.938
 0.662 1.936
 0.748 1.933
 0.705 1.931
 0.776 1.928
 0.552 1.926
 0.552 1.926
 0.552 1.926
 0.552 1.926
 0.552 1.926
 0.552 1.926
 0.552 1.926
 0.552 1.926
 0.552 1.926
 0.552 1.926
 0.552 1.926
 0.552 1.926
 0.552 1.926
 0.552 1.926
 0.552 1.926
 0.552 1.926
 0.552 1.926
 0.552 1.926
 0.552 1.926
 0.552 1.926
 0.552 1.926
 0.552 1.926
 0.552 1.926
 0.552 1.926
 0.867 1.924
 0.818 1.921
 0.701 1.919
 0.748 1.916
 0.748 1.914
 0.748 1.914
 0.748 1.914
 0.748 1.914
 0.748 1.914
 0.748 1.914
 0.748 1.914
 0.748 1.914
 0.748 1.914
 0.748 1.914
 0.748 1.914
 0.748 1.914
 0.748 1.914
 0.748 1.914
 0.748 1.914
 0.748 1.914
 0.748 1.914
 0.748 1.914
 0.748 1.914
 0.748 1.914
 0.748 1.914
 0.748 1.914
 0.748 1.914
 0.748 1.914
 1.026 1.912
 1.005 1.909
 0.776 1.907
 0.885 1.905
 0.756 1.902
 0.756 1.902
 0.756 1.902
 0.756 1.902
 0.756 1.902
 0.756 1.902
 0.756 1.902
 0.756 1.902
 0.756 1.902
 0.756 1.902
 0.756 1.902
 0.756 1.902
 0.756 1.902
 0.756 1.902
 0.756 1.902
 0.756 1.902
 0.756 1.902
 0.756 1.902
 0.756 1.902
 0.756 1.902
 0.756 1.902
 0.756 1.902
 0.756 1.902
 0.756 1.902
 0.475 1.900
 0.648 1.898
 0.514 1.895
 0.556 1.893
 0.601 1.891
 0.601 1.891
 0.601 1.891
 0.601 1.891
 0.601 1.891
 0.601 1.891
 0.601 1.891
 0.601 1.891
 0.601 1.891
 0.601 1.891
 0.601 1.891
 0.601 1.891
 0.601 1.891
 0.601 1.891
 0.601 1.891
 0.601 1.891
 0.601 1.891
 0.601 1.891
 0.601 1.891
 0.601 1.891
 0.601 1.891
 0.601 1.891
 0.601 1.891
 0.601 1.891
 0.798 0.716
 0.726 0.715
 0.701 0.715
 0.726 0.714
 0.748 0.713
 0.748 0.713
 0.748 0.713
 0.748 0.713
 0.748 0.713
 0.748 0.713
 0.748 0.713
 0.748 0.713
 0.748 0.713
 0.748 0.713
 0.748 0.713
 0.748 0.713
 0.748 0.713
 0.748 0.713
 0.748 0.713
 0.748 0.713
 0.748 0.713
 0.748 0.713
 0.748 0.713
 0.748 0.713
 0.748 0.713
 0.748 0.713
 0.748 0.713
 0.748 0.713
 0.752 0.712
 0.752 0.711
 0.712 0.711
 0.712 0.710
 0.674 0.709
 0.674 0.709
 0.674 0.709
 0.674 0.709
 0.674 0.709
 0.674 0.709
 0.674 0.709
 0.674 0.709
 0.674 0.709
 0.674 0.709
 0.674 0.709
 0.674 0.709
 0.674 0.709
 0.674 0.709
 0.674 0.709
 0.674 0.709
 0.674 0.709
 0.674 0.709
 0.674 0.709
 0.674 0.709
 0.674 0.709
 0.674 0.709
 0.674 0.709
 0.674 0.709
 0.689 0.708
 0.689 0.707
 0.784 0.707
 0.822 0.706
 0.822 0.705
 0.822 0.705
 0.822 0.705
 0.822 0.705
 0.822 0.705
 0.822 0.705
 0.822 0.705
 0.822 0.705
 0.822 0.705
 0.822 0.705
 0.822 0.705
 0.822 0.705
 0.822 0.705
 0.822 0.705
 0.822 0.705
 0.822 0.705
 0.822 0.705
 0.822 0.705
 0.822 0.705
 0.822 0.705
 0.822 0.705
 0.822 0.705
 0.822 0.705
 0.822 0.705
 0.843 0.704
 0.874 0.704
 0.946 0.703
 0.815 0.702
 0.815 0.701
 0.815 0.701
 0.815 0.701
 0.815 0.701
 0.815 0.701
 0.815 0.701
 0.815 0.701
 0.815 0.701
 0.815 0.701
 0.815 0.701
 0.815 0.701
 0.815 0.701
 0.815 0.701
 0.815 0.701
 0.815 0.701
 0.815 0.701
 0.815 0.701
 0.815 0.701
 0.815 0.701
 0.815 0.701
 0.815 0.701
 0.815 0.701
 0.815 0.701
 0.815 0.701
 0.954 0.700
 0.872 0.700
 0.872 0.699
 0.872 0.698
 0.929 0.697
 0.929 0.697
 0.929 0.697
 0.929 0.697
 0.929 0.697
 0.929 0.697
 0.929 0.697
 0.929 0.697
 0.929 0.697
 0.929 0.697
 0.929 0.697
 0.929 0.697
 0.929 0.697
 0.929 0.697
 0.929 0.697
 0.929 0.697
 0.929 0.697
 0.929 0.697
 0.929 0.697
 0.929 0.697
 0.929 0.697
 0.929 0.697
 0.929 0.697
 0.929 0.697
 1.480 0.697
 1.353 0.696
 1.197 0.695
 1.107 0.694
 1.197 0.694
 1.197 0.694
 1.197 0.694
 1.197 0.694
 1.197 0.694
 1.197 0.694
 1.197 0.694
 1.197 0.694
 1.197 0.694
 1.197 0.694
 1.197 0.694
 1.197 0.694
 1.197 0.694
 1.197 0.694
 1.197 0.694
 1.197 0.694
 1.197 0.694
 1.197 0.694
 1.197 0.694
 1.197 0.694
 1.197 0.694
 1.197 0.694
 1.197 0.694
 1.197 0.694
 1.522 0.693
 1.478 0.692
 1.522 0.691
 1.569 0.691
 1.569 0.690
 1.569 0.690
 1.569 0.690
 1.569 0.690
 1.569 0.690
 1.569 0.690
 1.569 0.690
 1.569 0.690
 1.569 0.690
 1.569 0.690
 1.569 0.690
 1.569 0.690
 1.569 0.690
 1.569 0.690
 1.569 0.690
 1.569 0.690
 1.569 0.690
 1.569 0.690
 1.569 0.690
 1.569 0.690
 1.569 0.690
 1.569 0.690
 1.569 0.690
 1.569 0.690
 1.598 0.689
 1.556 0.688
 1.604 0.688
 1.430 0.687
 1.405 0.686
 1.405 0.686
 1.405 0.686
 1.405 0.686
 1.405 0.686
 1.405 0.686
 1.405 0.686
 1.405 0.686
 1.405 0.686
 1.405 0.686
 1.405 0.686
 1.405 0.686
 1.405 0.686
 1.405 0.686
 1.405 0.686
 1.405 0.686
 1.405 0.686
 1.405 0.686
 1.405 0.686
 1.405 0.686
 1.405 0.686
 1.405 0.686
 1.405 0.686
 1.405 0.686
 1.734 0.686
 1.734 0.685
 1.805 0.684
 1.734 0.683
 1.523 0.683
 1.523 0.683
 1.523 0.683
 1.523 0.683
 1.523 0.683
 1.523 0.683
 1.523 0.683
 1.523 0.683
 1.523 0.683
 1.523 0.683
 1.523 0.683
 1.523 0.683
 1.523 0.683
 1.523 0.683
 1.523 0.683
 1.523 0.683
 1.523 0.683
 1.523 0.683
 1.523 0.683
 1.523 0.683
 1.523 0.683
 1.523 0.683
 1.523 0.683
 1.523 0.683
 1.869 0.682
 1.921 0.681
 1.887 0.681
 1.921 0.680
 1.998 0.679
 1.998 0.679
 1.998 0.679
 1.998 0.679
 1.998 0.679
 1.998 0.679
 1.998 0.679
 1.998 0.679
 1.998 0.679
 1.998 0.679
 1.998 0.679
 1.998 0.679
 1.998 0.679
 1.998 0.679
 1.998 0.679
 1.998 0.679
 1.998 0.679
 1.998 0.679
 1.998 0.679
 1.998 0.679
 1.998 0.679
 1.998 0.679
 1.998 0.679
 1.998 0.679
 2.159 0.678
 2.072 0.678
 2.020 0.677
 2.020 0.676
 1.979 0.676
 1.979 0.676
 1.979 0.676
 1.979 0.676
 1.979 0.676
 1.979 0.676
 1.979 0.676
 1.979 0.676
 1.979 0.676
 1.979 0.676
 1.979 0.676
 1.979 0.676
 1.979 0.676
 1.979 0.676
 1.979 0.676
 1.979 0.676
 1.979 0.676
 1.979 0.676
 1.979 0.676
 1.979 0.676
 1.979 0.676
 1.979 0.676
 1.979 0.676
 1.979 0.676
 2.362 0.675
 2.362 0.674
 2.311 0.673
 2.311 0.673
 2.335 0.672
 2.335 0.672
 2.335 0.672
 2.335 0.672
 2.335 0.672
 2.335 0.672
 2.335 0.672
 2.335 0.672
 2.335 0.672
 2.335 0.672
 2.335 0.672
 2.335 0.672
 2.335 0.672
 2.335 0.672
 2.335 0.672
 2.335 0.672
 2.335 0.672
 2.335 0.672
 2.335 0.672
 2.335 0.672
 2.335 0.672
 2.335 0.672
 2.335 0.672
 2.335 0.672
 2.583 2.358
 2.425 2.353
 2.522 2.349
 2.461 2.344
 2.425 2.340
 2.425 2.340
 2.425 2.340
 2.425 2.340
 2.425 2.340
 2.425 2.340
 2.425 2.340
 2.425 2.340
 2.425 2.340
 2.425 2.340
 2.425 2.340
 2.425 2.340
 2.425 2.340
 2.425 2.340
 2.425 2.340
 2.425 2.340
 2.425 2.340
 2.425 2.340
 2.425 2.340
 2.425 2.340
 2.425 2.340
 2.425 2.340
 2.425 2.340
 2.425 2.340
 2.746 2.335
 2.672 2.331
 2.672 2.326
 2.787 2.322
 2.787 2.317
 2.787 2.317
 2.787 2.317
 2.787 2.317
 2.787 2.317
 2.787 2.317
 2.787 2.317
 2.787 2.317
 2.787 2.317
 2.787 2.317
 2.787 2.317
 2.787 2.317
 2.787 2.317
 2.787 2.317
 2.787 2.317
 2.787 2.317
 2.787 2.317
 2.787 2.317
 2.787 2.317
 2.787 2.317
 2.787 2.317
 2.787 2.317
 2.787 2.317
 2.787 2.317
 2.834 2.313
 2.834 2.308
 2.932 2.304
 2.932 2.300
 3.005 2.295
 3.005 2.295
 3.005 2.295
 3.005 2.295
 3.005 2.295
 3.005 2.295
 3.005 2.295
 3.005 2.295
 3.005 2.295
 3.005 2.295
 3.005 2.295
 3.005 2.295
 3.005 2.295
 3.005 2.295
 3.005 2.295
 3.005 2.295
 3.005 2.295
 3.005 2.295
 3.005 2.295
 3.005 2.295
 3.005 2.295
 3.005 2.295
 3.005 2.295
 3.005 2.295
 3.248 2.291
 3.248 2.286
 3.180 2.282
 2.932 2.278
 2.967 2.273
 2.967 2.273
 2.967 2.273
 2.967 2.273
 2.967 2.273
 2.967 2.273
 2.967 2.273
 2.967 2.273
 2.967 2.273
 2.967 2.273
 2.967 2.273
 2.967 2.273
 2.967 2.273
 2.967 2.273
 2.967 2.273
 2.967 2.273
 2.967 2.273
 2.967 2.273
 2.967 2.273
 2.967 2.273
 2.967 2.273
 2.967 2.273
 2.967 2.273
 2.967 2.273
 3.740 2.269
 3.619 2.264
 3.573 2.260
 3.668 2.256
 3.531 2.252
 3.531 2.252
 3.531 2.252
 3.531 2.252
 3.531 2.252
 3.531 2.252
 3.531 2.252
 3.531 2.252
 3.531 2.252
 3.531 2.252
 3.531 2.252
 3.531 2.252
 3.531 2.252
 3.531 2.252
 3.531 2.252
 3.531 2.252
 3.531 2.252
 3.531 2.252
 3.531 2.252
 3.531 2.252
 3.531 2.252
 3.531 2.252
 3.531 2.252
 3.531 2.252
 3.431 2.247
 3.573 2.243
 3.573 2.239
 3.573 2.234
 3.459 2.230
 3.459 2.230
 3.459 2.230
 3.459 2.230
 3.459 2.230
 3.459 2.230
 3.459 2.230
 3.459 2.230
 3.459 2.230
 3.459 2.230
 3.459 2.230
 3.459 2.230
 3.459 2.230
 3.459 2.230
 3.459 2.230
 3.459 2.230
 3.459 2.230
 3.459 2.230
 3.459 2.230
 3.459 2.230
 3.459 2.230
 3.459 2.230
 3.459 2.230
 3.459 2.230
 3.839 2.226
 3.839 2.222
 3.603 2.217
 3.603 2.213
 3.603 2.209
 3.603 2.209
 3.603 2.209
 3.603 2.209
 3.603 2.209
 3.603 2.209
 3.603 2.209
 3.603 2.209
 3.603 2.209
 3.603 2.209
 3.603 2.209
 3.603 2.209
 3.603 2.209
 3.603 2.209
 3.603 2.209
 3.603 2.209
 3.603 2.209
 3.603 2.209
 3.603 2.209
 3.603 2.209
 3.603 2.209
 3.603 2.209
 3.603 2.209
 3.603 2.209
 4.321 2.205
 4.397 2.200
 4.089 2.196
 4.142 2.192
 3.945 2.188
 3.945 2.188
 3.945 2.188
 3.945 2.188
 3.945 2.188
 3.945 2.188
 3.945 2.188
 3.945 2.188
 3.945 2.188
 3.945 2.188
 3.945 2.188
 3.945 2.188
 3.945 2.188
 3.945 2.188
 3.945 2.188
 3.945 2.188
 3.945 2.188
 3.945 2.188
 3.945 2.188
 3.945 2.188
 3.945 2.188
 3.945 2.188
 3.945 2.188
 3.945 2.188
 4.430 2.184
 4.374 2.180
 4.374 2.175
 4.321 2.171
 4.321 2.167
 4.321 2.167
 4.321 2.167
 4.321 2.167
 4.321 2.167
 4.321 2.167
 4.321 2.167
 4.321 2.167
 4.321 2.167
 4.321 2.167
 4.321 2.167
 4.321 2.167
 4.321 2.167
 4.321 2.167
 4.321 2.167
 4.321 2.167
 4.321 2.167
 4.321 2.167
 4.321 2.167
 4.321 2.167
 4.321 2.167
 4.321 2.167
 4.321 2.167
 4.321 2.167
 4.321 2.163
 4.374 2.159
 4.321 2.155
 4.098 2.151
 4.178 2.147
 4.178 2.147
 4.178 2.147
 4.178 2.147
 4.178 2.147
 4.178 2.147
 4.178 2.147
 4.178 2.147
 4.178 2.147
 4.178 2.147
 4.178 2.147
 4.178 2.147
 4.178 2.147
 4.178 2.147
 4.178 2.147
 4.178 2.147
 4.178 2.147
 4.178 2.147
 4.178 2.147
 4.178 2.147
 4.178 2.147
 4.178 2.147
 4.178 2.147
 4.178 2.147
 4.695 2.142
 4.630 2.138
 4.630 2.134
 4.728 2.130
 4.400 2.126
 4.400 2.126
 4.400 2.126
 4.400 2.126
 4.400 2.126
 4.400 2.126
 4.400 2.126
 4.400 2.126
 4.400 2.126
 4.400 2.126
 4.400 2.126
 4.400 2.126
 4.400 2.126
 4.400 2.126
 4.400 2.126
 4.400 2.126
 4.400 2.126
 4.400 2.126
 4.400 2.126
 4.400 2.126
 4.400 2.126
 4.400 2.126
 4.400 2.126
 4.400 2.126
 4.642 2.122
 4.809 2.118
 4.953 2.114
 4.871 2.110
 4.871 2.106
 4.871 2.106
 4.871 2.106
 4.871 2.106
 4.871 2.106
 4.871 2.106
 4.871 2.106
 4.871 2.106
 4.871 2.106
 4.871 2.106
 4.871 2.106
 4.871 2.106
 4.871 2.106
 4.871 2.106
 4.871 2.106
 4.871 2.106
 4.871 2.106
 4.871 2.106
 4.871 2.106
 4.871 2.106
 4.871 2.106
 4.871 2.106
 4.871 2.106
 4.871 2.106
 4.871 5.395
 4.568 5.385
 4.400 5.375
 4.489 5.366
 4.551 5.356
 4.551 5.356
 4.551 5.356
 4.551 5.356
 4.551 5.356
 4.551 5.356
 4.551 5.356
 4.551 5.356
 4.551 5.356
 4.551 5.356
 4.551 5.356
 4.551 5.356
 4.551 5.356
 4.551 5.356
 4.551 5.356
 4.551 5.356
 4.551 5.356
 4.551 5.356
 4.551 5.356
 4.551 5.356
 4.551 5.356
 4.551 5.356
 4.551 5.356
 4.551 5.356
 4.616 5.346
 4.616 5.337
 4.630 5.327
 4.551 5.318
 4.321 5.308
 4.321 5.308
 4.321 5.308
 4.321 5.308
 4.321 5.308
 4.321 5.308
 4.321 5.308
 4.321 5.308
 4.321 5.308
 4.321 5.308
 4.321 5.308
 4.321 5.308
 4.321 5.308
 4.321 5.308
 4.321 5.308
 4.321 5.308
 4.321 5.308
 4.321 5.308
 4.321 5.308
 4.321 5.308
 4.321 5.308
 4.321 5.308
 4.321 5.308
 4.321 5.308
 4.321 5.308
 4.321 5.308
 4.321 5.308
 4.321 5.308
 4.321 5.308
 4.321 5.308
 4.321 5.308
 4.321 5.308
 4.321 5.308
 4.321 5.308
 4.321 5.308
 4.321 5.308
 4.321 5.308
 4.321 5.308
 4.321 5.308
 4.321 5.308
 4.321 5.308
 4.321 5.308
 4.321 5.308
 4.321 5.308
 4.321 5.308
 4.321 5.308
 4.321 5.308
 4.321 5.308
 4.321 5.308
 4.321 5.308
 4.321 5.308
 4.321 5.308
 4.321 5.308
 4.321 5.308
 3.879 5.299
 3.809 5.289
 3.680 5.280
 3.743 5.271
 3.741 5.261
 3.741 5.261
 3.741 5.261
 3.741 5.261
 3.741 5.261
 3.741 5.261
 3.741 5.261
 3.741 5.261
 3.741 5.261
 3.741 5.261
 3.741 5.261
 3.741 5.261
 3.741 5.261
 3.741 5.261
 3.741 5.261
 3.741 5.261
 3.741 5.261
 3.741 5.261
 3.741 5.261
 3.741 5.261
 3.741 5.261
 3.741 5.261
 3.741 5.261
 3.741 5.261
 3.695 5.252
 3.791 5.242
 3.875 5.233
 3.839 5.224
 3.751 5.214
 3.751 5.214
 3.751 5.214
 3.751 5.214
 3.751 5.214
 3.751 5.214
 3.751 5.214
 3.751 5.214
 3.751 5.214
 3.751 5.214
 3.751 5.214
 3.751 5.214
 3.751 5.214
 3.751 5.214
 3.751 5.214
 3.751 5.214
 3.751 5.214
 3.751 5.214
 3.751 5.214
 3.751 5.214
 3.751 5.214
 3.751 5.214
 3.751 5.214
 3.751 5.214
 3.941 5.205
 3.693 5.196
 3.429 5.187
 3.457 5.178
 3.371 5.168
 3.371 5.168
 3.371 5.168
 3.371 5.168
 3.371 5.168
 3.371 5.168
 3.371 5.168
 3.371 5.168
 3.371 5.168
 3.371 5.168
 3.371 5.168
 3.371 5.168
 3.371 5.168
 3.371 5.168
 3.371 5.168
 3.371 5.168
 3.371 5.168
 3.371 5.168
 3.371 5.168
 3.371 5.168
 3.371 5.168
 3.371 5.168
 3.371 5.168
 3.371 5.168
 3.579 5.159
 3.636 5.150
 3.378 5.141
 3.122 5.132
 3.122 5.123
 3.122 5.123
 3.122 5.123
 3.122 5.123
 3.122 5.123
 3.122 5.123
 3.122 5.123
 3.122 5.123
 3.122 5.123
 3.122 5.123
 3.122 5.123
 3.122 5.123
 3.122 5.123
 3.122 5.123
 3.122 5.123
 3.122 5.123
 3.122 5.123
 3.122 5.123
 3.122 5.123
 3.122 5.123
 3.122 5.123
 3.122 5.123
 3.122 5.123
 3.122 5.123
 3.029 5.114
 3.029 5.105
 3.020 5.096
 3.118 5.087
 2.980 5.078
 2.980 5.078
 2.980 5.078
 2.980 5.078
 2.980 5.078
 2.980 5.078
 2.980 5.078
 2.980 5.078
 2.980 5.078
 2.980 5.078
 2.980 5.078
 2.980 5.078
 2.980 5.078
 2.980 5.078
 2.980 5.078
 2.980 5.078
 2.980 5.078
 2.980 5.078
 2.980 5.078
 2.980 5.078
 2.980 5.078
 2.980 5.078
 2.980 5.078
 2.980 5.078
 2.972 5.069
 2.883 5.060
 2.665 5.051
 2.585 5.042
 2.619 5.033
 2.619 5.033
 2.619 5.033
 2.619 5.033
 2.619 5.033
 2.619 5.033
 2.619 5.033
 2.619 5.033
 2.619 5.033
 2.619 5.033
 2.619 5.033
 2.619 5.033
 2.619 5.033
 2.619 5.033
 2.619 5.033
 2.619 5.033
 2.619 5.033
 2.619 5.033
 2.619 5.033
 2.619 5.033
 2.619 5.033
 2.619 5.033
 2.619 5.033
 2.619 5.033
 2.221 5.024
 2.448 5.016
 2.404 5.007
 2.404 4.998
 2.448 4.989
 2.448 4.989
 2.448 4.989
 2.448 4.989
 2.448 4.989
 2.448 4.989
 2.448 4.989
 2.448 4.989
 2.448 4.989
 2.448 4.989
 2.448 4.989
 2.448 4.989
 2.448 4.989
 2.448 4.989
 2.448 4.989
 2.448 4.989
 2.448 4.989
 2.448 4.989
 2.448 4.989
 2.448 4.989
 2.448 4.989
 2.448 4.989
 2.448 4.989
 2.448 4.989
 2.236 4.981
 2.318 4.972
 2.157 4.963
 2.202 4.954
 2.202 4.946
 2.202 4.946
 2.202 4.946
 2.202 4.946
 2.202 4.946
 2.202 4.946
 2.202 4.946
 2.202 4.946
 2.202 4.946
 2.202 4.946
 2.202 4.946
 2.202 4.946
 2.202 4.946
 2.202 4.946
 2.202 4.946
 2.202 4.946
 2.202 4.946
 2.202 4.946
 2.202 4.946
 2.202 4.946
 2.202 4.946
 2.202 4.946
 2.202 4.946
 2.202 4.946
 2.040 4.937
 1.858 4.929
 1.890 4.920
 1.890 4.911
 1.964 4.903
 1.964 4.903
 1.964 4.903
 1.964 4.903
 1.964 4.903
 1.964 4.903
 1.964 4.903
 1.964 4.903
 1.964 4.903
 1.964 4.903
 1.964 4.903
 1.964 4.903
 1.964 4.903
 1.964 4.903
 1.964 4.903
 1.964 4.903
 1.964 4.903
 1.964 4.903
 1.964 4.903
 1.964 4.903
 1.964 4.903
 1.964 4.903
 1.964 4.903
 1.964 4.903
 1.782 4.894
 1.641 4.886
 1.674 4.877
 1.674 4.869
 1.745 4.860
 1.745 4.860
 1.745 4.860
 1.745 4.860
 1.745 4.860
 1.745 4.860
 1.745 4.860
 1.745 4.860
 1.745 4.860
 1.745 4.860
 1.745 4.860
 1.745 4.860
 1.745 4.860
 1.745 4.860
 1.745 4.860
 1.745 4.860
 1.745 4.860
 1.745 4.860
 1.745 4.860
 1.745 4.860
 1.745 4.860
 1.745 4.860
 1.745 4.860
 1.745 4.860
 1.614 4.852
 1.614 4.844
 1.846 4.835
 1.614 4.827
 1.614 4.818
 1.614 4.818
 1.614 4.818
 1.614 4.818
 1.614 4.818
 1.614 4.818
 1.614 4.818
 1.614 4.818
 1.614 4.818
 1.614 4.818
 1.614 4.818
 1.614 4.818
 1.614 4.818
 1.614 4.818
 1.614 4.818
 1.614 4.818
 1.614 4.818
 1.614 4.818
 1.614 4.818
 1.614 4.818
 1.614 4.818
 1.614 4.818
 1.614 4.818
 1.614 4.818
 1.511 4.810
 1.424 4.802
 1.355 4.794
 1.197 4.785
 1.197 4.777
 1.197 4.777
 1.197 4.777
 1.197 4.777
 1.197 4.777
 1.197 4.777
 1.197 4.777
 1.197 4.777
 1.197 4.777
 1.197 4.777
 1.197 4.777
 1.197 4.777
 1.197 4.777
 1.197 4.777
 1.197 4.777
 1.197 4.777
 1.197 4.777
 1.197 4.777
 1.197 4.777
 1.197 4.777
 1.197 4.777
 1.197 4.777
 1.197 4.777
 1.197 4.777
 1.225 4.769
 1.355 4.761
 1.355 4.752
 1.136 4.744
 1.225 4.736
 1.225 4.736
 1.225 4.736
 1.225 4.736
 1.225 4.736
 1.225 4.736
 1.225 4.736
 1.225 4.736
 1.225 4.736
 1.225 4.736
 1.225 4.736
 1.225 4.736
 1.225 4.736
 1.225 4.736
 1.225 4.736
 1.225 4.736
 1.225 4.736
 1.225 4.736
 1.225 4.736
 1.225 4.736
 1.225 4.736
 1.225 4.736
 1.225 4.736
 1.225 4.736
 1.319 4.728
 1.392 4.720
 1.319 4.712
 1.058 4.704
 1.033 4.696
 1.033 4.696
 1.033 4.696
 1.033 4.696
 1.033 4.696
 1.033 4.696
 1.033 4.696
 1.033 4.696
 1.033 4.696
 1.033 4.696
 1.033 4.696
 1.033 4.696
 1.033 4.696
 1.033 4.696
 1.033 4.696
 1.033 4.696
 1.033 4.696
 1.033 4.696
 1.033 4.696
 1.033 4.696
 1.033 4.696
 1.033 4.696
 1.033 4.696
 1.033 4.696
 1.094 4.687
 1.094 4.679
 1.094 4.671
 0.896 4.663
 1.159 4.656
 1.159 4.656
 1.159 4.656
 1.159 4.656
 1.159 4.656
 1.159 4.656
 1.159 4.656
 1.159 4.656
 1.159 4.656
 1.159 4.656
 1.159 4.656
 1.159 4.656
 1.159 4.656
 1.159 4.656
 1.159 4.656
 1.159 4.656
 1.159 4.656
 1.159 4.656
 1.159 4.656
 1.159 4.656
 1.159 4.656
 1.159 4.656
 1.159 4.656
 1.159 4.656
 0.748 4.648
 0.726 4.640
 0.748 4.632
 0.944 4.624
 0.944 4.616
 0.944 4.616
 0.944 4.616
 0.944 4.616
 0.944 4.616
 0.944 4.616
 0.944 4.616
 0.944 4.616
 0.944 4.616
 0.944 4.616
 0.944 4.616
 0.944 4.616
 0.944 4.616
 0.944 4.616
 0.944 4.616
 0.944 4.616
 0.944 4.616
 0.944 4.616
 0.944 4.616
 0.944 4.616
 0.944 4.616
 0.944 4.616
 0.944 4.616
 0.944 4.616
 0.736 4.608
 0.717 4.600
 0.717 4.592
 0.717 4.585
 0.717 4.577
 0.717 4.577
 0.717 4.577
 0.717 4.577
 0.717 4.577
 0.717 4.577
 0.717 4.577
 0.717 4.577
 0.717 4.577
 0.717 4.577
 0.717 4.577
 0.717 4.577
 0.717 4.577
 0.717 4.577
 0.717 4.577
 0.717 4.577
 0.717 4.577
 0.717 4.577
 0.717 4.577
 0.717 4.577
 0.717 4.577
 0.717 4.577
 0.717 4.577
 0.717 4.577
 0.930 4.569
 0.699 4.561
 0.599 4.554
 0.599 4.546
 0.599 4.538
 0.599 4.538
 0.599 4.538
 0.599 4.538
 0.599 4.538
 0.599 4.538
 0.599 4.538
 0.599 4.538
 0.599 4.538
 0.599 4.538
 0.599 4.538
 0.599 4.538
 0.599 4.538
 0.599 4.538
 0.599 4.538
 0.599 4.538
 0.599 4.538
 0.599 4.538
 0.599 4.538
 0.599 4.538
 0.599 4.538
 0.599 4.538
 0.599 4.538
 0.599 4.538
 0.820 4.531
 0.868 4.523
 0.820 4.515
 0.809 4.508
 0.704 4.500
 0.704 4.500
 0.704 4.500
 0.704 4.500
 0.704 4.500
 0.704 4.500
 0.704 4.500
 0.704 4.500
 0.704 4.500
 0.704 4.500
 0.704 4.500
 0.704 4.500
 0.704 4.500
 0.704 4.500
 0.704 4.500
 0.704 4.500
 0.704 4.500
 0.704 4.500
 0.704 4.500
 0.704 4.500
 0.704 4.500
 0.704 4.500
 0.704 4.500
 0.704 4.500
 0.464 4.493
 0.424 4.485
 0.394 4.478
 0.381 4.470
 0.522 4.463
 0.522 4.463
 0.522 4.463
 0.522 4.463
 0.522 4.463
 0.522 4.463
 0.522 4.463
 0.522 4.463
 0.522 4.463
 0.522 4.463
 0.522 4.463
 0.522 4.463
 0.522 4.463
 0.522 4.463
 0.522 4.463
 0.522 4.463
 0.522 4.463
 0.522 4.463
 0.522 4.463
 0.522 4.463
 0.522 4.463
 0.522 4.463
 0.522 4.463
 0.522 4.463
 0.408 4.455
 0.496 4.448
 0.545 4.440
 0.557 4.433
 0.545 4.425
 0.545 4.425
 0.545 4.425
 0.545 4.425
 0.545 4.425
 0.545 4.425
 0.545 4.425
 0.545 4.425
 0.545 4.425
 0.545 4.425
 0.545 4.425
 0.545 4.425
 0.545 4.425
 0.545 4.425
 0.545 4.425
 0.545 4.425
 0.545 4.425
 0.545 4.425
 0.545 4.425
 0.545 4.425
 0.545 4.425
 0.545 4.425
 0.545 4.425
 0.545 4.425
 0.545 4.425
 0.545 4.425
 0.545 4.425
 0.545 4.425
 0.545 4.425
 0.545 4.425
 0.545 4.425
 0.545 4.425
 0.545 4.425
 0.545 4.425
 0.545 4.425
 0.545 4.425
 0.545 4.425
 0.545 4.425
 0.545 4.425
 0.545 4.425
 0.545 4.425
 0.545 4.425
 0.545 4.425
 0.545 4.425
 0.545 4.425
 0.545 4.425
 0.545 4.425
 0.545 4.425
 0.545 4.425
 0.545 4.425
 0.545 4.425
 0.545 4.425
 0.545 4.425
 0.545 4.425
 0.329 0.496
 0.287 0.496
 0.287 0.495
 0.303 0.495
 0.303 0.494
 0.303 0.494
 0.303 0.494
 0.303 0.494
 0.303 0.494
 0.303 0.494
 0.303 0.494
 0.303 0.494
 0.303 0.494
 0.303 0.494
 0.303 0.494
 0.303 0.494
 0.303 0.494
 0.303 0.494
 0.303 0.494
 0.303 0.494
 0.303 0.494
 0.303 0.494
 0.303 0.494
 0.303 0.494
 0.303 0.494
 0.303 0.494
 0.303 0.494
 0.303 0.494
 0.452 0.494
 0.452 0.493
 0.500 0.493
 0.452 0.492
 0.500 0.492
 0.500 0.492
 0.500 0.492
 0.500 0.492
 0.500 0.492
 0.500 0.492
 0.500 0.492
 0.500 0.492
 0.500 0.492
 0.500 0.492
 0.500 0.492
 0.500 0.492
 0.500 0.492
 0.500 0.492
 0.500 0.492
 0.500 0.492
 0.500 0.492
 0.500 0.492
 0.500 0.492
 0.500 0.492
 0.500 0.492
 0.500 0.492
 0.500 0.492
 0.500 0.492
 0.784 0.491
 0.748 0.491
 0.720 0.490
 0.811 0.490
 0.782 0.490
 0.782 0.490
 0.782 0.490
 0.782 0.490
 0.782 0.490
 0.782 0.490
 0.782 0.490
 0.782 0.490
 0.782 0.490
 0.782 0.490
 0.782 0.490
 0.782 0.490
 0.782 0.490
 0.782 0.490
 0.782 0.490
 0.782 0.490
 0.782 0.490
 0.782 0.490
 0.782 0.490
 0.782 0.490
 0.782 0.490
 0.782 0.490
 0.782 0.490
 0.782 0.490
 0.907 0.489
 0.872 0.489
 0.929 0.488
 0.929 0.488
 0.954 0.487
 0.954 0.487
 0.954 0.487
 0.954 0.487
 0.954 0.487
 0.954 0.487
 0.954 0.487
 0.954 0.487
 0.954 0.487
 0.954 0.487
 0.954 0.487
 0.954 0.487
 0.954 0.487
 0.954 0.487
 0.954 0.487
 0.954 0.487
 0.954 0.487
 0.954 0.487
 0.954 0.487
 0.954 0.487
 0.954 0.487
 0.954 0.487
 0.954 0.487
 0.954 0.487
 1.194 0.487
 1.194 0.486
 1.233 0.486
 1.083 0.486
 1.087 0.485
 1.087 0.485
 1.087 0.485
 1.087 0.485
 1.087 0.485
 1.087 0.485
 1.087 0.485
 1.087 0.485
 1.087 0.485
 1.087 0.485
 1.087 0.485
 1.087 0.485
 1.087 0.485
 1.087 0.485
 1.087 0.485
 1.087 0.485
 1.087 0.485
 1.087 0.485
 1.087 0.485
 1.087 0.485
 1.087 0.485
 1.087 0.485
 1.087 0.485
 1.087 0.485
 1.285 0.485
 1.285 0.484
 1.250 0.484
 1.186 0.483
 1.231 0.483
 1.231 0.483
 1.231 0.483
 1.231 0.483
 1.231 0.483
 1.231 0.483
 1.231 0.483
 1.231 0.483
 1.231 0.483
 1.231 0.483
 1.231 0.483
 1.231 0.483
 1.231 0.483
 1.231 0.483
 1.231 0.483
 1.231 0.483
 1.231 0.483
 1.231 0.483
 1.231 0.483
 1.231 0.483
 1.231 0.483
 1.231 0.483
 1.231 0.483
 1.231 0.483
 1.501 0.482
 1.588 0.482
 1.588 0.482
 1.636 0.481
 1.549 0.481
 1.549 0.481
 1.549 0.481
 1.549 0.481
 1.549 0.481
 1.549 0.481
 1.549 0.481
 1.549 0.481
 1.549 0.481
 1.549 0.481
 1.549 0.481
 1.549 0.481
 1.549 0.481
 1.549 0.481
 1.549 0.481
 1.549 0.481
 1.549 0.481
 1.549 0.481
 1.549 0.481
 1.549 0.481
 1.549 0.481
 1.549 0.481
 1.549 0.481
 1.549 0.481
 1.833 0.480
 1.779 0.480
 1.760 0.479
 1.779 0.479
 1.779 0.479
 1.779 0.479
 1.779 0.479
 1.779 0.479
 1.779 0.479
 1.779 0.479
 1.779 0.479
 1.779 0.479
 1.779 0.479
 1.779 0.479
 1.779 0.479
 1.779 0.479
 1.779 0.479
 1.779 0.479
 1.779 0.479
 1.779 0.479
 1.779 0.479
 1.779 0.479
 1.779 0.479
 1.779 0.479
 1.779 0.479
 1.779 0.479
 1.779 0.479
 1.779 0.479
 2.020 0.478
 2.076 0.478
 1.998 0.477
 2.054 0.477
 2.054 0.476
 2.054 0.476
 2.054 0.476
 2.054 0.476
 2.054 0.476
 2.054 0.476
 2.054 0.476
 2.054 0.476
 2.054 0.476
 2.054 0.476
 2.054 0.476
 2.054 0.476
 2.054 0.476
 2.054 0.476
 2.054 0.476
 2.054 0.476
 2.054 0.476
 2.054 0.476
 2.054 0.476
 2.054 0.476
 2.054 0.476
 2.054 0.476
 2.054 0.476
 2.054 0.476
 2.393 0.476
 2.393 0.476
 2.251 0.475
 2.311 0.475
 2.311 0.474
 2.311 0.474
 2.311 0.474
 2.311 0.474
 2.311 0.474
 2.311 0.474
 2.311 0.474
 2.311 0.474
 2.311 0.474
 2.311 0.474
 2.311 0.474
 2.311 0.474
 2.311 0.474
 2.311 0.474
 2.311 0.474
 2.311 0.474
 2.311 0.474
 2.311 0.474
 2.311 0.474
 2.311 0.474
 2.311 0.474
 2.311 0.474
 2.311 0.474
 2.311 0.474
 2.724 0.474
 2.645 0.473
 2.707 0.473
 2.609 0.473
 2.576 0.472
 2.576 0.472
 2.576 0.472
 2.576 0.472
 2.576 0.472
 2.576 0.472
 2.576 0.472
 2.576 0.472
 2.576 0.472
 2.576 0.472
 2.576 0.472
 2.576 0.472
 2.576 0.472
 2.576 0.472
 2.576 0.472
 2.576 0.472
 2.576 0.472
 2.576 0.472
 2.576 0.472
 2.576 0.472
 2.576 0.472
 2.576 0.472
 2.576 0.472
 2.576 0.472
 2.932 2.515
 2.932 2.510
 2.866 2.505
 2.932 2.500
 2.967 2.495
 2.967 2.495
 2.967 2.495
 2.967 2.495
 2.967 2.495
 2.967 2.495
 2.967 2.495
 2.967 2.495
 2.967 2.495
 2.967 2.495
 2.967 2.495
 2.967 2.495
 2.967 2.495
 2.967 2.495
 2.967 2.495
 2.967 2.495
 2.967 2.495
 2.967 2.495
 2.967 2.495
 2.967 2.495
 2.967 2.495
 2.967 2.495
 2.967 2.495
 2.967 2.495
 2.900 2.491
 3.035 2.486
 2.912 2.481
 2.845 2.476
 3.104 2.471
 3.104 2.471
 3.104 2.471
 3.104 2.471
 3.104 2.471
 3.104 2.471
 3.104 2.471
 3.104 2.471
 3.104 2.471
 3.104 2.471
 3.104 2.471
 3.104 2.471
 3.104 2.471
 3.104 2.471
 3.104 2.471
 3.104 2.471
 3.104 2.471
 3.104 2.471
 3.104 2.471
 3.104 2.471
 3.104 2.471
 3.104 2.471
 3.104 2.471
 3.104 2.471
 3.420 2.466
 3.420 2.462
 3.462 2.457
 3.420 2.452
 3.389 2.447
 3.389 2.447
 3.389 2.447
 3.389 2.447
 3.389 2.447
 3.389 2.447
 3.389 2.447
 3.389 2.447
 3.389 2.447
 3.389 2.447
 3.389 2.447
 3.389 2.447
 3.389 2.447
 3.389 2.447
 3.389 2.447
 3.389 2.447
 3.389 2.447
 3.389 2.447
 3.389 2.447
 3.389 2.447
 3.389 2.447
 3.389 2.447
 3.389 2.447
 3.389 2.447
 3.827 2.443
 3.751 2.438
 3.827 2.433
 3.788 2.428
 3.751 2.424
 3.751 2.424
 3.751 2.424
 3.751 2.424
 3.751 2.424
 3.751 2.424
 3.751 2.424
 3.751 2.424
 3.751 2.424
 3.751 2.424
 3.751 2.424
 3.751 2.424
 3.751 2.424
 3.751 2.424
 3.751 2.424
 3.751 2.424
 3.751 2.424
 3.751 2.424
 3.751 2.424
 3.751 2.424
 3.751 2.424
 3.751 2.424
 3.751 2.424
 3.751 2.424
 3.919 2.419
 3.919 2.414
 3.892 2.410
 3.764 2.405
 3.764 2.400
 3.764 2.400
 3.764 2.400
 3.764 2.400
 3.764 2.400
 3.764 2.400
 3.764 2.400
 3.764 2.400
 3.764 2.400
 3.764 2.400
 3.764 2.400
 3.764 2.400
 3.764 2.400
 3.764 2.400
 3.764 2.400
 3.764 2.400
 3.764 2.400
 3.764 2.400
 3.764 2.400
 3.764 2.400
 3.764 2.400
 3.764 2.400
 3.764 2.400
 3.764 2.400
 4.137 2.396
 3.980 2.391
 4.178 2.386
 4.137 2.382
 4.178 2.377
 4.178 2.377
 4.178 2.377
 4.178 2.377
 4.178 2.377
 4.178 2.377
 4.178 2.377
 4.178 2.377
 4.178 2.377
 4.178 2.377
 4.178 2.377
 4.178 2.377
 4.178 2.377
 4.178 2.377
 4.178 2.377
 4.178 2.377
 4.178 2.377
 4.178 2.377
 4.178 2.377
 4.178 2.377
 4.178 2.377
 4.178 2.377
 4.178 2.377
 4.178 2.377
 4.584 2.373
 4.543 2.368
 4.501 2.363
 4.354 2.359
 4.386 2.354
 4.386 2.354
 4.386 2.354
 4.386 2.354
 4.386 2.354
 4.386 2.354
 4.386 2.354
 4.386 2.354
 4.386 2.354
 4.386 2.354
 4.386 2.354
 4.386 2.354
 4.386 2.354
 4.386 2.354
 4.386 2.354
 4.386 2.354
 4.386 2.354
 4.386 2.354
 4.386 2.354
 4.386 2.354
 4.386 2.354
 4.386 2.354
 4.386 2.354
 4.386 2.354
 4.668 2.350
 4.725 2.345
 4.945 2.341
 4.975 2.336
 4.892 2.332
 4.892 2.332
 4.892 2.332
 4.892 2.332
 4.892 2.332
 4.892 2.332
 4.892 2.332
 4.892 2.332
 4.892 2.332
 4.892 2.332
 4.892 2.332
 4.892 2.332
 4.892 2.332
 4.892 2.332
 4.892 2.332
 4.892 2.332
 4.892 2.332
 4.892 2.332
 4.892 2.332
 4.892 2.332
 4.892 2.332
 4.892 2.332
 4.892 2.332
 4.892 2.332
 5.229 2.327
 5.171 2.323
 5.116 2.318
 5.011 2.314
 4.971 2.309
 4.971 2.309
 4.971 2.309
 4.971 2.309
 4.971 2.309
 4.971 2.309
 4.971 2.309
 4.971 2.309
 4.971 2.309
 4.971 2.309
 4.971 2.309
 4.971 2.309
 4.971 2.309
 4.971 2.309
 4.971 2.309
 4.971 2.309
 4.971 2.309
 4.971 2.309
 4.971 2.309
 4.971 2.309
 4.971 2.309
 4.971 2.309
 4.971 2.309
 4.971 2.309
