Thread[Thread-1,5,main] 0 0 0 17292 17292 20 20 
 42244 0 0 17292 17292 20 20 
 84486 0 0 17292 17292 20 20 
 126726 0 0 17292 17292 20 20 
 168966 0 0 17292 17292 20 20 
 211208 0 0 17292 17292 20 20 
 253450 0 0 17292 17292 20 20 
 295690 0 0 17292 17292 20 20 
 337932 0 0 17292 17292 20 20 
 380174 0 0 397462 380170 380176 380156 
 464658 0 0 397462 380170 380176 380156 
 549142 0 0 397462 380170 380176 380156 
 633624 0 0 397462 380170 380176 380156 
 718108 0 0 397462 380170 380176 380156 
 802592 0 0 397462 380170 380176 380156 
 887076 0 0 904364 506902 887080 506904 
 971560 0 0 904364 506902 887080 506904 
 1056044 0 0 904364 506902 887080 506904 
 1140528 0 0 904364 506902 887080 506904 
 1225014 0 0 904364 506902 887080 506904 
 1309494 0 0 904364 506902 887080 506904 
 1393978 0 0 904364 506902 887080 506904 
 1478462 0 0 904364 506902 887080 506904 
 1562946 0 0 904364 506902 887080 506904 
 1647430 0 0 904364 506902 887080 506904 
 1774154 0 0 904364 506902 887080 506904 
 1858638 0 0 904364 506902 887080 506904 
 1943120 0 0 904364 506902 887080 506904 
 2027604 2029540 1125176 904364 506902 887080 506904 
 2070042 2029540 1125176 904364 506902 887080 506904 
 2112108 2029540 1125176 904364 506902 887080 506904 
 2154524 2029540 1125176 2171618 142078 2154526 1267446 
 2196572 2029540 1125176 2171618 142078 2154526 1267446 
 2239008 2029540 1125176 2171618 142078 2154526 1267446 
 2281054 2029540 1125176 2171618 142078 2154526 1267446 
 2323492 2029540 1125176 2171618 142078 2154526 1267446 
 2365538 2029540 1125176 2171618 142078 2154526 1267446 
 2407974 2029540 1125176 2171618 142078 2154526 1267446 
 2450020 2029540 1125176 2171618 142078 2154526 1267446 
 2492460 2029540 1125176 2171618 142078 2154526 1267446 
 2534504 2029540 1125176 2171618 142078 2154526 1267446 
 2576758 2029540 1125176 2171618 142078 2154526 1267446 
 2619182 2029540 1125176 2171618 142078 2154526 1267446 
 2661230 2029540 1125176 2678726 507108 2661232 506706 
 2703668 2029540 1125176 2678726 507108 2661232 506706 
 2745714 2029540 1125176 2678726 507108 2661232 506706 
 2787968 2029540 1125176 2678726 507108 2661232 506706 
 2830392 2029540 1125176 2678726 507108 2661232 506706 
 2872440 2029540 1125176 2678726 507108 2661232 506706 
 2914694 2029540 1125176 2678726 507108 2661232 506706 
 2956936 2029540 1125176 2678726 507108 2661232 506706 
 2999178 2029540 1125176 2678726 507108 2661232 506706 
 3041420 2029540 1125176 2678726 507108 2661232 506706 
 3083662 2029540 1125176 2678726 507108 2661232 506706 
 3125916 2029540 1125176 2678726 507108 2661232 506706 
 3168134 2029540 1125176 2678726 507108 2661232 506706 
 3210376 2029540 1125176 2678726 507108 2661232 506706 
 3252618 2029540 1125176 2678726 507108 2661232 506706 
 3294860 2029540 1125176 3312150 633424 3294864 633632 
 3337306 2029540 1125176 3312150 633424 3294864 633632 
 3379344 2029540 1125176 3312150 633424 3294864 633632 
 3421790 2029540 1125176 3312150 633424 3294864 633632 
 3463828 2029540 1125176 3312150 633424 3294864 633632 
 3506274 2029540 1125176 3312150 633424 3294864 633632 
 3548312 2029540 1125176 3312150 633424 3294864 633632 
 3590752 2029540 1125176 3312150 633424 3294864 633632 
 3632796 2029540 1125176 3312150 633424 3294864 633632 
 3675240 2029540 1125176 3312150 633424 3294864 633632 
 3717280 2029540 1125176 3312150 633424 3294864 633632 
 3759726 2029540 1125176 3312150 633424 3294864 633632 
 3801764 3803758 491608 3312150 633424 3294864 633632 
 3844208 3803758 491608 3312150 633424 3294864 633632 
 3886248 3803758 491608 3312150 633424 3294864 633632 
 3928490 3803758 491608 3945778 142020 3928492 633628 
 3970930 3803758 491608 3945778 142020 3928492 633628 
 4012972 3803758 491608 3945778 142020 3928492 633628 
 4055236 3803758 491608 3945778 142020 3928492 633628 
 4097456 3803758 491608 3945778 142020 3928492 633628 
 4139698 3803758 491608 3945778 142020 3928492 633628 
 4308840 3803758 491608 3945778 142020 3928492 633628 
 4350932 3803758 491608 3945778 142020 3928492 633628 
 4393174 3803758 491608 3945778 142020 3928492 633628 
 4435412 3803758 491608 4452708 506930 4435416 506924 
 4477832 3803758 491608 4452708 506930 4435416 506924 
 4519876 3803758 491608 4452708 506930 4435416 506924 
 4562142 3803758 491608 4452708 506930 4435416 506924 
 4604554 3803758 491608 4452708 506930 4435416 506924 
 4646602 3803758 491608 4452708 506930 4435416 506924 
 4688862 3803758 491608 4452708 506930 4435416 506924 
 4731104 3803758 491608 4452708 506930 4435416 506924 
 4773346 3803758 491608 4452708 506930 4435416 506924 
 4815764 3803758 491608 4452708 506930 4435416 506924 
 4857810 3803758 491608 4452708 506930 4435416 506924 
 4900072 3803758 491608 4452708 506930 4435416 506924 
 4942314 3803758 491608 4452708 506930 4435416 506924 
 4984556 3803758 491608 4452708 506930 4435416 506924 
 5026974 3803758 491608 4452708 506930 4435416 506924 
 5069020 3803758 491608 5084388 631680 5069048 633632 
 5111456 3803758 491608 5084388 631680 5069048 633632 
 5153504 3803758 491608 5084388 631680 5069048 633632 
 5195764 3803758 491608 5084388 631680 5069048 633632 
 5238008 3803758 491608 5084388 631680 5069048 633632 
 5280250 3803758 491608 5084388 631680 5069048 633632 
 5322490 3803758 491608 5084388 631680 5069048 633632 
 5364734 3803758 491608 5084388 631680 5069048 633632 
 5406968 3803758 491608 5084388 631680 5069048 633632 
 5449218 3803758 491608 5466692 382304 5449220 380172 
 5491638 3803758 491608 5466692 382304 5449220 380172 
 5533682 3803758 491608 5466692 382304 5449220 380172 
 5575944 3803758 491608 5466692 382304 5449220 380172 
 5618178 3803758 491608 5466692 382304 5449220 380172 
 5660418 3803758 491608 5466692 382304 5449220 380172 
 5702844 3803758 491608 5466692 382304 5449220 380172 
 5744888 3803758 491608 5466692 382304 5449220 380172 
 5787150 3803758 491608 5466692 382304 5449220 380172 
 5829392 3803758 491608 5466692 382304 5449220 380172 
 5871810 3803758 491608 5888902 422210 5871814 422594 
 5913856 3803758 491608 5888902 422210 5871814 422594 
 5956294 5964822 75920 5888902 422210 5871814 422594 
 5998364 5964822 75920 5888902 422210 5871814 422594 
 6040602 5964822 75920 5888902 422210 5871814 422594 
 6082848 5964822 75920 5888902 422210 5871814 422594 
 6125086 5964822 75920 5888902 422210 5871814 422594 
 6167328 5964822 75920 5888902 422210 5871814 422594 
 6209570 5964822 75920 5888902 422210 5871814 422594 
 6251812 5964822 75920 5888902 422210 5871814 422594 
 6294054 5964822 75920 5888902 422210 5871814 422594 
 6336296 5964822 75920 5888902 422210 5871814 422594 
 6378538 5964822 75920 5888902 422210 5871814 422594 
 6420782 5964822 75920 5888902 422210 5871814 422594 
 6463026 5964822 75920 5888902 422210 5871814 422594 
 6505266 5964822 75920 6522744 557922 6505268 633454 
 6547686 5964822 75920 6522744 557922 6505268 633454 
 6589756 5964822 75920 6522744 557922 6505268 633454 
 6631992 5964822 75920 6522744 557922 6505268 633454 
 6674234 5964822 75920 6522744 557922 6505268 633454 
 6716480 5964822 75920 6522744 557922 6505268 633454 
 6758722 5964822 75920 6522744 557922 6505268 633454 
 6800960 5964822 75920 6522744 557922 6505268 633454 
 6843202 5964822 75920 6522744 557922 6505268 633454 
 6885448 5964822 75920 6522744 557922 6505268 633454 
 6927684 5964822 75920 6522744 557922 6505268 633454 
 6969928 5964822 75920 6522744 557922 6505268 633454 
 7012170 5964822 75920 6522744 557922 6505268 633454 
 7054412 5964822 75920 6522744 557922 6505268 633454 
 7096654 5964822 75920 6522744 557922 6505268 633454 
 7138898 5964822 75920 7156372 633628 7138900 633632 
 7181314 5964822 75920 7156372 633628 7138900 633632 
 7223384 5964822 75920 7156372 633628 7138900 633632 
 7265622 5964822 75920 7156372 633628 7138900 633632 
 7307864 5964822 75920 7156372 633628 7138900 633632 
 7350108 5964822 75920 7156372 633628 7138900 633632 
 7392348 5964822 75920 7156372 633628 7138900 633632 
 7434590 5964822 75920 7156372 633628 7138900 633632 
 7476832 5964822 75920 7156372 633628 7138900 633632 
 7519074 5964822 75920 7156372 633628 7138900 633632 
 7561316 5964822 75920 7156372 633628 7138900 633632 
 7603552 5964822 75920 7156372 633628 7138900 633632 
 7645800 5964822 75920 7156372 633628 7138900 633632 
 7688044 5964822 75920 7156372 633628 7138900 633632 
 7730278 5964822 75920 7156372 633628 7138900 633632 
 7772528 5964822 75920 7787878 631506 7772532 633632 
 7814944 5964822 75920 7787878 631506 7772532 633632 
 7857014 5964822 75920 7787878 631506 7772532 633632 
 7899254 5964822 75920 7787878 631506 7772532 633632 
 7941496 5964822 75920 7787878 631506 7772532 633632 
 7983730 5964822 75920 7787878 631506 7772532 633632 
 8025980 5964822 75920 7787878 631506 7772532 633632 
 8068398 5964822 75920 7787878 631506 7772532 633632 
 8110468 5964822 75920 8125814 337936 8110470 337938 
 8152884 5964822 75920 8125814 337936 8110470 337938 
 8194928 5964822 75920 8125814 337936 8110470 337938 
 8237190 5964822 75920 8125814 337936 8110470 337938 
 8279432 5964822 75920 8125814 337936 8110470 337938 
 8321674 5964822 75920 8125814 337936 8110470 337938 
 8363918 5964822 75920 8125814 337936 8110470 337938 
 8406158 5964822 75920 8125814 337936 8110470 337938 
 8448392 5964822 75920 8125814 337936 8110470 337938 
 8490646 5964822 75920 8125814 337936 8110470 337938 
 8532888 5964822 75920 8125814 337936 8110470 337938 
 8575130 8576918 451104 8125814 337936 8110470 337938 
 8617550 8619872 42954 8125814 337936 8110470 337938 
 8659592 8661408 41536 8125814 337936 8110470 337938 
 8702030 8661408 41536 8125814 337936 8110470 337938 
 8744076 8661408 41536 8761390 99982 8744106 633636 
 8786514 8661408 41536 8761390 99982 8744106 633636 
 8828578 8661408 41536 8761390 99982 8744106 633636 
 8870814 8661408 41536 8761390 99982 8744106 633636 
 8913236 8661408 41536 8761390 99982 8744106 633636 
 8955302 8661408 41536 8761390 99982 8744106 633636 
 8997538 8661408 41536 8761390 99982 8744106 633636 
 9039966 8661408 41536 8761390 99982 8744106 633636 
 9082026 8661408 41536 8761390 99982 8744106 633636 
 9124260 8661408 41536 8761390 99982 8744106 633636 
 9166502 8661408 41536 8761390 99982 8744106 633636 
 9208752 8661408 41536 8761390 99982 8744106 633636 
 9250992 9252776 491386 8761390 99982 8744106 633636 
 9293414 9252776 491386 8761390 99982 8744106 633636 
 9335456 9252776 491386 8761390 99982 8744106 633636 
 9377698 9252776 491386 9394986 142210 9377728 633622 
 9420146 9252776 491386 9394986 142210 9377728 633622 
 9462182 9252776 491386 9394986 142210 9377728 633622 
 9504624 9252776 491386 9394986 142210 9377728 633622 
 9546666 9252776 491386 9394986 142210 9377728 633622 
 9588908 9252776 491386 9394986 142210 9377728 633622 
 9631150 9252776 491386 9394986 142210 9377728 633622 
 9673392 9252776 491386 9394986 142210 9377728 633622 
 9715658 9252776 491386 9394986 142210 9377728 633622 
 9757876 9252776 491386 9394986 142210 9377728 633622 
 9800142 9252776 491386 9394986 142210 9377728 633622 
 9842384 9252776 491386 9394986 142210 9377728 633622 
 9884626 9252776 491386 9394986 142210 9377728 633622 
 9926868 9252776 491386 9394986 142210 9377728 633622 
 9969110 9252776 491386 9394986 142210 9377728 633622 
 10011354 9252776 491386 10028644 633658 10011356 633628 
 10053772 9252776 491386 10028644 633658 10011356 633628 
 10095812 9252776 491386 10028644 633658 10011356 633628 
 10138256 9252776 491386 10028644 633658 10011356 633628 
 10180296 9252776 491386 10028644 633658 10011356 633628 
 10222742 9252776 491386 10028644 633658 10011356 633628 
 10264782 9252776 491386 10028644 633658 10011356 633628 
 10307226 9252776 491386 10028644 633658 10011356 633628 
 10349266 9252776 491386 10028644 633658 10011356 633628 
 10391708 9252776 491386 10028644 633658 10011356 633628 
 10433750 9252776 491386 10028644 633658 10011356 633628 
