Thread[Thread-1,5,main] 0.000 0.000
 325.442 330.599
 290.351 314.880
 257.126 313.462
 237.723 312.060
 220.639 310.674
 205.758 309.303
 189.766 307.947
 184.177 306.607
 183.384 305.280
 181.074 303.969
 185.641 302.671
 201.270 301.388
 209.106 300.118
 231.582 298.863
 262.159 297.620
 288.304 296.391
 312.964 319.894
 243.937 317.430
 192.116 314.983
 142.764 311.949
 104.104 308.941
 74.132 305.960
 52.583 303.005
 33.211 300.076
 22.229 297.174
 14.596 294.297
 11.440 291.445
 10.636 288.619
 14.496 285.818
 18.293 283.043
 25.945 280.292
 34.861 277.566
 44.824 46.549
 45.175 46.220
 41.610 45.893
 34.903 45.487
 30.636 45.085
 26.916 44.685
 22.226 44.288
 19.336 43.894
 18.459 43.581
 15.216 43.193
 13.937 42.807
 12.446 42.425
 11.094 42.045
 9.526 41.668
 8.784 41.294
 7.898 40.923
 7.611 7.790
 6.688 7.737
 5.800 7.684
 4.966 7.619
 4.320 7.555
 3.355 7.492
 3.746 7.429
 3.038 7.367
 2.792 7.306
 2.382 7.245
 1.636 7.186
 1.225 7.126
 1.069 7.068
 0.975 7.010
 0.841 6.954
 0.620 6.897
 0.384 0.414
 0.414 0.413
 0.163 0.411
 0.070 0.410
 0.092 0.408
 0.287 0.406
 0.395 0.405
 0.628 0.403
 0.964 0.402
 0.837 0.400
 1.308 0.398
 1.356 0.397
 1.546 0.395
 2.015 0.394
 1.983 2.157
 1.995 2.135
 2.101 2.114
 2.123 2.093
 2.222 2.072
 2.161 2.056
 2.255 2.036
 2.161 2.015
 2.235 1.995
 2.182 1.976
 2.136 1.956
 2.064 1.937
 2.161 1.917
 2.233 1.902
 2.101 1.883
 2.333 1.868
 2.123 1.850
 1.984 2.229
 2.211 2.207
 2.045 2.186
 1.962 2.165
 1.827 2.148
 2.019 2.127
 1.598 2.111
 1.588 2.091
 1.588 2.074
 1.480 2.054
 1.684 2.035
 1.575 2.015
 1.485 1.996
 1.623 1.420
 1.506 1.407
 1.501 1.394
 1.805 1.381
 1.430 1.368
 1.474 1.355
 1.719 1.345
 1.648 1.333
 1.576 1.323
 1.648 1.311
 1.549 1.299
 1.752 1.289
 1.648 1.277
 1.523 1.268
 1.555 1.724
 1.743 1.710
 1.605 1.694
 1.448 1.681
 1.625 1.664
 1.727 1.648
 1.652 1.632
 1.729 1.617
 1.690 1.604
 1.555 1.589
 1.750 1.574
 1.855 1.562
 1.574 1.547
 1.625 1.532
 1.652 1.517
 1.574 1.503
 1.802 1.491
 1.474 1.477
 1.797 1.463
 1.588 1.452
 1.598 1.438
 1.827 1.425
 1.705 1.411
 1.690 1.398
 1.802 1.632
 1.760 1.616
 1.856 1.601
 1.827 1.589
 1.625 1.573
 1.488 1.561
 1.392 1.547
 1.501 1.535
 1.430 1.520
 1.366 1.506
 1.498 1.492
 1.430 1.478
 1.363 1.464
 1.348 1.450
 1.300 1.436
 1.250 1.394
 1.392 1.381
 1.378 1.368
 1.538 1.357
 1.495 1.345
 1.304 1.332
 1.392 1.319
 1.304 1.307
 1.396 1.295
 1.410 1.283
 1.392 1.271
 1.348 1.259
 1.378 1.247
 1.504 1.236
 1.598 1.224
 1.650 1.594
 1.718 1.582
 1.718 1.566
 1.759 1.551
 1.962 1.538
 1.979 1.523
 2.271 1.511
 2.192 1.496
 2.006 1.484
 2.475 1.469
 2.251 1.458
 2.335 1.443
 2.221 1.432
 2.914 1.418
 2.412 1.406
 2.583 1.392
 2.505 2.558
 2.583 2.538
 2.379 2.514
 2.461 2.489
 2.045 2.465
 2.103 2.446
 1.958 2.423
 1.989 2.399
 1.855 2.376
 1.719 2.353
 1.538 2.335
 1.310 2.313
 1.527 2.291
 1.384 2.269
 1.436 2.247
 1.272 2.230
 1.125 2.209
 1.043 2.192
 1.189 2.171
 0.918 2.151
 1.027 2.130
 0.982 2.110
 0.800 2.090
 0.706 2.071
 0.698 0.697
 0.836 0.690
 0.918 0.683
 1.043 0.677
 1.003 0.670
 1.319 0.663
 1.196 0.657
 1.495 0.650
 1.440 0.644
