Thread[Thread-1,5,main] 0.000 0.000 0 0 0 0 0 
 326.652 330.599 42244 0 0 17304 17304 
 289.781 316.291 84486 0 0 17304 17304 
 260.054 315.143 126728 0 0 17304 17304 
 246.113 314.004 168968 0 0 17304 17304 
 225.220 312.876 211210 0 0 17304 17304 
 214.863 311.758 253450 0 0 17304 17304 
 199.811 310.651 295692 0 0 17304 17304 
 185.883 309.552 337932 0 0 17304 17304 
 185.197 308.464 380174 0 0 17304 17304 
 182.996 307.385 422416 0 0 397476 380172 
 170.750 182.641 464658 0 0 397476 380172 
 150.111 181.862 506900 0 0 397476 380172 
 127.021 181.085 549142 0 0 397476 380172 
 113.138 180.310 591384 0 0 397476 380172 
 97.982 179.537 633626 0 0 397476 380172 
 86.603 178.765 675868 0 0 397476 380172 
 78.250 177.996 718110 0 0 397476 380172 
 66.805 177.228 760352 0 0 397476 380172 
 59.442 176.462 802594 0 0 397476 380172 
 54.746 175.697 844838 0 0 397476 380172 
 49.535 174.935 887078 0 0 862138 464662 
 40.553 48.341 929318 0 0 862138 464662 
 30.173 47.990 971560 0 0 862138 464662 
 22.416 47.642 1013802 0 0 862138 464662 
 16.550 47.296 1056044 0 0 862138 464662 
 11.437 46.952 1098286 0 0 862138 464662 
 7.941 46.610 1140528 0 0 862138 464662 
 5.772 46.270 1182768 0 0 862138 464662 
 4.135 45.932 1225010 0 0 862138 464662 
 3.240 45.597 1267252 0 0 862138 464662 
 2.946 45.264 1309494 0 0 862138 464662 
 2.676 44.932 1351736 0 0 862138 464662 
 3.358 44.603 1393978 0 0 862138 464662 
 3.377 44.276 1436218 0 0 862138 464662 
 4.587 43.951 1478460 0 0 862138 464662 
 5.601 43.628 1520702 0 0 1495762 633624 
 6.804 6.240 1562944 1523630 1523630 1495762 633624 
 6.779 6.512 1605186 1566104 42474 1495762 633624 
 6.721 6.522 1647428 1609956 43852 1495762 633624 
 6.165 6.482 1689670 1609956 43852 1495762 633624 
 6.772 6.992 1731912 1692792 82836 1495762 633624 
 6.075 6.945 1816396 1692792 82836 1495762 633624 
 5.555 6.898 1900880 1692792 82836 1495762 633624 
 6.079 6.852 1985364 1692792 82836 1495762 633624 
 5.977 6.806 2069850 1692792 82836 1495762 633624 
 5.644 6.760 2154334 1692792 82836 1495762 633624 
 6.156 6.714 2238818 1692792 82836 1495762 633624 
 6.213 6.669 2323302 1692792 82836 1495762 633624 
 6.554 6.469 2407786 2326426 633634 1495762 633624 
 4.928 6.419 2492270 2326426 633634 1495762 633624 
 3.962 6.370 2576754 2326426 633634 1495762 633624 
 3.611 6.321 2661238 2326426 633634 1495762 633624 
 2.753 6.272 2745722 2326426 633634 1495762 633624 
 2.554 6.224 2830206 2326426 633634 1495762 633624 
 1.641 6.176 2914690 2326426 633634 1495762 633624 
 1.346 6.129 2999174 2326426 633634 1495762 633624 
 0.885 6.082 3083658 2326426 633634 1495762 633624 
 0.704 6.036 3168144 2326426 633634 1495762 633624 
 0.522 5.990 3252628 2326426 633634 1495762 633624 
 0.136 5.944 3337112 2326426 633634 1495762 633624 
 0.115 5.899 3421596 2326426 633634 1495762 633624 
 0.034 5.854 3506080 2326426 633634 1495762 633624 
 0.058 5.810 3590564 2326426 633634 1495762 633624 
 0.161 5.766 3675048 2326426 633634 1495762 633624 
 0.254 5.722 3759532 2326426 633634 1495762 633624 
 0.581 5.679 3844016 2326426 633634 1495762 633624 
 0.693 5.636 3928500 2326426 633634 1495762 633624 
 0.859 5.594 4012984 2326426 633634 1495762 633624 
 1.479 5.552 4097468 2326426 633634 1495762 633624 
 1.507 5.510 4181954 2326426 633634 1495762 633624 
 1.912 5.469 4266438 2326426 633634 1495762 633624 
 2.529 5.428 4350922 2326426 633634 1495762 633624 
 3.259 5.387 4435406 2326426 633634 1495762 633624 
 3.412 5.347 4519890 2326426 633634 1495762 633624 
 4.158 5.307 4604374 2326426 633634 1495762 633624 
 4.760 5.268 4688858 2326426 633634 1495762 633624 
 4.614 5.465 4731100 4691992 2365566 1495762 633624 
 5.136 5.446 4815584 4691992 2365566 1495762 633624 
 5.392 5.426 4900068 4691992 2365566 1495762 633624 
 5.879 5.842 4942310 4903230 211238 1495762 633624 
 7.315 7.033 4984552 4945454 42224 1495762 633624 
 6.658 7.004 5069036 4945454 42224 1495762 633624 
 8.017 7.846 5111278 5072144 126690 1495762 633624 
 7.765 7.723 5153520 5118090 45946 1495762 633624 
 7.646 7.839 5195762 5158288 40198 1495762 633624 
 7.118 7.792 5280246 5158288 40198 1495762 633624 
 7.289 7.744 5364732 5158288 40198 1495762 633624 
 7.482 7.697 5449216 5158288 40198 1495762 633624 
 7.818 7.650 5491456 5457928 299640 1495762 633624 
 7.492 7.719 5575942 5494618 36690 1495762 633624 
 6.457 7.659 5660426 5494618 36690 1495762 633624 
 5.368 7.599 5744910 5494618 36690 1495762 633624 
 4.779 7.539 5829394 5494618 36690 1495762 633624 
 4.271 7.480 5913878 5494618 36690 1495762 633624 
 3.830 7.422 5998362 5494618 36690 1495762 633624 
 3.172 7.363 6082846 5494618 36690 1495762 633624 
 3.165 7.306 6167330 5494618 36690 1495762 633624 
 2.632 7.248 6251816 5494618 36690 1495762 633624 
 2.387 7.191 6336298 5494618 36690 1495762 633624 
 2.085 7.135 6420782 5494618 36690 1495762 633624 
 1.979 7.079 6505268 5494618 36690 1495762 633624 
 1.687 7.023 6589752 5494618 36690 1495762 633624 
 1.506 6.968 6674236 5494618 36690 1495762 633624 
 1.122 6.913 6758720 5494618 36690 1495762 633624 
 0.980 6.858 6843204 5494618 36690 1495762 633624 
 0.905 6.804 6927688 5494618 36690 1495762 633624 
 0.581 6.751 7012172 5494618 36690 1495762 633624 
 0.588 6.697 7096656 5494618 36690 1495762 633624 
 0.385 6.645 7181140 5494618 36690 1495762 633624 
 0.343 6.592 7265624 5494618 36690 1495762 633624 
 0.344 6.540 7350108 5494618 36690 1495762 633624 
 0.168 6.488 7434592 5494618 36690 1495762 633624 
 0.211 6.437 7519078 5494618 36690 1495762 633624 
 0.114 6.386 7603562 5494618 36690 1495762 633624 
 0.185 6.336 7688044 5494618 36690 1495762 633624 
 0.200 6.286 7772530 5494618 36690 1495762 633624 
 0.293 6.236 7857014 5494618 36690 1495762 633624 
 0.226 6.187 7941496 5494618 36690 1495762 633624 
 0.147 6.138 8025982 5494618 36690 1495762 633624 
 0.209 6.089 8110466 5494618 36690 1495762 633624 
 0.293 6.041 8152708 5494618 36690 1495762 633624 
 0.449 5.993 8237192 5494618 36690 1495762 633624 
 0.890 5.946 8321676 5494618 36690 1495762 633624 
 0.795 5.898 8406160 5494618 36690 1495762 633624 
 0.755 5.852 8490642 5494618 36690 1495762 633624 
 0.729 5.805 8575126 5494618 36690 1495762 633624 
 1.150 5.759 8659612 5494618 36690 1495762 633624 
 0.890 5.713 8701852 5494618 36690 1495762 633624 
 0.510 5.668 8786338 5494618 36690 1495762 633624 
 0.811 5.623 8870822 5494618 36690 1495762 633624 
 0.943 5.579 8955302 5494618 36690 1495762 633624 
 1.115 5.534 9039788 5494618 36690 1495762 633624 
 0.880 5.490 9124272 5494618 36690 1495762 633624 
 1.196 5.447 9208756 5494618 36690 1495762 633624 
 1.185 5.403 9293238 5494618 36690 1495762 633624 
 1.599 5.361 9335480 5494618 36690 1495762 633624 
 1.445 5.318 9419964 5494618 36690 1495762 633624 
 1.866 5.276 9504446 5494618 36690 1495762 633624 
 1.467 5.234 9588932 5494618 36690 1495762 633624 
 1.492 5.192 9673416 5494618 36690 1495762 633624 
 1.571 5.151 9715658 5494618 36690 1495762 633624 
 1.842 5.110 9800142 5494618 36690 1495762 633624 
 1.527 5.069 9842384 5494618 36690 1495762 633624 
 1.219 5.029 9926868 5494618 36690 1495762 633624 
 1.730 4.989 9969110 5494618 36690 1495762 633624 
 1.613 4.949 10053594 5494618 36690 1495762 633624 
 1.622 4.910 10138076 5494618 36690 1495762 633624 
 1.866 4.871 10222560 5494618 36690 1495762 633624 
 1.831 4.832 10307044 5494618 36690 1495762 633624 
 1.906 4.794 10391528 5494618 36690 1495762 633624 
 2.416 4.756 10476012 5494618 36690 1495762 633624 
 1.945 4.718 10518254 5494618 36690 1495762 633624 
