Thread[Thread-1,5,main] 326.401 330.599 0 0 0 17290 17290 20 20 
 284.553 309.588 42244 0 0 17290 17290 20 20 
 257.287 308.222 84486 0 0 17290 17290 20 20 
 242.148 306.870 126728 0 0 17290 17290 20 20 
 223.668 305.534 168972 0 0 17290 17290 20 20 
 208.199 304.212 211214 0 0 17290 17290 20 20 
 196.301 302.904 253454 0 0 17290 17290 20 20 
 189.275 301.611 295696 0 0 17290 17290 20 20 
 178.874 300.332 337940 0 0 17290 17290 20 20 
 178.060 299.066 380182 0 0 397472 380182 380184 380164 
 163.387 180.403 422424 0 0 397472 380182 380184 380164 
 142.450 179.459 464666 0 0 397472 380182 380184 380164 
 122.348 178.518 506908 0 0 397472 380182 380184 380164 
 103.676 177.579 549150 0 0 397472 380182 380184 380164 
 88.184 176.643 591392 0 0 397472 380182 380184 380164 
 77.844 175.710 633634 0 0 397472 380182 380184 380164 
 65.366 174.779 675876 0 0 397472 380182 380184 380164 
 62.266 173.850 718116 0 0 397472 380182 380184 380164 
 53.445 172.925 760358 0 0 397472 380182 380184 380164 
 46.770 172.001 802600 0 0 397472 380182 380184 380164 
 41.214 171.081 844842 0 0 397472 380182 380184 380164 
 36.778 170.163 887086 0 0 904372 506900 887088 506904 
 28.231 36.059 929326 0 0 904372 506900 887088 506904 
 19.438 35.721 971568 0 0 904372 506900 887088 506904 
 13.226 35.385 1013810 0 0 904372 506900 887088 506904 
 8.471 35.053 1056052 0 0 904372 506900 887088 506904 
 5.400 34.723 1098294 0 0 904372 506900 887088 506904 
 3.134 34.396 1140536 0 0 904372 506900 887088 506904 
 3.197 34.072 1182778 0 0 904372 506900 887088 506904 
 2.091 33.750 1225022 0 0 904372 506900 887088 506904 
 2.063 33.431 1267264 0 0 904372 506900 887088 506904 
 4.077 33.115 1309506 0 0 904372 506900 887088 506904 
 4.820 32.801 1351748 0 0 904372 506900 887088 506904 
 7.227 32.490 1393990 0 0 904372 506900 887088 506904 
 9.706 32.182 1436232 0 0 904372 506900 887088 506904 
 11.564 31.877 1478474 0 0 904372 506900 887088 506904 
 14.534 31.574 1520716 0 0 1538004 633632 1520720 633632 
 15.154 14.843 1562958 0 0 1538004 633632 1520720 633632 
 13.031 14.706 1605200 0 0 1538004 633632 1520720 633632 
 13.190 14.570 1689682 0 0 1538004 633632 1520720 633632 
 12.932 14.435 1774166 0 0 1538004 633632 1520720 633632 
 12.595 14.300 1858650 0 0 1538004 633632 1520720 633632 
 10.918 14.167 1943134 0 0 1538004 633632 1520720 633632 
 11.083 14.036 2027620 0 0 2043112 505108 2027624 506904 
 10.016 10.943 2112102 0 0 2043112 505108 2027624 506904 
 8.730 10.835 2196588 0 0 2043112 505108 2027624 506904 
 7.509 10.728 2281072 0 0 2043112 505108 2027624 506904 
 7.819 10.622 2323314 0 0 2043112 505108 2027624 506904 
 6.322 10.518 2407798 0 0 2043112 505108 2027624 506904 
 5.551 10.414 2450040 0 0 2043112 505108 2027624 506904 
 5.464 10.312 2534524 0 0 2043112 505108 2027624 506904 
 5.198 10.210 2619010 0 0 2636296 593184 2619012 591388 
 3.891 5.156 2661250 0 0 2636296 593184 2619012 591388 
 4.632 5.115 2703492 0 0 2636296 593184 2619012 591388 
 3.741 5.075 2745734 0 0 2636296 593184 2619012 591388 
 3.824 5.035 2787976 0 0 2636296 593184 2619012 591388 
 3.791 4.995 2830218 0 0 2636296 593184 2619012 591388 
 3.695 4.956 2872460 0 0 2636296 593184 2619012 591388 
 3.431 4.918 2914702 0 0 2636296 593184 2619012 591388 
 3.358 4.879 2956944 0 0 2636296 593184 2619012 591388 
 2.752 4.842 2999188 0 0 3016476 380180 2999192 380180 
 2.441 2.832 3041430 0 0 3016476 380180 2999192 380180 
 2.972 2.808 3083670 0 0 3016476 380180 2999192 380180 
 2.684 2.785 3125914 0 0 3016476 380180 2999192 380180 
 3.159 2.762 3168156 0 0 3016476 380180 2999192 380180 
 2.800 2.739 3210398 0 0 3016476 380180 2999192 380180 
 3.292 2.717 3252640 0 0 3016476 380180 2999192 380180 
 3.104 2.694 3294882 0 0 3016476 380180 2999192 380180 
 3.237 2.672 3337124 0 0 3016476 380180 2999192 380180 
 3.407 2.650 3379366 0 0 3016476 380180 2999192 380180 
 3.491 2.629 3463850 0 0 3016476 380180 2999192 380180 
 3.277 2.608 3506092 0 0 3016476 380180 2999192 380180 
 4.013 2.587 3548334 0 0 3016476 380180 2999192 380180 
 4.165 4.015 3632820 3634518 3634518 3016476 380180 3632822 633630 
 3.718 3.985 3675254 3634518 3634518 3016476 380180 3632822 633630 
 4.350 3.956 3717496 3634518 3634518 3016476 380180 3632822 633630 
 3.990 3.926 3759736 3634518 3634518 3016476 380180 3632822 633630 
 4.177 3.897 3801980 3634518 3634518 3016476 380180 3632822 633630 
 4.098 3.868 3844224 3634518 3634518 3016476 380180 3632822 633630 
 4.243 3.840 3886464 3634518 3634518 3016476 380180 3632822 633630 
 3.980 3.811 3928706 3634518 3634518 3016476 380180 3632822 633630 
 3.788 3.783 3970948 3634518 3634518 3016476 380180 3632822 633630 
 4.270 3.756 4013192 3634518 3634518 3016476 380180 3632822 633630 
 4.019 3.728 4055434 3634518 3634518 3016476 380180 3632822 633630 
 4.270 3.701 4097678 3634518 3634518 4114770 1098294 4097680 464858 
 4.098 4.184 4139918 3634518 3634518 4114770 1098294 4097680 464858 
 4.038 4.152 4182164 3634518 3634518 4114770 1098294 4097680 464858 
 3.919 4.120 4224408 3634518 3634518 4114770 1098294 4097680 464858 
 4.165 4.089 4266642 3634518 3634518 4114770 1098294 4097680 464858 
 4.545 4.058 4308884 3634518 3634518 4114770 1098294 4097680 464858 
 4.511 4.027 4351126 3634518 3634518 4114770 1098294 4097680 464858 
 4.871 3.996 4393368 3634518 3634518 4114770 1098294 4097680 464858 
 4.115 3.966 4435610 3634518 3634518 4114770 1098294 4097680 464858 
 4.216 3.936 4477854 3634518 3634518 4114770 1098294 4097680 464858 
 4.728 3.906 4520094 3634518 3634518 4114770 1098294 4097680 464858 
 4.422 3.876 4562338 3634518 3634518 4114770 1098294 4097680 464858 
 4.751 3.847 4604578 3634518 3634518 4114770 1098294 4097680 464858 
 4.725 3.818 4646828 3634518 3634518 4114770 1098294 4097680 464858 
 5.085 3.789 4689070 3634518 3634518 4706158 591388 4689072 591392 
 4.953 5.282 4731306 3634518 3634518 4706158 591388 4689072 591392 
 4.871 5.245 4773550 3634518 3634518 4706158 591388 4689072 591392 
 4.642 5.207 4815790 3634518 3634518 4706158 591388 4689072 591392 
 4.258 5.170 4858032 3634518 3634518 4706158 591388 4689072 591392 
 4.321 5.134 4900274 3634518 3634518 4706158 591388 4689072 591392 
 4.124 5.097 4942516 3634518 3634518 4706158 591388 4689072 591392 
 4.305 5.061 4984760 3634518 3634518 4706158 591388 4689072 591392 
 3.791 5.026 5027000 3634518 3634518 4706158 591388 4689072 591392 
 4.450 4.991 5069244 3634518 3634518 5084572 378414 5069248 380176 
 4.088 4.079 5111486 3634518 3634518 5084572 378414 5069248 380176 
 3.507 4.050 5153726 3634518 3634518 5084572 378414 5069248 380176 
 3.577 4.021 5195968 3634518 3634518 5084572 378414 5069248 380176 
 3.809 3.992 5238212 3634518 3634518 5084572 378414 5069248 380176 
 4.025 3.964 5280454 3634518 3634518 5084572 378414 5069248 380176 
 3.902 3.936 5322696 3634518 3634518 5084572 378414 5069248 380176 
 3.830 3.908 5364936 3634518 3634518 5084572 378414 5069248 380176 
 3.411 3.880 5407178 3634518 3634518 5084572 378414 5069248 380176 
 3.692 3.853 5449422 3634518 3634518 5084572 378414 5069248 380176 
 3.890 3.826 5491662 3634518 3634518 5084572 378414 5069248 380176 
 3.719 3.799 5533906 3634518 3634518 5551000 466428 5533908 464660 
 3.619 3.430 5576150 3634518 3634518 5551000 466428 5533908 464660 
 3.646 3.405 5618390 3634518 3634518 5551000 466428 5533908 464660 
 3.791 3.380 5660630 3634518 3634518 5551000 466428 5533908 464660 
 3.887 3.355 5702872 3634518 3634518 5551000 466428 5533908 464660 
 4.183 3.331 5745114 3634518 3634518 5551000 466428 5533908 464660 
 3.887 3.307 5787356 3634518 3634518 5551000 466428 5533908 464660 
 4.124 3.283 5829594 3634518 3634518 5551000 466428 5533908 464660 
 3.914 3.259 5871838 3634518 3634518 5551000 466428 5533908 464660 
 4.144 3.235 5914082 3634518 3634518 5551000 466428 5533908 464660 
 4.275 3.212 5956320 3634518 3634518 5551000 466428 5533908 464660 
 4.243 3.189 5998566 3634518 3634518 5551000 466428 5533908 464660 
 4.270 3.166 6040808 3634518 3634518 5551000 466428 5533908 464660 
 4.568 3.143 6083048 3634518 3634518 5551000 466428 5533908 464660 
 4.695 4.807 6125290 6127634 2493116 5551000 466428 6125294 591386 
 4.089 4.774 6167532 6127634 2493116 5551000 466428 6125294 591386 
 4.258 4.740 6209774 6127634 2493116 5551000 466428 6125294 591386 
 4.352 4.707 6252016 6127634 2493116 5551000 466428 6125294 591386 
 4.109 4.674 6294260 6127634 2493116 5551000 466428 6125294 591386 
 4.013 4.642 6336504 6127634 2493116 5551000 466428 6125294 591386 
 3.902 4.610 6378744 6127634 2493116 5551000 466428 6125294 591386 
 3.743 4.578 6420986 6127634 2493116 5551000 466428 6125294 591386 
 3.680 4.546 6463230 6127634 2493116 5551000 466428 6125294 591386 
 3.675 4.515 6505472 6127634 2493116 6522564 971564 6505474 380180 
 3.812 3.430 6547710 6127634 2493116 6522564 971564 6505474 380180 
 3.573 3.405 6589954 6127634 2493116 6522564 971564 6505474 380180 
 3.882 3.380 6632196 6127634 2493116 6522564 971564 6505474 380180 
 3.740 3.355 6674438 6127634 2493116 6522564 971564 6505474 380180 
 3.813 3.331 6716680 6127634 2493116 6522564 971564 6505474 380180 
 3.583 3.307 6758922 6127634 2493116 6522564 971564 6505474 380180 
 4.321 3.283 6801164 6127634 2493116 6522564 971564 6505474 380180 
 3.990 3.259 6843408 6127634 2493116 6522564 971564 6505474 380180 
 4.144 3.235 6885650 6127634 2493116 6522564 971564 6505474 380180 
 4.038 3.212 6927890 6127634 2493116 6522564 971564 6505474 380180 
 4.321 3.189 6970132 6127634 2493116 6522564 971564 6505474 380180 
 4.137 3.166 7012376 6127634 2493116 6522564 971564 6505474 380180 
 4.270 4.428 7054616 7057004 929370 6522564 971564 6505474 380180 
 4.216 4.396 7096860 7057004 929370 7112166 589602 7096864 591390 
 4.400 4.430 7139102 7057004 929370 7112166 589602 7096864 591390 
 4.321 4.396 7181344 7057004 929370 7112166 589602 7096864 591390 
 4.460 4.363 7223584 7057004 929370 7112166 589602 7096864 591390 
 4.350 4.330 7265830 7057004 929370 7112166 589602 7096864 591390 
 4.728 4.297 7308070 7057004 929370 7112166 589602 7096864 591390 
 4.270 4.265 7350312 7057004 929370 7112166 589602 7096864 591390 
 4.400 4.233 7392554 7057004 929370 7112166 589602 7096864 591390 
 4.669 4.201 7434796 7057004 929370 7112166 589602 7096864 591390 
 4.137 4.170 7477038 7057004 929370 7112166 589602 7096864 591390 
 4.422 4.138 7519280 7057004 929370 7112166 589602 7096864 591390 
 4.568 4.107 7561522 7057004 929370 7578618 466452 7561526 464662 
 4.589 4.856 7603766 7057004 929370 7578618 466452 7561526 464662 
 4.400 4.820 7646006 7057004 929370 7578618 466452 7561526 464662 
 4.400 4.785 7688250 7057004 929370 7578618 466452 7561526 464662 
 4.592 4.750 7730490 7057004 929370 7578618 466452 7561526 464662 
 4.400 4.715 7772732 7057004 929370 7578618 466452 7561526 464662 
 4.321 4.681 7814974 7057004 929370 7578618 466452 7561526 464662 
 4.833 4.647 7857216 7057004 929370 7578618 466452 7561526 464662 
 4.067 4.613 7899458 7057004 929370 7578618 466452 7561526 464662 
 4.828 4.580 7941702 7057004 929370 7578618 466452 7561526 464662 
 4.400 4.547 7983942 7057004 929370 8001038 422420 7983946 422420 
 4.067 4.420 8026184 7057004 929370 8001038 422420 7983946 422420 
 4.192 4.387 8068424 7057004 929370 8001038 422420 7983946 422420 
 4.243 4.355 8110666 7057004 929370 8001038 422420 7983946 422420 
 4.246 4.323 8152908 7057004 929370 8001038 422420 7983946 422420 
 4.551 4.291 8195152 7057004 929370 8001038 422420 7983946 422420 
 4.038 4.260 8237394 7057004 929370 8001038 422420 7983946 422420 
 4.489 4.229 8279634 7057004 929370 8001038 422420 7983946 422420 
 4.258 4.198 8321876 7057004 929370 8001038 422420 7983946 422420 
 4.454 4.167 8364120 7057004 929370 8001038 422420 7983946 422420 
 4.275 4.137 8406362 7057004 929370 8001038 422420 7983946 422420 
 4.386 4.107 8448604 7057004 929370 8463906 462868 8448606 464660 
 4.616 4.211 8490846 7057004 929370 8463906 462868 8448606 464660 
 4.013 4.180 8533088 7057004 929370 8463906 462868 8448606 464660 
 4.350 4.149 8575330 7057004 929370 8463906 462868 8448606 464660 
 4.177 4.118 8617574 7057004 929370 8463906 462868 8448606 464660 
 4.321 4.088 8659814 7057004 929370 8463906 462868 8448606 464660 
 4.192 4.058 8702056 7057004 929370 8463906 462868 8448606 464660 
 4.243 4.028 8744298 7057004 929370 8463906 462868 8448606 464660 
 4.350 3.998 8786540 7057004 929370 8463906 462868 8448606 464660 
 4.137 3.969 8828784 7057004 929370 8463906 462868 8448606 464660 
 4.648 3.940 8871024 7057004 929370 8463906 462868 8448606 464660 
 4.400 3.911 8913268 7057004 929370 8463906 462868 8448606 464660 
 4.592 3.883 8955510 7057004 929370 8972606 508700 8955512 506906 
 4.374 4.477 8997752 7057004 929370 8972606 508700 8955512 506906 
 4.453 4.443 9039992 7057004 929370 8972606 508700 8955512 506906 
 4.177 4.410 9082230 7057004 929370 8972606 508700 8955512 506906 
 4.223 4.377 9124472 7057004 929370 8972606 508700 8955512 506906 
 4.321 4.344 9166714 7057004 929370 8972606 508700 8955512 506906 
 4.058 4.311 9208954 7057004 929370 8972606 508700 8955512 506906 
 4.270 4.279 9251196 7057004 929370 8972606 508700 8955512 506906 
 4.019 4.247 9293438 7057004 929370 8972606 508700 8955512 506906 
 4.489 4.216 9335680 7057004 929370 8972606 508700 8955512 506906 
 4.270 4.184 9377922 7057004 929370 8972606 508700 8955512 506906 
 3.999 4.153 9420164 7057004 929370 9437258 464652 9420166 464654 
 4.067 4.184 9462404 7057004 929370 9437258 464652 9420166 464654 
 4.270 4.152 9504646 7057004 929370 9437258 464652 9420166 464654 
 4.453 4.120 9546888 7057004 929370 9437258 464652 9420166 464654 
 4.350 4.089 9589132 7057004 929370 9437258 464652 9420166 464654 
 4.675 4.058 9631372 7057004 929370 9437258 464652 9420166 464654 
 4.489 4.027 9673616 7057004 929370 9437258 464652 9420166 464654 
 4.350 3.996 9715856 7057004 929370 9437258 464652 9420166 464654 
 4.675 3.966 9758098 7057004 929370 9437258 464652 9420166 464654 
 4.460 3.936 9800338 7057004 929370 9437258 464652 9420166 464654 
 4.630 3.906 9842580 7057004 929370 9437258 464652 9420166 464654 
 4.833 3.876 9884824 7057004 929370 9437258 464652 9420166 464654 
 4.460 3.847 9927064 7057004 929370 9437258 464652 9420166 464654 
 4.561 3.818 9969308 7057004 929370 9986402 549144 9969310 549144 
 4.892 4.689 10011548 7057004 929370 9986402 549144 9969310 549144 
 4.511 4.654 10053788 7057004 929370 9986402 549144 9969310 549144 
 4.758 4.619 10096032 7057004 929370 9986402 549144 9969310 549144 
 4.758 4.585 10138276 7057004 929370 9986402 549144 9969310 549144 
 4.568 4.551 10180518 7057004 929370 9986402 549144 9969310 549144 
 4.350 4.517 10222758 7057004 929370 9986402 549144 9969310 549144 
 4.871 4.483 10265000 7057004 929370 9986402 549144 9969310 549144 
 4.460 4.450 10307240 7057004 929370 9986402 549144 9969310 549144 
 4.400 4.417 10349482 7057004 929370 9986402 549144 9969310 549144 
 4.350 4.384 10391724 7057004 929370 10408820 422418 10391728 422418 
 4.400 4.527 10433968 7057004 929370 10408820 422418 10391728 422418 
 3.864 4.493 10476212 7057004 929370 10408820 422418 10391728 422418 
 4.592 4.459 10518450 7057004 929370 10408820 422418 10391728 422418 
