Thread[Thread-1,5,main] 5.847 5.229 326.050 332.099 0 0 0 17290 17290 18 18 
 7.094 5.343 287.174 317.508 42432 0 0 17290 17290 18 18 
 8.238 5.412 258.358 316.078 84506 0 0 17290 17290 18 18 
 9.428 5.526 240.199 314.945 126916 0 0 17290 17290 18 18 
 10.378 5.698 221.770 313.543 168964 0 0 17290 17290 18 18 
 11.431 5.927 215.200 312.432 211396 0 0 17290 17290 18 18 
 12.426 6.213 205.317 311.058 253448 0 0 17290 17290 18 18 
 13.307 6.522 186.607 309.970 295878 0 0 17290 17290 18 18 
 14.120 6.773 187.361 308.623 337932 0 0 17290 17290 18 18 
 14.943 7.071 188.485 307.556 380366 0 0 397462 380172 380368 380350 
 14.635 7.300 172.497 191.130 422416 0 0 397462 380172 380368 380350 
 14.623 7.574 153.676 190.124 464658 0 0 397462 380172 380368 380350 
 14.497 7.906 133.936 189.121 506900 0 0 397462 380172 380368 380350 
 14.406 8.261 114.892 188.120 549142 0 0 397462 380172 380368 380350 
 14.348 8.456 98.203 187.122 591384 0 0 397462 380172 380368 380350 
 14.257 8.673 84.560 186.127 633626 0 0 397462 380172 380368 380350 
 14.211 8.913 76.765 185.135 675868 0 0 397462 380172 380368 380350 
 14.131 9.176 68.037 184.145 718110 0 0 397462 380172 380368 380350 
 14.074 9.359 60.550 183.159 760352 0 0 397462 380172 380368 380350 
 14.005 9.554 54.965 182.176 802594 0 0 397462 380172 380368 380350 
 13.937 9.737 49.714 181.195 844836 0 0 397462 380172 844840 464472 
 13.467 9.863 38.882 180.217 887076 0 0 397462 380172 844840 464472 
 13.033 10.046 28.888 179.243 929318 0 0 397462 380172 844840 464472 
 12.655 10.183 21.247 178.271 971560 0 0 397462 380172 844840 464472 
 12.243 10.286 14.768 177.302 1013802 0 0 397462 380172 844840 464472 
 11.843 10.378 9.873 176.336 1056042 0 0 397462 380172 844840 464472 
 11.476 10.435 6.385 175.373 1098284 0 0 397462 380172 844840 464472 
 11.110 10.515 4.107 174.414 1140526 0 0 397462 380172 844840 464472 
 10.778 10.595 2.671 173.457 1182768 0 0 397462 380172 844840 464472 
 10.447 10.687 3.106 172.503 1225012 0 0 397462 380172 844840 464472 
 10.138 10.653 2.813 171.552 1267254 0 0 397462 380172 844840 464472 
 9.829 10.618 2.802 170.604 1309494 0 0 397462 380172 844840 464472 
 9.554 10.595 3.797 169.659 1351736 0 0 397462 380172 844840 464472 
 9.245 10.641 6.421 168.717 1393976 0 0 397462 380172 844840 464472 
 8.959 10.572 6.987 167.778 1436220 0 0 397462 380172 844840 464472 
 8.730 10.595 8.163 166.843 1478462 0 0 397462 380172 1478466 633626 
 8.730 10.504 8.820 165.910 1520704 0 0 397462 380172 1478466 633626 
 8.684 10.424 8.934 164.980 1562946 0 0 397462 380172 1478466 633626 
 8.673 10.366 8.651 164.054 1605188 0 0 397462 380172 1478466 633626 
 8.673 10.332 9.209 163.130 1647430 0 0 397462 380172 1478466 633626 
 8.627 10.321 8.462 162.210 1689672 0 0 397462 380172 1478466 633626 
 8.627 10.241 8.844 161.292 1731914 0 0 397462 380172 1478466 633626 
 8.627 10.252 8.771 160.378 1774156 0 0 397462 380172 1478466 633626 
 8.627 10.183 8.528 159.467 1816398 0 0 397462 380172 1478466 633626 
 8.593 10.138 8.874 158.559 1858640 0 0 397462 380172 1478466 633626 
 8.627 10.149 8.665 157.654 1900882 0 0 397462 380172 1478466 633626 
 8.616 10.092 8.837 156.752 1943126 0 0 1960618 1563156 1943128 464662 
 8.684 10.103 8.007 10.249 1985366 0 0 1960618 1563156 1943128 464662 
 8.764 10.012 7.156 10.162 2027608 0 0 1960618 1563156 1943128 464662 
 8.822 10.000 6.727 10.076 2069850 0 0 1960618 1563156 1943128 464662 
 8.890 9.966 6.183 9.991 2112092 0 0 1960618 1563156 1943128 464662 
 9.005 9.966 5.512 9.907 2154334 0 0 1960618 1563156 1943128 464662 
 9.051 9.955 5.099 9.824 2196578 0 0 1960618 1563156 1943128 464662 
 9.131 9.909 4.584 9.741 2238818 0 0 1960618 1563156 1943128 464662 
 9.188 9.920 3.980 9.659 2281060 0 0 1960618 1563156 1943128 464662 
 9.234 9.909 4.049 9.578 2323304 0 0 1960618 1563156 1943128 464662 
 9.245 9.863 3.407 9.498 2365546 0 0 1960618 1563156 1943128 464662 
 9.325 9.897 3.285 9.419 2407788 0 0 1960618 1563156 1943128 464662 
 9.371 9.955 2.878 9.340 2450030 0 0 1960618 1563156 1943128 464662 
 9.428 9.874 2.693 9.262 2492272 0 0 1960618 1563156 1943128 464662 
 9.508 9.874 2.621 9.185 2534514 0 0 1960618 1563156 1943128 464662 
 9.543 9.920 1.987 9.109 2576756 0 0 2594244 633626 2576760 633632 
 9.543 9.909 2.208 3.622 2618998 0 0 2594244 633626 2576760 633632 
 9.508 9.886 2.247 3.604 2661240 0 0 2594244 633626 2576760 633632 
 9.554 9.932 2.247 3.587 2703482 0 0 2594244 633626 2576760 633632 
 9.543 9.886 2.257 3.569 2745724 0 0 2594244 633626 2576760 633632 
 9.554 9.886 1.960 3.552 2787966 0 0 2594244 633626 2576760 633632 
 9.531 9.920 2.349 3.536 2830208 0 0 2594244 633626 2576760 633632 
 9.543 9.932 1.889 3.519 2872450 0 0 2594244 633626 2576760 633632 
 9.600 9.955 2.240 3.503 2914692 0 0 2594244 633626 2576760 633632 
 9.588 9.955 1.521 3.487 2956934 0 0 2594244 633626 2576760 633632 
 9.554 10.000 1.893 3.471 2999176 0 0 2594244 633626 2576760 633632 
 9.565 9.955 1.939 3.455 3041418 0 0 2594244 633626 2576760 633632 
 9.623 9.955 1.791 3.439 3083662 0 0 3101152 506908 3083664 506904 
 9.588 9.920 1.661 3.095 3125902 0 0 3101152 506908 3083664 506904 
 9.588 9.955 1.576 3.081 3168144 0 0 3101152 506908 3083664 506904 
 9.588 9.955 1.564 3.068 3210386 0 0 3101152 506908 3083664 506904 
 9.565 9.966 1.745 3.054 3252628 0 0 3101152 506908 3083664 506904 
 9.588 10.000 1.838 3.041 3294868 0 0 3101152 506908 3083664 506904 
 9.600 10.000 1.791 3.028 3337110 0 0 3101152 506908 3083664 506904 
 9.543 9.932 1.670 3.015 3379354 0 0 3101152 506908 3083664 506904 
 9.543 9.977 1.886 3.003 3421596 0 0 3101152 506908 3083664 506904 
 9.543 9.966 1.724 2.990 3463838 0 0 3481330 380178 3463842 380178 
 9.554 10.012 1.588 3.378 3506080 0 0 3481330 380178 3463842 380178 
 9.543 9.966 1.886 3.362 3548322 0 0 3481330 380178 3463842 380178 
 9.554 9.932 1.745 3.345 3590564 0 0 3481330 380178 3463842 380178 
 9.554 10.046 1.768 3.329 3632806 0 0 3481330 380178 3463842 380178 
 9.508 9.966 1.818 3.312 3675048 0 0 3481330 380178 3463842 380178 
 9.497 9.966 2.027 3.296 3717290 0 0 3481330 380178 3463842 380178 
 9.577 9.977 1.797 3.281 3759532 0 0 3481330 380178 3463842 380178 
 9.508 9.977 1.855 3.265 3801774 0 0 3481330 380178 3463842 380178 
 9.497 9.955 1.906 3.249 3844016 0 0 3481330 380178 3463842 380178 
 9.554 9.977 1.962 3.234 3886258 0 0 3481330 380178 3463842 380178 
 9.508 10.000 1.935 3.219 3928500 0 0 3481330 380178 3463842 380178 
 9.543 10.046 1.656 3.204 3970742 0 0 3481330 380178 3463842 380178 
 9.474 9.966 2.138 3.189 4012984 0 0 3481330 380178 3463842 380178 
 9.543 10.046 1.724 3.175 4055226 0 0 4070594 589264 4055230 591388 
 9.474 10.000 2.064 3.258 4097468 0 0 4070594 589264 4055230 591388 
 9.497 9.977 1.940 3.242 4139710 0 0 4070594 589264 4055230 591388 
 9.497 10.035 1.837 3.225 4181950 0 0 4070594 589264 4055230 591388 
 9.451 10.046 2.045 3.209 4224192 0 0 4070594 589264 4055230 591388 
 9.451 10.000 2.134 3.192 4266432 0 0 4070594 589264 4055230 591388 
 9.451 10.023 2.229 3.176 4308674 0 0 4070594 589264 4055230 591388 
 9.428 10.023 2.425 3.161 4350916 0 0 4070594 589264 4055230 591388 
 9.417 9.966 2.586 3.145 4393160 0 0 4070594 589264 4055230 591388 
 9.405 10.012 2.250 3.129 4435402 0 0 4070594 589264 4055230 591388 
 9.417 10.057 2.335 3.114 4477642 0 0 4070594 589264 4055230 591388 
 9.394 9.989 2.425 3.099 4519884 0 0 4070594 589264 4055230 591388 
 9.359 9.943 2.746 3.084 4562126 0 0 4070594 589264 4055230 591388 
 9.371 10.000 2.522 3.069 4604366 0 0 4070594 589264 4055230 591388 
 9.371 9.977 2.522 3.055 4646606 0 0 4070594 589264 4055230 591388 
 9.405 9.966 2.707 3.040 4688848 0 0 4706344 635750 4688852 633622 
 9.417 9.989 2.744 4.243 4731090 0 0 4706344 635750 4688852 633622 
 9.405 9.955 2.396 4.218 4773330 0 0 4706344 635750 4688852 633622 
 9.417 9.932 2.403 4.193 4815572 0 0 4706344 635750 4688852 633622 
 9.428 9.955 2.229 4.169 4857812 0 0 4706344 635750 4688852 633622 
 9.462 9.977 2.118 4.145 4900056 0 0 4706344 635750 4688852 633622 
 9.451 9.955 2.193 4.121 4942300 0 0 4706344 635750 4688852 633622 
 9.497 9.955 2.048 4.097 4984540 0 0 4706344 635750 4688852 633622 
 9.497 9.943 2.138 4.074 5026782 0 0 4706344 635750 4688852 633622 
 9.497 9.955 2.138 4.051 5069024 0 0 4706344 635750 4688852 633622 
 9.543 9.966 2.138 4.028 5111266 0 0 4706344 635750 4688852 633622 
 9.554 9.966 1.708 4.005 5153508 0 0 4706344 635750 4688852 633622 
 9.577 9.943 1.935 3.983 5195750 0 0 4706344 635750 4688852 633622 
 9.600 9.966 1.661 3.961 5237992 0 0 4706344 635750 4688852 633622 
 9.588 9.955 1.794 3.939 5280236 0 0 5297726 591382 5280238 591386 
 9.588 9.966 1.661 3.630 5322474 0 0 5297726 591382 5280238 591386 
 9.588 10.000 1.794 3.613 5364714 0 0 5297726 591382 5280238 591386 
 9.600 10.012 1.614 3.596 5406958 0 0 5297726 591382 5280238 591386 
 9.588 10.000 1.749 3.579 5449198 0 0 5297726 591382 5280238 591386 
 9.634 10.023 1.576 3.562 5491442 0 0 5297726 591382 5280238 591386 
 9.600 9.966 1.576 3.546 5533684 0 0 5297726 591382 5280238 591386 
 9.577 10.057 1.344 3.530 5575924 0 0 5297726 591382 5280238 591386 
 9.554 10.000 1.768 3.514 5618166 0 0 5297726 591382 5280238 591386 
 9.588 10.046 1.434 3.498 5660408 0 0 5297726 591382 5280238 591386 
 9.600 9.966 1.501 3.482 5702648 0 0 5720142 422416 5702652 422414 
 9.554 10.057 1.684 3.100 5744890 0 0 5720142 422416 5702652 422414 
 9.565 9.966 1.501 3.085 5787132 0 0 5720142 422416 5702652 422414 
 9.543 10.012 1.527 3.071 5829374 0 0 5720142 422416 5702652 422414 
 9.577 10.023 1.818 3.057 5871616 0 0 5720142 422416 5702652 422414 
 9.520 10.046 1.802 3.044 5913858 0 0 5720142 422416 5702652 422414 
 9.554 10.012 1.670 3.030 5956100 0 0 5720142 422416 5702652 422414 
 9.520 10.023 1.775 3.017 5998342 0 0 5720142 422416 5702652 422414 
 9.462 10.000 1.833 3.003 6040582 0 0 5720142 422416 5702652 422414 
 9.508 10.000 2.101 2.990 6082824 0 0 5720142 422416 5702652 422414 
 9.520 10.035 1.855 2.977 6125066 0 0 5720142 422416 5702652 422414 
 9.462 10.012 2.193 2.965 6167308 0 0 5720142 422416 5702652 422414 
 9.474 10.057 2.101 2.952 6209548 0 0 5720142 422416 5702652 422414 
 9.451 10.035 1.855 2.939 6251790 0 0 5720142 422416 5702652 422414 
 9.451 10.012 2.101 2.927 6294030 0 0 5720142 422416 5702652 422414 
 9.417 10.046 2.290 2.915 6336274 0 0 6353768 633626 6336276 633624 
 9.451 10.057 2.054 3.900 6378514 0 0 6353768 633626 6336276 633624 
 9.417 9.955 2.343 3.877 6420756 0 0 6353768 633626 6336276 633624 
 9.417 10.012 1.964 3.854 6462998 0 0 6353768 633626 6336276 633624 
 9.417 10.023 2.396 3.831 6505240 0 0 6353768 633626 6336276 633624 
 9.417 10.012 2.355 3.809 6547480 0 0 6353768 633626 6336276 633624 
 9.405 10.080 2.307 3.787 6589722 0 0 6353768 633626 6336276 633624 
 9.405 9.989 2.646 3.765 6631962 0 0 6353768 633626 6336276 633624 
 9.394 10.000 2.522 3.744 6674204 0 0 6353768 633626 6336276 633624 
 9.405 10.000 2.602 3.722 6716446 0 0 6353768 633626 6336276 633624 
 9.394 9.955 2.425 3.701 6758688 0 0 6353768 633626 6336276 633624 
 9.405 10.012 2.522 3.680 6800930 0 0 6353768 633626 6336276 633624 
 9.394 10.000 2.396 3.660 6843170 0 0 6353768 633626 6336276 633624 
 9.394 9.955 2.343 3.639 6885412 0 0 6353768 633626 6336276 633624 
 9.405 10.012 2.527 3.619 6927654 0 0 6353768 633626 6336276 633624 
 9.417 10.000 2.486 3.599 6969896 0 0 6987182 633414 6969900 633624 
 9.394 9.955 2.586 4.036 7012138 0 0 6987182 633414 6969900 633624 
 9.417 9.955 2.461 4.013 7054380 0 0 6987182 633414 6969900 633624 
 9.382 9.977 2.804 3.990 7096622 0 0 6987182 633414 6969900 633624 
 9.417 9.955 2.286 3.967 7138862 0 0 6987182 633414 6969900 633624 
 9.405 9.955 2.634 3.944 7181104 0 0 6987182 633414 6969900 633624 
 9.405 9.955 2.754 3.921 7223344 0 0 6987182 633414 6969900 633624 
 9.417 9.966 2.424 3.899 7265586 0 0 6987182 633414 6969900 633624 
 9.440 10.000 2.634 3.877 7307828 0 0 6987182 633414 6969900 633624 
 9.462 9.966 2.325 3.856 7350070 0 0 6987182 633414 6969900 633624 
 9.474 9.920 2.412 3.834 7392312 0 0 6987182 633414 6969900 633624 
 9.440 9.955 2.564 3.813 7434556 0 0 6987182 633414 6969900 633624 
 9.440 9.920 2.500 3.792 7476794 0 0 6987182 633414 6969900 633624 
 9.405 9.966 2.797 3.771 7519036 0 0 6987182 633414 6969900 633624 
 9.462 10.000 2.064 3.751 7561278 0 0 6987182 633414 6969900 633624 
 9.474 10.000 2.355 3.731 7603522 0 0 7621006 633824 7603524 633624 
 9.451 9.966 2.027 3.598 7645760 0 0 7621006 633824 7603524 633624 
 9.428 9.955 2.158 3.579 7688004 0 0 7621006 633824 7603524 633624 
 9.451 9.932 2.293 3.560 7730246 0 0 7621006 633824 7603524 633624 
 9.462 10.012 2.240 3.541 7772488 0 0 7621006 633824 7603524 633624 
 9.508 9.966 2.348 3.522 7814728 0 0 7621006 633824 7603524 633624 
 9.474 10.000 2.229 3.504 7856970 0 0 7621006 633824 7603524 633624 
 9.451 9.955 2.173 3.486 7899210 0 0 7621006 633824 7603524 633624 
 9.462 9.966 2.187 3.468 7941452 0 0 7621006 633824 7603524 633624 
 9.451 9.955 2.229 3.450 7983694 0 0 7621006 633824 7603524 633624 
 9.462 9.966 2.240 3.432 8025934 0 0 7621006 633824 7603524 633624 
 9.417 9.955 2.186 3.415 8068176 0 0 7621006 633824 7603524 633624 
 9.497 9.955 1.934 3.398 8110418 0 0 7621006 633824 7603524 633624 
 9.462 9.955 2.229 3.381 8152660 0 0 8170154 549148 8152664 549140 
 9.497 9.932 2.355 3.890 8194902 0 0 8170154 549148 8152664 549140 
 9.497 9.932 2.355 3.869 8237142 0 0 8170154 549148 8152664 549140 
 9.462 10.000 1.869 3.848 8279384 0 0 8170154 549148 8152664 549140 
 9.497 10.000 2.293 3.827 8321626 0 0 8170154 549148 8152664 549140 
 9.485 9.977 2.355 3.806 8363868 0 0 8170154 549148 8152664 549140 
 9.600 10.012 2.086 3.785 8406108 0 0 8170154 549148 8152664 549140 
 9.932 9.966 0.778 3.765 8448350 0 0 8170154 549148 8152664 549140 
 10.195 10.046 0.224 3.745 8490592 0 0 8170154 549148 8152664 549140 
 10.504 10.092 0.456 3.726 8532834 0 0 8170154 549148 8152664 549140 
 10.813 10.126 0.802 3.706 8575076 0 0 8170154 549148 8152664 549140 
 11.099 10.149 1.928 3.687 8617318 0 0 8170154 549148 8152664 549140 
 11.339 10.206 3.556 3.668 8659560 0 0 8170154 549148 8152664 549140 
 11.339 10.160 5.688 7.106 8701802 8703116 532962 8170154 549148 8152664 549140 
 11.099 10.241 3.076 7.051 8744044 8703116 532962 8170154 549148 8152664 549140 
 10.881 10.378 1.719 6.996 8786288 8703116 532962 8801656 98540 8786290 633626 
 10.641 10.424 1.284 3.181 8828530 8703116 532962 8801656 98540 8786290 633626 
 10.469 10.424 1.089 3.165 8870772 8703116 532962 8801656 98540 8786290 633626 
 10.241 10.504 0.837 3.150 8913014 8703116 532962 8801656 98540 8786290 633626 
 10.057 10.424 0.924 3.135 8955254 8703116 532962 8801656 98540 8786290 633626 
 9.863 10.424 1.365 3.120 8997498 8703116 532962 8801656 98540 8786290 633626 
 9.657 10.424 1.636 3.105 9039740 8703116 532962 8801656 98540 8786290 633626 
 9.508 10.469 2.647 3.090 9081982 8703116 532962 8801656 98540 8786290 633626 
 9.359 10.401 3.062 3.076 9124224 8703116 532962 8801656 98540 8786290 633626 
 9.222 10.435 4.014 5.130 9166466 9168054 366398 8801656 98540 8786290 633626 
 9.142 10.332 4.530 5.099 9208708 9168054 366398 8801656 98540 8786290 633626 
 9.119 10.366 4.314 5.067 9250950 9168054 366398 8801656 98540 8786290 633626 
 9.085 10.344 4.792 6.558 9293192 9296838 128784 8801656 98540 8786290 633626 
 9.051 10.286 4.955 6.512 9335434 9296838 128784 8801656 98540 8786290 633626 
 9.028 10.286 4.791 6.467 9377676 9296838 128784 9394964 98126 9377680 591390 
 9.039 10.241 4.722 6.387 9419918 9296838 128784 9394964 98126 9377680 591390 
 8.993 10.195 4.950 6.340 9462160 9296838 128784 9394964 98126 9377680 591390 
 8.970 10.229 5.180 6.294 9504402 9296838 128784 9394964 98126 9377680 591390 
 8.970 10.103 5.082 6.248 9546644 9296838 128784 9394964 98126 9377680 591390 
 8.959 10.103 4.983 6.203 9588886 9296838 128784 9394964 98126 9377680 591390 
 8.959 10.115 5.261 6.158 9631128 9296838 128784 9394964 98126 9377680 591390 
 9.005 10.103 4.814 6.114 9673370 9296838 128784 9394964 98126 9377680 591390 
 8.970 10.103 4.987 6.069 9715612 9296838 128784 9394964 98126 9377680 591390 
 8.959 10.046 5.266 6.026 9757856 9296838 128784 9394964 98126 9377680 591390 
 8.970 10.000 5.428 5.982 9800096 9296838 128784 9394964 98126 9377680 591390 
 8.959 10.012 5.523 5.939 9842338 9296838 128784 9394964 98126 9377680 591390 
 8.948 10.012 5.629 5.897 9884582 9296838 128784 9394964 98126 9377680 591390 
 8.925 10.000 5.382 5.854 9926822 9296838 128784 9394964 98126 9377680 591390 
 8.959 9.977 6.026 7.533 9969064 9970642 575678 9394964 98126 9377680 591390 
 9.062 9.966 4.881 7.475 10011308 9970642 575678 10028598 57956 10011310 633630 
 9.073 9.966 4.778 6.292 10053548 9970642 575678 10028598 57956 10011310 633630 
 9.131 9.943 4.642 6.246 10095790 9970642 575678 10028598 57956 10011310 633630 
 9.142 9.966 4.338 6.200 10138032 9970642 575678 10028598 57956 10011310 633630 
 9.188 9.955 4.067 6.156 10180274 9970642 575678 10028598 57956 10011310 633630 
 9.222 9.920 4.430 6.111 10222516 9970642 575678 10028598 57956 10011310 633630 
 9.165 9.920 4.124 6.067 10264758 9970642 575678 10028598 57956 10011310 633630 
 9.268 9.863 3.677 6.024 10307000 9970642 575678 10028598 57956 10011310 633630 
 9.314 9.897 3.551 5.981 10349242 9970642 575678 10028598 57956 10011310 633630 
 9.337 9.909 3.350 5.939 10391484 9970642 575678 10028598 57956 10011310 633630 
 9.325 9.863 3.346 5.897 10433724 9970642 575678 10028598 57956 10011310 633630 
 9.405 9.829 3.153 5.855 10475966 9970642 575678 10028598 57956 10011310 633630 
 9.405 9.920 2.853 5.815 10518208 9970642 575678 10028598 57956 10011310 633630 
