Thread[Thread-1,5,main] 331.542 331.542
 329.091 331.227
 329.381 330.912
 323.033 330.599
 323.033 330.599
 323.033 330.599
 323.033 330.599
 323.033 330.599
 323.033 330.599
 323.033 330.599
 323.033 330.599
 323.033 330.599
 323.033 330.599
 323.033 330.599
 323.033 330.599
 323.033 330.599
 323.033 330.599
 323.033 330.599
 323.033 330.599
 323.033 330.599
 323.033 330.599
 323.033 330.599
 323.033 330.599
 323.033 330.599
 323.033 330.599
 323.033 330.599
 323.033 330.599
 323.033 330.599
 323.033 330.599
 293.738 315.673
 288.361 315.384
 287.920 315.096
 285.216 314.809
 285.216 314.809
 285.216 314.809
 285.216 314.809
 285.216 314.809
 285.216 314.809
 285.216 314.809
 285.216 314.809
 285.216 314.809
 285.216 314.809
 285.216 314.809
 285.216 314.809
 285.216 314.809
 285.216 314.809
 285.216 314.809
 285.216 314.809
 285.216 314.809
 285.216 314.809
 285.216 314.809
 285.216 314.809
 285.216 314.809
 285.216 314.809
 285.216 314.809
 285.216 314.809
 285.216 314.809
 285.216 314.809
 285.216 314.809
 285.216 314.809
 285.216 314.809
 285.216 314.809
 285.216 314.809
 285.216 314.809
 285.216 314.809
 285.216 314.809
 285.216 314.809
 285.216 314.809
 285.216 314.809
 285.216 314.809
 285.216 314.809
 285.216 314.809
 285.216 314.809
 285.216 314.809
 285.216 314.809
 285.216 314.809
 285.216 314.809
 285.216 314.809
 285.216 314.809
 285.216 314.809
 285.216 314.809
 285.216 314.809
 285.216 314.809
 285.216 314.809
 285.216 314.809
 285.216 314.809
 285.216 314.809
 285.216 314.809
 238.644 314.522
 237.281 314.236
 231.289 313.950
 231.112 313.666
 235.670 313.381
 235.670 313.381
 235.670 313.381
 235.670 313.381
 235.670 313.381
 235.670 313.381
 235.670 313.381
 235.670 313.381
 235.670 313.381
 235.670 313.381
 235.670 313.381
 235.670 313.381
 235.670 313.381
 235.670 313.381
 235.670 313.381
 235.670 313.381
 235.670 313.381
 235.670 313.381
 235.670 313.381
 235.670 313.381
 235.670 313.381
 235.670 313.381
 235.670 313.381
 235.670 313.381
 218.955 313.098
 218.000 312.815
 214.820 312.533
 214.919 312.251
 210.624 311.970
 210.624 311.970
 210.624 311.970
 210.624 311.970
 210.624 311.970
 210.624 311.970
 210.624 311.970
 210.624 311.970
 210.624 311.970
 210.624 311.970
 210.624 311.970
 210.624 311.970
 210.624 311.970
 210.624 311.970
 210.624 311.970
 210.624 311.970
 210.624 311.970
 210.624 311.970
 210.624 311.970
 210.624 311.970
 210.624 311.970
 210.624 311.970
 210.624 311.970
 210.624 311.970
 203.777 311.690
 201.290 311.410
 200.915 311.131
 200.367 310.853
 199.622 310.575
 199.622 310.575
 199.622 310.575
 199.622 310.575
 199.622 310.575
 199.622 310.575
 199.622 310.575
 199.622 310.575
 199.622 310.575
 199.622 310.575
 199.622 310.575
 199.622 310.575
 199.622 310.575
 199.622 310.575
 199.622 310.575
 199.622 310.575
 199.622 310.575
 199.622 310.575
 199.622 310.575
 199.622 310.575
 199.622 310.575
 199.622 310.575
 199.622 310.575
 199.622 310.575
 191.912 310.298
 191.523 310.021
 190.122 309.745
 189.265 309.470
 188.746 309.195
 188.746 309.195
 188.746 309.195
 188.746 309.195
 188.746 309.195
 188.746 309.195
 188.746 309.195
 188.746 309.195
 188.746 309.195
 188.746 309.195
 188.746 309.195
 188.746 309.195
 188.746 309.195
 188.746 309.195
 188.746 309.195
 188.746 309.195
 188.746 309.195
 188.746 309.195
 188.746 309.195
 188.746 309.195
 188.746 309.195
 188.746 309.195
 188.746 309.195
 188.746 309.195
 188.967 308.921
 186.935 308.647
 185.174 308.375
 185.883 308.102
 185.869 307.831
 185.869 307.831
 185.869 307.831
 185.869 307.831
 185.869 307.831
 185.869 307.831
 185.869 307.831
 185.869 307.831
 185.869 307.831
 185.869 307.831
 185.869 307.831
 185.869 307.831
 185.869 307.831
 185.869 307.831
 185.869 307.831
 185.869 307.831
 185.869 307.831
 185.869 307.831
 185.869 307.831
 185.869 307.831
 185.869 307.831
 185.869 307.831
 185.869 307.831
 185.869 307.831
 184.984 307.559
 185.242 307.289
 182.495 307.019
 180.975 306.750
 177.686 306.481
 177.686 306.481
 177.686 306.481
 177.686 306.481
 177.686 306.481
 177.686 306.481
 177.686 306.481
 177.686 306.481
 177.686 306.481
 177.686 306.481
 177.686 306.481
 177.686 306.481
 177.686 306.481
 177.686 306.481
 177.686 306.481
 177.686 306.481
 177.686 306.481
 177.686 306.481
 177.686 306.481
 177.686 306.481
 177.686 306.481
 177.686 306.481
 177.686 306.481
 177.686 306.481
 183.173 306.213
 180.448 305.946
 183.193 305.679
 182.727 305.412
 182.171 305.147
 182.171 305.147
 182.171 305.147
 182.171 305.147
 182.171 305.147
 182.171 305.147
 182.171 305.147
 182.171 305.147
 182.171 305.147
 182.171 305.147
 182.171 305.147
 182.171 305.147
 182.171 305.147
 182.171 305.147
 182.171 305.147
 182.171 305.147
 182.171 305.147
 182.171 305.147
 182.171 305.147
 182.171 305.147
 182.171 305.147
 182.171 305.147
 182.171 305.147
 182.171 305.147
 185.662 304.882
 186.896 304.617
 187.788 304.353
 189.196 304.090
 190.557 303.827
 190.557 303.827
 190.557 303.827
 190.557 303.827
 190.557 303.827
 190.557 303.827
 190.557 303.827
 190.557 303.827
 190.557 303.827
 190.557 303.827
 190.557 303.827
 190.557 303.827
 190.557 303.827
 190.557 303.827
 190.557 303.827
 190.557 303.827
 190.557 303.827
 190.557 303.827
 190.557 303.827
 190.557 303.827
 190.557 303.827
 190.557 303.827
 190.557 303.827
 190.557 303.827
 197.547 303.565
 196.690 303.303
 197.994 303.042
 197.802 302.781
 197.802 302.521
 197.802 302.521
 197.802 302.521
 197.802 302.521
 197.802 302.521
 197.802 302.521
 197.802 302.521
 197.802 302.521
 197.802 302.521
 197.802 302.521
 197.802 302.521
 197.802 302.521
 197.802 302.521
 197.802 302.521
 197.802 302.521
 197.802 302.521
 197.802 302.521
 197.802 302.521
 197.802 302.521
 197.802 302.521
 197.802 302.521
 197.802 302.521
 197.802 302.521
 197.802 302.521
 197.802 302.521
 197.802 302.521
 197.802 302.521
 197.802 302.521
 197.802 302.521
 197.802 302.521
 197.802 302.521
 197.802 302.521
 197.802 302.521
 197.802 302.521
 197.802 302.521
 197.802 302.521
 197.802 302.521
 197.802 302.521
 197.802 302.521
 197.802 302.521
 197.802 302.521
 197.802 302.521
 197.802 302.521
 197.802 302.521
 197.802 302.521
 197.802 302.521
 197.802 302.521
 197.802 302.521
 197.802 302.521
 197.802 302.521
 197.802 302.521
 197.802 302.521
 197.802 302.521
 197.802 302.521
 197.802 302.521
 225.246 302.262
 227.136 302.003
 228.919 301.745
 228.462 301.487
 230.998 301.230
 230.998 301.230
 230.998 301.230
 230.998 301.230
 230.998 301.230
 230.998 301.230
 230.998 301.230
 230.998 301.230
 230.998 301.230
 230.998 301.230
 230.998 301.230
 230.998 301.230
 230.998 301.230
 230.998 301.230
 230.998 301.230
 230.998 301.230
 230.998 301.230
 230.998 301.230
 230.998 301.230
 230.998 301.230
 230.998 301.230
 230.998 301.230
 230.998 301.230
 230.998 301.230
 246.360 300.973
 249.283 300.717
 249.908 300.462
 253.877 300.207
 254.080 299.953
 254.080 299.953
 254.080 299.953
 254.080 299.953
 254.080 299.953
 254.080 299.953
 254.080 299.953
 254.080 299.953
 254.080 299.953
 254.080 299.953
 254.080 299.953
 254.080 299.953
 254.080 299.953
 254.080 299.953
 254.080 299.953
 254.080 299.953
 254.080 299.953
 254.080 299.953
 254.080 299.953
 254.080 299.953
 254.080 299.953
 254.080 299.953
 254.080 299.953
 254.080 299.953
 275.483 299.699
 277.138 299.445
 279.799 299.193
 279.428 298.941
 279.774 298.689
 279.774 298.689
 279.774 298.689
 279.774 298.689
 279.774 298.689
 279.774 298.689
 279.774 298.689
 279.774 298.689
 279.774 298.689
 279.774 298.689
 279.774 298.689
 279.774 298.689
 279.774 298.689
 279.774 298.689
 279.774 298.689
 279.774 298.689
 279.774 298.689
 279.774 298.689
 279.774 298.689
 279.774 298.689
 279.774 298.689
 279.774 298.689
 279.774 298.689
 279.774 298.689
 306.762 298.438
 308.531 298.187
 308.982 297.937
 310.881 297.688
 311.341 297.439
 311.341 297.439
 311.341 297.439
 311.341 297.439
 311.341 297.439
 311.341 297.439
 311.341 297.439
 311.341 297.439
 311.341 297.439
 311.341 297.439
 311.341 297.439
 311.341 297.439
 311.341 297.439
 311.341 297.439
 311.341 297.439
 311.341 297.439
 311.341 297.439
 311.341 297.439
 311.341 297.439
 311.341 297.439
 311.341 297.439
 311.341 297.439
 311.341 297.439
 311.341 297.439
 342.599 297.191
 345.660 296.943
 345.126 296.695
 348.734 296.449
 351.285 296.202
 351.285 296.202
 351.285 296.202
 351.285 296.202
 351.285 296.202
 351.285 296.202
 351.285 296.202
 351.285 296.202
 351.285 296.202
 351.285 296.202
 351.285 296.202
 351.285 296.202
 351.285 296.202
 351.285 296.202
 351.285 296.202
 351.285 296.202
 351.285 296.202
 351.285 296.202
 351.285 296.202
 351.285 296.202
 351.285 296.202
 351.285 296.202
 351.285 296.202
 351.285 296.202
 379.442 295.957
 381.773 295.711
 385.734 295.467
 388.750 295.222
 390.985 294.979
 390.985 294.979
 390.985 294.979
 390.985 294.979
 390.985 294.979
 390.985 294.979
 390.985 294.979
 390.985 294.979
 390.985 294.979
 390.985 294.979
 390.985 294.979
 390.985 294.979
 390.985 294.979
 390.985 294.979
 390.985 294.979
 390.985 294.979
 390.985 294.979
 390.985 294.979
 390.985 294.979
 390.985 294.979
 390.985 294.979
 390.985 294.979
 390.985 294.979
 390.985 294.979
 424.328 294.736
 426.857 294.493
 428.552 294.251
 430.257 294.009
 434.538 293.768
 434.538 293.768
 434.538 293.768
 434.538 293.768
 434.538 293.768
 434.538 293.768
 434.538 293.768
 434.538 293.768
 434.538 293.768
 434.538 293.768
 434.538 293.768
 434.538 293.768
 434.538 293.768
 434.538 293.768
 434.538 293.768
 434.538 293.768
 434.538 293.768
 434.538 293.768
 434.538 293.768
 434.538 293.768
 434.538 293.768
 434.538 293.768
 434.538 293.768
 434.538 293.768
 467.004 293.527
 469.993 293.287
 471.158 293.048
 477.492 292.809
 481.382 292.570
 481.382 292.570
 481.382 292.570
 481.382 292.570
 481.382 292.570
 481.382 292.570
 481.382 292.570
 481.382 292.570
 481.382 292.570
 481.382 292.570
 481.382 292.570
 481.382 292.570
 481.382 292.570
 481.382 292.570
 481.382 292.570
 481.382 292.570
 481.382 292.570
 481.382 292.570
 481.382 292.570
 481.382 292.570
 481.382 292.570
 481.382 292.570
 481.382 292.570
 481.382 292.570
 513.823 292.332
 517.689 292.094
 523.042 291.857
 526.400 291.621
 530.496 291.385
 530.496 291.385
 530.496 291.385
 530.496 291.385
 530.496 291.385
 530.496 291.385
 530.496 291.385
 530.496 291.385
 530.496 291.385
 530.496 291.385
 530.496 291.385
 530.496 291.385
 530.496 291.385
 530.496 291.385
 530.496 291.385
 530.496 291.385
 530.496 291.385
 530.496 291.385
 530.496 291.385
 530.496 291.385
 530.496 291.385
 530.496 291.385
 530.496 291.385
 530.496 291.385
 571.694 291.149
 570.897 290.914
 573.947 290.679
 577.798 290.445
 581.956 290.211
 581.956 290.211
 581.956 290.211
 581.956 290.211
 581.956 290.211
 581.956 290.211
 581.956 290.211
 581.956 290.211
 581.956 290.211
 581.956 290.211
 581.956 290.211
 581.956 290.211
 581.956 290.211
 581.956 290.211
 581.956 290.211
 581.956 290.211
 581.956 290.211
 581.956 290.211
 581.956 290.211
 581.956 290.211
 581.956 290.211
 581.956 290.211
 581.956 290.211
 581.956 290.211
 581.956 290.211
 581.956 290.211
 581.956 290.211
 581.956 290.211
 581.956 290.211
 581.956 290.211
 581.956 290.211
 581.956 290.211
 581.956 290.211
 581.956 290.211
 581.956 290.211
 581.956 290.211
 581.956 290.211
 581.956 290.211
 581.956 290.211
 581.956 290.211
 581.956 290.211
 581.956 290.211
 581.956 290.211
 581.956 290.211
 581.956 290.211
 581.956 290.211
 581.956 290.211
 581.956 290.211
 581.956 290.211
 581.956 290.211
 581.956 290.211
 581.956 290.211
 581.956 290.211
 581.956 290.211
 581.956 290.211
 691.196 289.978
 694.438 289.746
 699.957 289.513
 700.998 289.282
 704.129 289.050
 704.129 289.050
 704.129 289.050
 704.129 289.050
 704.129 289.050
 704.129 289.050
 704.129 289.050
 704.129 289.050
 704.129 289.050
 704.129 289.050
 704.129 289.050
 704.129 289.050
 704.129 289.050
 704.129 289.050
 704.129 289.050
 704.129 289.050
 704.129 289.050
 704.129 289.050
 704.129 289.050
 704.129 289.050
 704.129 289.050
 704.129 289.050
 704.129 289.050
 704.129 289.050
 582.241 714.027
 581.055 712.644
 571.593 711.264
 565.145 709.888
 561.988 708.514
 561.988 708.514
 561.988 708.514
 561.988 708.514
 561.988 708.514
 561.988 708.514
 561.988 708.514
 561.988 708.514
 561.988 708.514
 561.988 708.514
 561.988 708.514
 561.988 708.514
 561.988 708.514
 561.988 708.514
 561.988 708.514
 561.988 708.514
 561.988 708.514
 561.988 708.514
 561.988 708.514
 561.988 708.514
 561.988 708.514
 561.988 708.514
 561.988 708.514
 561.988 708.514
 475.210 707.144
 468.094 705.776
 465.916 704.411
 462.402 703.050
 459.880 701.691
 459.880 701.691
 459.880 701.691
 459.880 701.691
 459.880 701.691
 459.880 701.691
 459.880 701.691
 459.880 701.691
 459.880 701.691
 459.880 701.691
 459.880 701.691
 459.880 701.691
 459.880 701.691
 459.880 701.691
 459.880 701.691
 459.880 701.691
 459.880 701.691
 459.880 701.691
 459.880 701.691
 459.880 701.691
 459.880 701.691
 459.880 701.691
 459.880 701.691
 459.880 701.691
 392.452 700.335
 387.626 698.983
 382.714 697.633
 379.231 696.286
 374.391 694.942
 374.391 694.942
 374.391 694.942
 374.391 694.942
 374.391 694.942
 374.391 694.942
 374.391 694.942
 374.391 694.942
 374.391 694.942
 374.391 694.942
 374.391 694.942
 374.391 694.942
 374.391 694.942
 374.391 694.942
 374.391 694.942
 374.391 694.942
 374.391 694.942
 374.391 694.942
 374.391 694.942
 374.391 694.942
 374.391 694.942
 374.391 694.942
 374.391 694.942
 374.391 694.942
 374.391 694.942
 374.391 694.942
 374.391 694.942
 374.391 694.942
 374.391 694.942
 374.391 694.942
 374.391 694.942
 374.391 694.942
 374.391 694.942
 374.391 694.942
 374.391 694.942
 374.391 694.942
 374.391 694.942
 374.391 694.942
 374.391 694.942
 374.391 694.942
 374.391 694.942
 374.391 694.942
 374.391 694.942
 374.391 694.942
 374.391 694.942
 374.391 694.942
 374.391 694.942
 374.391 694.942
 374.391 694.942
 374.391 694.942
 374.391 694.942
 374.391 694.942
 374.391 694.942
 374.391 694.942
 374.391 694.942
 260.574 693.602
 260.352 692.264
 257.835 690.929
 257.890 689.597
 257.187 688.268
 257.187 688.268
 257.187 688.268
 257.187 688.268
 257.187 688.268
 257.187 688.268
 257.187 688.268
 257.187 688.268
 257.187 688.268
 257.187 688.268
 257.187 688.268
 257.187 688.268
 257.187 688.268
 257.187 688.268
 257.187 688.268
 257.187 688.268
 257.187 688.268
 257.187 688.268
 257.187 688.268
 257.187 688.268
 257.187 688.268
 257.187 688.268
 257.187 688.268
 257.187 688.268
 214.156 686.942
 212.658 685.618
 214.091 684.298
 211.799 682.981
 211.799 682.981
 211.799 682.981
 211.799 682.981
 211.799 682.981
 211.799 682.981
 211.799 682.981
 211.799 682.981
 211.799 682.981
 211.799 682.981
 211.799 682.981
 211.799 682.981
 211.799 682.981
 211.799 682.981
 211.799 682.981
 211.799 682.981
 211.799 682.981
 211.799 682.981
 211.799 682.981
 211.799 682.981
 211.799 682.981
 211.799 682.981
 211.799 682.981
 211.799 682.981
 211.799 682.981
 211.799 682.981
 211.799 682.981
 211.799 682.981
 211.799 682.981
 211.799 682.981
 211.799 682.981
 211.799 682.981
 211.799 682.981
 211.799 682.981
 211.799 682.981
 211.799 682.981
 211.799 682.981
 211.799 682.981
 211.799 682.981
 211.799 682.981
 211.799 682.981
 211.799 682.981
 211.799 682.981
 211.799 682.981
 211.799 682.981
 211.799 682.981
 211.799 682.981
 211.799 682.981
 211.799 682.981
 211.799 682.981
 211.799 682.981
 211.799 682.981
 211.799 682.981
 211.799 682.981
 211.799 682.981
 211.799 682.981
 163.442 681.666
 165.244 680.354
 164.451 679.046
 163.288 677.740
 163.407 676.437
 163.407 676.437
 163.407 676.437
 163.407 676.437
 163.407 676.437
 163.407 676.437
 163.407 676.437
 163.407 676.437
 163.407 676.437
 163.407 676.437
 163.407 676.437
 163.407 676.437
 163.407 676.437
 163.407 676.437
 163.407 676.437
 163.407 676.437
 163.407 676.437
 163.407 676.437
 163.407 676.437
 163.407 676.437
 163.407 676.437
 163.407 676.437
 163.407 676.437
 163.407 676.437
 148.820 675.137
 148.218 673.839
 146.873 672.545
 146.420 671.253
 145.873 669.965
 145.873 669.965
 145.873 669.965
 145.873 669.965
 145.873 669.965
 145.873 669.965
 145.873 669.965
 145.873 669.965
 145.873 669.965
 145.873 669.965
 145.873 669.965
 145.873 669.965
 145.873 669.965
 145.873 669.965
 145.873 669.965
 145.873 669.965
 145.873 669.965
 145.873 669.965
 145.873 669.965
 145.873 669.965
 145.873 669.965
 145.873 669.965
 145.873 669.965
 145.873 669.965
 139.252 668.679
 137.325 667.396
 137.250 666.116
 138.877 664.838
 138.751 663.564
 138.751 663.564
 138.751 663.564
 138.751 663.564
 138.751 663.564
 138.751 663.564
 138.751 663.564
 138.751 663.564
 138.751 663.564
 138.751 663.564
 138.751 663.564
 138.751 663.564
 138.751 663.564
 138.751 663.564
 138.751 663.564
 138.751 663.564
 138.751 663.564
 138.751 663.564
 138.751 663.564
 138.751 663.564
 138.751 663.564
 138.751 663.564
 138.751 663.564
 138.751 663.564
 135.317 662.292
 135.491 661.023
 133.001 659.757
 133.169 658.494
 133.350 657.234
 133.350 657.234
 133.350 657.234
 133.350 657.234
 133.350 657.234
 133.350 657.234
 133.350 657.234
 133.350 657.234
 133.350 657.234
 133.350 657.234
 133.350 657.234
 133.350 657.234
 133.350 657.234
 133.350 657.234
 133.350 657.234
 133.350 657.234
 133.350 657.234
 133.350 657.234
 133.350 657.234
 133.350 657.234
 133.350 657.234
 133.350 657.234
 133.350 657.234
 133.350 657.234
 128.185 655.976
 128.609 654.721
 129.158 653.469
 132.187 652.220
 130.818 650.973
 130.818 650.973
 130.818 650.973
 130.818 650.973
 130.818 650.973
 130.818 650.973
 130.818 650.973
 130.818 650.973
 130.818 650.973
 130.818 650.973
 130.818 650.973
 130.818 650.973
 130.818 650.973
 130.818 650.973
 130.818 650.973
 130.818 650.973
 130.818 650.973
 130.818 650.973
 130.818 650.973
 130.818 650.973
 130.818 650.973
 130.818 650.973
 130.818 650.973
 130.818 650.973
 130.818 650.973
 136.031 129.008
 137.596 128.927
 137.108 128.846
 136.151 128.765
 137.278 128.685
 137.278 128.685
 137.278 128.685
 137.278 128.685
 137.278 128.685
 137.278 128.685
 137.278 128.685
 137.278 128.685
 137.278 128.685
 137.278 128.685
 137.278 128.685
 137.278 128.685
 137.278 128.685
 137.278 128.685
 137.278 128.685
 137.278 128.685
 137.278 128.685
 137.278 128.685
 137.278 128.685
 137.278 128.685
 137.278 128.685
 137.278 128.685
 137.278 128.685
 137.278 128.685
 137.386 128.604
 138.121 128.523
 139.113 128.442
 140.372 128.361
 139.823 128.280
 139.823 128.280
 139.823 128.280
 139.823 128.280
 139.823 128.280
 139.823 128.280
 139.823 128.280
 139.823 128.280
 139.823 128.280
 139.823 128.280
 139.823 128.280
 139.823 128.280
 139.823 128.280
 139.823 128.280
 139.823 128.280
 139.823 128.280
 139.823 128.280
 139.823 128.280
 139.823 128.280
 139.823 128.280
 139.823 128.280
 139.823 128.280
 139.823 128.280
 139.823 128.280
 148.057 128.199
 148.982 128.119
 150.227 128.038
 148.404 127.957
 148.721 127.876
 148.721 127.876
 148.721 127.876
 148.721 127.876
 148.721 127.876
 148.721 127.876
 148.721 127.876
 148.721 127.876
 148.721 127.876
 148.721 127.876
 148.721 127.876
 148.721 127.876
 148.721 127.876
 148.721 127.876
 148.721 127.876
 148.721 127.876
 148.721 127.876
 148.721 127.876
 148.721 127.876
 148.721 127.876
 148.721 127.876
 148.721 127.876
 148.721 127.876
 148.721 127.876
 149.020 127.796
 149.372 127.715
 149.010 127.634
 149.717 127.553
 150.072 127.473
 150.072 127.473
 150.072 127.473
 150.072 127.473
 150.072 127.473
 150.072 127.473
 150.072 127.473
 150.072 127.473
 150.072 127.473
 150.072 127.473
 150.072 127.473
 150.072 127.473
 150.072 127.473
 150.072 127.473
 150.072 127.473
 150.072 127.473
 150.072 127.473
 150.072 127.473
 150.072 127.473
 150.072 127.473
 150.072 127.473
 150.072 127.473
 150.072 127.473
 150.072 127.473
 149.934 127.392
 150.312 127.311
 149.729 127.230
 149.161 127.150
 149.161 127.069
 149.161 127.069
 149.161 127.069
 149.161 127.069
 149.161 127.069
 149.161 127.069
 149.161 127.069
 149.161 127.069
 149.161 127.069
 149.161 127.069
 149.161 127.069
 149.161 127.069
 149.161 127.069
 149.161 127.069
 149.161 127.069
 149.161 127.069
 149.161 127.069
 149.161 127.069
 149.161 127.069
 149.161 127.069
 149.161 127.069
 149.161 127.069
 149.161 127.069
 149.161 127.069
 145.030 126.988
 145.433 126.908
 146.433 126.827
 146.240 126.746
 146.050 126.666
 146.050 126.666
 146.050 126.666
 146.050 126.666
 146.050 126.666
 146.050 126.666
 146.050 126.666
 146.050 126.666
 146.050 126.666
 146.050 126.666
 146.050 126.666
 146.050 126.666
 146.050 126.666
 146.050 126.666
 146.050 126.666
 146.050 126.666
 146.050 126.666
 146.050 126.666
 146.050 126.666
 146.050 126.666
 146.050 126.666
 146.050 126.666
 146.050 126.666
 146.050 126.666
 146.604 126.585
 146.487 126.505
 146.913 126.424
 147.768 126.343
 147.656 126.263
 147.656 126.263
 147.656 126.263
 147.656 126.263
 147.656 126.263
 147.656 126.263
 147.656 126.263
 147.656 126.263
 147.656 126.263
 147.656 126.263
 147.656 126.263
 147.656 126.263
 147.656 126.263
 147.656 126.263
 147.656 126.263
 147.656 126.263
 147.656 126.263
 147.656 126.263
 147.656 126.263
 147.656 126.263
 147.656 126.263
 147.656 126.263
 147.656 126.263
 147.656 126.263
 146.496 126.182
 146.469 126.102
 145.063 126.021
 145.496 125.941
 145.945 125.860
 145.945 125.860
 145.945 125.860
 145.945 125.860
 145.945 125.860
 145.945 125.860
 145.945 125.860
 145.945 125.860
 145.945 125.860
 145.945 125.860
 145.945 125.860
 145.945 125.860
 145.945 125.860
 145.945 125.860
 145.945 125.860
 145.945 125.860
 145.945 125.860
 145.945 125.860
 145.945 125.860
 145.945 125.860
 145.945 125.860
 145.945 125.860
 145.945 125.860
 145.945 125.860
 145.945 125.860
 145.945 125.860
 145.945 125.860
 145.945 125.860
 145.945 125.860
 145.945 125.860
 145.945 125.860
 145.945 125.860
 145.945 125.860
 145.945 125.860
 145.945 125.860
 145.945 125.860
 145.945 125.860
 145.945 125.860
 145.945 125.860
 145.945 125.860
 145.945 125.860
 145.945 125.860
 145.945 125.860
 145.945 125.860
 145.945 125.860
 145.945 125.860
 145.945 125.860
 145.945 125.860
 145.945 125.860
 145.945 125.860
 145.945 125.860
 145.945 125.860
 145.945 125.860
 145.945 125.860
 145.945 125.860
 151.221 125.780
 151.708 125.699
 151.520 125.619
 152.007 125.538
 152.652 125.458
 152.652 125.458
 152.652 125.458
 152.652 125.458
 152.652 125.458
 152.652 125.458
 152.652 125.458
 152.652 125.458
 152.652 125.458
 152.652 125.458
 152.652 125.458
 152.652 125.458
 152.652 125.458
 152.652 125.458
 152.652 125.458
 152.652 125.458
 152.652 125.458
 152.652 125.458
 152.652 125.458
 152.652 125.458
 152.652 125.458
 152.652 125.458
 152.652 125.458
 152.652 125.458
 155.182 125.377
 155.659 125.297
 156.164 125.216
 155.895 125.136
 155.895 125.055
 155.895 125.055
 155.895 125.055
 155.895 125.055
 155.895 125.055
 155.895 125.055
 155.895 125.055
 155.895 125.055
 155.895 125.055
 155.895 125.055
 155.895 125.055
 155.895 125.055
 155.895 125.055
 155.895 125.055
 155.895 125.055
 155.895 125.055
 155.895 125.055
 155.895 125.055
 155.895 125.055
 155.895 125.055
 155.895 125.055
 155.895 125.055
 155.895 125.055
 155.895 125.055
 161.634 124.975
 161.436 124.895
 161.763 124.814
 162.615 124.734
 163.526 124.653
 163.526 124.653
 163.526 124.653
 163.526 124.653
 163.526 124.653
 163.526 124.653
 163.526 124.653
 163.526 124.653
 163.526 124.653
 163.526 124.653
 163.526 124.653
 163.526 124.653
 163.526 124.653
 163.526 124.653
 163.526 124.653
 163.526 124.653
 163.526 124.653
 163.526 124.653
 163.526 124.653
 163.526 124.653
 163.526 124.653
 163.526 124.653
 163.526 124.653
 163.526 124.653
 147.405 164.547
 148.516 164.230
 149.917 163.914
 149.522 163.599
 148.014 163.284
 148.014 163.284
 148.014 163.284
 148.014 163.284
 148.014 163.284
 148.014 163.284
 148.014 163.284
 148.014 163.284
 148.014 163.284
 148.014 163.284
 148.014 163.284
 148.014 163.284
 148.014 163.284
 148.014 163.284
 148.014 163.284
 148.014 163.284
 148.014 163.284
 148.014 163.284
 148.014 163.284
 148.014 163.284
 148.014 163.284
 148.014 163.284
 148.014 163.284
 148.014 163.284
 127.769 162.969
 125.445 162.655
 124.062 162.342
 122.164 162.029
 120.118 161.717
 120.118 161.717
 120.118 161.717
 120.118 161.717
 120.118 161.717
 120.118 161.717
 120.118 161.717
 120.118 161.717
 120.118 161.717
 120.118 161.717
 120.118 161.717
 120.118 161.717
 120.118 161.717
 120.118 161.717
 120.118 161.717
 120.118 161.717
 120.118 161.717
 120.118 161.717
 120.118 161.717
 120.118 161.717
 120.118 161.717
 120.118 161.717
 120.118 161.717
 120.118 161.717
 101.929 161.405
 100.271 161.094
 99.448 160.784
 98.619 160.474
 97.397 160.164
 97.397 160.164
 97.397 160.164
 97.397 160.164
 97.397 160.164
 97.397 160.164
 97.397 160.164
 97.397 160.164
 97.397 160.164
 97.397 160.164
 97.397 160.164
 97.397 160.164
 97.397 160.164
 97.397 160.164
 97.397 160.164
 97.397 160.164
 97.397 160.164
 97.397 160.164
 97.397 160.164
 97.397 160.164
 97.397 160.164
 97.397 160.164
 97.397 160.164
 97.397 160.164
 81.790 159.855
 81.421 159.547
 80.685 159.239
 79.953 158.931
 79.223 158.624
 79.223 158.624
 79.223 158.624
 79.223 158.624
 79.223 158.624
 79.223 158.624
 79.223 158.624
 79.223 158.624
 79.223 158.624
 79.223 158.624
 79.223 158.624
 79.223 158.624
 79.223 158.624
 79.223 158.624
 79.223 158.624
 79.223 158.624
 79.223 158.624
 79.223 158.624
 79.223 158.624
 79.223 158.624
 79.223 158.624
 79.223 158.624
 79.223 158.624
 79.223 158.624
 67.487 158.318
 67.073 158.012
 66.168 157.707
 64.862 157.403
 63.808 157.098
 63.808 157.098
 63.808 157.098
 63.808 157.098
 63.808 157.098
 63.808 157.098
 63.808 157.098
 63.808 157.098
 63.808 157.098
 63.808 157.098
 63.808 157.098
 63.808 157.098
 63.808 157.098
 63.808 157.098
 63.808 157.098
 63.808 157.098
 63.808 157.098
 63.808 157.098
 63.808 157.098
 63.808 157.098
 63.808 157.098
 63.808 157.098
 63.808 157.098
 63.808 157.098
 55.533 156.795
 55.533 156.492
 55.089 156.189
 54.222 155.887
 53.374 155.586
 53.374 155.586
 53.374 155.586
 53.374 155.586
 53.374 155.586
 53.374 155.586
 53.374 155.586
 53.374 155.586
 53.374 155.586
 53.374 155.586
 53.374 155.586
 53.374 155.586
 53.374 155.586
 53.374 155.586
 53.374 155.586
 53.374 155.586
 53.374 155.586
 53.374 155.586
 53.374 155.586
 53.374 155.586
 53.374 155.586
 53.374 155.586
 53.374 155.586
 53.374 155.586
 44.570 155.285
 43.652 154.984
 43.151 154.684
 42.568 154.385
 42.486 154.086
 42.486 154.086
 42.486 154.086
 42.486 154.086
 42.486 154.086
 42.486 154.086
 42.486 154.086
 42.486 154.086
 42.486 154.086
 42.486 154.086
 42.486 154.086
 42.486 154.086
 42.486 154.086
 42.486 154.086
 42.486 154.086
 42.486 154.086
 42.486 154.086
 42.486 154.086
 42.486 154.086
 42.486 154.086
 42.486 154.086
 42.486 154.086
 42.486 154.086
 42.486 154.086
 33.294 153.788
 33.858 153.490
 34.251 153.193
 34.251 152.896
 34.434 152.600
 34.434 152.600
 34.434 152.600
 34.434 152.600
 34.434 152.600
 34.434 152.600
 34.434 152.600
 34.434 152.600
 34.434 152.600
 34.434 152.600
 34.434 152.600
 34.434 152.600
 34.434 152.600
 34.434 152.600
 34.434 152.600
 34.434 152.600
 34.434 152.600
 34.434 152.600
 34.434 152.600
 34.434 152.600
 34.434 152.600
 34.434 152.600
 34.434 152.600
 34.434 152.600
 31.238 152.304
 31.081 152.009
 30.305 151.714
 29.976 151.420
 29.614 151.127
 29.614 151.127
 29.614 151.127
 29.614 151.127
 29.614 151.127
 29.614 151.127
 29.614 151.127
 29.614 151.127
 29.614 151.127
 29.614 151.127
 29.614 151.127
 29.614 151.127
 29.614 151.127
 29.614 151.127
 29.614 151.127
 29.614 151.127
 29.614 151.127
 29.614 151.127
 29.614 151.127
 29.614 151.127
 29.614 151.127
 29.614 151.127
 29.614 151.127
 29.614 151.127
 24.222 150.834
 23.614 150.541
 22.363 150.249
 22.873 149.958
 23.098 149.667
 23.098 149.667
 23.098 149.667
 23.098 149.667
 23.098 149.667
 23.098 149.667
 23.098 149.667
 23.098 149.667
 23.098 149.667
 23.098 149.667
 23.098 149.667
 23.098 149.667
 23.098 149.667
 23.098 149.667
 23.098 149.667
 23.098 149.667
 23.098 149.667
 23.098 149.667
 23.098 149.667
 23.098 149.667
 23.098 149.667
 23.098 149.667
 23.098 149.667
 23.098 149.667
 19.930 149.376
 19.227 149.086
 18.868 148.797
 19.099 148.508
 19.099 148.219
 19.099 148.219
 19.099 148.219
 19.099 148.219
 19.099 148.219
 19.099 148.219
 19.099 148.219
 19.099 148.219
 19.099 148.219
 19.099 148.219
 19.099 148.219
 19.099 148.219
 19.099 148.219
 19.099 148.219
 19.099 148.219
 19.099 148.219
 19.099 148.219
 19.099 148.219
 19.099 148.219
 19.099 148.219
 19.099 148.219
 19.099 148.219
 19.099 148.219
 19.099 148.219
 19.099 148.219
 19.099 148.219
 19.099 148.219
 19.099 148.219
 19.099 148.219
 19.099 148.219
 19.099 148.219
 19.099 148.219
 19.099 148.219
 19.099 148.219
 19.099 148.219
 19.099 148.219
 19.099 148.219
 19.099 148.219
 19.099 148.219
 19.099 148.219
 19.099 148.219
 19.099 148.219
 19.099 148.219
 19.099 148.219
 19.099 148.219
 19.099 148.219
 19.099 148.219
 19.099 148.219
 19.099 148.219
 19.099 148.219
 19.099 148.219
 19.099 148.219
 19.099 148.219
 19.099 148.219
 19.099 148.219
 14.015 147.931
 13.509 147.644
 13.629 147.357
 12.839 147.071
 12.839 147.071
 12.839 147.071
 12.839 147.071
 12.839 147.071
 12.839 147.071
 12.839 147.071
 12.839 147.071
 12.839 147.071
 12.839 147.071
 12.839 147.071
 12.839 147.071
 12.839 147.071
 12.839 147.071
 12.839 147.071
 12.839 147.071
 12.839 147.071
 12.839 147.071
 12.839 147.071
 12.839 147.071
 12.839 147.071
 12.839 147.071
 12.839 147.071
 12.839 147.071
 12.839 147.071
 12.444 146.785
 12.155 146.500
 11.767 146.215
 12.237 145.930
 12.175 145.647
 12.175 145.647
 12.175 145.647
 12.175 145.647
 12.175 145.647
 12.175 145.647
 12.175 145.647
 12.175 145.647
 12.175 145.647
 12.175 145.647
 12.175 145.647
 12.175 145.647
 12.175 145.647
 12.175 145.647
 12.175 145.647
 12.175 145.647
 12.175 145.647
 12.175 145.647
 12.175 145.647
 12.175 145.647
 12.175 145.647
 12.175 145.647
 12.175 145.647
 12.175 145.647
 9.825 145.363
 9.546 145.081
 8.839 144.798
 9.729 144.516
 9.719 144.235
 9.719 144.235
 9.719 144.235
 9.719 144.235
 9.719 144.235
 9.719 144.235
 9.719 144.235
 9.719 144.235
 9.719 144.235
 9.719 144.235
 9.719 144.235
 9.719 144.235
 9.719 144.235
 9.719 144.235
 9.719 144.235
 9.719 144.235
 9.719 144.235
 9.719 144.235
 9.719 144.235
 9.719 144.235
 9.719 144.235
 9.719 144.235
 9.719 144.235
 9.719 144.235
 9.955 143.954
 10.243 143.674
 10.502 143.394
 10.272 143.115
 9.839 142.836
 9.839 142.836
 9.839 142.836
 9.839 142.836
 9.839 142.836
 9.839 142.836
 9.839 142.836
 9.839 142.836
 9.839 142.836
 9.839 142.836
 9.839 142.836
 9.839 142.836
 9.839 142.836
 9.839 142.836
 9.839 142.836
 9.839 142.836
 9.839 142.836
 9.839 142.836
 9.839 142.836
 9.839 142.836
 9.839 142.836
 9.839 142.836
 9.839 142.836
 9.839 142.836
 9.839 142.836
 9.839 142.836
 9.839 142.836
 9.839 142.836
 9.839 142.836
 9.839 142.836
 9.839 142.836
 9.839 142.836
 9.839 142.836
 9.839 142.836
 9.839 142.836
 9.839 142.836
 9.839 142.836
 9.839 142.836
 9.839 142.836
 9.839 142.836
 9.839 142.836
 9.839 142.836
 9.839 142.836
 9.839 142.836
 9.839 142.836
 9.839 142.836
 9.839 142.836
 9.839 142.836
 9.839 142.836
 9.839 142.836
 9.839 142.836
 9.839 142.836
 9.839 142.836
 9.839 142.836
 8.507 142.558
 8.302 142.280
 8.561 142.003
 8.878 141.726
 8.992 141.450
 8.992 141.450
 8.992 141.450
 8.992 141.450
 8.992 141.450
 8.992 141.450
 8.992 141.450
 8.992 141.450
 8.992 141.450
 8.992 141.450
 8.992 141.450
 8.992 141.450
 8.992 141.450
 8.992 141.450
 8.992 141.450
 8.992 141.450
 8.992 141.450
 8.992 141.450
 8.992 141.450
 8.992 141.450
 8.992 141.450
 8.992 141.450
 8.992 141.450
 8.992 141.450
 10.032 141.174
 9.642 140.899
 9.520 140.624
 9.597 140.350
 9.753 140.076
 9.753 140.076
 9.753 140.076
 9.753 140.076
 9.753 140.076
 9.753 140.076
 9.753 140.076
 9.753 140.076
 9.753 140.076
 9.753 140.076
 9.753 140.076
 9.753 140.076
 9.753 140.076
 9.753 140.076
 9.753 140.076
 9.753 140.076
 9.753 140.076
 9.753 140.076
 9.753 140.076
 9.753 140.076
 9.753 140.076
 9.753 140.076
 9.753 140.076
 9.753 140.076
 10.175 139.802
 10.271 139.530
 10.564 139.257
 10.484 138.985
 10.764 138.714
 10.764 138.714
 10.764 138.714
 10.764 138.714
 10.764 138.714
 10.764 138.714
 10.764 138.714
 10.764 138.714
 10.764 138.714
 10.764 138.714
 10.764 138.714
 10.764 138.714
 10.764 138.714
 10.764 138.714
 10.764 138.714
 10.764 138.714
 10.764 138.714
 10.764 138.714
 10.764 138.714
 10.764 138.714
 10.764 138.714
 10.764 138.714
 10.764 138.714
 10.764 138.714
 10.764 138.714
 10.838 138.443
 10.838 138.173
 11.023 137.903
 10.834 137.634
 10.834 137.634
 10.834 137.634
 10.834 137.634
 10.834 137.634
 10.834 137.634
 10.834 137.634
 10.834 137.634
 10.834 137.634
 10.834 137.634
 10.834 137.634
 10.834 137.634
 10.834 137.634
 10.834 137.634
 10.834 137.634
 10.834 137.634
 10.834 137.634
 10.834 137.634
 10.834 137.634
 10.834 137.634
 10.834 137.634
 10.834 137.634
 10.834 137.634
 10.834 137.634
 10.834 137.634
 10.834 137.634
 10.834 137.634
 10.834 137.634
 10.834 137.634
 10.834 137.634
 10.834 137.634
 10.834 137.634
 10.834 137.634
 10.834 137.634
 10.834 137.634
 10.834 137.634
 10.834 137.634
 10.834 137.634
 10.834 137.634
 10.834 137.634
 10.834 137.634
 10.834 137.634
 10.834 137.634
 10.834 137.634
 10.834 137.634
 10.834 137.634
 10.834 137.634
 10.834 137.634
 10.834 137.634
 10.834 137.634
 10.834 137.634
 10.834 137.634
 10.834 137.634
 10.834 137.634
 10.834 137.634
 10.834 137.634
 14.637 137.365
 14.986 137.096
 15.093 136.828
 15.607 136.561
 15.607 136.561
 15.607 136.561
 15.607 136.561
 15.607 136.561
 15.607 136.561
 15.607 136.561
 15.607 136.561
 15.607 136.561
 15.607 136.561
 15.607 136.561
 15.607 136.561
 15.607 136.561
 15.607 136.561
 15.607 136.561
 15.607 136.561
 15.607 136.561
 15.607 136.561
 15.607 136.561
 15.607 136.561
 15.607 136.561
 15.607 136.561
 15.607 136.561
 15.607 136.561
 15.607 136.561
 17.309 136.294
 17.539 136.027
 17.623 135.761
 17.381 135.496
 17.895 135.231
 17.895 135.231
 17.895 135.231
 17.895 135.231
 17.895 135.231
 17.895 135.231
 17.895 135.231
 17.895 135.231
 17.895 135.231
 17.895 135.231
 17.895 135.231
 17.895 135.231
 17.895 135.231
 17.895 135.231
 17.895 135.231
 17.895 135.231
 17.895 135.231
 17.895 135.231
 17.895 135.231
 17.895 135.231
 17.895 135.231
 17.895 135.231
 17.895 135.231
 17.895 135.231
 14.700 18.481
 14.700 18.446
 14.408 18.411
 14.544 18.376
 14.236 18.341
 14.236 18.341
 14.236 18.341
 14.236 18.341
 14.236 18.341
 14.236 18.341
 14.236 18.341
 14.236 18.341
 14.236 18.341
 14.236 18.341
 14.236 18.341
 14.236 18.341
 14.236 18.341
 14.236 18.341
 14.236 18.341
 14.236 18.341
 14.236 18.341
 14.236 18.341
 14.236 18.341
 14.236 18.341
 14.236 18.341
 14.236 18.341
 14.236 18.341
 14.236 18.341
 10.309 18.306
 10.129 18.271
 10.129 18.236
 10.129 18.201
 9.741 18.167
 9.741 18.167
 9.741 18.167
 9.741 18.167
 9.741 18.167
 9.741 18.167
 9.741 18.167
 9.741 18.167
 9.741 18.167
 9.741 18.167
 9.741 18.167
 9.741 18.167
 9.741 18.167
 9.741 18.167
 9.741 18.167
 9.741 18.167
 9.741 18.167
 9.741 18.167
 9.741 18.167
 9.741 18.167
 9.741 18.167
 9.741 18.167
 9.741 18.167
 9.741 18.167
 7.088 18.132
 7.056 18.098
 6.678 18.063
 6.549 18.029
 6.489 17.995
 6.489 17.995
 6.489 17.995
 6.489 17.995
 6.489 17.995
 6.489 17.995
 6.489 17.995
 6.489 17.995
 6.489 17.995
 6.489 17.995
 6.489 17.995
 6.489 17.995
 6.489 17.995
 6.489 17.995
 6.489 17.995
 6.489 17.995
 6.489 17.995
 6.489 17.995
 6.489 17.995
 6.489 17.995
 6.489 17.995
 6.489 17.995
 6.489 17.995
 6.489 17.995
 4.469 17.960
 4.377 17.926
 4.205 17.892
 4.206 17.858
 4.038 17.824
 4.038 17.824
 4.038 17.824
 4.038 17.824
 4.038 17.824
 4.038 17.824
 4.038 17.824
 4.038 17.824
 4.038 17.824
 4.038 17.824
 4.038 17.824
 4.038 17.824
 4.038 17.824
 4.038 17.824
 4.038 17.824
 4.038 17.824
 4.038 17.824
 4.038 17.824
 4.038 17.824
 4.038 17.824
 4.038 17.824
 4.038 17.824
 4.038 17.824
 4.038 17.824
 2.749 17.790
 2.553 17.756
 2.704 17.722
 2.654 17.688
 2.698 17.654
 2.698 17.654
 2.698 17.654
 2.698 17.654
 2.698 17.654
 2.698 17.654
 2.698 17.654
 2.698 17.654
 2.698 17.654
 2.698 17.654
 2.698 17.654
 2.698 17.654
 2.698 17.654
 2.698 17.654
 2.698 17.654
 2.698 17.654
 2.698 17.654
 2.698 17.654
 2.698 17.654
 2.698 17.654
 2.698 17.654
 2.698 17.654
 2.698 17.654
 2.698 17.654
 1.600 17.621
 1.731 17.587
 1.588 17.553
 1.711 17.520
 1.757 17.486
 1.757 17.486
 1.757 17.486
 1.757 17.486
 1.757 17.486
 1.757 17.486
 1.757 17.486
 1.757 17.486
 1.757 17.486
 1.757 17.486
 1.757 17.486
 1.757 17.486
 1.757 17.486
 1.757 17.486
 1.757 17.486
 1.757 17.486
 1.757 17.486
 1.757 17.486
 1.757 17.486
 1.757 17.486
 1.757 17.486
 1.757 17.486
 1.757 17.486
 1.757 17.486
 1.264 17.453
 1.121 17.420
 1.061 17.386
 1.009 17.353
 0.981 17.320
 0.981 17.320
 0.981 17.320
 0.981 17.320
 0.981 17.320
 0.981 17.320
 0.981 17.320
 0.981 17.320
 0.981 17.320
 0.981 17.320
 0.981 17.320
 0.981 17.320
 0.981 17.320
 0.981 17.320
 0.981 17.320
 0.981 17.320
 0.981 17.320
 0.981 17.320
 0.981 17.320
 0.981 17.320
 0.981 17.320
 0.981 17.320
 0.981 17.320
 0.981 17.320
 0.981 17.320
 0.981 17.320
 0.981 17.320
 0.981 17.320
 0.981 17.320
 0.981 17.320
 0.981 17.320
 0.981 17.320
 0.981 17.320
 0.981 17.320
 0.981 17.320
 0.981 17.320
 0.981 17.320
 0.981 17.320
 0.981 17.320
 0.981 17.320
 0.981 17.320
 0.981 17.320
 0.981 17.320
 0.981 17.320
 0.981 17.320
 0.981 17.320
 0.981 17.320
 0.981 17.320
 0.981 17.320
 0.981 17.320
 0.981 17.320
 0.981 17.320
 0.981 17.320
 0.981 17.320
 0.850 17.287
 0.996 17.254
 1.002 17.221
 0.857 17.188
 0.952 17.155
 0.952 17.155
 0.952 17.155
 0.952 17.155
 0.952 17.155
 0.952 17.155
 0.952 17.155
 0.952 17.155
 0.952 17.155
 0.952 17.155
 0.952 17.155
 0.952 17.155
 0.952 17.155
 0.952 17.155
 0.952 17.155
 0.952 17.155
 0.952 17.155
 0.952 17.155
 0.952 17.155
 0.952 17.155
 0.952 17.155
 0.952 17.155
 0.952 17.155
 0.952 17.155
 0.729 17.122
 0.935 17.089
 1.044 17.056
 1.044 17.024
 0.934 16.991
 0.934 16.991
 0.934 16.991
 0.934 16.991
 0.934 16.991
 0.934 16.991
 0.934 16.991
 0.934 16.991
 0.934 16.991
 0.934 16.991
 0.934 16.991
 0.934 16.991
 0.934 16.991
 0.934 16.991
 0.934 16.991
 0.934 16.991
 0.934 16.991
 0.934 16.991
 0.934 16.991
 0.934 16.991
 0.934 16.991
 0.934 16.991
 0.934 16.991
 0.934 16.991
 1.887 16.959
 1.887 16.926
 1.887 16.894
 1.805 16.861
 1.843 16.829
 1.843 16.829
 1.843 16.829
 1.843 16.829
 1.843 16.829
 1.843 16.829
 1.843 16.829
 1.843 16.829
 1.843 16.829
 1.843 16.829
 1.843 16.829
 1.843 16.829
 1.843 16.829
 1.843 16.829
 1.843 16.829
 1.843 16.829
 1.843 16.829
 1.843 16.829
 1.843 16.829
 1.843 16.829
 1.843 16.829
 1.843 16.829
 1.843 16.829
 1.843 16.829
 2.621 16.797
 2.593 16.764
 2.674 16.732
 2.759 16.700
 2.729 16.668
 2.729 16.668
 2.729 16.668
 2.729 16.668
 2.729 16.668
 2.729 16.668
 2.729 16.668
 2.729 16.668
 2.729 16.668
 2.729 16.668
 2.729 16.668
 2.729 16.668
 2.729 16.668
 2.729 16.668
 2.729 16.668
 2.729 16.668
 2.729 16.668
 2.729 16.668
 2.729 16.668
 2.729 16.668
 2.729 16.668
 2.729 16.668
 2.729 16.668
 2.729 16.668
 2.729 16.668
 2.882 2.950
 2.743 2.946
 2.943 2.942
 2.955 2.938
 3.017 2.934
 3.017 2.934
 3.017 2.934
 3.017 2.934
 3.017 2.934
 3.017 2.934
 3.017 2.934
 3.017 2.934
 3.017 2.934
 3.017 2.934
 3.017 2.934
 3.017 2.934
 3.017 2.934
 3.017 2.934
 3.017 2.934
 3.017 2.934
 3.017 2.934
 3.017 2.934
 3.017 2.934
 3.017 2.934
 3.017 2.934
 3.017 2.934
 3.017 2.934
 3.017 2.934
 3.330 2.930
 3.404 2.926
 3.330 2.922
 3.124 2.918
 3.124 2.914
 3.124 2.914
 3.124 2.914
 3.124 2.914
 3.124 2.914
 3.124 2.914
 3.124 2.914
 3.124 2.914
 3.124 2.914
 3.124 2.914
 3.124 2.914
 3.124 2.914
 3.124 2.914
 3.124 2.914
 3.124 2.914
 3.124 2.914
 3.124 2.914
 3.124 2.914
 3.124 2.914
 3.124 2.914
 3.124 2.914
 3.124 2.914
 3.124 2.914
 3.124 2.914
 3.124 2.914
 3.124 2.914
 3.124 2.914
 3.124 2.914
 3.124 2.914
 3.124 2.914
 3.124 2.914
 3.124 2.914
 3.124 2.914
 3.124 2.914
 3.124 2.914
 3.124 2.914
 3.124 2.914
 3.124 2.914
 3.124 2.914
 3.124 2.914
 3.124 2.914
 3.124 2.914
 3.124 2.914
 3.124 2.914
 3.124 2.914
 3.124 2.914
 3.124 2.914
 3.124 2.914
 3.124 2.914
 3.124 2.914
 3.124 2.914
 3.124 2.914
 3.124 2.914
 3.124 2.914
 3.694 2.910
 3.694 2.906
 3.833 2.902
 3.694 2.898
 3.769 2.894
 3.769 2.894
 3.769 2.894
 3.769 2.894
 3.769 2.894
 3.769 2.894
 3.769 2.894
 3.769 2.894
 3.769 2.894
 3.769 2.894
 3.769 2.894
 3.769 2.894
 3.769 2.894
 3.769 2.894
 3.769 2.894
 3.769 2.894
 3.769 2.894
 3.769 2.894
 3.769 2.894
 3.769 2.894
 3.769 2.894
 3.769 2.894
 3.769 2.894
 3.769 2.894
 4.299 2.890
 4.234 2.886
 4.234 2.882
 4.234 2.878
 4.234 2.874
 4.234 2.874
 4.234 2.874
 4.234 2.874
 4.234 2.874
 4.234 2.874
 4.234 2.874
 4.234 2.874
 4.234 2.874
 4.234 2.874
 4.234 2.874
 4.234 2.874
 4.234 2.874
 4.234 2.874
 4.234 2.874
 4.234 2.874
 4.234 2.874
 4.234 2.874
 4.234 2.874
 4.234 2.874
 4.234 2.874
 4.234 2.874
 4.234 2.874
 4.234 2.874
 4.329 2.870
 4.329 2.866
 4.499 2.862
 4.646 2.858
 4.499 2.854
 4.499 2.854
 4.499 2.854
 4.499 2.854
 4.499 2.854
 4.499 2.854
 4.499 2.854
 4.499 2.854
 4.499 2.854
 4.499 2.854
 4.499 2.854
 4.499 2.854
 4.499 2.854
 4.499 2.854
 4.499 2.854
 4.499 2.854
 4.499 2.854
 4.499 2.854
 4.499 2.854
 4.499 2.854
 4.499 2.854
 4.499 2.854
 4.499 2.854
 4.499 2.854
 4.370 2.850
 4.480 2.846
 4.446 2.842
 4.723 2.838
 4.903 2.834
 4.903 2.834
 4.903 2.834
 4.903 2.834
 4.903 2.834
 4.903 2.834
 4.903 2.834
 4.903 2.834
 4.903 2.834
 4.903 2.834
 4.903 2.834
 4.903 2.834
 4.903 2.834
 4.903 2.834
 4.903 2.834
 4.903 2.834
 4.903 2.834
 4.903 2.834
 4.903 2.834
 4.903 2.834
 4.903 2.834
 4.903 2.834
 4.903 2.834
 4.903 2.834
 4.874 2.830
 4.785 2.826
 4.785 2.822
 4.785 2.818
 4.831 2.814
 4.831 2.814
 4.831 2.814
 4.831 2.814
 4.831 2.814
 4.831 2.814
 4.831 2.814
 4.831 2.814
 4.831 2.814
 4.831 2.814
 4.831 2.814
 4.831 2.814
 4.831 2.814
 4.831 2.814
 4.831 2.814
 4.831 2.814
 4.831 2.814
 4.831 2.814
 4.831 2.814
 4.831 2.814
 4.831 2.814
 4.831 2.814
 4.831 2.814
 4.831 2.814
 4.719 2.810
 4.809 2.806
 4.722 2.803
 4.699 2.799
 4.699 2.795
 4.699 2.795
 4.699 2.795
 4.699 2.795
 4.699 2.795
 4.699 2.795
 4.699 2.795
 4.699 2.795
 4.699 2.795
 4.699 2.795
 4.699 2.795
 4.699 2.795
 4.699 2.795
 4.699 2.795
 4.699 2.795
 4.699 2.795
 4.699 2.795
 4.699 2.795
 4.699 2.795
 4.699 2.795
 4.699 2.795
 4.699 2.795
 4.699 2.795
 4.699 2.795
 5.050 2.791
 4.994 2.787
 4.971 2.783
 4.971 2.779
 4.971 2.775
 4.971 2.775
 4.971 2.775
 4.971 2.775
 4.971 2.775
 4.971 2.775
 4.971 2.775
 4.971 2.775
 4.971 2.775
 4.971 2.775
 4.971 2.775
 4.971 2.775
 4.971 2.775
 4.971 2.775
 4.971 2.775
 4.971 2.775
 4.971 2.775
 4.971 2.775
 4.971 2.775
 4.971 2.775
 4.971 2.775
 4.971 2.775
 4.971 2.775
 4.971 2.775
 5.346 2.771
 5.466 2.767
 5.420 2.764
 5.387 2.760
 5.538 2.756
 5.538 2.756
 5.538 2.756
 5.538 2.756
 5.538 2.756
 5.538 2.756
 5.538 2.756
 5.538 2.756
 5.538 2.756
 5.538 2.756
 5.538 2.756
 5.538 2.756
 5.538 2.756
 5.538 2.756
 5.538 2.756
 5.538 2.756
 5.538 2.756
 5.538 2.756
 5.538 2.756
 5.538 2.756
 5.538 2.756
 5.538 2.756
 5.538 2.756
 5.538 2.756
 5.365 2.752
 5.358 2.748
 5.365 2.744
 5.291 2.740
 5.374 2.737
 5.374 2.737
 5.374 2.737
 5.374 2.737
 5.374 2.737
 5.374 2.737
 5.374 2.737
 5.374 2.737
 5.374 2.737
 5.374 2.737
 5.374 2.737
 5.374 2.737
 5.374 2.737
 5.374 2.737
 5.374 2.737
 5.374 2.737
 5.374 2.737
 5.374 2.737
 5.374 2.737
 5.374 2.737
 5.374 2.737
 5.374 2.737
 5.374 2.737
 5.374 2.737
 5.420 5.743
 5.402 5.731
 5.402 5.720
 5.441 5.708
 5.466 5.697
 5.466 5.697
 5.466 5.697
 5.466 5.697
 5.466 5.697
 5.466 5.697
 5.466 5.697
 5.466 5.697
 5.466 5.697
 5.466 5.697
 5.466 5.697
 5.466 5.697
 5.466 5.697
 5.466 5.697
 5.466 5.697
 5.466 5.697
 5.466 5.697
 5.466 5.697
 5.466 5.697
 5.466 5.697
 5.466 5.697
 5.466 5.697
 5.466 5.697
 5.466 5.697
 4.708 5.686
 4.619 5.675
 4.619 5.663
 4.708 5.652
 4.622 5.641
 4.622 5.641
 4.622 5.641
 4.622 5.641
 4.622 5.641
 4.622 5.641
 4.622 5.641
 4.622 5.641
 4.622 5.641
 4.622 5.641
 4.622 5.641
 4.622 5.641
 4.622 5.641
 4.622 5.641
 4.622 5.641
 4.622 5.641
 4.622 5.641
 4.622 5.641
 4.622 5.641
 4.622 5.641
 4.622 5.641
 4.622 5.641
 4.622 5.641
 4.622 5.641
 4.619 5.630
 4.622 5.618
 4.648 5.607
 4.549 5.596
 4.540 5.585
 4.540 5.585
 4.540 5.585
 4.540 5.585
 4.540 5.585
 4.540 5.585
 4.540 5.585
 4.540 5.585
 4.540 5.585
 4.540 5.585
 4.540 5.585
 4.540 5.585
 4.540 5.585
 4.540 5.585
 4.540 5.585
 4.540 5.585
 4.540 5.585
 4.540 5.585
 4.540 5.585
 4.540 5.585
 4.540 5.585
 4.540 5.585
 4.540 5.585
 4.540 5.585
 4.408 5.574
 4.381 5.563
 4.336 5.552
 4.357 5.541
 4.336 5.530
 4.336 5.530
 4.336 5.530
 4.336 5.530
 4.336 5.530
 4.336 5.530
 4.336 5.530
 4.336 5.530
 4.336 5.530
 4.336 5.530
 4.336 5.530
 4.336 5.530
 4.336 5.530
 4.336 5.530
 4.336 5.530
 4.336 5.530
 4.336 5.530
 4.336 5.530
 4.336 5.530
 4.336 5.530
 4.336 5.530
 4.336 5.530
 4.336 5.530
 4.336 5.530
 3.781 5.519
 3.777 5.508
 3.702 5.497
 3.619 5.486
 3.619 5.475
 3.619 5.475
 3.619 5.475
 3.619 5.475
 3.619 5.475
 3.619 5.475
 3.619 5.475
 3.619 5.475
 3.619 5.475
 3.619 5.475
 3.619 5.475
 3.619 5.475
 3.619 5.475
 3.619 5.475
 3.619 5.475
 3.619 5.475
 3.619 5.475
 3.619 5.475
 3.619 5.475
 3.619 5.475
 3.619 5.475
 3.619 5.475
 3.619 5.475
 3.619 5.475
 3.060 5.464
 3.077 5.453
 3.060 5.442
 3.077 5.432
 3.120 5.421
 3.120 5.421
 3.120 5.421
 3.120 5.421
 3.120 5.421
 3.120 5.421
 3.120 5.421
 3.120 5.421
 3.120 5.421
 3.120 5.421
 3.120 5.421
 3.120 5.421
 3.120 5.421
 3.120 5.421
 3.120 5.421
 3.120 5.421
 3.120 5.421
 3.120 5.421
 3.120 5.421
 3.120 5.421
 3.120 5.421
 3.120 5.421
 3.120 5.421
 3.120 5.421
 3.007 5.410
 3.007 5.399
 2.981 5.389
 2.871 5.378
 2.845 5.367
 2.845 5.367
 2.845 5.367
 2.845 5.367
 2.845 5.367
 2.845 5.367
 2.845 5.367
 2.845 5.367
 2.845 5.367
 2.845 5.367
 2.845 5.367
 2.845 5.367
 2.845 5.367
 2.845 5.367
 2.845 5.367
 2.845 5.367
 2.845 5.367
 2.845 5.367
 2.845 5.367
 2.845 5.367
 2.845 5.367
 2.845 5.367
 2.845 5.367
 2.845 5.367
 2.871 5.357
 2.871 5.346
 2.739 5.335
 2.603 5.325
 2.804 5.314
 2.804 5.314
 2.804 5.314
 2.804 5.314
 2.804 5.314
 2.804 5.314
 2.804 5.314
 2.804 5.314
 2.804 5.314
 2.804 5.314
 2.804 5.314
 2.804 5.314
 2.804 5.314
 2.804 5.314
 2.804 5.314
 2.804 5.314
 2.804 5.314
 2.804 5.314
 2.804 5.314
 2.804 5.314
 2.804 5.314
 2.804 5.314
 2.804 5.314
 2.804 5.314
 2.420 5.303
 2.442 5.293
 2.335 5.282
 2.393 5.272
 2.393 5.261
 2.393 5.261
 2.393 5.261
 2.393 5.261
 2.393 5.261
 2.393 5.261
 2.393 5.261
 2.393 5.261
 2.393 5.261
 2.393 5.261
 2.393 5.261
 2.393 5.261
 2.393 5.261
 2.393 5.261
 2.393 5.261
 2.393 5.261
 2.393 5.261
 2.393 5.261
 2.393 5.261
 2.393 5.261
 2.393 5.261
 2.393 5.261
 2.393 5.261
 2.393 5.261
 2.303 5.251
 2.343 5.240
 2.441 5.230
 2.268 5.220
 2.159 5.209
 2.159 5.209
 2.159 5.209
 2.159 5.209
 2.159 5.209
 2.159 5.209
 2.159 5.209
 2.159 5.209
 2.159 5.209
 2.159 5.209
 2.159 5.209
 2.159 5.209
 2.159 5.209
 2.159 5.209
 2.159 5.209
 2.159 5.209
 2.159 5.209
 2.159 5.209
 2.159 5.209
 2.159 5.209
 2.159 5.209
 2.159 5.209
 2.159 5.209
 2.159 5.209
 2.118 5.199
 1.940 5.189
 1.909 5.178
 1.887 5.168
 1.887 5.158
 1.887 5.158
 1.887 5.158
 1.887 5.158
 1.887 5.158
 1.887 5.158
 1.887 5.158
 1.887 5.158
 1.887 5.158
 1.887 5.158
 1.887 5.158
 1.887 5.158
 1.887 5.158
 1.887 5.158
 1.887 5.158
 1.887 5.158
 1.887 5.158
 1.887 5.158
 1.887 5.158
 1.887 5.158
 1.887 5.158
 1.887 5.158
 1.887 5.158
 1.887 5.158
 1.940 5.147
 1.909 5.137
 1.833 5.127
 1.827 5.117
 1.779 5.106
 1.779 5.106
 1.779 5.106
 1.779 5.106
 1.779 5.106
 1.779 5.106
 1.779 5.106
 1.779 5.106
 1.779 5.106
 1.779 5.106
 1.779 5.106
 1.779 5.106
 1.779 5.106
 1.779 5.106
 1.779 5.106
 1.779 5.106
 1.779 5.106
 1.779 5.106
 1.779 5.106
 1.779 5.106
 1.779 5.106
 1.779 5.106
 1.779 5.106
 1.779 5.106
 1.653 1.994
 1.636 1.990
 1.748 1.987
 1.614 1.983
 1.698 1.980
 1.698 1.980
 1.698 1.980
 1.698 1.980
 1.698 1.980
 1.698 1.980
 1.698 1.980
 1.698 1.980
 1.698 1.980
 1.698 1.980
 1.698 1.980
 1.698 1.980
 1.698 1.980
 1.698 1.980
 1.698 1.980
 1.698 1.980
 1.698 1.980
 1.698 1.980
 1.698 1.980
 1.698 1.980
 1.698 1.980
 1.698 1.980
 1.698 1.980
 1.698 1.980
 1.846 1.976
 1.702 1.973
 1.555 1.969
 1.575 1.965
 1.684 1.962
 1.684 1.962
 1.684 1.962
 1.684 1.962
 1.684 1.962
 1.684 1.962
 1.684 1.962
 1.684 1.962
 1.684 1.962
 1.684 1.962
 1.684 1.962
 1.684 1.962
 1.684 1.962
 1.684 1.962
 1.684 1.962
 1.684 1.962
 1.684 1.962
 1.684 1.962
 1.684 1.962
 1.684 1.962
 1.684 1.962
 1.684 1.962
 1.684 1.962
 1.684 1.962
 1.673 1.958
 1.734 1.955
 1.653 1.951
 1.636 1.948
 1.636 1.944
 1.636 1.944
 1.636 1.944
 1.636 1.944
 1.636 1.944
 1.636 1.944
 1.636 1.944
 1.636 1.944
 1.636 1.944
 1.636 1.944
 1.636 1.944
 1.636 1.944
 1.636 1.944
 1.636 1.944
 1.636 1.944
 1.636 1.944
 1.636 1.944
 1.636 1.944
 1.636 1.944
 1.636 1.944
 1.636 1.944
 1.636 1.944
 1.636 1.944
 1.636 1.944
 1.935 1.941
 1.840 1.937
 1.840 1.934
 1.719 1.930
 1.509 1.927
 1.509 1.927
 1.509 1.927
 1.509 1.927
 1.509 1.927
 1.509 1.927
 1.509 1.927
 1.509 1.927
 1.509 1.927
 1.509 1.927
 1.509 1.927
 1.509 1.927
 1.509 1.927
 1.509 1.927
 1.509 1.927
 1.509 1.927
 1.509 1.927
 1.509 1.927
 1.509 1.927
 1.509 1.927
 1.509 1.927
 1.509 1.927
 1.509 1.927
 1.509 1.927
 1.363 1.923
 1.330 1.920
 1.363 1.916
 1.521 1.913
 1.479 1.910
 1.479 1.910
 1.479 1.910
 1.479 1.910
 1.479 1.910
 1.479 1.910
 1.479 1.910
 1.479 1.910
 1.479 1.910
 1.479 1.910
 1.479 1.910
 1.479 1.910
 1.479 1.910
 1.479 1.910
 1.479 1.910
 1.479 1.910
 1.479 1.910
 1.479 1.910
 1.479 1.910
 1.479 1.910
 1.479 1.910
 1.479 1.910
 1.479 1.910
 1.479 1.910
 1.495 1.906
 1.450 1.903
 1.330 1.899
 1.363 1.896
 1.389 1.893
 1.389 1.893
 1.389 1.893
 1.389 1.893
 1.389 1.893
 1.389 1.893
 1.389 1.893
 1.389 1.893
 1.389 1.893
 1.389 1.893
 1.389 1.893
 1.389 1.893
 1.389 1.893
 1.389 1.893
 1.389 1.893
 1.389 1.893
 1.389 1.893
 1.389 1.893
 1.389 1.893
 1.389 1.893
 1.389 1.893
 1.389 1.893
 1.389 1.893
 1.389 1.893
 1.363 1.889
 1.363 1.886
 1.363 1.882
 1.330 1.879
 1.300 1.876
 1.300 1.876
 1.300 1.876
 1.300 1.876
 1.300 1.876
 1.300 1.876
 1.300 1.876
 1.300 1.876
 1.300 1.876
 1.300 1.876
 1.300 1.876
 1.300 1.876
 1.300 1.876
 1.300 1.876
 1.300 1.876
 1.300 1.876
 1.300 1.876
 1.300 1.876
 1.300 1.876
 1.300 1.876
 1.300 1.876
 1.300 1.876
 1.300 1.876
 1.300 1.876
 1.330 1.872
 1.287 1.869
 1.246 1.866
 1.278 1.862
 1.287 1.859
 1.287 1.859
 1.287 1.859
 1.287 1.859
 1.287 1.859
 1.287 1.859
 1.287 1.859
 1.287 1.859
 1.287 1.859
 1.287 1.859
 1.287 1.859
 1.287 1.859
 1.287 1.859
 1.287 1.859
 1.287 1.859
 1.287 1.859
 1.287 1.859
 1.287 1.859
 1.287 1.859
 1.287 1.859
 1.287 1.859
 1.287 1.859
 1.287 1.859
 1.287 1.859
 1.356 1.856
 1.320 1.852
 1.278 1.849
 1.278 1.846
 1.278 1.843
 1.278 1.843
 1.278 1.843
 1.278 1.843
 1.278 1.843
 1.278 1.843
 1.278 1.843
 1.278 1.843
 1.278 1.843
 1.278 1.843
 1.278 1.843
 1.278 1.843
 1.278 1.843
 1.278 1.843
 1.278 1.843
 1.278 1.843
 1.278 1.843
 1.278 1.843
 1.278 1.843
 1.278 1.843
 1.278 1.843
 1.278 1.843
 1.278 1.843
 1.278 1.843
 1.435 1.839
 1.278 1.836
 1.394 1.833
 1.320 1.830
 1.320 1.826
 1.320 1.826
 1.320 1.826
 1.320 1.826
 1.320 1.826
 1.320 1.826
 1.320 1.826
 1.320 1.826
 1.320 1.826
 1.320 1.826
 1.320 1.826
 1.320 1.826
 1.320 1.826
 1.320 1.826
 1.320 1.826
 1.320 1.826
 1.320 1.826
 1.320 1.826
 1.320 1.826
 1.320 1.826
 1.320 1.826
 1.320 1.826
 1.320 1.826
 1.320 1.826
 1.320 1.826
 1.320 1.826
 1.320 1.826
 1.320 1.826
 1.320 1.826
 1.320 1.826
 1.320 1.826
 1.320 1.826
 1.320 1.826
 1.320 1.826
 1.320 1.826
 1.320 1.826
 1.320 1.826
 1.320 1.826
 1.320 1.826
 1.320 1.826
 1.320 1.826
 1.320 1.826
 1.320 1.826
 1.320 1.826
 1.320 1.826
 1.320 1.826
 1.320 1.826
 1.320 1.826
 1.320 1.826
 1.320 1.826
 1.320 1.826
 1.320 1.826
 1.320 1.826
 1.320 1.826
 1.134 1.823
 1.043 1.820
 0.929 1.817
 0.893 1.813
 0.893 1.810
 0.893 1.810
 0.893 1.810
 0.893 1.810
 0.893 1.810
 0.893 1.810
 0.893 1.810
 0.893 1.810
 0.893 1.810
 0.893 1.810
 0.893 1.810
 0.893 1.810
 0.893 1.810
 0.893 1.810
 0.893 1.810
 0.893 1.810
 0.893 1.810
 0.893 1.810
 0.893 1.810
 0.893 1.810
 0.893 1.810
 0.893 1.810
 0.893 1.810
 0.893 1.810
 0.893 1.810
 1.022 1.011
 1.043 1.009
 0.945 1.007
 1.004 1.005
 0.983 1.004
 0.983 1.004
 0.983 1.004
 0.983 1.004
 0.983 1.004
 0.983 1.004
 0.983 1.004
 0.983 1.004
 0.983 1.004
 0.983 1.004
 0.983 1.004
 0.983 1.004
 0.983 1.004
 0.983 1.004
 0.983 1.004
 0.983 1.004
 0.983 1.004
 0.983 1.004
 0.983 1.004
 0.983 1.004
 0.983 1.004
 0.983 1.004
 0.983 1.004
 0.983 1.004
 1.022 1.002
 0.935 1.000
 1.003 0.998
 1.022 0.997
 1.029 0.995
 1.029 0.995
 1.029 0.995
 1.029 0.995
 1.029 0.995
 1.029 0.995
 1.029 0.995
 1.029 0.995
 1.029 0.995
 1.029 0.995
 1.029 0.995
 1.029 0.995
 1.029 0.995
 1.029 0.995
 1.029 0.995
 1.029 0.995
 1.029 0.995
 1.029 0.995
 1.029 0.995
 1.029 0.995
 1.029 0.995
 1.029 0.995
 1.029 0.995
 1.029 0.995
 0.888 0.993
 0.871 0.991
 0.822 0.989
 0.859 0.988
 0.849 0.986
 0.849 0.986
 0.849 0.986
 0.849 0.986
 0.849 0.986
 0.849 0.986
 0.849 0.986
 0.849 0.986
 0.849 0.986
 0.849 0.986
 0.849 0.986
 0.849 0.986
 0.849 0.986
 0.849 0.986
 0.849 0.986
 0.849 0.986
 0.849 0.986
 0.849 0.986
 0.849 0.986
 0.849 0.986
 0.849 0.986
 0.849 0.986
 0.849 0.986
 0.849 0.986
 1.165 0.984
 1.027 0.983
 1.014 0.981
 0.974 0.979
 0.886 0.977
 0.886 0.977
 0.886 0.977
 0.886 0.977
 0.886 0.977
 0.886 0.977
 0.886 0.977
 0.886 0.977
 0.886 0.977
 0.886 0.977
 0.886 0.977
 0.886 0.977
 0.886 0.977
 0.886 0.977
 0.886 0.977
 0.886 0.977
 0.886 0.977
 0.886 0.977
 0.886 0.977
 0.886 0.977
 0.886 0.977
 0.886 0.977
 0.886 0.977
 0.886 0.977
 1.083 0.976
 1.027 0.974
 1.043 0.972
 1.043 0.970
 1.043 0.969
 1.043 0.969
 1.043 0.969
 1.043 0.969
 1.043 0.969
 1.043 0.969
 1.043 0.969
 1.043 0.969
 1.043 0.969
 1.043 0.969
 1.043 0.969
 1.043 0.969
 1.043 0.969
 1.043 0.969
 1.043 0.969
 1.043 0.969
 1.043 0.969
 1.043 0.969
 1.043 0.969
 1.043 0.969
 1.043 0.969
 1.043 0.969
 1.043 0.969
 1.043 0.969
 1.003 0.967
 1.003 0.965
 0.987 0.964
 0.948 0.962
 0.907 0.960
 0.907 0.960
 0.907 0.960
 0.907 0.960
 0.907 0.960
 0.907 0.960
 0.907 0.960
 0.907 0.960
 0.907 0.960
 0.907 0.960
 0.907 0.960
 0.907 0.960
 0.907 0.960
 0.907 0.960
 0.907 0.960
 0.907 0.960
 0.907 0.960
 0.907 0.960
 0.907 0.960
 0.907 0.960
 0.907 0.960
 0.907 0.960
 0.907 0.960
 0.907 0.960
 0.859 0.959
 0.859 0.957
 0.925 0.955
 0.964 0.954
 0.964 0.952
 0.964 0.952
 0.964 0.952
 0.964 0.952
 0.964 0.952
 0.964 0.952
 0.964 0.952
 0.964 0.952
 0.964 0.952
 0.964 0.952
 0.964 0.952
 0.964 0.952
 0.964 0.952
 0.964 0.952
 0.964 0.952
 0.964 0.952
 0.964 0.952
 0.964 0.952
 0.964 0.952
 0.964 0.952
 0.964 0.952
 0.964 0.952
 0.964 0.952
 0.964 0.952
 1.061 0.950
 1.014 0.949
 0.974 0.947
 0.974 0.945
 0.974 0.944
 0.974 0.944
 0.974 0.944
 0.974 0.944
 0.974 0.944
 0.974 0.944
 0.974 0.944
 0.974 0.944
 0.974 0.944
 0.974 0.944
 0.974 0.944
 0.974 0.944
 0.974 0.944
 0.974 0.944
 0.974 0.944
 0.974 0.944
 0.974 0.944
 0.974 0.944
 0.974 0.944
 0.974 0.944
 0.974 0.944
 0.974 0.944
 0.974 0.944
 0.974 0.944
 0.964 0.942
 0.974 0.940
 0.992 0.939
 1.004 0.937
 1.014 0.936
 1.014 0.936
 1.014 0.936
 1.014 0.936
 1.014 0.936
 1.014 0.936
 1.014 0.936
 1.014 0.936
 1.014 0.936
 1.014 0.936
 1.014 0.936
 1.014 0.936
 1.014 0.936
 1.014 0.936
 1.014 0.936
 1.014 0.936
 1.014 0.936
 1.014 0.936
 1.014 0.936
 1.014 0.936
 1.014 0.936
 1.014 0.936
 1.014 0.936
 1.014 0.936
 0.987 0.934
 0.974 0.932
 1.022 0.931
 1.022 0.929
 1.083 0.928
 1.083 0.928
 1.083 0.928
 1.083 0.928
 1.083 0.928
 1.083 0.928
 1.083 0.928
 1.083 0.928
 1.083 0.928
 1.083 0.928
 1.083 0.928
 1.083 0.928
 1.083 0.928
 1.083 0.928
 1.083 0.928
 1.083 0.928
 1.083 0.928
 1.083 0.928
 1.083 0.928
 1.083 0.928
 1.083 0.928
 1.083 0.928
 1.083 0.928
 1.083 0.928
 1.186 0.926
 1.186 0.924
 1.061 0.923
 1.061 0.921
 1.003 0.920
 1.003 0.920
 1.003 0.920
 1.003 0.920
 1.003 0.920
 1.003 0.920
 1.003 0.920
 1.003 0.920
 1.003 0.920
 1.003 0.920
 1.003 0.920
 1.003 0.920
 1.003 0.920
 1.003 0.920
 1.003 0.920
 1.003 0.920
 1.003 0.920
 1.003 0.920
 1.003 0.920
 1.003 0.920
 1.003 0.920
 1.003 0.920
 1.003 0.920
 1.003 0.920
 1.205 0.918
 1.147 0.916
 1.083 0.915
 1.061 0.913
 1.061 0.912
 1.061 0.912
 1.061 0.912
 1.061 0.912
 1.061 0.912
 1.061 0.912
 1.061 0.912
 1.061 0.912
 1.061 0.912
 1.061 0.912
 1.061 0.912
 1.061 0.912
 1.061 0.912
 1.061 0.912
 1.061 0.912
 1.061 0.912
 1.061 0.912
 1.061 0.912
 1.061 0.912
 1.061 0.912
 1.061 0.912
 1.061 0.912
 1.061 0.912
 1.198 1.081
 1.272 1.079
 1.134 1.077
 1.164 1.075
 1.022 1.073
 1.022 1.073
 1.022 1.073
 1.022 1.073
 1.022 1.073
 1.022 1.073
 1.022 1.073
 1.022 1.073
 1.022 1.073
 1.022 1.073
 1.022 1.073
 1.022 1.073
 1.022 1.073
 1.022 1.073
 1.022 1.073
 1.022 1.073
 1.022 1.073
 1.022 1.073
 1.022 1.073
 1.022 1.073
 1.022 1.073
 1.022 1.073
 1.022 1.073
 1.022 1.073
 1.300 1.070
 1.250 1.068
 1.231 1.066
 1.207 1.064
 1.258 1.062
 1.258 1.062
 1.258 1.062
 1.258 1.062
 1.258 1.062
 1.258 1.062
 1.258 1.062
 1.258 1.062
 1.258 1.062
 1.258 1.062
 1.258 1.062
 1.258 1.062
 1.258 1.062
 1.258 1.062
 1.258 1.062
 1.258 1.062
 1.258 1.062
 1.258 1.062
 1.258 1.062
 1.258 1.062
 1.258 1.062
 1.258 1.062
 1.258 1.062
 1.258 1.062
 1.143 1.060
 1.061 1.058
 1.165 1.056
 1.043 1.054
 1.027 1.052
 1.027 1.052
 1.027 1.052
 1.027 1.052
 1.027 1.052
 1.027 1.052
 1.027 1.052
 1.027 1.052
 1.027 1.052
 1.027 1.052
 1.027 1.052
 1.027 1.052
 1.027 1.052
 1.027 1.052
 1.027 1.052
 1.027 1.052
 1.027 1.052
 1.027 1.052
 1.027 1.052
 1.027 1.052
 1.027 1.052
 1.027 1.052
 1.027 1.052
 1.027 1.052
 1.027 1.052
 1.186 1.050
 1.152 1.048
 1.097 1.046
 1.140 1.044
 1.140 1.044
 1.140 1.044
 1.140 1.044
 1.140 1.044
 1.140 1.044
 1.140 1.044
 1.140 1.044
 1.140 1.044
 1.140 1.044
 1.140 1.044
 1.140 1.044
 1.140 1.044
 1.140 1.044
 1.140 1.044
 1.140 1.044
 1.140 1.044
 1.140 1.044
 1.140 1.044
 1.140 1.044
 1.140 1.044
 1.140 1.044
 1.140 1.044
 1.140 1.044
 1.140 1.044
 1.207 1.043
 1.229 1.041
 1.186 1.039
 1.211 1.037
 1.186 1.035
 1.186 1.035
 1.186 1.035
 1.186 1.035
 1.186 1.035
 1.186 1.035
 1.186 1.035
 1.186 1.035
 1.186 1.035
 1.186 1.035
 1.186 1.035
 1.186 1.035
 1.186 1.035
 1.186 1.035
 1.186 1.035
 1.186 1.035
 1.186 1.035
 1.186 1.035
 1.186 1.035
 1.186 1.035
 1.186 1.035
 1.186 1.035
 1.186 1.035
 1.186 1.035
 1.250 1.033
 1.186 1.031
 1.083 1.029
 1.167 1.027
 1.140 1.025
 1.140 1.025
 1.140 1.025
 1.140 1.025
 1.140 1.025
 1.140 1.025
 1.140 1.025
 1.140 1.025
 1.140 1.025
 1.140 1.025
 1.140 1.025
 1.140 1.025
 1.140 1.025
 1.140 1.025
 1.140 1.025
 1.140 1.025
 1.140 1.025
 1.140 1.025
 1.140 1.025
 1.140 1.025
 1.140 1.025
 1.140 1.025
 1.140 1.025
 1.140 1.025
 1.318 1.023
 1.250 1.021
 1.300 1.019
 1.167 1.017
 1.186 1.015
 1.186 1.015
 1.186 1.015
 1.186 1.015
 1.186 1.015
 1.186 1.015
 1.186 1.015
 1.186 1.015
 1.186 1.015
 1.186 1.015
 1.186 1.015
 1.186 1.015
 1.186 1.015
 1.186 1.015
 1.186 1.015
 1.186 1.015
 1.186 1.015
 1.186 1.015
 1.186 1.015
 1.186 1.015
 1.186 1.015
 1.186 1.015
 1.186 1.015
 1.186 1.015
 1.207 1.013
 1.229 1.012
 1.186 1.010
 1.152 1.008
 1.186 1.006
 1.186 1.006
 1.186 1.006
 1.186 1.006
 1.186 1.006
 1.186 1.006
 1.186 1.006
 1.186 1.006
 1.186 1.006
 1.186 1.006
 1.186 1.006
 1.186 1.006
 1.186 1.006
 1.186 1.006
 1.186 1.006
 1.186 1.006
 1.186 1.006
 1.186 1.006
 1.186 1.006
 1.186 1.006
 1.186 1.006
 1.186 1.006
 1.186 1.006
 1.186 1.006
 1.229 1.004
 1.229 1.002
 1.211 1.000
 1.167 0.998
 1.212 0.997
 1.212 0.997
 1.212 0.997
 1.212 0.997
 1.212 0.997
 1.212 0.997
 1.212 0.997
 1.212 0.997
 1.212 0.997
 1.212 0.997
 1.212 0.997
 1.212 0.997
 1.212 0.997
 1.212 0.997
 1.212 0.997
 1.212 0.997
 1.212 0.997
 1.212 0.997
 1.212 0.997
 1.212 0.997
 1.212 0.997
 1.212 0.997
 1.212 0.997
 1.212 0.997
 1.346 0.995
 1.363 0.993
 1.346 0.991
 1.294 0.989
 1.255 0.987
 1.255 0.987
 1.255 0.987
 1.255 0.987
 1.255 0.987
 1.255 0.987
 1.255 0.987
 1.255 0.987
 1.255 0.987
 1.255 0.987
 1.255 0.987
 1.255 0.987
 1.255 0.987
 1.255 0.987
 1.255 0.987
 1.255 0.987
 1.255 0.987
 1.255 0.987
 1.255 0.987
 1.255 0.987
 1.255 0.987
 1.255 0.987
 1.255 0.987
 1.255 0.987
 1.183 0.985
 1.183 0.984
 1.174 0.982
 1.174 0.980
 1.174 0.978
 1.174 0.978
 1.174 0.978
 1.174 0.978
 1.174 0.978
 1.174 0.978
 1.174 0.978
 1.174 0.978
 1.174 0.978
 1.174 0.978
 1.174 0.978
 1.174 0.978
 1.174 0.978
 1.174 0.978
 1.174 0.978
 1.174 0.978
 1.174 0.978
 1.174 0.978
 1.174 0.978
 1.174 0.978
 1.174 0.978
 1.174 0.978
 1.174 0.978
 1.174 0.978
 1.348 0.976
 1.348 0.974
 1.300 0.973
 1.348 0.971
 1.351 0.969
 1.351 0.969
 1.351 0.969
 1.351 0.969
 1.351 0.969
 1.351 0.969
 1.351 0.969
 1.351 0.969
 1.351 0.969
 1.351 0.969
 1.351 0.969
 1.351 0.969
 1.351 0.969
 1.351 0.969
 1.351 0.969
 1.351 0.969
 1.351 0.969
 1.351 0.969
 1.351 0.969
 1.351 0.969
 1.351 0.969
 1.351 0.969
 1.351 0.969
 1.351 0.969
 1.331 1.363
 1.310 1.361
 1.163 1.358
 1.163 1.355
 1.167 1.352
 1.167 1.352
 1.167 1.352
 1.167 1.352
 1.167 1.352
 1.167 1.352
 1.167 1.352
 1.167 1.352
 1.167 1.352
 1.167 1.352
 1.167 1.352
 1.167 1.352
 1.167 1.352
 1.167 1.352
 1.167 1.352
 1.167 1.352
 1.167 1.352
 1.167 1.352
 1.167 1.352
 1.167 1.352
 1.167 1.352
 1.167 1.352
 1.167 1.352
 1.167 1.352
 1.378 1.350
 1.346 1.347
 1.310 1.344
 1.319 1.342
 1.392 1.339
 1.392 1.339
 1.392 1.339
 1.392 1.339
 1.392 1.339
 1.392 1.339
 1.392 1.339
 1.392 1.339
 1.392 1.339
 1.392 1.339
 1.392 1.339
 1.392 1.339
 1.392 1.339
 1.392 1.339
 1.392 1.339
 1.392 1.339
 1.392 1.339
 1.392 1.339
 1.392 1.339
 1.392 1.339
 1.392 1.339
 1.392 1.339
 1.392 1.339
 1.392 1.339
 1.366 1.336
 1.357 1.334
 1.348 1.331
 1.348 1.329
 1.348 1.326
 1.348 1.326
 1.348 1.326
 1.348 1.326
 1.348 1.326
 1.348 1.326
 1.348 1.326
 1.348 1.326
 1.348 1.326
 1.348 1.326
 1.348 1.326
 1.348 1.326
 1.348 1.326
 1.348 1.326
 1.348 1.326
 1.348 1.326
 1.348 1.326
 1.348 1.326
 1.348 1.326
 1.348 1.326
 1.348 1.326
 1.348 1.326
 1.348 1.326
 1.348 1.326
 1.430 1.323
 1.319 1.321
 1.319 1.318
 1.366 1.315
 1.414 1.313
 1.414 1.313
 1.414 1.313
 1.414 1.313
 1.414 1.313
 1.414 1.313
 1.414 1.313
 1.414 1.313
 1.414 1.313
 1.414 1.313
 1.414 1.313
 1.414 1.313
 1.414 1.313
 1.414 1.313
 1.414 1.313
 1.414 1.313
 1.414 1.313
 1.414 1.313
 1.414 1.313
 1.414 1.313
 1.414 1.313
 1.414 1.313
 1.414 1.313
 1.414 1.313
 1.331 1.310
 1.331 1.308
 1.319 1.305
 1.346 1.302
 1.392 1.300
 1.392 1.300
 1.392 1.300
 1.392 1.300
 1.392 1.300
 1.392 1.300
 1.392 1.300
 1.392 1.300
 1.392 1.300
 1.392 1.300
 1.392 1.300
 1.392 1.300
 1.392 1.300
 1.392 1.300
 1.392 1.300
 1.392 1.300
 1.392 1.300
 1.392 1.300
 1.392 1.300
 1.392 1.300
 1.392 1.300
 1.392 1.300
 1.392 1.300
 1.392 1.300
 1.384 1.297
 1.319 1.295
 1.331 1.292
 1.319 1.290
 1.363 1.287
 1.363 1.287
 1.363 1.287
 1.363 1.287
 1.363 1.287
 1.363 1.287
 1.363 1.287
 1.363 1.287
 1.363 1.287
 1.363 1.287
 1.363 1.287
 1.363 1.287
 1.363 1.287
 1.363 1.287
 1.363 1.287
 1.363 1.287
 1.363 1.287
 1.363 1.287
 1.363 1.287
 1.363 1.287
 1.363 1.287
 1.363 1.287
 1.363 1.287
 1.363 1.287
 1.392 1.285
 1.410 1.282
 1.392 1.279
 1.378 1.277
 1.319 1.274
 1.319 1.274
 1.319 1.274
 1.319 1.274
 1.319 1.274
 1.319 1.274
 1.319 1.274
 1.319 1.274
 1.319 1.274
 1.319 1.274
 1.319 1.274
 1.319 1.274
 1.319 1.274
 1.319 1.274
 1.319 1.274
 1.319 1.274
 1.319 1.274
 1.319 1.274
 1.319 1.274
 1.319 1.274
 1.319 1.274
 1.319 1.274
 1.319 1.274
 1.319 1.274
 1.538 1.272
 1.462 1.269
 1.414 1.267
 1.357 1.264
 1.366 1.262
 1.366 1.262
 1.366 1.262
 1.366 1.262
 1.366 1.262
 1.366 1.262
 1.366 1.262
 1.366 1.262
 1.366 1.262
 1.366 1.262
 1.366 1.262
 1.366 1.262
 1.366 1.262
 1.366 1.262
 1.366 1.262
 1.366 1.262
 1.366 1.262
 1.366 1.262
 1.366 1.262
 1.366 1.262
 1.366 1.262
 1.366 1.262
 1.366 1.262
 1.366 1.262
 1.575 1.259
 1.392 1.257
 1.512 1.254
 1.512 1.252
 1.503 1.249
 1.503 1.249
 1.503 1.249
 1.503 1.249
 1.503 1.249
 1.503 1.249
 1.503 1.249
 1.503 1.249
 1.503 1.249
 1.503 1.249
 1.503 1.249
 1.503 1.249
 1.503 1.249
 1.503 1.249
 1.503 1.249
 1.503 1.249
 1.503 1.249
 1.503 1.249
 1.503 1.249
 1.503 1.249
 1.503 1.249
 1.503 1.249
 1.503 1.249
 1.503 1.249
 1.357 1.247
 1.357 1.245
 1.254 1.242
 1.300 1.240
 1.254 1.237
 1.254 1.237
 1.254 1.237
 1.254 1.237
 1.254 1.237
 1.254 1.237
 1.254 1.237
 1.254 1.237
 1.254 1.237
 1.254 1.237
 1.254 1.237
 1.254 1.237
 1.254 1.237
 1.254 1.237
 1.254 1.237
 1.254 1.237
 1.254 1.237
 1.254 1.237
 1.254 1.237
 1.254 1.237
 1.254 1.237
 1.254 1.237
 1.254 1.237
 1.254 1.237
 1.462 1.235
 1.319 1.232
 1.273 1.230
 1.310 1.227
 1.273 1.225
 1.273 1.225
 1.273 1.225
 1.273 1.225
 1.273 1.225
 1.273 1.225
 1.273 1.225
 1.273 1.225
 1.273 1.225
 1.273 1.225
 1.273 1.225
 1.273 1.225
 1.273 1.225
 1.273 1.225
 1.273 1.225
 1.273 1.225
 1.273 1.225
 1.273 1.225
 1.273 1.225
 1.273 1.225
 1.273 1.225
 1.273 1.225
 1.273 1.225
 1.273 1.225
 1.512 1.223
 1.488 1.220
 1.538 1.218
 1.410 1.215
 1.410 1.213
 1.410 1.213
 1.410 1.213
 1.410 1.213
 1.410 1.213
 1.410 1.213
 1.410 1.213
 1.410 1.213
 1.410 1.213
 1.410 1.213
 1.410 1.213
 1.410 1.213
 1.410 1.213
 1.410 1.213
 1.410 1.213
 1.410 1.213
 1.410 1.213
 1.410 1.213
 1.410 1.213
 1.410 1.213
 1.410 1.213
 1.410 1.213
 1.410 1.213
 1.410 1.213
 1.727 1.509
 1.625 1.506
 1.648 1.503
 1.575 1.500
 1.555 1.497
 1.555 1.497
 1.555 1.497
 1.555 1.497
 1.555 1.497
 1.555 1.497
 1.555 1.497
 1.555 1.497
 1.555 1.497
 1.555 1.497
 1.555 1.497
 1.555 1.497
 1.555 1.497
 1.555 1.497
 1.555 1.497
 1.555 1.497
 1.555 1.497
 1.555 1.497
 1.555 1.497
 1.555 1.497
 1.555 1.497
 1.555 1.497
 1.555 1.497
 1.555 1.497
 1.833 1.494
 1.760 1.491
 1.779 1.488
 1.760 1.485
 1.760 1.482
 1.760 1.482
 1.760 1.482
 1.760 1.482
 1.760 1.482
 1.760 1.482
 1.760 1.482
 1.760 1.482
 1.760 1.482
 1.760 1.482
 1.760 1.482
 1.760 1.482
 1.760 1.482
 1.760 1.482
 1.760 1.482
 1.760 1.482
 1.760 1.482
 1.760 1.482
 1.760 1.482
 1.760 1.482
 1.760 1.482
 1.760 1.482
 1.760 1.482
 1.760 1.482
 1.650 1.479
 1.652 1.476
 1.650 1.473
 1.657 1.470
 1.705 1.467
 1.705 1.467
 1.705 1.467
 1.705 1.467
 1.705 1.467
 1.705 1.467
 1.705 1.467
 1.705 1.467
 1.705 1.467
 1.705 1.467
 1.705 1.467
 1.705 1.467
 1.705 1.467
 1.705 1.467
 1.705 1.467
 1.705 1.467
 1.705 1.467
 1.705 1.467
 1.705 1.467
 1.705 1.467
 1.705 1.467
 1.705 1.467
 1.705 1.467
 1.705 1.467
 1.856 1.465
 1.702 1.462
 1.648 1.459
 1.673 1.456
 1.605 1.453
 1.605 1.453
 1.605 1.453
 1.605 1.453
 1.605 1.453
 1.605 1.453
 1.605 1.453
 1.605 1.453
 1.605 1.453
 1.605 1.453
 1.605 1.453
 1.605 1.453
 1.605 1.453
 1.605 1.453
 1.605 1.453
 1.605 1.453
 1.605 1.453
 1.605 1.453
 1.605 1.453
 1.605 1.453
 1.605 1.453
 1.605 1.453
 1.605 1.453
 1.605 1.453
 1.598 1.450
 1.575 1.447
 1.625 1.444
 1.588 1.442
 1.605 1.439
 1.605 1.439
 1.605 1.439
 1.605 1.439
 1.605 1.439
 1.605 1.439
 1.605 1.439
 1.605 1.439
 1.605 1.439
 1.605 1.439
 1.605 1.439
 1.605 1.439
 1.605 1.439
 1.605 1.439
 1.605 1.439
 1.605 1.439
 1.605 1.439
 1.605 1.439
 1.605 1.439
 1.605 1.439
 1.605 1.439
 1.605 1.439
 1.605 1.439
 1.605 1.439
 1.760 1.436
 1.613 1.433
 1.665 1.430
 1.562 1.427
 1.690 1.424
 1.690 1.424
 1.690 1.424
 1.690 1.424
 1.690 1.424
 1.690 1.424
 1.690 1.424
 1.690 1.424
 1.690 1.424
 1.690 1.424
 1.690 1.424
 1.690 1.424
 1.690 1.424
 1.690 1.424
 1.690 1.424
 1.690 1.424
 1.690 1.424
 1.690 1.424
 1.690 1.424
 1.690 1.424
 1.690 1.424
 1.690 1.424
 1.690 1.424
 1.690 1.424
 1.827 1.422
 1.750 1.419
 1.779 1.416
 1.779 1.413
 1.802 1.410
 1.802 1.410
 1.802 1.410
 1.802 1.410
 1.802 1.410
 1.802 1.410
 1.802 1.410
 1.802 1.410
 1.802 1.410
 1.802 1.410
 1.802 1.410
 1.802 1.410
 1.802 1.410
 1.802 1.410
 1.802 1.410
 1.802 1.410
 1.802 1.410
 1.802 1.410
 1.802 1.410
 1.802 1.410
 1.802 1.410
 1.802 1.410
 1.802 1.410
 1.802 1.410
 1.784 1.408
 1.724 1.405
 1.727 1.402
 1.675 1.399
 1.707 1.397
 1.707 1.397
 1.707 1.397
 1.707 1.397
 1.707 1.397
 1.707 1.397
 1.707 1.397
 1.707 1.397
 1.707 1.397
 1.707 1.397
 1.707 1.397
 1.707 1.397
 1.707 1.397
 1.707 1.397
 1.707 1.397
 1.707 1.397
 1.707 1.397
 1.707 1.397
 1.707 1.397
 1.707 1.397
 1.707 1.397
 1.707 1.397
 1.707 1.397
 1.707 1.397
 1.675 1.394
 1.625 1.391
 1.625 1.388
 1.625 1.386
 1.625 1.383
 1.625 1.383
 1.625 1.383
 1.625 1.383
 1.625 1.383
 1.625 1.383
 1.625 1.383
 1.625 1.383
 1.625 1.383
 1.625 1.383
 1.625 1.383
 1.625 1.383
 1.625 1.383
 1.625 1.383
 1.625 1.383
 1.625 1.383
 1.625 1.383
 1.625 1.383
 1.625 1.383
 1.625 1.383
 1.625 1.383
 1.625 1.383
 1.625 1.383
 1.625 1.383
 1.887 1.380
 1.779 1.377
 1.625 1.375
 1.605 1.372
 1.523 1.369
 1.523 1.369
 1.523 1.369
 1.523 1.369
 1.523 1.369
 1.523 1.369
 1.523 1.369
 1.523 1.369
 1.523 1.369
 1.523 1.369
 1.523 1.369
 1.523 1.369
 1.523 1.369
 1.523 1.369
 1.523 1.369
 1.523 1.369
 1.523 1.369
 1.523 1.369
 1.523 1.369
 1.523 1.369
 1.523 1.369
 1.523 1.369
 1.523 1.369
 1.523 1.369
 1.605 1.366
 1.562 1.364
 1.588 1.361
 1.639 1.358
 1.743 1.356
 1.743 1.356
 1.743 1.356
 1.743 1.356
 1.743 1.356
 1.743 1.356
 1.743 1.356
 1.743 1.356
 1.743 1.356
 1.743 1.356
 1.743 1.356
 1.743 1.356
 1.743 1.356
 1.743 1.356
 1.743 1.356
 1.743 1.356
 1.743 1.356
 1.743 1.356
 1.743 1.356
 1.743 1.356
 1.743 1.356
 1.743 1.356
 1.743 1.356
 1.743 1.356
 1.880 1.353
 1.813 1.350
 1.779 1.348
 1.779 1.345
 1.675 1.342
 1.675 1.342
 1.675 1.342
 1.675 1.342
 1.675 1.342
 1.675 1.342
 1.675 1.342
 1.675 1.342
 1.675 1.342
 1.675 1.342
 1.675 1.342
 1.675 1.342
 1.675 1.342
 1.675 1.342
 1.675 1.342
 1.675 1.342
 1.675 1.342
 1.675 1.342
 1.675 1.342
 1.675 1.342
 1.675 1.342
 1.675 1.342
 1.675 1.342
 1.675 1.342
 1.556 1.831
 1.526 1.828
 1.526 1.825
 1.506 1.821
 1.555 1.818
 1.555 1.818
 1.555 1.818
 1.555 1.818
 1.555 1.818
 1.555 1.818
 1.555 1.818
 1.555 1.818
 1.555 1.818
 1.555 1.818
 1.555 1.818
 1.555 1.818
 1.555 1.818
 1.555 1.818
 1.555 1.818
 1.555 1.818
 1.555 1.818
 1.555 1.818
 1.555 1.818
 1.555 1.818
 1.555 1.818
 1.555 1.818
 1.555 1.818
 1.555 1.818
 1.856 1.814
 1.887 1.811
 1.673 1.808
 1.625 1.804
 1.605 1.801
 1.605 1.801
 1.605 1.801
 1.605 1.801
 1.605 1.801
 1.605 1.801
 1.605 1.801
 1.605 1.801
 1.605 1.801
 1.605 1.801
 1.605 1.801
 1.605 1.801
 1.605 1.801
 1.605 1.801
 1.605 1.801
 1.605 1.801
 1.605 1.801
 1.605 1.801
 1.605 1.801
 1.605 1.801
 1.605 1.801
 1.605 1.801
 1.605 1.801
 1.605 1.801
 1.653 1.797
 1.624 1.794
 1.653 1.791
 1.604 1.787
 1.624 1.784
 1.624 1.784
 1.624 1.784
 1.624 1.784
 1.624 1.784
 1.624 1.784
 1.624 1.784
 1.624 1.784
 1.624 1.784
 1.624 1.784
 1.624 1.784
 1.624 1.784
 1.624 1.784
 1.624 1.784
 1.624 1.784
 1.624 1.784
 1.624 1.784
 1.624 1.784
 1.624 1.784
 1.624 1.784
 1.624 1.784
 1.624 1.784
 1.624 1.784
 1.624 1.784
 1.463 1.781
 1.434 1.777
 1.463 1.774
 1.509 1.771
 1.541 1.767
 1.541 1.767
 1.541 1.767
 1.541 1.767
 1.541 1.767
 1.541 1.767
 1.541 1.767
 1.541 1.767
 1.541 1.767
 1.541 1.767
 1.541 1.767
 1.541 1.767
 1.541 1.767
 1.541 1.767
 1.541 1.767
 1.541 1.767
 1.541 1.767
 1.541 1.767
 1.541 1.767
 1.541 1.767
 1.541 1.767
 1.541 1.767
 1.541 1.767
 1.541 1.767
 1.310 1.764
 1.264 1.761
 1.273 1.758
 1.273 1.754
 1.285 1.751
 1.285 1.751
 1.285 1.751
 1.285 1.751
 1.285 1.751
 1.285 1.751
 1.285 1.751
 1.285 1.751
 1.285 1.751
 1.285 1.751
 1.285 1.751
 1.285 1.751
 1.285 1.751
 1.285 1.751
 1.285 1.751
 1.285 1.751
 1.285 1.751
 1.285 1.751
 1.285 1.751
 1.285 1.751
 1.285 1.751
 1.285 1.751
 1.285 1.751
 1.285 1.751
 1.541 1.748
 1.541 1.745
 1.541 1.741
 1.495 1.738
 1.463 1.735
 1.463 1.735
 1.463 1.735
 1.463 1.735
 1.463 1.735
 1.463 1.735
 1.463 1.735
 1.463 1.735
 1.463 1.735
 1.463 1.735
 1.463 1.735
 1.463 1.735
 1.463 1.735
 1.463 1.735
 1.463 1.735
 1.463 1.735
 1.463 1.735
 1.463 1.735
 1.463 1.735
 1.463 1.735
 1.463 1.735
 1.463 1.735
 1.463 1.735
 1.463 1.735
 1.430 1.732
 1.318 1.729
 1.273 1.725
 1.294 1.722
 1.294 1.719
 1.294 1.719
 1.294 1.719
 1.294 1.719
 1.294 1.719
 1.294 1.719
 1.294 1.719
 1.294 1.719
 1.294 1.719
 1.294 1.719
 1.294 1.719
 1.294 1.719
 1.294 1.719
 1.294 1.719
 1.294 1.719
 1.294 1.719
 1.294 1.719
 1.294 1.719
 1.294 1.719
 1.294 1.719
 1.294 1.719
 1.294 1.719
 1.294 1.719
 1.294 1.719
 1.229 1.716
 1.250 1.713
 1.229 1.709
 1.229 1.706
 1.186 1.703
 1.186 1.703
 1.186 1.703
 1.186 1.703
 1.186 1.703
 1.186 1.703
 1.186 1.703
 1.186 1.703
 1.186 1.703
 1.186 1.703
 1.186 1.703
 1.186 1.703
 1.186 1.703
 1.186 1.703
 1.186 1.703
 1.186 1.703
 1.186 1.703
 1.186 1.703
 1.186 1.703
 1.186 1.703
 1.186 1.703
 1.186 1.703
 1.186 1.703
 1.186 1.703
 1.250 1.700
 1.207 1.697
 1.186 1.694
 1.186 1.691
 1.207 1.687
 1.207 1.687
 1.207 1.687
 1.207 1.687
 1.207 1.687
 1.207 1.687
 1.207 1.687
 1.207 1.687
 1.207 1.687
 1.207 1.687
 1.207 1.687
 1.207 1.687
 1.207 1.687
 1.207 1.687
 1.207 1.687
 1.207 1.687
 1.207 1.687
 1.207 1.687
 1.207 1.687
 1.207 1.687
 1.207 1.687
 1.207 1.687
 1.207 1.687
 1.207 1.687
 1.363 1.684
 1.363 1.681
 1.273 1.678
 1.346 1.675
 1.363 1.672
 1.363 1.672
 1.363 1.672
 1.363 1.672
 1.363 1.672
 1.363 1.672
 1.363 1.672
 1.363 1.672
 1.363 1.672
 1.363 1.672
 1.363 1.672
 1.363 1.672
 1.363 1.672
 1.363 1.672
 1.363 1.672
 1.363 1.672
 1.363 1.672
 1.363 1.672
 1.363 1.672
 1.363 1.672
 1.363 1.672
 1.363 1.672
 1.363 1.672
 1.363 1.672
 1.231 1.669
 1.250 1.666
 1.258 1.663
 1.216 1.660
 1.102 1.657
 1.102 1.657
 1.102 1.657
 1.102 1.657
 1.102 1.657
 1.102 1.657
 1.102 1.657
 1.102 1.657
 1.102 1.657
 1.102 1.657
 1.102 1.657
 1.102 1.657
 1.102 1.657
 1.102 1.657
 1.102 1.657
 1.102 1.657
 1.102 1.657
 1.102 1.657
 1.102 1.657
 1.102 1.657
 1.102 1.657
 1.102 1.657
 1.102 1.657
 1.102 1.657
 1.152 1.654
 1.167 1.651
 1.043 1.648
 1.061 1.645
 1.043 1.642
 1.043 1.642
 1.043 1.642
 1.043 1.642
 1.043 1.642
 1.043 1.642
 1.043 1.642
 1.043 1.642
 1.043 1.642
 1.043 1.642
 1.043 1.642
 1.043 1.642
 1.043 1.642
 1.043 1.642
 1.043 1.642
 1.043 1.642
 1.043 1.642
 1.043 1.642
 1.043 1.642
 1.043 1.642
 1.043 1.642
 1.043 1.642
 1.043 1.642
 1.043 1.642
 1.207 1.132
 1.186 1.130
 1.186 1.128
 1.102 1.126
 1.167 1.124
 1.167 1.124
 1.167 1.124
 1.167 1.124
 1.167 1.124
 1.167 1.124
 1.167 1.124
 1.167 1.124
 1.167 1.124
 1.167 1.124
 1.167 1.124
 1.167 1.124
 1.167 1.124
 1.167 1.124
 1.167 1.124
 1.167 1.124
 1.167 1.124
 1.167 1.124
 1.167 1.124
 1.167 1.124
 1.167 1.124
 1.167 1.124
 1.167 1.124
 1.167 1.124
 1.320 1.122
 1.287 1.120
 1.287 1.118
 1.258 1.116
 1.278 1.114
 1.278 1.114
 1.278 1.114
 1.278 1.114
 1.278 1.114
 1.278 1.114
 1.278 1.114
 1.278 1.114
 1.278 1.114
 1.278 1.114
 1.278 1.114
 1.278 1.114
 1.278 1.114
 1.278 1.114
 1.278 1.114
 1.278 1.114
 1.278 1.114
 1.278 1.114
 1.278 1.114
 1.278 1.114
 1.278 1.114
 1.278 1.114
 1.278 1.114
 1.278 1.114
 1.278 1.114
 1.278 1.114
 1.278 1.114
 1.278 1.114
 1.278 1.114
 1.278 1.114
 1.278 1.114
 1.278 1.114
 1.278 1.114
 1.278 1.114
 1.278 1.114
 1.278 1.114
 1.278 1.114
 1.278 1.114
 1.278 1.114
 1.278 1.114
 1.278 1.114
 1.278 1.114
 1.278 1.114
 1.278 1.114
 1.278 1.114
 1.278 1.114
 1.278 1.114
 1.278 1.114
 1.278 1.114
 1.278 1.114
 1.278 1.114
 1.278 1.114
 1.278 1.114
 1.278 1.114
 1.300 1.112
 1.229 1.110
 1.229 1.108
 1.250 1.105
 1.229 1.103
 1.229 1.103
 1.229 1.103
 1.229 1.103
 1.229 1.103
 1.229 1.103
 1.229 1.103
 1.229 1.103
 1.229 1.103
 1.229 1.103
 1.229 1.103
 1.229 1.103
 1.229 1.103
 1.229 1.103
 1.229 1.103
 1.229 1.103
 1.229 1.103
 1.229 1.103
 1.229 1.103
 1.229 1.103
 1.229 1.103
 1.229 1.103
 1.229 1.103
 1.229 1.103
 1.229 1.101
 1.229 1.099
 1.186 1.097
 1.229 1.095
 1.250 1.093
 1.250 1.093
 1.250 1.093
 1.250 1.093
 1.250 1.093
 1.250 1.093
 1.250 1.093
 1.250 1.093
 1.250 1.093
 1.250 1.093
 1.250 1.093
 1.250 1.093
 1.250 1.093
 1.250 1.093
 1.250 1.093
 1.250 1.093
 1.250 1.093
 1.250 1.093
 1.250 1.093
 1.250 1.093
 1.250 1.093
 1.250 1.093
 1.250 1.093
 1.250 1.093
 1.474 1.091
 1.430 1.089
 1.410 1.087
 1.410 1.085
 1.346 1.083
 1.346 1.083
 1.346 1.083
 1.346 1.083
 1.346 1.083
 1.346 1.083
 1.346 1.083
 1.346 1.083
 1.346 1.083
 1.346 1.083
 1.346 1.083
 1.346 1.083
 1.346 1.083
 1.346 1.083
 1.346 1.083
 1.346 1.083
 1.346 1.083
 1.346 1.083
 1.346 1.083
 1.346 1.083
 1.346 1.083
 1.346 1.083
 1.346 1.083
 1.346 1.083
 1.273 1.081
 1.319 1.079
 1.264 1.078
 1.250 1.076
 1.229 1.074
 1.229 1.074
 1.229 1.074
 1.229 1.074
 1.229 1.074
 1.229 1.074
 1.229 1.074
 1.229 1.074
 1.229 1.074
 1.229 1.074
 1.229 1.074
 1.229 1.074
 1.229 1.074
 1.229 1.074
 1.229 1.074
 1.229 1.074
 1.229 1.074
 1.229 1.074
 1.229 1.074
 1.229 1.074
 1.229 1.074
 1.229 1.074
 1.229 1.074
 1.229 1.074
 1.338 1.072
 1.250 1.070
 1.229 1.068
 1.229 1.066
 1.229 1.064
 1.229 1.064
 1.229 1.064
 1.229 1.064
 1.229 1.064
 1.229 1.064
 1.229 1.064
 1.229 1.064
 1.229 1.064
 1.229 1.064
 1.229 1.064
 1.229 1.064
 1.229 1.064
 1.229 1.064
 1.229 1.064
 1.229 1.064
 1.229 1.064
 1.229 1.064
 1.229 1.064
 1.229 1.064
 1.229 1.064
 1.229 1.064
 1.229 1.064
 1.229 1.064
 1.363 1.062
 1.434 1.060
 1.463 1.058
 1.362 1.056
 1.338 1.054
 1.338 1.054
 1.338 1.054
 1.338 1.054
 1.338 1.054
 1.338 1.054
 1.338 1.054
 1.338 1.054
 1.338 1.054
 1.338 1.054
 1.338 1.054
 1.338 1.054
 1.338 1.054
 1.338 1.054
 1.338 1.054
 1.338 1.054
 1.338 1.054
 1.338 1.054
 1.338 1.054
 1.338 1.054
 1.338 1.054
 1.338 1.054
 1.338 1.054
 1.338 1.054
 1.430 1.052
 1.575 1.050
 1.410 1.049
 1.384 1.047
 1.392 1.045
 1.392 1.045
 1.392 1.045
 1.392 1.045
 1.392 1.045
 1.392 1.045
 1.392 1.045
 1.392 1.045
 1.392 1.045
 1.392 1.045
 1.392 1.045
 1.392 1.045
 1.392 1.045
 1.392 1.045
 1.392 1.045
 1.392 1.045
 1.392 1.045
 1.392 1.045
 1.392 1.045
 1.392 1.045
 1.392 1.045
 1.392 1.045
 1.392 1.045
 1.392 1.045
 1.506 1.043
 1.474 1.041
 1.512 1.039
 1.538 1.037
 1.512 1.035
 1.512 1.035
 1.512 1.035
 1.512 1.035
 1.512 1.035
 1.512 1.035
 1.512 1.035
 1.512 1.035
 1.512 1.035
 1.512 1.035
 1.512 1.035
 1.512 1.035
 1.512 1.035
 1.512 1.035
 1.512 1.035
 1.512 1.035
 1.512 1.035
 1.512 1.035
 1.512 1.035
 1.512 1.035
 1.512 1.035
 1.512 1.035
 1.512 1.035
 1.512 1.035
 1.430 1.034
 1.430 1.032
 1.410 1.030
 1.430 1.028
 1.410 1.026
 1.410 1.026
 1.410 1.026
 1.410 1.026
 1.410 1.026
 1.410 1.026
 1.410 1.026
 1.410 1.026
 1.410 1.026
 1.410 1.026
 1.410 1.026
 1.410 1.026
 1.410 1.026
 1.410 1.026
 1.410 1.026
 1.410 1.026
 1.410 1.026
 1.410 1.026
 1.410 1.026
 1.410 1.026
 1.410 1.026
 1.410 1.026
 1.410 1.026
 1.410 1.026
 1.503 1.375
 1.512 1.372
 1.512 1.370
 1.555 1.367
 1.430 1.364
 1.430 1.364
 1.430 1.364
 1.430 1.364
 1.430 1.364
 1.430 1.364
 1.430 1.364
 1.430 1.364
 1.430 1.364
 1.430 1.364
 1.430 1.364
 1.430 1.364
 1.430 1.364
 1.430 1.364
 1.430 1.364
 1.430 1.364
 1.430 1.364
 1.430 1.364
 1.430 1.364
 1.430 1.364
 1.430 1.364
 1.430 1.364
 1.430 1.364
 1.430 1.364
 1.562 1.361
 1.555 1.359
 1.474 1.356
 1.506 1.353
 1.555 1.351
 1.555 1.351
 1.555 1.351
 1.555 1.351
 1.555 1.351
 1.555 1.351
 1.555 1.351
 1.555 1.351
 1.555 1.351
 1.555 1.351
 1.555 1.351
 1.555 1.351
 1.555 1.351
 1.555 1.351
 1.555 1.351
 1.555 1.351
 1.555 1.351
 1.555 1.351
 1.555 1.351
 1.555 1.351
 1.555 1.351
 1.555 1.351
 1.555 1.351
 1.555 1.351
 1.523 1.348
 1.512 1.345
 1.488 1.343
 1.319 1.340
 1.384 1.338
 1.384 1.338
 1.384 1.338
 1.384 1.338
 1.384 1.338
 1.384 1.338
 1.384 1.338
 1.384 1.338
 1.384 1.338
 1.384 1.338
 1.384 1.338
 1.384 1.338
 1.384 1.338
 1.384 1.338
 1.384 1.338
 1.384 1.338
 1.384 1.338
 1.384 1.338
 1.384 1.338
 1.384 1.338
 1.384 1.338
 1.384 1.338
 1.384 1.338
 1.384 1.338
 1.856 1.335
 1.675 1.332
 1.588 1.330
 1.523 1.327
 1.555 1.324
 1.555 1.324
 1.555 1.324
 1.555 1.324
 1.555 1.324
 1.555 1.324
 1.555 1.324
 1.555 1.324
 1.555 1.324
 1.555 1.324
 1.555 1.324
 1.555 1.324
 1.555 1.324
 1.555 1.324
 1.555 1.324
 1.555 1.324
 1.555 1.324
 1.555 1.324
 1.555 1.324
 1.555 1.324
 1.555 1.324
 1.555 1.324
 1.555 1.324
 1.555 1.324
 1.625 1.322
 1.555 1.319
 1.605 1.317
 1.605 1.314
 1.605 1.311
 1.605 1.311
 1.605 1.311
 1.605 1.311
 1.605 1.311
 1.605 1.311
 1.605 1.311
 1.605 1.311
 1.605 1.311
 1.605 1.311
 1.605 1.311
 1.605 1.311
 1.605 1.311
 1.605 1.311
 1.605 1.311
 1.605 1.311
 1.605 1.311
 1.605 1.311
 1.605 1.311
 1.605 1.311
 1.605 1.311
 1.605 1.311
 1.605 1.311
 1.605 1.311
 1.833 1.309
 1.779 1.306
 1.779 1.304
 1.707 1.301
 1.707 1.299
 1.707 1.299
 1.707 1.299
 1.707 1.299
 1.707 1.299
 1.707 1.299
 1.707 1.299
 1.707 1.299
 1.707 1.299
 1.707 1.299
 1.707 1.299
 1.707 1.299
 1.707 1.299
 1.707 1.299
 1.707 1.299
 1.707 1.299
 1.707 1.299
 1.707 1.299
 1.707 1.299
 1.707 1.299
 1.707 1.299
 1.707 1.299
 1.707 1.299
 1.707 1.299
 1.727 1.296
 1.698 1.293
 1.625 1.291
 1.506 1.288
 1.512 1.286
 1.512 1.286
 1.512 1.286
 1.512 1.286
 1.512 1.286
 1.512 1.286
 1.512 1.286
 1.512 1.286
 1.512 1.286
 1.512 1.286
 1.512 1.286
 1.512 1.286
 1.512 1.286
 1.512 1.286
 1.512 1.286
 1.512 1.286
 1.512 1.286
 1.512 1.286
 1.512 1.286
 1.512 1.286
 1.512 1.286
 1.512 1.286
 1.512 1.286
 1.512 1.286
 1.827 1.283
 1.779 1.281
 1.779 1.278
 1.779 1.276
 1.760 1.273
 1.760 1.273
 1.760 1.273
 1.760 1.273
 1.760 1.273
 1.760 1.273
 1.760 1.273
 1.760 1.273
 1.760 1.273
 1.760 1.273
 1.760 1.273
 1.760 1.273
 1.760 1.273
 1.760 1.273
 1.760 1.273
 1.760 1.273
 1.760 1.273
 1.760 1.273
 1.760 1.273
 1.760 1.273
 1.760 1.273
 1.760 1.273
 1.760 1.273
 1.760 1.273
 1.760 1.271
 1.760 1.268
 1.779 1.266
 1.760 1.263
 1.779 1.261
 1.779 1.261
 1.779 1.261
 1.779 1.261
 1.779 1.261
 1.779 1.261
 1.779 1.261
 1.779 1.261
 1.779 1.261
 1.779 1.261
 1.779 1.261
 1.779 1.261
 1.779 1.261
 1.779 1.261
 1.779 1.261
 1.779 1.261
 1.779 1.261
 1.779 1.261
 1.779 1.261
 1.779 1.261
 1.779 1.261
 1.779 1.261
 1.779 1.261
 1.779 1.261
 1.760 1.258
 1.665 1.256
 1.665 1.253
 1.707 1.251
 1.707 1.249
 1.707 1.249
 1.707 1.249
 1.707 1.249
 1.707 1.249
 1.707 1.249
 1.707 1.249
 1.707 1.249
 1.707 1.249
 1.707 1.249
 1.707 1.249
 1.707 1.249
 1.707 1.249
 1.707 1.249
 1.707 1.249
 1.707 1.249
 1.707 1.249
 1.707 1.249
 1.707 1.249
 1.707 1.249
 1.707 1.249
 1.707 1.249
 1.707 1.249
 1.707 1.249
 1.752 1.246
 1.750 1.244
 1.827 1.241
 1.779 1.239
 1.779 1.236
 1.779 1.236
 1.779 1.236
 1.779 1.236
 1.779 1.236
 1.779 1.236
 1.779 1.236
 1.779 1.236
 1.779 1.236
 1.779 1.236
 1.779 1.236
 1.779 1.236
 1.779 1.236
 1.779 1.236
 1.779 1.236
 1.779 1.236
 1.779 1.236
 1.779 1.236
 1.779 1.236
 1.779 1.236
 1.779 1.236
 1.779 1.236
 1.779 1.236
 1.779 1.236
 1.940 1.234
 1.974 1.232
 1.887 1.229
 1.856 1.227
 1.856 1.224
 1.856 1.224
 1.856 1.224
 1.856 1.224
 1.856 1.224
 1.856 1.224
 1.856 1.224
 1.856 1.224
 1.856 1.224
 1.856 1.224
 1.856 1.224
 1.856 1.224
 1.856 1.224
 1.856 1.224
 1.856 1.224
 1.856 1.224
 1.856 1.224
 1.856 1.224
 1.856 1.224
 1.856 1.224
 1.856 1.224
 1.856 1.224
 1.856 1.224
 1.856 1.224
 1.702 1.883
 1.673 1.880
 1.702 1.876
 1.804 1.873
 1.750 1.869
 1.750 1.869
 1.750 1.869
 1.750 1.869
 1.750 1.869
 1.750 1.869
 1.750 1.869
 1.750 1.869
 1.750 1.869
 1.750 1.869
 1.750 1.869
 1.750 1.869
 1.750 1.869
 1.750 1.869
 1.750 1.869
 1.750 1.869
 1.750 1.869
 1.750 1.869
 1.750 1.869
 1.750 1.869
 1.750 1.869
 1.750 1.869
 1.750 1.869
 1.750 1.869
 1.804 1.866
 1.702 1.862
 1.702 1.859
 1.702 1.855
 1.895 1.852
 1.895 1.852
 1.895 1.852
 1.895 1.852
 1.895 1.852
 1.895 1.852
 1.895 1.852
 1.895 1.852
 1.895 1.852
 1.895 1.852
 1.895 1.852
 1.895 1.852
 1.895 1.852
 1.895 1.852
 1.895 1.852
 1.895 1.852
 1.895 1.852
 1.895 1.852
 1.895 1.852
 1.895 1.852
 1.895 1.852
 1.895 1.852
 1.895 1.852
 1.895 1.852
 1.625 1.848
 1.702 1.845
 1.673 1.841
 1.625 1.838
 1.673 1.834
 1.673 1.834
 1.673 1.834
 1.673 1.834
 1.673 1.834
 1.673 1.834
 1.673 1.834
 1.673 1.834
 1.673 1.834
 1.673 1.834
 1.673 1.834
 1.673 1.834
 1.673 1.834
 1.673 1.834
 1.673 1.834
 1.673 1.834
 1.673 1.834
 1.673 1.834
 1.673 1.834
 1.673 1.834
 1.673 1.834
 1.673 1.834
 1.673 1.834
 1.673 1.834
 1.752 1.831
 1.684 1.828
 1.653 1.824
 1.509 1.821
 1.480 1.817
 1.480 1.817
 1.480 1.817
 1.480 1.817
 1.480 1.817
 1.480 1.817
 1.480 1.817
 1.480 1.817
 1.480 1.817
 1.480 1.817
 1.480 1.817
 1.480 1.817
 1.480 1.817
 1.480 1.817
 1.480 1.817
 1.480 1.817
 1.480 1.817
 1.480 1.817
 1.480 1.817
 1.480 1.817
 1.480 1.817
 1.480 1.817
 1.480 1.817
 1.480 1.817
 1.480 1.817
 1.480 1.817
 1.480 1.817
 1.480 1.817
 1.480 1.817
 1.480 1.817
 1.480 1.817
 1.480 1.817
 1.480 1.817
 1.480 1.817
 1.480 1.817
 1.480 1.817
 1.480 1.817
 1.480 1.817
 1.480 1.817
 1.480 1.817
 1.480 1.817
 1.480 1.817
 1.480 1.817
 1.480 1.817
 1.480 1.817
 1.480 1.817
 1.480 1.817
 1.480 1.817
 1.480 1.817
 1.480 1.817
 1.480 1.817
 1.480 1.817
 1.480 1.817
 1.480 1.817
 1.653 1.814
 1.653 1.811
 1.598 1.807
 1.575 1.804
 1.474 1.800
 1.474 1.800
 1.474 1.800
 1.474 1.800
 1.474 1.800
 1.474 1.800
 1.474 1.800
 1.474 1.800
 1.474 1.800
 1.474 1.800
 1.474 1.800
 1.474 1.800
 1.474 1.800
 1.474 1.800
 1.474 1.800
 1.474 1.800
 1.474 1.800
 1.474 1.800
 1.474 1.800
 1.474 1.800
 1.474 1.800
 1.474 1.800
 1.474 1.800
 1.474 1.800
 1.480 1.797
 1.509 1.794
 1.430 1.790
 1.478 1.787
 1.478 1.784
 1.478 1.784
 1.478 1.784
 1.478 1.784
 1.478 1.784
 1.478 1.784
 1.478 1.784
 1.478 1.784
 1.478 1.784
 1.478 1.784
 1.478 1.784
 1.478 1.784
 1.478 1.784
 1.478 1.784
 1.478 1.784
 1.478 1.784
 1.478 1.784
 1.478 1.784
 1.478 1.784
 1.478 1.784
 1.478 1.784
 1.478 1.784
 1.478 1.784
 1.478 1.784
 1.463 1.780
 1.434 1.777
 1.273 1.774
 1.274 1.771
 1.250 1.767
 1.250 1.767
 1.250 1.767
 1.250 1.767
 1.250 1.767
 1.250 1.767
 1.250 1.767
 1.250 1.767
 1.250 1.767
 1.250 1.767
 1.250 1.767
 1.250 1.767
 1.250 1.767
 1.250 1.767
 1.250 1.767
 1.250 1.767
 1.250 1.767
 1.250 1.767
 1.250 1.767
 1.250 1.767
 1.250 1.767
 1.250 1.767
 1.250 1.767
 1.250 1.767
 1.480 1.764
 1.509 1.761
 1.454 1.757
 1.430 1.754
 1.410 1.751
 1.410 1.751
 1.410 1.751
 1.410 1.751
 1.410 1.751
 1.410 1.751
 1.410 1.751
 1.410 1.751
 1.410 1.751
 1.410 1.751
 1.410 1.751
 1.410 1.751
 1.410 1.751
 1.410 1.751
 1.410 1.751
 1.410 1.751
 1.410 1.751
 1.410 1.751
 1.410 1.751
 1.410 1.751
 1.410 1.751
 1.410 1.751
 1.410 1.751
 1.410 1.751
 1.495 1.748
 1.330 1.744
 1.330 1.741
 1.330 1.738
 1.330 1.735
 1.330 1.735
 1.330 1.735
 1.330 1.735
 1.330 1.735
 1.330 1.735
 1.330 1.735
 1.330 1.735
 1.330 1.735
 1.330 1.735
 1.330 1.735
 1.330 1.735
 1.330 1.735
 1.330 1.735
 1.330 1.735
 1.330 1.735
 1.330 1.735
 1.330 1.735
 1.330 1.735
 1.330 1.735
 1.330 1.735
 1.330 1.735
 1.330 1.735
 1.330 1.735
 1.463 1.732
 1.418 1.728
 1.330 1.725
 1.330 1.722
 1.207 1.719
 1.207 1.719
 1.207 1.719
 1.207 1.719
 1.207 1.719
 1.207 1.719
 1.207 1.719
 1.207 1.719
 1.207 1.719
 1.207 1.719
 1.207 1.719
 1.207 1.719
 1.207 1.719
 1.207 1.719
 1.207 1.719
 1.207 1.719
 1.207 1.719
 1.207 1.719
 1.207 1.719
 1.207 1.719
 1.207 1.719
 1.207 1.719
 1.207 1.719
 1.207 1.719
 1.246 1.716
 1.175 1.713
 1.207 1.709
 1.287 1.706
 1.320 1.703
 1.320 1.703
 1.320 1.703
 1.320 1.703
 1.320 1.703
 1.320 1.703
 1.320 1.703
 1.320 1.703
 1.320 1.703
 1.320 1.703
 1.320 1.703
 1.320 1.703
 1.320 1.703
 1.320 1.703
 1.320 1.703
 1.320 1.703
 1.320 1.703
 1.320 1.703
 1.320 1.703
 1.320 1.703
 1.320 1.703
 1.320 1.703
 1.320 1.703
 1.320 1.703
 1.152 1.360
 1.229 1.358
 1.186 1.355
 1.152 1.353
 1.055 1.350
 1.055 1.350
 1.055 1.350
 1.055 1.350
 1.055 1.350
 1.055 1.350
 1.055 1.350
 1.055 1.350
 1.055 1.350
 1.055 1.350
 1.055 1.350
 1.055 1.350
 1.055 1.350
 1.055 1.350
 1.055 1.350
 1.055 1.350
 1.055 1.350
 1.055 1.350
 1.055 1.350
 1.055 1.350
 1.055 1.350
 1.055 1.350
 1.055 1.350
 1.055 1.350
 1.231 1.348
 1.207 1.345
 1.246 1.343
 1.278 1.340
 1.164 1.338
 1.164 1.338
 1.164 1.338
 1.164 1.338
 1.164 1.338
 1.164 1.338
 1.164 1.338
 1.164 1.338
 1.164 1.338
 1.164 1.338
 1.164 1.338
 1.164 1.338
 1.164 1.338
 1.164 1.338
 1.164 1.338
 1.164 1.338
 1.164 1.338
 1.164 1.338
 1.164 1.338
 1.164 1.338
 1.164 1.338
 1.164 1.338
 1.164 1.338
 1.164 1.338
 1.068 1.336
 1.186 1.333
 1.186 1.331
 1.186 1.328
 1.186 1.326
 1.186 1.326
 1.186 1.326
 1.186 1.326
 1.186 1.326
 1.186 1.326
 1.186 1.326
 1.186 1.326
 1.186 1.326
 1.186 1.326
 1.186 1.326
 1.186 1.326
 1.186 1.326
 1.186 1.326
 1.186 1.326
 1.186 1.326
 1.186 1.326
 1.186 1.326
 1.186 1.326
 1.186 1.326
 1.186 1.326
 1.186 1.326
 1.186 1.326
 1.186 1.326
 1.175 1.324
 1.164 1.321
 1.083 1.319
 1.061 1.316
 1.140 1.314
 1.140 1.314
 1.140 1.314
 1.140 1.314
 1.140 1.314
 1.140 1.314
 1.140 1.314
 1.140 1.314
 1.140 1.314
 1.140 1.314
 1.140 1.314
 1.140 1.314
 1.140 1.314
 1.140 1.314
 1.140 1.314
 1.140 1.314
 1.140 1.314
 1.140 1.314
 1.140 1.314
 1.140 1.314
 1.140 1.314
 1.140 1.314
 1.140 1.314
 1.140 1.314
 0.957 1.312
 0.957 1.309
 0.997 1.307
 0.997 1.305
 0.992 1.302
 0.992 1.302
 0.992 1.302
 0.992 1.302
 0.992 1.302
 0.992 1.302
 0.992 1.302
 0.992 1.302
 0.992 1.302
 0.992 1.302
 0.992 1.302
 0.992 1.302
 0.992 1.302
 0.992 1.302
 0.992 1.302
 0.992 1.302
 0.992 1.302
 0.992 1.302
 0.992 1.302
 0.992 1.302
 0.992 1.302
 0.992 1.302
 0.992 1.302
 0.992 1.302
 1.083 1.300
 1.055 1.298
 1.014 1.295
 1.014 1.293
 0.964 1.291
 0.964 1.291
 0.964 1.291
 0.964 1.291
 0.964 1.291
 0.964 1.291
 0.964 1.291
 0.964 1.291
 0.964 1.291
 0.964 1.291
 0.964 1.291
 0.964 1.291
 0.964 1.291
 0.964 1.291
 0.964 1.291
 0.964 1.291
 0.964 1.291
 0.964 1.291
 0.964 1.291
 0.964 1.291
 0.964 1.291
 0.964 1.291
 0.964 1.291
 0.964 1.291
 1.004 1.288
 1.004 1.286
 0.997 1.284
 0.957 1.282
 0.974 1.279
 0.974 1.279
 0.974 1.279
 0.974 1.279
 0.974 1.279
 0.974 1.279
 0.974 1.279
 0.974 1.279
 0.974 1.279
 0.974 1.279
 0.974 1.279
 0.974 1.279
 0.974 1.279
 0.974 1.279
 0.974 1.279
 0.974 1.279
 0.974 1.279
 0.974 1.279
 0.974 1.279
 0.974 1.279
 0.974 1.279
 0.974 1.279
 0.974 1.279
 0.974 1.279
 1.228 1.277
 1.183 1.275
 1.152 1.272
 1.167 1.270
 1.004 1.268
 1.004 1.268
 1.004 1.268
 1.004 1.268
 1.004 1.268
 1.004 1.268
 1.004 1.268
 1.004 1.268
 1.004 1.268
 1.004 1.268
 1.004 1.268
 1.004 1.268
 1.004 1.268
 1.004 1.268
 1.004 1.268
 1.004 1.268
 1.004 1.268
 1.004 1.268
 1.004 1.268
 1.004 1.268
 1.004 1.268
 1.004 1.268
 1.004 1.268
 1.004 1.268
 1.068 1.266
 1.125 1.263
 1.014 1.261
 1.027 1.259
 1.014 1.257
 1.014 1.257
 1.014 1.257
 1.014 1.257
 1.014 1.257
 1.014 1.257
 1.014 1.257
 1.014 1.257
 1.014 1.257
 1.014 1.257
 1.014 1.257
 1.014 1.257
 1.014 1.257
 1.014 1.257
 1.014 1.257
 1.014 1.257
 1.014 1.257
 1.014 1.257
 1.014 1.257
 1.014 1.257
 1.014 1.257
 1.014 1.257
 1.014 1.257
 1.014 1.257
 1.130 1.254
 1.119 1.252
 1.121 1.250
 1.119 1.248
 1.124 1.246
 1.124 1.246
 1.124 1.246
 1.124 1.246
 1.124 1.246
 1.124 1.246
 1.124 1.246
 1.124 1.246
 1.124 1.246
 1.124 1.246
 1.124 1.246
 1.124 1.246
 1.124 1.246
 1.124 1.246
 1.124 1.246
 1.124 1.246
 1.124 1.246
 1.124 1.246
 1.124 1.246
 1.124 1.246
 1.124 1.246
 1.124 1.246
 1.124 1.246
 1.124 1.246
 1.055 1.243
 1.004 1.241
 1.014 1.239
 1.003 1.237
 1.022 1.235
 1.022 1.235
 1.022 1.235
 1.022 1.235
 1.022 1.235
 1.022 1.235
 1.022 1.235
 1.022 1.235
 1.022 1.235
 1.022 1.235
 1.022 1.235
 1.022 1.235
 1.022 1.235
 1.022 1.235
 1.022 1.235
 1.022 1.235
 1.022 1.235
 1.022 1.235
 1.022 1.235
 1.022 1.235
 1.022 1.235
 1.022 1.235
 1.022 1.235
 1.022 1.235
 1.083 1.232
 1.014 1.230
 1.087 1.228
 1.140 1.226
 1.130 1.224
 1.130 1.224
 1.130 1.224
 1.130 1.224
 1.130 1.224
 1.130 1.224
 1.130 1.224
 1.130 1.224
 1.130 1.224
 1.130 1.224
 1.130 1.224
 1.130 1.224
 1.130 1.224
 1.130 1.224
 1.130 1.224
 1.130 1.224
 1.130 1.224
 1.130 1.224
 1.130 1.224
 1.130 1.224
 1.130 1.224
 1.130 1.224
 1.130 1.224
 1.130 1.224
 1.186 1.085
 1.167 1.083
 1.140 1.081
 1.130 1.079
 1.174 1.077
 1.174 1.077
 1.174 1.077
 1.174 1.077
 1.174 1.077
 1.174 1.077
 1.174 1.077
 1.174 1.077
 1.174 1.077
 1.174 1.077
 1.174 1.077
 1.174 1.077
 1.174 1.077
 1.174 1.077
 1.174 1.077
 1.174 1.077
 1.174 1.077
 1.174 1.077
 1.174 1.077
 1.174 1.077
 1.174 1.077
 1.174 1.077
 1.174 1.077
 1.174 1.077
 1.183 1.315
 1.164 1.312
 1.120 1.310
 1.124 1.307
 1.130 1.305
 1.130 1.305
 1.130 1.305
 1.130 1.305
 1.130 1.305
 1.130 1.305
 1.130 1.305
 1.130 1.305
 1.130 1.305
 1.130 1.305
 1.130 1.305
 1.130 1.305
 1.130 1.305
 1.130 1.305
 1.130 1.305
 1.130 1.305
 1.130 1.305
 1.130 1.305
 1.130 1.305
 1.130 1.305
 1.130 1.305
 1.130 1.305
 1.130 1.305
 1.130 1.305
 1.130 1.305
 1.130 1.305
 1.130 1.305
 1.130 1.305
 1.130 1.305
 1.130 1.305
 1.130 1.305
 1.130 1.305
 1.130 1.305
 1.130 1.305
 1.130 1.305
 1.130 1.305
 1.130 1.305
 1.130 1.305
