Thread[Thread-1,5,main]1 1 1224 1710
3 2 16 85020
3 3 1808 86812
4 4 462 127700
5 5 362 169852
6 6 416 212154
7 7 450 254438
8 8 424 296664
9 9 486 338974
10 10 1646 382384
11 11 1564 424552
12 12 944 466182
13 13 1208 508696
14 14 492 550232
15 15 980 592968
16 16 456 634694
17 17 470 676960
18 18 862 719600
19 19 1212 762200
20 20 752 803992
21 21 850 846338
22 22 484 888222
23 23 366 930354
24 24 412 972650
25 25 1740 1016230
26 26 1152 1226850
27 27 450 1437360
28 28 1154 1649272
29 29 1464 1860792
30 30 946 2071486
31 31 352 2282102
32 32 1314 2494274
33 33 768 2704936
34 34 444 2915824
35 35 784 3127372
36 36 454 3338254
37 37 796 3549804
38 38 904 3761122
39 39 632 3972062
40 40 424 4183064
41 41 710 4225600
42 42 476 4267614
43 43 836 4310224
44 44 1272 4352912
45 45 366 4394254
46 46 502 4436642
47 47 880 4479268
48 48 436 4521074
49 49 1394 4564282
50 50 426 4605564
51 51 494 4647884
52 52 984 4690622
53 53 868 4732756
54 54 364 4774504
55 55 364 4816752
56 56 1090 4859728
57 57 484 4901374
58 58 376 4943514
59 59 464 4985854
60 60 978 5028618
61 61 366 5070254
62 62 984 5113122
63 63 474 5154864
64 64 776 5197416
65 65 958 5239846
66 66 842 5450940
67 67 486 5661794
68 68 968 5873488
69 69 604 6084334
70 70 366 6295304
71 71 782 6506932
72 72 834 6718192
73 73 434 6929004
74 74 706 7140484
75 75 1638 7352628
76 76 416 7562614
77 77 374 7773782
78 78 994 7985612
79 79 706 8027574
80 80 366 8069484
81 81 442 8111812
82 82 614 8154232
83 83 914 8196784
84 84 398 8238516
85 85 404 8280774
86 86 476 8323094
87 87 796 8365664
88 88 1292 8408412
89 89 572 8449942
90 90 432 8492050
91 91 764 8534634
92 92 584 8576704
93 93 794 8619162
94 94 912 8661530
95 95 754 8703622
96 96 486 8745604
97 97 1232 8788602
98 98 426 8830044
99 99 1200 8873068
100 100 1228 8915346
101 101 776 8957144
102 102 962 8999580
