Thread[Thread-1,5,main]Thread[Thread-1,5,main]1 1 41688 42698
2 2 392 43650
3 3 1042 86550
4 4 444 128204
5 5 960 170968
6 6 710 212968
7 7 1760 256270
8 8 1054 297812
9 9 394 339402
10 10 2178 383436
11 11 352 423860
12 12 2890 468648
13 13 402 508412
14 14 496 550804
15 15 1832 594356
16 16 858 635640
17 17 1938 678946
18 18 1102 720360
19 19 852 762390
20 20 1464 805218
21 21 906 846922
22 22 1114 889382
23 23 1082 931600
24 24 1164 973932
25 25 1694 1016712
26 26 1464 1058732
27 27 2270 1270748
28 28 2770 1482458
29 29 2690 1693588
30 30 4046 1906154
31 31 3612 2116930
32 32 4714 2329242
33 33 5900 2541638
34 34 5078 2752026
35 35 5786 2963944
36 36 5910 3175278
37 37 6652 3387230
38 38 7534 3599324
39 39 7858 3810856
40 40 8192 4022402
41 41 8706 4234124
42 42 8564 4276232
43 43 8916 4318836
44 44 8434 4360602
45 45 8750 4403168
46 46 8696 4445364
47 47 10120 4489038
48 48 9490 4530658
49 49 8906 4572326
50 50 9422 4615090
51 51 9002 4656920
52 52 9198 4699366
53 53 11278 4743698
54 54 10768 4785436
55 55 9610 4826530
56 56 9676 4868846
57 57 11118 4912538
58 58 9706 4953374
59 59 9756 4995676
60 60 10298 5038468
61 61 9944 5080364
62 62 11236 5123906
63 63 11166 5166084
64 64 11528 5208698
65 65 10370 5249790
66 66 11228 5292898
67 67 11558 5504438
68 68 11908 5715998
69 69 12664 5927962
70 70 12380 6138888
71 71 12648 6350368
72 72 13576 6562506
73 73 14394 6774532
74 74 14838 6986186
75 75 14712 7197272
76 76 14938 7408708
77 77 15248 7620228
78 78 16498 7832686
79 79 16642 8044042
80 80 16482 8086130
81 81 16684 8128582
82 82 17168 8171316
83 83 17260 8213658
84 84 17182 8255830
85 85 17182 8298082
86 86 17452 8340602
87 87 17772 8383170
88 88 17688 8425338
89 89 16994 8466892
90 90 18386 8510534
91 91 17554 8551954
92 92 17350 8593998
93 93 18160 8637058
94 94 17638 8678788
95 95 18246 8721646
96 96 17866 8763516
97 97 17760 8805660
98 98 18832 8848982
99 99 19490 8891888
100 100 20156 8934806
101 101 18266 8975166
102 102 18880 9018028
103 103 18402 9059800
104 104 18306 9101956
105 105 18952 9313810
106 106 19674 9525742
107 107 20268 9737546
108 108 20874 9949364
