Thread[Thread-1,5,main]1 1 794 1412
3 2 56 85234
3 3 786 85966
4 4 464 127834
5 5 884 170504
6 6 826 212694
7 7 1786 255906
8 8 872 297240
9 9 468 339088
10 10 520 381388
11 11 1048 424166
12 12 1152 466520
13 13 580 508200
14 14 362 550232
15 15 504 592622
16 16 444 634812
17 17 758 677376
18 18 364 719234
19 19 504 761622
20 20 602 803972
21 21 484 846102
22 22 464 888332
23 23 462 930580
24 24 462 972832
25 25 1302 1015922
26 26 1126 1226956
27 27 424 1437462
28 28 352 1648600
29 29 442 1859900
30 30 474 2071144
31 31 464 2282342
32 32 994 2494082
33 33 1108 2705406
34 34 862 2916370
35 35 850 3127568
36 36 948 3338878
37 37 352 3549490
38 38 482 3760830
39 39 420 3971980
40 40 376 4183144
41 41 776 4225796
42 42 1042 4268310
43 43 824 4310342
44 44 492 4352260
45 45 492 4394512
46 46 682 4436950
47 47 1232 4479750
48 48 1184 4521952
49 49 888 4563906
50 50 946 4606214
51 51 352 4647872
52 52 1136 4690904
53 53 384 4732402
54 54 500 4774768
55 55 404 4816924
56 56 1298 4860068
57 57 1028 4902046
58 58 364 4943632
59 59 718 4986236
60 60 354 5028122
61 61 434 5070454
62 62 424 5112692
63 63 764 5155282
64 64 1414 5198182
65 65 1146 5240166
66 66 1320 5451550
67 67 882 5662322
68 68 364 5873014
69 69 414 6084272
70 70 466 6295534
71 71 894 6507174
72 72 1002 6718490
73 73 366 6929064
74 74 982 7140890
75 75 732 7351850
76 76 486 7562814
77 77 834 7774372
78 78 692 7985440
79 79 532 8027530
80 80 492 8069740
81 81 352 8111852
82 82 448 8154198
83 83 464 8196462
84 84 426 8238674
85 85 910 8281410
86 86 364 8323112
87 87 514 8365512
88 88 734 8407984
89 89 948 8450448
90 90 874 8492622
91 91 1134 8535132
92 92 384 8576632
93 93 964 8619464
94 94 352 8661100
95 95 1240 8704238
96 96 1134 8746382
97 97 962 8788460
98 98 1050 8830798
99 99 580 8872580
100 100 394 8914642
101 101 352 8956852
102 102 784 8999532
103 103 444 9041442
104 104 992 9253202
105 105 864 9464282
106 106 814 9675442
107 107 486 9886324
108 108 744 10097792
109 109 1184 10309442
110 110 366 10519834
111 111 1760 10732440
112 112 354 10942242
113 113 870 11153970
114 114 406 11364714
115 115 832 11576352
116 116 1044 11787772
117 117 376 11998316
118 118 372 12209520
119 119 396 12420754
120 120 406 12631974
121 121 352 12843130
122 122 386 13054374
123 123 972 13266170
124 124 354 13476762
125 125 384 13688002
126 126 406 13899234
127 127 426 14110464
128 128 366 14321614
129 129 788 14533248
130 130 362 14744030
131 131 436 14955314
132 132 354 15166442
133 133 960 15378258
134 134 364 15588874
135 135 364 15800084
136 136 800 16011728
137 137 424 16222564
138 138 456 16433804
139 139 902 16645460
140 140 352 16856122
141 141 374 17067354
142 142 1012 17279200
143 143 396 17489794
144 144 1154 17701764
145 145 406 17912224
