Thread[Thread-1,5,main]1 1 354 1100
2 2 900 43896
3 3 1262 86508
4 4 856 128352
5 5 846 170592
6 6 562 212558
7 7 604 254850
8 8 1082 297578
9 9 484 339230
10 10 806 381802
11 11 716 423962
12 12 544 466040
13 13 1228 508974
14 14 446 550442
15 15 554 592800
16 16 906 635402
17 17 652 677398
18 18 1204 720200
19 19 740 761986
20 20 520 804016
21 21 376 846124
22 22 386 888382
23 23 546 930792
24 24 366 972862
25 25 706 1015452
26 26 386 1226342
27 27 426 1437592
28 28 816 1649192
29 29 406 1859992
30 30 914 2071710
31 31 646 2282652
32 32 426 2493642
33 33 466 2704892
34 34 354 2915990
35 35 486 3127332
36 36 466 3338522
37 37 386 3549652
38 38 446 3760922
39 39 486 3972172
40 40 356 4183252
41 41 446 4225592
42 42 446 4267842
43 43 446 4310092
44 44 366 4352262
45 45 426 4394572
46 46 426 4436822
47 47 466 4479112
48 48 536 4521432
49 49 354 4563500
50 50 486 4605882
51 51 386 4648032
52 52 386 4690282
53 53 486 4732632
54 54 354 4774752
55 55 466 4817112
56 56 908 4859804
57 57 426 4901572
58 58 466 4943862
59 59 406 4986052
60 60 426 5028322
61 61 466 5070612
62 62 486 5112882
63 63 386 5155032
64 64 446 5197342
65 65 466 5239612
66 66 446 5450802
67 67 426 5661992
68 68 466 5873242
69 69 446 6084432
70 70 486 6295682
71 71 526 6506932
72 72 466 6718082
73 73 406 6929232
74 74 386 7140422
75 75 366 7351612
76 76 466 7562922
77 77 354 7774022
78 78 366 7985242
79 79 366 8027492
80 80 486 8069862
81 81 354 8111980
82 82 426 8154302
83 83 426 8196552
84 84 366 8238742
85 85 486 8281112
86 86 386 8323262
87 87 386 8365512
88 88 406 8407782
89 89 386 8450012
90 90 406 8492282
91 91 366 8534492
92 92 354 8576730
93 93 354 8618980
94 94 588 8661464
95 95 366 8703492
96 96 406 8745782
97 97 466 8788092
98 98 486 8830362
99 99 486 8872612
100 100 466 8914842
101 101 446 8957072
102 102 406 8999282
