Thread[Thread-1,5,main] 5.377 5.023 0 0 0 17292 17292 0 0  4.976 1 
 6.682 5.057 42242 0 0 17292 17292 0 0  9.919 1 
 7.861 5.275 84484 0 0 17292 17292 0 0  14.644 1 
 9.051 5.343 126726 0 0 17292 17292 0 0  19.300 1 
 10.149 5.538 168968 0 0 17292 17292 0 0  23.762 1 
 11.179 5.778 211210 0 0 17292 17292 0 0  27.983 1 
 12.163 6.110 253452 0 0 17292 17292 0 0  31.873 1 
 13.078 6.396 295696 0 0 17292 17292 0 0  35.477 1 
 13.845 6.659 337936 0 0 17292 17292 0 0  38.817 1 
 14.635 7.071 380178 0 0 17292 17292 0 0  41.746 1 
 17.884 8.684 549170 0 0 17292 17292 0 0  43.061 1 
 18.617 9.051 591386 0 0 17292 17292 0 0  44.010 1 
 18.937 9.314 633628 0 0 650918 633626 633628 633628  44.695 2 
 17.598 9.417 675868 0 0 650918 633626 633628 633628  45.278 2 
 16.683 9.737 718110 0 0 650918 633626 633628 633628  45.541 2 
 15.722 10.046 760354 0 0 650918 633626 633628 633628  45.587 2 
 14.772 10.332 802596 0 0 650918 633626 633628 633628  45.920 2 
 13.845 10.504 844838 0 0 650918 633626 633628 633628  46.424 2 
 12.975 10.641 887080 0 0 650918 633626 633628 633628  47.066 2 
 12.117 10.790 929322 0 0 650918 633626 633628 633628  47.856 2 
 11.282 10.893 971564 0 0 650918 633626 633628 633628  48.749 2 
 10.504 10.961 1013806 0 0 650918 633626 633628 633628  49.711 2 
 9.760 11.007 1056048 0 0 650918 633626 633628 633628  50.719 2 
 9.051 10.996 1098290 0 0 650918 633626 633628 633628  51.715 2 
 8.341 10.961 1140532 0 0 650918 633626 633628 633628  52.677 2 
 7.677 10.836 1182774 0 0 650918 633626 633628 633628  53.513 2 
 7.025 10.847 1225016 0 0 650918 633626 633628 633628  54.361 2 
 6.476 10.721 1267258 0 0 1284548 633630 1267258 633630  55.082 3 
 6.522 10.641 1309498 1311954 27406 1284548 633630 1267258 633630  55.724 4 
 6.636 10.561 1351740 1311954 27406 1284548 633630 1267258 633630  56.285 4 
 6.739 10.469 1393982 1311954 27406 1284548 633630 1267258 633630  56.755 4 
 6.865 10.344 1436224 1311954 27406 1284548 633630 1267258 633630  57.099 4 
 7.014 10.286 1478466 1311954 27406 1284548 633630 1267258 633630  57.386 4 
 7.128 10.229 1520706 1311954 27406 1284548 633630 1267258 633630  57.616 4 
 7.220 10.138 1562948 1311954 27406 1284548 633630 1267258 633630  57.754 4 
 7.311 10.069 1605188 1311954 27406 1284548 633630 1267258 633630  57.823 4 
 7.414 9.977 1647432 1311954 27406 1284548 633630 1267258 633630  57.845 4 
 7.574 9.955 1689670 1311954 27406 1284548 633630 1267258 633630  57.890 4 
 7.609 9.909 1731912 1311954 27406 1284548 633630 1267258 633630  57.981 4 
 7.712 9.874 1774154 1311954 27406 1284548 633630 1267258 633630  58.106 4 
 7.815 9.852 1816398 1311954 27406 1284548 633630 1267258 633630  58.254 4 
 7.861 9.863 1858638 1311954 27406 1284548 633630 1267258 633630  58.391 4 
 7.929 9.737 1900882 1311954 27406 1918172 606218 1900882 633624  58.653 5 
 8.112 9.783 1943122 1311954 27406 1918172 606218 1900882 633624  58.870 5 
 8.250 9.783 1985366 1311954 27406 1918172 606218 1900882 633624  59.086 5 
 8.398 9.737 2027606 1311954 27406 1918172 606218 1900882 633624  59.349 5 
 8.513 9.680 2069848 1311954 27406 1918172 606218 1900882 633624  59.668 5 
 8.639 9.714 2112088 1311954 27406 1918172 606218 1900882 633624  59.954 5 
 8.719 9.737 2154328 1311954 27406 1918172 606218 1900882 633624  60.216 5 
 8.822 9.760 2196568 1311954 27406 1918172 606218 1900882 633624  60.456 5 
 8.925 9.749 2238810 1311954 27406 1918172 606218 1900882 633624  60.707 5 
 9.028 9.760 2281052 1311954 27406 1918172 606218 1900882 633624  60.946 5 
 9.154 9.749 2323294 1311954 27406 1918172 606218 1900882 633624  61.197 5 
 9.279 9.817 2365536 1311954 27406 1918172 606218 1900882 633624  61.379 5 
 9.314 9.863 2407778 1311954 27406 1918172 606218 1900882 633624  61.516 5 
 9.440 9.863 2450018 1311954 27406 1918172 606218 1900882 633624  61.652 5 
 9.462 9.920 2492260 1311954 27406 1918172 606218 1900882 633624  61.732 5 
 9.646 9.874 2534502 1311954 27406 2551794 633622 2534502 633620  61.857 6 
 9.543 9.920 2576744 1311954 27406 2551794 633622 2534502 633620  61.936 6 
 9.462 9.966 2618986 1311954 27406 2551794 633622 2534502 633620  61.970 6 
 9.359 10.000 2661228 1311954 27406 2551794 633622 2534502 633620  61.970 6 
 9.371 10.035 2703470 1311954 27406 2551794 633622 2534502 633620  62.006 6 
 9.268 9.977 2745710 1311954 27406 2551794 633622 2534502 633620  62.028 6 
 9.257 10.046 2787952 1311954 27406 2551794 633622 2534502 633620  62.074 6 
 9.176 10.012 2830194 1311954 27406 2551794 633622 2534502 633620  62.086 6 
 9.142 10.080 2872434 1311954 27406 2551794 633622 2534502 633620  62.167 6 
 9.016 10.092 2914676 1311954 27406 2551794 633622 2534502 633620  62.260 6 
 9.051 10.069 2956918 2959474 407680 2551794 633622 2534502 633620  62.329 7 
 8.993 10.092 2999160 2959474 407680 2551794 633622 2534502 633620  62.421 7 
 8.948 10.103 3041398 2959474 407680 2551794 633622 2534502 633620  62.525 7 
 8.913 10.057 3083638 2959474 407680 2551794 633622 2534502 633620  62.583 7 
 8.902 10.103 3125878 2959474 407680 2551794 633622 2534502 633620  62.687 7 
 8.856 10.012 3168122 2959474 407680 3185412 225938 3168122 633620  62.699 8 
 8.833 10.103 3210362 2959474 407680 3185412 225938 3168122 633620  62.803 8 
 8.833 10.103 3252606 2959474 407680 3185412 225938 3168122 633620  62.907 8 
 8.787 10.069 3294848 2959474 407680 3185412 225938 3168122 633620  62.976 8 
 8.764 10.046 3337090 2959474 407680 3185412 225938 3168122 633620  63.023 8 
 8.764 10.103 3379332 2959474 407680 3185412 225938 3168122 633620  63.126 8 
 8.719 10.092 3421574 2959474 407680 3185412 225938 3168122 633620  63.219 8 
 8.742 10.046 3463814 2959474 407680 3185412 225938 3168122 633620  63.265 8 
 8.719 10.092 3506056 2959474 407680 3185412 225938 3168122 633620  63.358 8 
 8.673 10.046 3548298 2959474 407680 3185412 225938 3168122 633620  63.404 8 
 8.650 10.103 3590540 2959474 407680 3185412 225938 3168122 633620  63.508 8 
 8.673 10.046 3632782 2959474 407680 3185412 225938 3168122 633620  63.554 8 
 8.639 10.000 3675024 2959474 407680 3185412 225938 3168122 633620  63.555 8 
 8.673 10.000 3717266 3725972 540560 3185412 225938 3168122 633620  63.556 9 
 8.604 9.966 3759508 3725972 540560 3185412 225938 3168122 633620  63.590 9 
 8.650 10.000 3801750 3725972 540560 3819038 93066 3801750 633628  63.590 10 
 8.684 10.046 3843990 3725972 540560 3819038 93066 3801750 633628  63.637 10 
 8.730 10.000 3886230 3725972 540560 3819038 93066 3801750 633628  63.638 10 
 8.719 10.012 3928470 3725972 540560 3819038 93066 3801750 633628  63.650 10 
 8.730 9.966 3970710 3725972 540560 3819038 93066 3801750 633628  63.683 10 
 8.764 9.966 4012952 3725972 540560 3819038 93066 3801750 633628  63.717 10 
 8.810 9.955 4055192 3725972 540560 3819038 93066 3801750 633628  63.762 10 
 8.787 9.966 4097434 3725972 540560 3819038 93066 3801750 633628  63.796 10 
 8.810 9.966 4139676 3725972 540560 3819038 93066 3801750 633628  63.829 10 
 8.867 9.920 4181918 3725972 540560 3819038 93066 3801750 633628  63.908 10 
 8.856 9.966 4224160 3725972 540560 3819038 93066 3801750 633628  63.942 10 
 8.822 9.920 4266404 3725972 540560 3819038 93066 3801750 633628  64.021 10 
 8.879 9.966 4308642 3725972 540560 3819038 93066 3801750 633628  64.055 10 
 8.913 9.932 4350886 3725972 540560 3819038 93066 3801750 633628  64.123 10 
 8.959 9.955 4393126 3725972 540560 3819038 93066 3801750 633628  64.168 10 
 8.959 9.909 4435368 3725972 540560 4452658 633620 4435368 633618  64.258 11 
 8.902 9.966 4477608 3725972 540560 4452658 633620 4435368 633618  64.292 11 
 8.902 9.932 4519852 3725972 540560 4452658 633620 4435368 633618  64.360 11 
 8.913 9.943 4562094 3725972 540560 4452658 633620 4435368 633618  64.416 11 
 8.902 9.955 4604334 3725972 540560 4452658 633620 4435368 633618  64.461 11 
 8.856 9.977 4646578 3725972 540560 4452658 633620 4435368 633618  64.483 11 
 8.856 9.932 4688820 3725972 540560 4452658 633620 4435368 633618  64.551 11 
 8.867 9.955 4731062 3725972 540560 4452658 633620 4435368 633618  64.596 11 
 8.867 10.046 4773304 3725972 540560 4452658 633620 4435368 633618  64.643 11 
 8.856 9.955 4815546 3725972 540560 4452658 633620 4435368 633618  64.688 11 
 8.845 9.955 4857786 3725972 540560 4452658 633620 4435368 633618  64.733 11 
 8.822 9.955 4900028 3725972 540560 4452658 633620 4435368 633618  64.778 11 
 8.810 9.909 4942266 3725972 540560 4452658 633620 4435368 633618  64.869 11 
 8.856 9.920 4984510 3725972 540560 4452658 633620 4435368 633618  64.948 11 
 8.810 9.920 5026752 3725972 540560 4452658 633620 4435368 633618  65.027 11 
 8.845 9.989 5068994 3725972 540560 5084548 631890 5068994 633626  65.038 12 
 8.856 9.932 5111236 3725972 540560 5084548 631890 5068994 633626  65.106 12 
 8.822 10.000 5153478 3725972 540560 5084548 631890 5068994 633626  65.107 12 
 8.902 9.943 5195718 3725972 540560 5084548 631890 5068994 633626  65.163 12 
 8.822 9.955 5237958 3725972 540560 5084548 631890 5068994 633626  65.208 12 
 8.856 9.920 5280202 3725972 540560 5084548 631890 5068994 633626  65.287 12 
 8.845 9.897 5322442 3725972 540560 5084548 631890 5068994 633626  65.389 12 
 8.867 9.920 5364684 3725972 540560 5084548 631890 5068994 633626  65.469 12 
 8.890 9.955 5406926 3725972 540560 5084548 631890 5068994 633626  65.514 12 
 8.787 9.955 5449168 3725972 540560 5084548 631890 5068994 633626  65.559 12 
 8.867 9.909 5491410 3725972 540560 5084548 631890 5068994 633626  65.650 12 
 8.856 9.955 5533652 3725972 540560 5084548 631890 5068994 633626  65.695 12 
 8.879 9.955 5575894 3725972 540560 5084548 631890 5068994 633626  65.740 12 
 8.879 9.909 5618136 3725972 540560 5084548 631890 5068994 633626  65.830 12 
 8.856 9.955 5660378 3725972 540560 5084548 631890 5068994 633626  65.875 12 
 8.833 9.909 5702620 3725972 540560 5719912 635364 5702620 633626  65.966 13 
 8.867 9.920 5744860 3725972 540560 5719912 635364 5702620 633626  66.045 13 
 8.890 9.932 5787104 3725972 540560 5719912 635364 5702620 633626  66.113 13 
 8.913 9.920 5829346 3725972 540560 5719912 635364 5702620 633626  66.193 13 
 8.867 9.955 5871588 3725972 540560 5719912 635364 5702620 633626  66.238 13 
 8.902 9.909 5913830 3725972 540560 5719912 635364 5702620 633626  66.328 13 
 8.902 9.932 5956070 3725972 540560 5719912 635364 5702620 633626  66.396 13 
 8.902 9.920 5998312 3725972 540560 5719912 635364 5702620 633626  66.476 13 
 8.902 9.909 6040552 3725972 540560 5719912 635364 5702620 633626  66.566 13 
 8.925 9.920 6082794 3725972 540560 5719912 635364 5702620 633626  66.646 13 
 8.913 9.943 6125036 3725972 540560 5719912 635364 5702620 633626  66.702 13 
 8.982 9.897 6167278 3725972 540560 5719912 635364 5702620 633626  66.804 13 
 8.959 9.909 6209520 3725972 540560 5719912 635364 5702620 633626  66.895 13 
 8.913 9.955 6251762 3725972 540560 5719912 635364 5702620 633626  66.940 13 
 8.936 9.874 6294002 3725972 540560 5719912 635364 5702620 633626  67.065 13 
 8.948 9.920 6336244 3725972 540560 6353536 633624 6336244 633624  67.144 14 
 8.913 9.920 6378486 3725972 540560 6353536 633624 6336244 633624  67.224 14 
 8.913 9.943 6420728 3725972 540560 6353536 633624 6336244 633624  67.280 14 
 8.913 9.874 6462970 3725972 540560 6353536 633624 6336244 633624  67.405 14 
 8.913 9.966 6505212 3725972 540560 6353536 633624 6336244 633624  67.439 14 
 8.867 9.920 6547454 3725972 540560 6353536 633624 6336244 633624  67.518 14 
 8.902 9.920 6589696 3725972 540560 6353536 633624 6336244 633624  67.597 14 
 8.810 9.909 6631938 3725972 540560 6353536 633624 6336244 633624  67.688 14 
 8.867 9.920 6674180 3725972 540560 6353536 633624 6336244 633624  67.768 14 
 8.856 9.909 6716422 3725972 540560 6353536 633624 6336244 633624  67.858 14 
 8.890 9.932 6758664 3725972 540560 6353536 633624 6336244 633624  67.926 14 
 8.879 9.909 6800906 3725972 540560 6353536 633624 6336244 633624  68.017 14 
 8.856 9.897 6843148 3725972 540560 6353536 633624 6336244 633624  68.119 14 
 8.822 9.909 6885390 3725972 540560 6353536 633624 6336244 633624  68.210 14 
 8.856 9.886 6927634 3725972 540560 6353536 633624 6336244 633624  68.324 14 
 8.856 9.874 6969876 3725972 540560 6987166 633630 6969876 633632  68.449 15 
 8.845 9.886 7012118 3725972 540560 6987166 633630 6969876 633632  68.562 15 
 8.856 9.863 7054360 3725972 540560 6987166 633630 6969876 633632  68.699 15 
 8.879 9.909 7096600 3725972 540560 6987166 633630 6969876 633632  68.790 15 
 8.867 9.863 7138842 3725972 540560 6987166 633630 6969876 633632  68.926 15 
 8.902 9.874 7181084 3725972 540560 6987166 633630 6969876 633632  69.051 15 
 8.902 9.817 7223326 3725972 540560 6987166 633630 6969876 633632  69.234 15 
 8.959 9.874 7265566 3725972 540560 6987166 633630 6969876 633632  69.359 15 
 8.925 9.863 7307808 3725972 540560 6987166 633630 6969876 633632  69.495 15 
 8.970 9.863 7350050 3725972 540560 6987166 633630 6969876 633632  69.632 15 
 8.959 9.874 7392292 3725972 540560 6987166 633630 6969876 633632  69.757 15 
 8.970 9.874 7434532 3725972 540560 6987166 633630 6969876 633632  69.882 15 
 8.982 9.874 7476774 3725972 540560 6987166 633630 6969876 633632  70.007 15 
 8.993 9.863 7519016 3725972 540560 6987166 633630 6969876 633632  70.144 15 
 8.993 9.874 7561258 3725972 540560 6987166 633630 6969876 633632  70.269 15 
 8.993 9.920 7603498 3725972 540560 7620788 633622 7603498 633622  70.348 16 
 8.970 9.840 7645740 3725972 540560 7620788 633622 7603498 633622  70.507 16 
 8.890 9.897 7687982 3725972 540560 7620788 633622 7603498 633622  70.610 16 
 8.936 9.909 7730224 3725972 540560 7620788 633622 7603498 633622  70.700 16 
 8.982 9.909 7772466 3725972 540560 7620788 633622 7603498 633622  70.791 16 
 8.902 9.909 7814708 3725972 540560 7620788 633622 7603498 633622  70.882 16 
 8.913 9.897 7856950 3725972 540560 7620788 633622 7603498 633622  70.984 16 
 8.913 9.874 7899192 3725972 540560 7620788 633622 7603498 633622  71.109 16 
 8.902 9.909 7941434 3725972 540560 7620788 633622 7603498 633622  71.200 16 
 8.867 9.897 7983676 3725972 540560 7620788 633622 7603498 633622  71.302 16 
 8.867 9.897 8025920 3725972 540560 7620788 633622 7603498 633622  71.404 16 
 8.856 9.863 8068160 3725972 540560 7620788 633622 7603498 633622  71.541 16 
 8.856 9.920 8110404 3725972 540560 7620788 633622 7603498 633622  71.620 16 
 8.856 9.840 8152644 3725972 540560 7620788 633622 7603498 633622  71.780 16 
 8.833 9.955 8194886 3725972 540560 7620788 633622 7603498 633622  71.825 16 
 8.810 9.852 8237130 3725972 540560 8254420 633632 8237130 633632  71.973 17 
 8.867 9.909 8279372 3725972 540560 8254420 633632 8237130 633632  72.063 17 
 8.856 9.874 8321614 3725972 540560 8254420 633632 8237130 633632  72.188 17 
 8.845 9.874 8363856 3725972 540560 8254420 633632 8237130 633632  72.313 17 
 9.051 9.840 8406098 3725972 540560 8254420 633632 8237130 633632  72.473 17 
 9.405 9.886 8448338 3725972 540560 8254420 633632 8237130 633632  72.587 17 
 9.817 10.000 8490578 3725972 540560 8254420 633632 8237130 633632  72.587 17 
 10.057 9.955 8532822 3725972 540560 8254420 633632 8237130 633632  0.044 17 
 10.366 10.000 8575064 3725972 540560 8254420 633632 8237130 633632  0.045 17 
 10.687 10.115 8617306 3725972 540560 8254420 633632 8237130 633632  0.160 17 
 10.675 10.103 8659548 8662062 407642 8254420 633632 8237130 633632  0.264 18 
 10.504 10.183 8701790 8662062 407642 8254420 633632 8237130 633632  0.448 18 
 10.241 10.149 8744030 8662062 407642 8254420 633632 8237130 633632  0.598 18 
 10.046 10.286 8786272 8662062 407642 8254420 633632 8237130 633632  0.884 18 
 9.794 10.275 8828514 8662062 407642 8254420 633632 8237130 633632  1.160 18 
 9.600 10.286 8870756 8662062 407642 8888046 225984 8870756 633626  1.447 19 
 9.462 10.332 8912996 8662062 407642 8888046 225984 8870756 633626  1.779 19 
 9.325 10.332 8955236 8662062 407642 8888046 225984 8870756 633626  2.112 19 
 9.176 10.332 8997476 8662062 407642 8888046 225984 8870756 633626  2.445 19 
 9.051 10.321 9039718 8662062 407642 8888046 225984 8870756 633626  2.766 19 
 8.913 10.275 9081960 8662062 407642 8888046 225984 8870756 633626  3.041 19 
 8.833 10.275 9124200 9126660 238614 8888046 225984 8870756 633626  3.317 20 
 8.764 10.275 9166442 9126660 238614 8888046 225984 8870756 633626  3.592 20 
 8.536 10.229 9335414 9337924 211264 8888046 225984 8870756 633626  3.822 21 
 8.547 10.183 9377654 9337924 211264 8888046 225984 8870756 633626  4.005 21 
 8.490 10.160 9419896 9337924 211264 8888046 225984 8870756 633626  4.166 21 
 8.501 10.138 9462138 9337924 211264 8888046 225984 8870756 633626  4.304 21 
 8.513 10.092 9504380 9337924 211264 9521670 183746 9504380 633624  4.397 22 
 8.490 10.092 9546622 9337924 211264 9521670 183746 9504380 633624  4.489 22 
 8.490 10.057 9588862 9337924 211264 9521670 183746 9504380 633624  4.547 22 
 8.581 10.046 9631104 9337924 211264 9521670 183746 9504380 633624  4.594 22 
 8.536 10.046 9673344 9337924 211264 9521670 183746 9504380 633624  4.640 22 
 8.547 10.046 9715586 9337924 211264 9521670 183746 9504380 633624  4.687 22 
 8.581 9.977 9757828 9337924 211264 9521670 183746 9504380 633624  4.709 22 
 8.559 9.977 9800070 9337924 211264 9521670 183746 9504380 633624  4.731 22 
 8.581 10.000 9842312 9337924 211264 9521670 183746 9504380 633624  4.732 22 
 8.650 10.000 9884554 9337924 211264 9521670 183746 9504380 633624  4.732 22 
 8.684 9.966 9926794 9337924 211264 9521670 183746 9504380 633624  4.766 22 
 8.707 9.932 9969036 9337924 211264 9521670 183746 9504380 633624  4.834 22 
 8.684 9.920 10011278 9337924 211264 9521670 183746 9504380 633624  4.913 22 
 8.730 9.920 10053520 9337924 211264 9521670 183746 9504380 633624  4.993 22 
 8.719 9.863 10095762 9337924 211264 9521670 183746 9504380 633624  5.129 22 
 8.719 9.943 10138004 9337924 211264 10153548 631878 10138004 633624  5.186 23 
 8.776 9.874 10180246 9337924 211264 10153548 631878 10138004 633624  5.311 23 
 8.810 9.909 10222488 9337924 211264 10153548 631878 10138004 633624  5.401 23 
 8.799 9.874 10264730 9337924 211264 10153548 631878 10138004 633624  5.526 23 
 8.856 9.863 10306972 9337924 211264 10153548 631878 10138004 633624  5.663 23 
 8.867 9.852 10349214 9337924 211264 10153548 631878 10138004 633624  5.811 23 
 8.856 9.863 10391456 9337924 211264 10153548 631878 10138004 633624  5.948 23 
 8.845 9.874 10433698 9337924 211264 10153548 631878 10138004 633624  6.073 23 
 8.856 9.863 10475940 9337924 211264 10153548 631878 10138004 633624  6.209 23 
 8.913 9.874 10518182 9337924 211264 10153548 631878 10138004 633624  6.334 23 
