Thread[Thread-1,5,main] 7.231 4.599 0 0 0 13388 13388 0 0  5.400 1 
 8.684 4.760 42256 0 0 55644 42256 42256 42256  10.640 2 
 10.035 5.023 84434 0 0 55644 42256 42256 42256  15.616 2 
 11.282 5.240 126676 0 0 55644 42256 42256 42256  20.376 2 
 12.758 5.526 168918 0 0 55644 42256 42256 42256  24.849 2 
 14.085 5.755 211162 0 0 228452 172808 211162 168906  29.093 3 
 15.001 5.973 253404 0 0 228452 172808 211162 168906  33.120 3 
 16.008 6.178 295646 0 0 228452 172808 211162 168906  36.941 3 
 17.106 6.465 337886 0 0 228452 172808 211162 168906  40.476 3 
 17.964 6.682 380130 0 0 397418 168966 380130 168968  43.794 4 
 18.010 6.796 422368 424806 27388 397418 168966 380130 168968  46.997 5 
 18.285 7.025 464610 424806 27388 397418 168966 380130 168968  49.971 5 
 18.559 7.185 506852 424806 27388 397418 168966 380130 168968  52.785 5 
 18.880 7.403 549096 424806 27388 397418 168966 380130 168968  55.382 5 
 19.292 7.723 591338 424806 27388 397418 168966 380130 168968  57.658 5 
 19.440 7.952 633580 424806 27388 397418 168966 380130 168968  59.706 5 
 19.807 8.169 675822 424806 27388 397418 168966 380130 168968  61.536 5 
 19.944 8.410 718064 424806 27388 397418 168966 380130 168968  63.125 5 
 20.173 8.639 760308 424806 27388 777598 352792 760308 380178  64.486 6 
 19.212 8.776 802550 424806 27388 777598 352792 760308 380178  65.710 6 
 18.605 9.073 844792 424806 27388 777598 352792 760308 380178  66.636 6 
 18.056 9.302 887034 424806 27388 777598 352792 760308 380178  67.333 6 
 17.552 9.474 929276 424806 27388 777598 352792 760308 380178  67.859 6 
 17.003 9.623 971518 424806 27388 777598 352792 760308 380178  68.236 6 
 16.500 9.771 1013760 424806 27388 777598 352792 760308 380178  68.464 6 
 16.008 9.874 1056002 424806 27388 777598 352792 760308 380178  68.589 6 
 15.561 9.966 1098244 424806 27388 777598 352792 760308 380178  68.622 6 
 15.081 10.012 1140488 424806 27388 777598 352792 760308 380178  68.635 6 
 14.635 10.115 1182730 424806 27388 777598 352792 760308 380178  68.750 6 
 14.211 10.160 1224972 424806 27388 777598 352792 760308 380178  68.911 6 
 13.811 10.160 1267214 424806 27388 777598 352792 760308 380178  69.072 6 
 13.399 10.183 1309456 424806 27388 777598 352792 760308 380178  69.256 6 
 13.033 10.172 1351698 424806 27388 777598 352792 760308 380178  69.428 6 
 12.666 10.183 1393942 424806 27388 1411232 633634 1393942 633634  69.612 7 
 12.621 10.172 1436182 1440690 29458 1411232 633634 1393942 633634  69.784 8 
 12.655 10.149 1478426 1440690 29458 1411232 633634 1393942 633634  69.934 8 
 12.529 10.103 1520666 1440690 29458 1411232 633634 1393942 633634  70.038 8 
 12.518 10.046 1562910 1440690 29458 1411232 633634 1393942 633634  70.084 8 
 12.483 10.057 1605150 1440690 29458 1622442 181752 1605150 211208  70.142 9 
 12.506 10.000 1647390 1440690 29458 1622442 181752 1605150 211208  70.143 9 
 12.518 10.000 1689632 1440690 29458 1622442 181752 1605150 211208  70.144 9 
 12.563 9.920 1731876 1440690 29458 1622442 181752 1605150 211208  70.223 9 
 12.541 9.955 1774116 1440690 29458 1622442 181752 1605150 211208  70.268 9 
 12.529 9.863 1816360 1440690 29458 1833654 211212 1816360 211210  70.404 10 
 12.632 9.874 1858602 1440690 29458 1833654 211212 1816360 211210  70.530 10 
 12.666 9.840 1900844 1440690 29458 1833654 211212 1816360 211210  70.689 10 
 12.746 9.829 1943086 1440690 29458 1833654 211212 1816360 211210  70.860 10 
 12.804 9.829 1985328 1440690 29458 1833654 211212 1816360 211210  71.031 10 
 12.849 9.829 2027572 1440690 29458 2044862 211208 2027572 211212  71.202 11 
 12.975 9.829 2069814 1440690 29458 2044862 211208 2027572 211212  71.372 11 
 12.975 9.806 2112054 1440690 29458 2044862 211208 2027572 211212  71.566 11 
 12.987 9.806 2154298 1440690 29458 2044862 211208 2027572 211212  71.760 11 
 13.033 9.863 2196540 1440690 29458 2044862 211208 2027572 211212  71.896 11 
 13.067 9.829 2238782 1440690 29458 2044862 211208 2027572 211212  72.067 11 
 13.136 9.840 2281026 1440690 29458 2044862 211208 2027572 211212  72.227 11 
 13.158 9.817 2323268 1440690 29458 2044862 211208 2027572 211212  72.409 11 
 13.204 9.863 2365512 1440690 29458 2382802 337940 2365512 337940  72.546 12 
 13.158 9.840 2407752 1440690 29458 2382802 337940 2365512 337940  72.705 12 
 13.158 9.852 2449992 1440690 29458 2382802 337940 2365512 337940  72.853 12 
 13.124 9.840 2492234 1440690 29458 2382802 337940 2365512 337940  73.012 12 
 13.124 9.829 2534478 1440690 29458 2382802 337940 2365512 337940  73.183 12 
 13.113 9.829 2576718 1440690 29458 2382802 337940 2365512 337940  73.354 12 
 13.090 9.863 2618962 1440690 29458 2382802 337940 2365512 337940  73.491 12 
 13.067 9.874 2661204 2663758 280956 2382802 337940 2365512 337940  73.616 13 
 13.078 9.852 2703446 2663758 280956 2382802 337940 2365512 337940  73.764 13 
 13.124 9.863 2745688 2663758 280956 2762978 99220 2745688 380176  73.900 14 
 13.124 9.863 2787930 2663758 280956 2762978 99220 2745688 380176  74.037 14 
 13.101 9.874 2830172 2663758 280956 2762978 99220 2745688 380176  74.162 14 
 13.113 9.897 2872416 2663758 280956 2762978 99220 2745688 380176  74.264 14 
 13.113 9.886 2914658 2663758 280956 2762978 99220 2745688 380176  74.378 14 
 13.124 9.863 2956900 2663758 280956 2762978 99220 2745688 380176  74.514 14 
 13.124 9.874 2999142 2663758 280956 2762978 99220 2745688 380176  74.639 14 
 13.124 9.920 3041382 2663758 280956 2762978 99220 2745688 380176  74.719 14 
 13.158 9.863 3083624 2663758 280956 2762978 99220 2745688 380176  74.855 14 
 13.136 9.897 3125868 2663758 280956 3143158 380180 3125868 380180  74.957 15 
 13.124 9.874 3168108 2663758 280956 3143158 380180 3125868 380180  75.082 15 
 13.124 9.897 3210350 2663758 280956 3143158 380180 3125868 380180  75.185 15 
 13.113 9.874 3252594 2663758 280956 3143158 380180 3125868 380180  75.310 15 
 13.113 9.863 3294836 2663758 280956 3143158 380180 3125868 380180  75.446 15 
 13.067 9.874 3337078 3339652 196494 3143158 380180 3125868 380180  75.571 16 
 13.067 9.874 3379320 3339652 196494 3143158 380180 3125868 380180  75.696 16 
 13.067 9.874 3421562 3339652 196494 3143158 380180 3125868 380180  75.822 16 
 13.044 9.874 3463804 3339652 196494 3481096 141444 3463804 337936  75.947 17 
 13.033 9.886 3506044 3339652 196494 3481096 141444 3463804 337936  76.060 17 
 13.055 9.909 3548286 3339652 196494 3481096 141444 3463804 337936  76.151 17 
 13.067 9.874 3590528 3339652 196494 3481096 141444 3463804 337936  76.276 17 
 13.067 9.897 3632770 3339652 196494 3481096 141444 3463804 337936  76.378 17 
 13.033 9.874 3675012 3339652 196494 3481096 141444 3463804 337936  76.503 17 
 13.078 9.909 3717252 3339652 196494 3481096 141444 3463804 337936  76.594 17 
 13.044 9.874 3759494 3339652 196494 3481096 141444 3463804 337936  76.719 17 
 13.078 9.874 3801738 3339652 196494 3819028 337932 3801738 337934  76.844 18 
 13.044 9.863 3843980 3339652 196494 3819028 337932 3801738 337934  76.981 18 
 13.067 9.874 3886222 3339652 196494 3819028 337932 3801738 337934  77.106 18 
 13.021 9.829 3928464 3339652 196494 3819028 337932 3801738 337934  77.277 18 
 12.975 9.863 3970706 3339652 196494 3819028 337932 3801738 337934  77.413 18 
 12.975 9.840 4012948 3339652 196494 3819028 337932 3801738 337934  77.573 18 
 12.987 9.874 4055190 4057650 238622 3819028 337932 3801738 337934  77.698 19 
 13.021 9.852 4097432 4057650 238622 3819028 337932 3801738 337934  77.846 19 
 13.021 9.863 4139676 4057650 238622 4156966 99316 4139676 337938  77.982 20 
 13.033 9.817 4181918 4057650 238622 4156966 99316 4139676 337938  78.165 20 
 13.067 9.817 4224160 4057650 238622 4156966 99316 4139676 337938  78.347 20 
 13.067 9.817 4266402 4057650 238622 4156966 99316 4139676 337938  78.529 20 
 13.113 9.840 4308642 4057650 238622 4156966 99316 4139676 337938  78.689 20 
 13.113 9.863 4350884 4057650 238622 4156966 99316 4139676 337938  78.825 20 
 13.124 9.829 4393126 4057650 238622 4156966 99316 4139676 337938  78.996 20 
 13.170 9.863 4435370 4057650 238622 4156966 99316 4139676 337938  79.133 20 
 13.170 9.863 4477612 4057650 238622 4494906 337940 4477612 337936  79.269 21 
 13.158 9.863 4519854 4057650 238622 4494906 337940 4477612 337936  79.406 21 
 13.170 9.863 4562096 4057650 238622 4494906 337940 4477612 337936  79.542 21 
 13.170 9.829 4604336 4057650 238622 4494906 337940 4477612 337936  79.713 21 
 13.158 9.863 4646578 4057650 238622 4494906 337940 4477612 337936  79.850 21 
 13.170 9.852 4688820 4057650 238622 4494906 337940 4477612 337936  79.998 21 
 13.181 9.852 4731062 4057650 238622 4494906 337940 4477612 337936  80.146 21 
 13.170 9.863 4773306 4057650 238622 4494906 337940 4477612 337936  80.282 21 
 13.216 9.863 4815548 4057650 238622 4494906 337940 4477612 337936  80.419 21 
 13.170 9.863 4857790 4057650 238622 4875082 380176 4857790 380178  80.555 22 
 13.158 9.874 4900032 4057650 238622 4875082 380176 4857790 380178  80.680 22 
 13.158 9.874 4942274 4057650 238622 4875082 380176 4857790 380178  80.805 22 
 13.170 9.874 4984516 4057650 238622 4875082 380176 4857790 380178  80.931 22 
 13.147 9.874 5026756 4057650 238622 4875082 380176 4857790 380178  81.056 22 
 13.147 9.909 5069000 4057650 238622 4875082 380176 4857790 380178  81.146 22 
 13.113 9.863 5111242 5113798 238716 4875082 380176 4857790 380178  81.283 23 
 13.158 9.909 5153484 5113798 238716 4875082 380176 4857790 380178  81.374 23 
 13.090 9.840 5195726 5113798 238716 4875082 380176 4857790 380178  81.533 23 
 13.078 9.909 5237970 5113798 238716 5255260 141462 5237970 380180  81.624 24 
 13.067 9.874 5280210 5113798 238716 5255260 141462 5237970 380180  81.749 24 
 13.067 9.874 5322452 5113798 238716 5255260 141462 5237970 380180  81.874 24 
 13.067 9.874 5364696 5113798 238716 5255260 141462 5237970 380180  81.999 24 
 13.055 9.874 5406938 5113798 238716 5255260 141462 5237970 380180  82.124 24 
 13.021 9.886 5449180 5113798 238716 5255260 141462 5237970 380180  82.238 24 
 13.010 9.863 5491422 5113798 238716 5255260 141462 5237970 380180  82.374 24 
 13.021 9.863 5533664 5113798 238716 5255260 141462 5237970 380180  82.511 24 
 13.021 9.863 5575908 5113798 238716 5593198 337938 5575908 337938  82.647 25 
 12.987 9.874 5618150 5113798 238716 5593198 337938 5575908 337938  82.773 25 
 13.033 9.863 5660392 5113798 238716 5593198 337938 5575908 337938  82.909 25 
 13.021 9.874 5702634 5113798 238716 5593198 337938 5575908 337938  83.034 25 
 13.044 9.886 5744876 5113798 238716 5593198 337938 5575908 337938  83.148 25 
 13.067 9.874 5787118 5113798 238716 5593198 337938 5575908 337938  83.273 25 
 13.078 9.874 5829360 5113798 238716 5593198 337938 5575908 337938  83.398 25 
 13.078 9.886 5871602 5113798 238716 5593198 337938 5575908 337938  83.512 25 
 13.124 9.863 5913846 5113798 238716 5931136 337938 5913846 337938  83.648 26 
 13.113 9.874 5956088 5113798 238716 5931136 337938 5913846 337938  83.773 26 
 13.078 9.874 5998330 5113798 238716 5931136 337938 5913846 337938  83.898 26 
 13.078 9.874 6040572 5113798 238716 5931136 337938 5913846 337938  84.023 26 
 13.113 9.909 6082814 5113798 238716 5931136 337938 5913846 337938  84.114 26 
 13.124 9.829 6125056 5113798 238716 5931136 337938 5913846 337938  84.285 26 
 13.124 9.886 6167298 5113798 238716 5931136 337938 5913846 337938  84.399 26 
 13.113 9.829 6209542 5113798 238716 5931136 337938 5913846 337938  84.570 26 
 13.124 9.886 6251784 5113798 238716 6269074 337938 6251784 337938  84.683 27 
 13.113 9.909 6294026 5113798 238716 6269074 337938 6251784 337938  84.774 27 
 13.078 9.920 6336268 5113798 238716 6269074 337938 6251784 337938  84.853 27 
 13.113 9.874 6378510 5113798 238716 6269074 337938 6251784 337938  84.978 27 
 13.078 9.886 6420752 5113798 238716 6269074 337938 6251784 337938  85.092 27 
 13.033 9.852 6462994 5113798 238716 6269074 337938 6251784 337938  85.240 27 
 12.987 9.909 6505238 5113798 238716 6269074 337938 6251784 337938  85.331 27 
 13.021 9.874 6547480 5113798 238716 6269074 337938 6251784 337938  85.456 27 
 13.021 9.874 6589722 5113798 238716 6607012 337938 6589722 337938  85.581 28 
 13.021 9.863 6631964 5113798 238716 6607012 337938 6589722 337938  85.718 28 
 13.033 9.897 6674206 5113798 238716 6607012 337938 6589722 337938  85.820 28 
 13.021 9.863 6716448 5113798 238716 6607012 337938 6589722 337938  85.956 28 
 13.033 9.863 6758690 5113798 238716 6607012 337938 6589722 337938  86.093 28 
 13.033 9.840 6800932 5113798 238716 6607012 337938 6589722 337938  86.252 28 
 13.055 9.874 6843174 5113798 238716 6607012 337938 6589722 337938  86.377 28 
 13.033 9.874 6885418 5113798 238716 6607012 337938 6589722 337938  86.502 28 
 13.067 9.874 6927660 5113798 238716 6944954 337942 6927660 337938  86.627 29 
 13.067 9.863 6969902 5113798 238716 6944954 337942 6927660 337938  86.764 29 
 13.090 9.829 7012144 5113798 238716 6944954 337942 6927660 337938  86.935 29 
 13.078 9.829 7054386 5113798 238716 6944954 337942 6927660 337938  87.106 29 
 13.113 9.863 7096628 5113798 238716 6944954 337942 6927660 337938  87.242 29 
 13.113 9.817 7138872 5113798 238716 6944954 337942 6927660 337938  87.425 29 
 13.124 9.829 7181114 5113798 238716 6944954 337942 6927660 337938  87.595 29 
 13.124 9.817 7223356 5113798 238716 6944954 337942 6927660 337938  87.778 29 
 13.124 9.863 7265598 5113798 238716 7282890 337936 7265598 337938  87.914 30 
 13.147 9.817 7307840 5113798 238716 7282890 337936 7265598 337938  88.097 30 
 13.158 9.840 7350082 5113798 238716 7282890 337936 7265598 337938  88.256 30 
 13.158 9.817 7392324 5113798 238716 7282890 337936 7265598 337938  88.438 30 
 13.170 9.829 7434566 5113798 238716 7282890 337936 7265598 337938  88.609 30 
 13.181 9.806 7476810 5113798 238716 7282890 337936 7265598 337938  88.803 30 
 13.204 9.852 7519052 5113798 238716 7282890 337936 7265598 337938  88.951 30 
 13.204 9.817 7561294 5113798 238716 7282890 337936 7265598 337938  89.133 30 
 13.204 9.840 7603536 5113798 238716 7282890 337936 7265598 337938  89.293 30 
 13.204 9.863 7645780 5113798 238716 7663072 380182 7645780 380182  89.429 31 
 13.216 9.874 7688020 5113798 238716 7663072 380182 7645780 380182  89.554 31 
 13.204 9.829 7730262 5113798 238716 7663072 380182 7645780 380182  89.725 31 
 13.204 9.829 7772506 5113798 238716 7663072 380182 7645780 380182  89.896 31 
 13.193 9.863 7814746 5113798 238716 7663072 380182 7645780 380182  90.033 31 
 13.216 9.874 7856990 5113798 238716 7663072 380182 7645780 380182  90.158 31 
 13.170 9.874 7899232 5113798 238716 7663072 380182 7645780 380182  90.283 31 
 13.170 9.874 7941474 7943972 280900 7663072 380182 7645780 380182  90.408 32 
 13.170 9.886 7983718 7943972 280900 7663072 380182 7645780 380182  90.521 32 
 13.204 9.874 8025960 7943972 280900 8043250 99278 8025960 380180  90.647 33 
 13.136 9.874 8068202 7943972 280900 8043250 99278 8025960 380180  90.772 33 
 13.136 9.863 8110442 7943972 280900 8043250 99278 8025960 380180  90.908 33 
 13.124 9.863 8152684 7943972 280900 8043250 99278 8025960 380180  91.045 33 
 13.090 9.863 8194926 7943972 280900 8043250 99278 8025960 380180  91.181 33 
 13.067 9.874 8237168 8239620 196370 8043250 99278 8025960 380180  91.306 34 
 13.090 9.863 8279410 8239620 196370 8043250 99278 8025960 380180  91.443 34 
 13.101 9.852 8321652 8239620 196370 8043250 99278 8025960 380180  91.591 34 
 13.101 9.863 8363894 8239620 196370 8043250 99278 8025960 380180  91.727 34 
 13.113 9.874 8406138 8239620 196370 8423426 183806 8406138 380178  0.125 35 
 13.078 9.863 8448380 8239620 196370 8423426 183806 8406138 380178  0.261 35 
 13.078 9.863 8490622 8239620 196370 8423426 183806 8406138 380178  0.398 35 
 13.113 9.863 8532864 8239620 196370 8423426 183806 8406138 380178  0.534 35 
 13.078 9.863 8575106 8239620 196370 8423426 183806 8406138 380178  0.671 35 
 13.113 9.863 8617348 8239620 196370 8423426 183806 8406138 380178  0.807 35 
 13.101 9.863 8659590 8239620 196370 8423426 183806 8406138 380178  0.944 35 
 13.078 9.874 8701834 8239620 196370 8423426 183806 8406138 380178  1.069 35 
 13.101 9.874 8744076 8239620 196370 8761370 337944 8744076 337938  1.194 36 
 13.124 9.874 8786318 8239620 196370 8761370 337944 8744076 337938  1.319 36 
 13.067 9.840 8828560 8239620 196370 8761370 337944 8744076 337938  1.478 36 
 13.078 9.874 8870802 8239620 196370 8761370 337944 8744076 337938  1.604 36 
 13.067 9.863 8913044 8239620 196370 8761370 337944 8744076 337938  1.740 36 
 13.078 9.874 8955286 8239620 196370 8761370 337944 8744076 337938  1.865 36 
 13.090 9.863 8997530 8239620 196370 8761370 337944 8744076 337938  2.002 36 
 13.078 9.874 9039772 8239620 196370 8761370 337944 8744076 337938  2.127 36 
 13.078 9.897 9082014 9088572 327202 8761370 337944 9082014 337938  2.229 37 
 13.078 9.874 9124256 9088572 327202 8761370 337944 9082014 337938  2.354 37 
 13.078 9.874 9166498 9088572 327202 8761370 337944 9082014 337938  2.479 37 
 13.067 9.863 9208740 9088572 327202 8761370 337944 9082014 337938  2.616 37 
 13.067 9.863 9250982 9088572 327202 8761370 337944 9082014 337938  2.752 37 
 13.067 9.874 9293226 9088572 327202 8761370 337944 9082014 337938  2.877 37 
 13.067 9.874 9335468 9088572 327202 8761370 337944 9082014 337938  3.002 37 
 13.067 9.863 9377710 9088572 327202 8761370 337944 9082014 337938  3.139 37 
 13.044 9.817 9419952 9088572 327202 9437244 348672 9419952 337938  3.321 38 
 13.090 9.840 9462194 9088572 327202 9437244 348672 9419952 337938  3.481 38 
 13.078 9.863 9504436 9088572 327202 9437244 348672 9419952 337938  3.617 38 
 13.124 9.863 9546678 9088572 327202 9437244 348672 9419952 337938  3.754 38 
 13.170 9.863 9588922 9088572 327202 9437244 348672 9419952 337938  3.890 38 
 13.193 9.874 9631164 9088572 327202 9437244 348672 9419952 337938  4.015 38 
 13.216 9.840 9673406 9088572 327202 9437244 348672 9419952 337938  4.175 38 
 13.250 9.874 9715648 9088572 327202 9437244 348672 9419952 337938  4.300 38 
 13.250 9.886 9757890 9088572 327202 9437244 348672 9419952 337938  4.414 38 
 13.273 9.863 9800134 9088572 327202 9817424 380180 9800134 380182  4.550 39 
 13.261 9.874 9842374 9088572 327202 9817424 380180 9800134 380182  4.675 39 
 13.250 9.863 9884616 9088572 327202 9817424 380180 9800134 380182  4.812 39 
 13.204 9.829 9926860 9088572 327202 9817424 380180 9800134 380182  4.983 39 
 13.204 9.909 9969102 9971660 154236 9817424 380180 9800134 380182  5.073 40 
 13.158 9.909 10011344 9971660 154236 9817424 380180 9800134 380182  5.164 40 
 13.158 9.920 10053586 9971660 154236 9817424 380180 9800134 380182  5.243 40 
 13.124 9.909 10095828 9971660 154236 9817424 380180 9800134 380182  5.334 40 
