Thread[Thread-1,5,main]Thread[Thread-1,5,main] 0.000 0.000 18 0 0 0 0 
 324.539 330.599 42240 0 0 17306 17306 
 289.519 311.294 84482 0 0 17306 17306 
 261.158 310.167 126726 0 0 17306 17306 
 244.590 309.050 168968 0 0 17306 17306 
 226.891 307.944 211210 0 0 17306 17306 
 211.961 306.847 253452 0 0 17306 17306 
 199.693 305.760 295694 0 0 17306 17306 
 191.495 304.682 337934 0 0 17306 17306 
 186.528 303.614 380176 0 0 17306 17306 
 189.358 302.556 422418 0 0 397478 380172 
 170.362 191.855 464658 0 0 397478 380172 
 156.607 191.014 506900 0 0 397478 380172 
 134.180 190.175 549142 0 0 397478 380172 
 116.006 189.337 591384 0 0 397478 380172 
 103.714 188.502 633626 0 0 397478 380172 
 88.217 187.669 675868 0 0 397478 380172 
 81.259 186.839 718110 0 0 397478 380172 
 72.114 186.010 760352 0 0 397478 380172 
 64.342 185.183 802592 0 0 397478 380172 
 58.462 184.358 844836 0 0 397478 380172 
 53.976 183.536 887074 0 0 862138 464660 
 42.919 51.887 929316 0 0 862138 464660 
 33.378 51.503 971558 0 0 862138 464660 
 24.959 51.122 1013800 0 0 862138 464660 
 18.269 50.743 1056042 0 0 862138 464660 
 12.711 50.367 1098286 0 0 862138 464660 
 9.204 49.993 1140524 0 0 862138 464660 
 6.971 49.621 1182766 0 0 862138 464660 
 4.851 49.252 1225006 0 0 862138 464660 
 3.129 48.885 1267248 0 0 862138 464660 
 2.725 48.521 1309490 0 0 862138 464660 
 2.306 48.159 1351732 0 0 862138 464660 
 3.008 47.799 1393972 0 0 862138 464660 
 2.832 47.442 1436214 0 0 862138 464660 
 4.045 47.087 1478456 0 0 862138 464660 
 5.488 46.735 1520698 0 0 1495758 633620 
 5.740 6.040 1562940 1523632 1523632 1495758 633620 
 6.088 6.070 1605182 1567720 44088 1495758 633620 
 6.074 6.033 1647424 1613986 46266 1495758 633620 
 5.430 6.140 1689666 1613986 46266 1495758 633620 
 5.044 6.103 1774150 1613986 46266 1495758 633620 
 4.899 6.066 1858636 1613986 46266 1495758 633620 
 5.087 6.029 1943118 1613986 46266 1495758 633620 
 5.307 5.992 2027602 1613986 46266 1495758 633620 
 5.560 5.955 2112086 1613986 46266 1495758 633620 
 5.820 5.919 2196572 1613986 46266 1495758 633620 
 5.951 6.078 2281056 2199700 585714 1495758 633620 
 4.335 6.031 2365540 2199700 585714 1495758 633620 
 3.287 5.985 2450024 2199700 585714 1495758 633620 
 2.712 5.939 2534508 2199700 585714 1495758 633620 
 2.206 5.893 2618992 2199700 585714 1495758 633620 
 1.711 5.848 2703476 2199700 585714 1495758 633620 
 1.301 5.804 2787960 2199700 585714 1495758 633620 
 0.977 5.760 2872444 2199700 585714 1495758 633620 
 0.582 5.716 2956928 2199700 585714 1495758 633620 
 0.417 5.672 3041412 2199700 585714 1495758 633620 
 0.297 5.629 3125896 2199700 585714 1495758 633620 
 0.194 5.586 3210380 2199700 585714 1495758 633620 
 0.237 5.544 3294864 2199700 585714 1495758 633620 
 0.351 5.502 3379350 2199700 585714 1495758 633620 
 0.581 5.461 3463834 2199700 585714 1495758 633620 
 1.005 5.420 3548318 2199700 585714 1495758 633620 
 1.429 5.379 3632802 2199700 585714 1495758 633620 
 1.429 5.338 3717286 2199700 585714 1495758 633620 
 2.135 5.298 3801770 2199700 585714 1495758 633620 
 2.854 5.258 3886254 2199700 585714 1495758 633620 
 3.372 5.219 3970738 2199700 585714 1495758 633620 
 3.527 5.180 4055222 2199700 585714 1495758 633620 
 4.632 5.141 4139708 2199700 585714 1495758 633620 
 4.903 5.145 4181948 4144376 1944676 1495758 633620 
 4.436 5.119 4266432 4144376 1944676 1495758 633620 
 3.602 5.094 4350916 4144376 1944676 1495758 633620 
 4.677 5.069 4435400 4144376 1944676 1495758 633620 
 5.775 5.971 4477642 4438566 294190 1495758 633620 
 5.996 5.945 4519884 4486346 47780 1495758 633620 
 5.880 5.616 4562126 4523018 36672 1495758 633620 
 5.927 6.040 4604368 4565252 42234 1495758 633620 
 5.826 6.006 4646612 4565252 42234 1495758 633620 
 5.339 5.971 4731096 4565252 42234 1495758 633620 
 5.835 5.837 4773338 4735880 170628 1495758 633620 
 5.393 5.796 4857822 4735880 170628 1495758 633620 
 5.076 5.755 4942306 4735880 170628 1495758 633620 
 4.545 5.715 5026790 4735880 170628 1495758 633620 
 4.272 5.675 5111274 4735880 170628 1495758 633620 
 4.303 5.635 5195758 4735880 170628 1495758 633620 
 4.273 5.596 5280242 4735880 170628 1495758 633620 
 4.469 5.556 5364726 4735880 170628 1495758 633620 
 4.592 5.517 5449210 4735880 170628 1495758 633620 
 4.642 5.478 5533694 4735880 170628 1495758 633620 
 4.509 5.440 5618178 4735880 170628 1495758 633620 
 4.489 5.401 5702664 4735880 170628 1495758 633620 
 4.684 5.118 5744904 5705820 969940 1495758 633620 
 4.672 5.083 5829390 5705820 969940 1495758 633620 
 4.190 5.049 5913874 5705820 969940 1495758 633620 
 2.790 5.015 5998358 5705820 969940 1495758 633620 
 2.389 4.982 6082842 5705820 969940 1495758 633620 
 1.894 4.948 6167326 5705820 969940 1495758 633620 
 1.528 4.915 6251810 5705820 969940 1495758 633620 
 0.573 4.883 6336294 5705820 969940 1495758 633620 
 0.465 4.850 6420778 5705820 969940 1495758 633620 
 0.247 4.818 6505262 5705820 969940 1495758 633620 
 0.773 4.787 6589746 5705820 969940 1495758 633620 
 0.576 4.755 6674230 5705820 969940 1495758 633620 
 0.664 4.724 6758716 5705820 969940 1495758 633620 
 0.983 4.693 6843200 5705820 969940 1495758 633620 
 1.268 4.663 6885440 5705820 969940 1495758 633620 
 1.542 4.633 6969926 5705820 969940 1495758 633620 
 1.899 4.603 7054410 5705820 969940 1495758 633620 
 2.853 4.573 7138894 5705820 969940 1495758 633620 
 3.590 4.544 7181136 5705820 969940 1495758 633620 
 3.711 4.515 7265620 5705820 969940 1495758 633620 
 4.041 4.486 7350104 5705820 969940 1495758 633620 
 5.087 5.066 7392346 7353248 1647428 1495758 633620 
 4.030 5.037 7476832 7353248 1647428 1495758 633620 
 4.554 5.009 7561314 7353248 1647428 1495758 633620 
 3.993 4.982 7645798 7353248 1647428 1495758 633620 
 5.307 5.350 7688040 7648974 295726 1495758 633620 
 5.567 5.413 7730282 7691186 42212 1495758 633620 
 5.346 5.389 7772524 7691186 42212 1495758 633620 
 5.269 5.365 7814768 7691186 42212 1495758 633620 
 6.333 5.956 7857008 7817894 126708 1495758 633620 
 5.896 5.921 7941494 7817894 126708 1495758 633620 
 5.874 6.114 7983736 7944636 126742 1495758 633620 
 5.393 6.075 8068220 7944636 126742 1495758 633620 
 4.921 6.036 8152704 7944636 126742 1495758 633620 
 4.903 5.997 8237188 7944636 126742 1495758 633620 
 4.918 5.958 8321672 7944636 126742 1495758 633620 
 5.165 5.920 8406156 7944636 126742 1495758 633620 
 4.826 5.882 8532882 7944636 126742 1495758 633620 
 5.367 5.844 8617366 7944636 126742 1495758 633620 
 5.522 5.727 8659608 8620512 675876 1495758 633620 
 4.953 5.685 8744092 8620512 675876 1495758 633620 
 4.116 5.642 8828578 8620512 675876 1495758 633620 
 3.150 5.600 8913062 8620512 675876 1495758 633620 
 2.443 5.559 8997546 8620512 675876 1495758 633620 
 1.985 5.518 9082030 8620512 675876 1495758 633620 
 1.623 5.477 9166514 8620512 675876 1495758 633620 
 0.955 5.436 9250998 8620512 675876 1495758 633620 
 0.582 5.396 9335482 8620512 675876 1495758 633620 
 0.578 5.357 9419966 8620512 675876 1495758 633620 
 0.437 5.317 9504450 8620512 675876 1495758 633620 
 0.349 5.278 9588934 8620512 675876 1495758 633620 
 0.379 5.240 9673418 8620512 675876 1495758 633620 
 0.425 5.201 9757902 8620512 675876 1495758 633620 
 0.596 5.164 9842386 8620512 675876 1495758 633620 
 0.852 5.126 9926870 8620512 675876 1495758 633620 
 1.331 5.089 10011356 8620512 675876 1495758 633620 
 1.642 5.052 10095840 8620512 675876 1495758 633620 
 2.104 5.015 10180324 8620512 675876 1495758 633620 
 3.034 4.979 10264808 8620512 675876 1495758 633620 
 3.372 4.943 10349292 8620512 675876 1495758 633620 
 3.674 4.908 10433776 8620512 675876 1495758 633620 
 4.377 4.873 10518260 8620512 675876 1495758 633620 
