Thread[Thread-1,5,main] 0.000 0.000 0 0 0 0 0 18 18 
 323.036 330.599 42242 0 0 17304 17304 18 18 
 290.560 306.811 84482 0 0 17304 17304 18 18 
 258.236 305.718 126724 0 0 17304 17304 18 18 
 237.529 304.634 168964 0 0 17304 17304 18 18 
 220.373 303.560 211206 0 0 17304 17304 18 18 
 200.786 302.496 253446 0 0 17304 17304 18 18 
 190.547 301.441 295688 0 0 17304 17304 18 18 
 183.949 300.395 337928 0 0 17304 17304 18 18 
 181.074 299.359 380172 0 0 17304 17304 380174 380156 
 186.315 298.331 422412 0 0 397474 380170 380174 380156 
 165.091 184.187 464652 0 0 397474 380170 380174 380156 
 146.989 183.349 506896 0 0 397474 380170 380174 380156 
 128.273 182.513 549138 0 0 397474 380170 380174 380156 
 107.629 181.679 591380 0 0 397474 380170 380174 380156 
 95.131 180.847 633622 0 0 397474 380170 380174 380156 
 82.931 180.018 675864 0 0 397474 380170 380174 380156 
 72.841 179.191 718106 0 0 397474 380170 380174 380156 
 65.848 178.366 760348 0 0 397474 380170 380174 380156 
 54.981 177.544 802590 0 0 397474 380170 380174 380156 
 51.880 176.723 844832 0 0 397474 380170 380174 380156 
 47.817 175.905 887076 0 0 397474 380170 887078 506904 
 44.020 175.090 929314 0 0 904378 506904 887078 506904 
 35.285 43.314 971556 0 0 904378 506904 887078 506904 
 26.633 42.982 1013798 0 0 904378 506904 887078 506904 
 19.632 42.652 1056040 0 0 904378 506904 887078 506904 
 14.984 42.325 1098282 0 0 904378 506904 887078 506904 
 10.759 42.000 1140522 0 0 904378 506904 887078 506904 
 7.157 41.677 1182764 0 0 904378 506904 887078 506904 
 5.698 41.357 1225006 0 0 904378 506904 887078 506904 
 5.055 41.038 1267246 0 0 904378 506904 887078 506904 
 4.334 40.722 1309488 0 0 904378 506904 887078 506904 
 4.234 40.408 1351730 0 0 904378 506904 887078 506904 
 4.949 40.097 1393974 0 0 904378 506904 887078 506904 
 5.114 39.787 1436216 0 0 904378 506904 887078 506904 
 6.954 39.480 1478458 0 0 904378 506904 887078 506904 
 8.787 39.175 1520700 0 0 904378 506904 1520702 633624 
 9.935 38.872 1562942 0 0 1538002 633624 1520702 633624 
 10.079 10.873 1605184 0 0 1538002 633624 1520702 633624 
 10.185 10.810 1647426 0 0 1538002 633624 1520702 633624 
 9.489 10.747 1689668 0 0 1538002 633624 1520702 633624 
 8.855 10.684 1731910 0 0 1538002 633624 1520702 633624 
 9.086 10.622 1774152 0 0 1538002 633624 1520702 633624 
 8.968 10.560 1816394 0 0 1538002 633624 1520702 633624 
 8.573 10.498 1858636 0 0 1538002 633624 1520702 633624 
 8.844 10.436 1900878 0 0 1538002 633624 1520702 633624 
 8.597 10.375 1943120 0 0 1538002 633624 1520702 633624 
 8.470 10.314 1985360 0 0 1538002 633624 1985364 464662 
 8.998 10.253 2027600 0 0 2002662 464660 1985364 464662 
 8.152 8.791 2112080 0 0 2002662 464660 1985364 464662 
 6.246 8.721 2196564 0 0 2002662 464660 1985364 464662 
 4.648 8.652 2281050 0 0 2002662 464660 1985364 464662 
 3.536 8.584 2365532 0 0 2002662 464660 1985364 464662 
 2.912 8.516 2450016 0 0 2002662 464660 1985364 464662 
 1.962 8.448 2534500 0 0 2002662 464660 1985364 464662 
 1.407 8.381 2618984 0 0 2002662 464660 2618988 633624 
 1.478 8.315 2661226 0 0 2636286 633624 2618988 633624 
 1.120 1.077 2703468 2664384 2664384 2636286 633624 2618988 633624 
 0.945 1.079 2745710 2706894 42510 2636286 633624 2618988 633624 
 0.991 1.057 2787952 2750710 43816 2636286 633624 2618988 633624 
 1.087 1.049 2830194 2796908 46198 2636286 633624 2618988 633624 
 1.095 1.160 2872434 2833572 36664 2636286 633624 2618988 633624 
 1.320 1.143 2914676 2875818 42246 2636286 633624 2618988 633624 
 1.229 1.250 2956916 2918050 42232 2636286 633624 2956920 337932 
 1.027 1.240 3041400 2918050 42232 2636286 633624 2956920 337932 
 1.004 1.231 3125882 2918050 42232 2636286 633624 2956920 337932 
 1.014 1.221 3210366 2918050 42232 2636286 633624 2956920 337932 
 1.055 1.212 3294850 2918050 42232 2636286 633624 2956920 337932 
 1.083 1.202 3379334 2918050 42232 2636286 633624 2956920 337932 
 1.218 1.207 3421574 3382718 464668 2636286 633624 2956920 337932 
 1.235 1.206 3463816 3424982 42264 2636286 633624 2956920 337932 
 1.357 1.352 3506058 3467204 42222 2636286 633624 3506060 549140 
 1.399 1.393 3548300 3509448 42244 2636286 633624 3506060 549140 
 1.258 1.342 3590542 3551684 42236 2636286 633624 3506060 549140 
 1.574 1.549 3632782 3593922 42238 2636286 633624 3506060 549140 
 1.562 1.556 3675024 3636160 42238 2636286 633624 3506060 549140 
 1.546 1.540 3717266 3678404 42244 2636286 633624 3506060 549140 
 1.224 1.527 3801748 3678404 42244 2636286 633624 3506060 549140 
 1.576 1.515 3843990 3810710 132306 2636286 633624 3506060 549140 
 1.598 1.548 3886232 3847388 36678 2636286 633624 3506060 549140 
 1.425 1.535 3970714 3847388 36678 2636286 633624 3506060 549140 
 1.628 1.549 4012958 3975652 128264 2636286 633624 4012960 506900 
 1.600 1.757 4055198 4016362 40710 2636286 633624 4012960 506900 
 1.448 1.743 4139680 4016362 40710 2636286 633624 4012960 506900 
 1.643 1.729 4224162 4016362 40710 2636286 633624 4012960 506900 
 1.235 1.716 4308646 4016362 40710 2636286 633624 4012960 506900 
 1.348 1.702 4393130 4016362 40710 2636286 633624 4012960 506900 
 1.454 1.689 4477612 4016362 40710 2636286 633624 4012960 506900 
 1.163 1.675 4562096 4016362 40710 2636286 633624 4012960 506900 
 1.396 1.662 4646578 4016362 40710 2636286 633624 4646582 633622 
 1.258 1.649 4731060 4016362 40710 2636286 633624 4646582 633622 
 1.348 1.636 4815542 4016362 40710 2636286 633624 4646582 633622 
 1.413 1.623 4900026 4016362 40710 2636286 633624 4646582 633622 
 1.170 1.610 4984508 4016362 40710 2636286 633624 4646582 633622 
 1.261 1.597 5068992 4016362 40710 2636286 633624 4646582 633622 
 1.228 1.584 5153472 4016362 40710 2636286 633624 4646582 633622 
 1.165 1.572 5237956 4016362 40710 2636286 633624 4646582 633622 
 1.076 1.559 5322440 4016362 40710 2636286 633624 4646582 633622 
 1.129 1.547 5406922 4016362 40710 2636286 633624 4646582 633622 
 1.315 1.535 5491404 4016362 40710 2636286 633624 4646582 633622 
 1.035 1.523 5575886 4016362 40710 2636286 633624 4646582 633622 
 0.992 1.511 5660370 4016362 40710 2636286 633624 4646582 633622 
 0.896 1.499 5744854 4016362 40710 2636286 633624 4646582 633622 
 1.203 1.487 5829336 4016362 40710 2636286 633624 4646582 633622 
 1.134 1.475 5913818 4016362 40710 2636286 633624 5913822 1267240 
 1.040 1.464 5998300 4016362 40710 2636286 633624 5913822 1267240 
 0.994 1.452 6082784 4016362 40710 2636286 633624 5913822 1267240 
 1.030 1.441 6167266 4016362 40710 2636286 633624 5913822 1267240 
 1.088 1.429 6251752 4016362 40710 2636286 633624 5913822 1267240 
 1.048 1.418 6336236 4016362 40710 2636286 633624 5913822 1267240 
 1.030 1.407 6420720 4016362 40710 2636286 633624 5913822 1267240 
 1.058 1.396 6505202 4016362 40710 2636286 633624 5913822 1267240 
 1.112 1.385 6589686 4016362 40710 2636286 633624 5913822 1267240 
 1.112 1.374 6674170 4016362 40710 2636286 633624 5913822 1267240 
 1.203 1.363 6758654 4016362 40710 2636286 633624 5913822 1267240 
 1.287 1.352 6843138 4016362 40710 2636286 633624 5913822 1267240 
 1.072 1.342 6927620 4016362 40710 2636286 633624 5913822 1267240 
 1.046 1.331 7012104 4016362 40710 2636286 633624 5913822 1267240 
 1.220 1.321 7096588 4016362 40710 2636286 633624 5913822 1267240 
 1.203 1.311 7181070 4016362 40710 2636286 633624 7181072 1267250 
 1.129 1.300 7265554 4016362 40710 2636286 633624 7181072 1267250 
 1.030 1.290 7350038 4016362 40710 2636286 633624 7181072 1267250 
 1.428 1.282 7392278 7354986 3338624 2636286 633624 7181072 1267250 
 1.165 1.273 7434648 7354986 3338624 2636286 633624 7181072 1267250 
 1.439 1.402 7476762 7438086 83100 2636286 633624 7181072 1267250 
 1.679 1.807 7519004 7480146 42060 2636286 633624 7181072 1267250 
 1.576 1.794 7603488 7480146 42060 2636286 633624 7181072 1267250 
 1.902 2.009 7645728 7606890 126744 2636286 633624 7181072 1267250 
 2.157 2.117 7687970 7649142 42252 2636286 633624 7181072 1267250 
 1.861 2.101 7772454 7649142 42252 2636286 633624 7181072 1267250 
 2.113 2.250 7814694 7775848 126706 2636286 633624 7814698 633626 
 2.136 2.232 7899178 7775848 126706 2636286 633624 7814698 633626 
 1.983 2.038 7941420 7902578 126730 2636286 633624 7814698 633626 
 2.166 2.214 7983662 7944838 42260 2636286 633624 7814698 633626 
 2.017 2.196 8068146 7944838 42260 2636286 633624 7814698 633626 
 2.165 2.179 8152626 7944838 42260 2636286 633624 7814698 633626 
 2.042 2.161 8237110 7944838 42260 2636286 633624 7814698 633626 
 1.983 2.144 8321594 7944838 42260 2636286 633624 7814698 633626 
 1.931 2.127 8406078 7944838 42260 2636286 633624 7814698 633626 
 2.243 2.307 8448320 8409468 464630 2636286 633624 8448322 633624 
 1.703 2.289 8490680 8409468 464630 2636286 633624 8448322 633624 
 1.805 2.271 8532972 8409468 464630 2636286 633624 8448322 633624 
 1.931 2.253 8575236 8409468 464630 2636286 633624 8448322 633624 
 1.639 2.235 8617478 8409468 464630 2636286 633624 8448322 633624 
 1.598 2.218 8659718 8409468 464630 2636286 633624 8448322 633624 
 1.813 2.200 8701964 8409468 464630 2636286 633624 8448322 633624 
 1.410 2.183 8744200 8409468 464630 2636286 633624 8448322 633624 
 1.405 2.166 8786446 8409468 464630 2636286 633624 8448322 633624 
 1.212 2.149 8828686 8409468 464630 2636286 633624 8448322 633624 
 1.414 2.132 8870928 8409468 464630 2636286 633624 8448322 633624 
 1.058 2.115 8913172 8409468 464630 2636286 633624 8448322 633624 
 1.303 2.098 8955414 8409468 464630 2636286 633624 8448322 633624 
 1.174 2.082 8997652 8409468 464630 2636286 633624 8448322 633624 
 1.046 2.066 9039896 8409468 464630 2636286 633624 8448322 633624 
 1.140 2.049 9082138 8409468 464630 2636286 633624 9082140 633818 
 1.107 2.033 9124380 8409468 464630 2636286 633624 9082140 633818 
 1.072 2.017 9166620 8409468 464630 2636286 633624 9082140 633818 
 1.035 2.002 9208862 8409468 464630 2636286 633624 9082140 633818 
 0.957 1.986 9251106 8409468 464630 2636286 633624 9082140 633818 
 0.836 1.971 9293350 8409468 464630 2636286 633624 9082140 633818 
 0.886 1.955 9335588 8409468 464630 2636286 633624 9082140 633818 
 1.004 1.940 9377830 8409468 464630 2636286 633624 9082140 633818 
 0.874 1.925 9420074 8409468 464630 2636286 633624 9082140 633818 
 0.870 1.910 9462312 8409468 464630 2636286 633624 9082140 633818 
 0.774 1.895 9504556 8409468 464630 2636286 633624 9082140 633818 
 0.909 1.880 9546798 8409468 464630 2636286 633624 9082140 633818 
 0.730 1.866 9589040 8409468 464630 2636286 633624 9082140 633818 
 0.733 1.851 9631282 8409468 464630 2636286 633624 9082140 633818 
 0.759 1.837 9673524 8409468 464630 2636286 633624 9082140 633818 
 0.739 1.822 9715768 8409468 464630 2636286 633624 9715770 633630 
 0.724 1.808 9758010 8409468 464630 2636286 633624 9715770 633630 
 0.778 1.794 9800252 8409468 464630 2636286 633624 9715770 633630 
 0.767 1.781 9842492 8409468 464630 2636286 633624 9715770 633630 
 0.788 1.767 9884736 8409468 464630 2636286 633624 9715770 633630 
 0.722 1.753 9926970 8409468 464630 2636286 633624 9715770 633630 
 0.667 1.740 9969206 8409468 464630 2636286 633624 9715770 633630 
 0.838 1.726 10011440 8409468 464630 2636286 633624 9715770 633630 
 0.601 1.713 10053686 8409468 464630 2636286 633624 9715770 633630 
 0.697 1.700 10095934 8409468 464630 2636286 633624 9715770 633630 
 0.902 1.687 10138168 8409468 464630 2636286 633624 9715770 633630 
 0.573 1.674 10180420 8409468 464630 2636286 633624 9715770 633630 
 0.861 1.661 10222656 8409468 464630 2636286 633624 9715770 633630 
 0.912 1.648 10264892 8409468 464630 2636286 633624 9715770 633630 
 1.174 1.636 10307142 8409468 464630 2636286 633624 9715770 633630 
 0.818 1.623 10349380 8409468 464630 2636286 633624 10349384 633614 
 0.639 1.611 10391636 8409468 464630 2636286 633624 10349384 633614 
 0.667 1.599 10433882 8409468 464630 2636286 633624 10349384 633614 
 0.818 1.587 10476118 8409468 464630 2636286 633624 10349384 633614 
 0.727 1.574 10518366 8409468 464630 2636286 633624 10349384 633614 
