Thread[Thread-1,5,main] 4.897 5.137 0 0 0 17288 17288 0 0 
 6.178 5.194 42240 0 0 17288 17288 0 0 
 7.288 5.263 84482 0 0 17288 17288 0 0 
 8.501 5.332 126724 0 0 17288 17288 0 0 
 9.611 5.526 168966 0 0 17288 17288 0 0 
 10.641 5.744 211208 0 0 17288 17288 0 0 
 11.602 6.098 253448 0 0 17288 17288 0 0 
 12.518 6.316 295690 0 0 17288 17288 0 0 
 13.399 6.670 337932 0 0 17288 17288 0 0 
 14.257 7.002 380174 0 0 17288 17288 0 0 
 15.092 7.437 422416 0 0 17288 17288 0 0 
 15.950 7.849 464658 0 0 17288 17288 0 0 
 16.694 8.204 506898 0 0 17288 17288 0 0 
 17.369 8.581 549140 0 0 17288 17288 0 0 
 18.193 9.005 591380 0 0 17288 17288 0 0 
 17.564 9.062 633624 636066 618778 17288 17288 633624 633624 
 16.603 9.394 675864 636066 618778 17288 17288 633624 633624 
 15.722 9.657 718106 636066 618778 17288 17288 633624 633624 
 14.806 10.000 760348 636066 618778 17288 17288 633624 633624 
 13.902 10.183 802590 636066 618778 17288 17288 633624 633624 
 13.033 10.366 844832 636066 618778 17288 17288 633624 633624 
 12.243 10.412 887074 636066 618778 17288 17288 633624 633624 
 11.465 10.550 929316 636066 618778 17288 17288 633624 633624 
 10.687 10.653 971560 636066 618778 17288 17288 633624 633624 
 9.955 10.698 1013802 636066 618778 17288 17288 633624 633624 
 9.245 10.733 1056044 636066 618778 17288 17288 633624 633624 
 8.581 10.733 1098286 636066 618778 17288 17288 633624 633624 
 7.929 10.653 1140528 636066 618778 17288 17288 633624 633624 
 7.311 10.595 1182770 636066 618778 17288 17288 633624 633624 
 6.705 10.504 1225012 636066 618778 17288 17288 633624 633624 
 6.167 10.458 1267254 636066 618778 1284544 648478 1267254 633630 
 6.259 10.321 1309496 636066 618778 1284544 648478 1267254 633630 
 6.396 10.241 1351738 636066 618778 1284544 648478 1267254 633630 
 6.533 10.103 1393980 636066 618778 1284544 648478 1267254 633630 
 6.716 10.000 1436222 636066 618778 1284544 648478 1267254 633630 
 6.865 9.920 1478464 636066 618778 1284544 648478 1267254 633630 
 6.991 9.863 1520706 636066 618778 1284544 648478 1267254 633630 
 7.163 9.783 1562948 636066 618778 1284544 648478 1267254 633630 
 7.277 9.726 1605190 636066 618778 1284544 648478 1267254 633630 
 7.380 9.703 1647432 636066 618778 1284544 648478 1267254 633630 
 7.529 9.680 1689674 636066 618778 1284544 648478 1267254 633630 
 7.620 9.600 1731916 636066 618778 1284544 648478 1267254 633630 
 7.758 9.634 1774158 636066 618778 1284544 648478 1267254 633630 
 7.849 9.588 1816400 636066 618778 1284544 648478 1267254 633630 
 7.952 9.577 1858642 636066 618778 1284544 648478 1267254 633630 
 8.009 9.543 1900886 636066 618778 1918176 633632 1900886 633632 
 8.181 9.543 1943126 636066 618778 1918176 633632 1900886 633632 
 8.318 9.543 1985368 636066 618778 1918176 633632 1900886 633632 
 8.410 9.634 2027610 636066 618778 1918176 633632 1900886 633632 
 8.547 9.634 2069854 636066 618778 1918176 633632 1900886 633632 
 8.639 9.565 2112096 636066 618778 1918176 633632 1900886 633632 
 8.742 9.588 2154338 636066 618778 1918176 633632 1900886 633632 
 8.902 9.588 2196580 636066 618778 1918176 633632 1900886 633632 
 8.982 9.600 2238822 636066 618778 1918176 633632 1900886 633632 
 9.051 9.634 2281064 636066 618778 1918176 633632 1900886 633632 
 9.119 9.680 2323306 636066 618778 1918176 633632 1900886 633632 
 9.279 9.646 2365548 636066 618778 1918176 633632 1900886 633632 
 9.371 9.726 2407790 636066 618778 1918176 633632 1900886 633632 
 9.417 9.737 2450032 636066 618778 1918176 633632 1900886 633632 
 9.497 9.726 2492274 636066 618778 1918176 633632 1900886 633632 
 9.554 9.783 2534516 636066 618778 2551806 633630 2534516 633630 
 9.474 9.817 2576758 636066 618778 2551806 633630 2534516 633630 
 9.405 9.817 2619000 636066 618778 2551806 633630 2534516 633630 
 9.359 9.886 2661242 636066 618778 2551806 633630 2534516 633630 
 9.314 9.966 2703484 636066 618778 2551806 633630 2534516 633630 
 9.234 9.932 2745726 636066 618778 2551806 633630 2534516 633630 
 9.176 9.920 2787968 636066 618778 2551806 633630 2534516 633630 
 9.085 9.920 2830210 636066 618778 2551806 633630 2534516 633630 
 9.051 9.955 2872452 636066 618778 2551806 633630 2534516 633630 
 8.913 9.920 2914694 636066 618778 2551806 633630 2534516 633630 
 8.959 9.966 2956936 636066 618778 2551806 633630 2534516 633630 
 8.913 10.000 2999178 636066 618778 2551806 633630 2534516 633630 
 8.833 9.966 3041420 636066 618778 2551806 633630 2534516 633630 
 8.833 10.000 3083662 636066 618778 2551806 633630 2534516 633630 
 8.764 10.012 3125904 636066 618778 2551806 633630 2534516 633630 
 8.696 10.000 3168148 636066 618778 3185438 633632 3168148 633632 
 8.673 9.966 3210388 636066 618778 3185438 633632 3168148 633632 
 8.639 9.966 3252630 636066 618778 3185438 633632 3168148 633632 
 8.604 10.000 3294872 636066 618778 3185438 633632 3168148 633632 
 8.627 9.966 3337116 636066 618778 3185438 633632 3168148 633632 
 8.581 9.932 3379358 636066 618778 3185438 633632 3168148 633632 
 8.570 9.943 3421600 636066 618778 3185438 633632 3168148 633632 
 8.604 9.955 3463842 636066 618778 3185438 633632 3168148 633632 
 8.581 9.920 3506084 636066 618778 3185438 633632 3168148 633632 
 8.581 9.920 3548326 636066 618778 3185438 633632 3168148 633632 
 8.501 9.897 3590568 636066 618778 3185438 633632 3168148 633632 
 8.536 9.909 3632810 636066 618778 3185438 633632 3168148 633632 
 8.478 9.852 3675052 636066 618778 3185438 633632 3168148 633632 
 8.501 9.897 3717294 636066 618778 3185438 633632 3168148 633632 
 8.501 9.874 3759536 636066 618778 3185438 633632 3168148 633632 
 8.467 9.840 3801778 636066 618778 3819070 633632 3801778 633630 
 8.501 9.840 3844020 636066 618778 3819070 633632 3801778 633630 
 8.501 9.863 3886262 636066 618778 3819070 633632 3801778 633630 
 8.536 9.863 3928504 636066 618778 3819070 633632 3801778 633630 
 8.581 9.863 3970746 636066 618778 3819070 633632 3801778 633630 
 8.547 9.852 4012988 636066 618778 3819070 633632 3801778 633630 
 8.581 9.874 4055230 636066 618778 3819070 633632 3801778 633630 
 8.616 9.863 4097472 636066 618778 3819070 633632 3801778 633630 
 8.673 9.852 4139714 636066 618778 3819070 633632 3801778 633630 
 8.639 9.817 4181956 636066 618778 3819070 633632 3801778 633630 
 8.673 9.886 4224198 636066 618778 3819070 633632 3801778 633630 
 8.730 9.806 4266440 636066 618778 3819070 633632 3801778 633630 
 8.673 9.909 4308682 636066 618778 3819070 633632 3801778 633630 
 8.707 9.829 4350924 636066 618778 3819070 633632 3801778 633630 
 8.719 9.817 4393166 636066 618778 3819070 633632 3801778 633630 
 8.696 9.863 4435410 636066 618778 4452700 633630 4435410 633632 
 8.719 9.863 4477650 636066 618778 4452700 633630 4435410 633632 
 8.764 9.829 4519892 636066 618778 4452700 633630 4435410 633632 
 8.764 9.840 4562134 636066 618778 4452700 633630 4435410 633632 
 8.730 9.886 4604376 636066 618778 4452700 633630 4435410 633632 
 8.742 9.874 4646620 636066 618778 4452700 633630 4435410 633632 
 8.764 9.863 4688862 636066 618778 4452700 633630 4435410 633632 
 8.799 9.897 4731104 636066 618778 4452700 633630 4435410 633632 
 8.764 9.863 4773346 636066 618778 4452700 633630 4435410 633632 
 8.776 9.897 4815588 636066 618778 4452700 633630 4435410 633632 
 8.753 9.863 4857830 636066 618778 4452700 633630 4435410 633632 
 8.742 9.874 4900072 636066 618778 4452700 633630 4435410 633632 
 8.742 9.920 4942314 636066 618778 4452700 633630 4435410 633632 
 8.776 9.863 4984554 636066 618778 4452700 633630 4435410 633632 
 8.776 9.829 5026796 636066 618778 4452700 633630 4435410 633632 
 8.764 9.829 5069038 636066 618778 5084530 631830 5069038 633628 
 8.787 9.863 5111280 636066 618778 5084530 631830 5069038 633628 
 8.764 9.863 5153522 636066 618778 5084530 631830 5069038 633628 
 8.753 9.932 5195764 636066 618778 5084530 631830 5069038 633628 
 8.707 9.852 5238006 636066 618778 5084530 631830 5069038 633628 
 8.730 9.897 5280248 636066 618778 5084530 631830 5069038 633628 
 8.719 9.920 5322490 636066 618778 5084530 631830 5069038 633628 
 8.719 9.874 5364732 636066 618778 5084530 631830 5069038 633628 
 8.719 9.920 5406974 636066 618778 5084530 631830 5069038 633628 
 8.707 9.920 5449216 636066 618778 5084530 631830 5069038 633628 
 8.719 9.886 5491458 636066 618778 5084530 631830 5069038 633628 
 8.627 9.909 5533700 636066 618778 5084530 631830 5069038 633628 
 8.684 9.817 5575942 636066 618778 5084530 631830 5069038 633628 
 8.673 9.886 5618184 636066 618778 5084530 631830 5069038 633628 
 8.719 9.874 5660426 636066 618778 5084530 631830 5069038 633628 
 8.673 9.852 5702668 636066 618778 5719958 635428 5702668 633630 
 8.696 9.863 5744908 636066 618778 5719958 635428 5702668 633630 
 8.673 9.886 5787152 636066 618778 5719958 635428 5702668 633630 
 8.696 9.909 5829392 636066 618778 5719958 635428 5702668 633630 
 8.673 9.886 5871634 636066 618778 5719958 635428 5702668 633630 
 8.696 9.829 5913878 636066 618778 5719958 635428 5702668 633630 
 8.719 9.863 5956120 636066 618778 5719958 635428 5702668 633630 
 8.684 9.874 5998362 636066 618778 5719958 635428 5702668 633630 
 8.707 9.829 6040604 636066 618778 5719958 635428 5702668 633630 
 8.730 9.874 6082846 636066 618778 5719958 635428 5702668 633630 
 8.719 9.874 6125088 636066 618778 5719958 635428 5702668 633630 
 8.764 9.886 6167330 636066 618778 5719958 635428 5702668 633630 
 8.684 9.829 6209572 636066 618778 5719958 635428 5702668 633630 
 8.730 9.874 6251814 636066 618778 5719958 635428 5702668 633630 
 8.742 9.932 6294056 636066 618778 5719958 635428 5702668 633630 
 8.719 9.863 6336298 636066 618778 6353588 633630 6336298 633630 
 8.684 9.863 6378540 636066 618778 6353588 633630 6336298 633630 
 8.639 9.909 6420782 636066 618778 6353588 633630 6336298 633630 
 8.707 9.874 6463022 636066 618778 6353588 633630 6336298 633630 
 8.719 9.863 6505264 636066 618778 6353588 633630 6336298 633630 
 8.719 9.852 6547506 636066 618778 6353588 633630 6336298 633630 
 8.719 9.909 6589748 636066 618778 6353588 633630 6336298 633630 
 8.684 9.897 6631990 636066 618778 6353588 633630 6336298 633630 
 8.730 9.863 6674232 636066 618778 6353588 633630 6336298 633630 
 8.673 9.932 6716474 636066 618778 6353588 633630 6336298 633630 
 8.684 9.920 6758716 636066 618778 6353588 633630 6336298 633630 
 8.684 9.874 6800956 636066 618778 6353588 633630 6336298 633630 
 8.719 9.897 6843198 636066 618778 6353588 633630 6336298 633630 
 8.673 9.874 6885440 636066 618778 6353588 633630 6336298 633630 
 8.684 9.863 6927682 636066 618778 6353588 633630 6336298 633630 
 8.684 9.840 6969924 636066 618778 6987214 633626 6969924 633626 
 8.684 9.829 7012164 636066 618778 6987214 633626 6969924 633626 
 8.719 9.863 7054406 636066 618778 6987214 633626 6969924 633626 
 8.719 9.909 7096650 636066 618778 6987214 633626 6969924 633626 
 8.696 9.817 7138892 636066 618778 6987214 633626 6969924 633626 
 8.730 9.897 7181132 636066 618778 6987214 633626 6969924 633626 
 8.684 9.840 7223376 636066 618778 6987214 633626 6969924 633626 
 8.696 9.874 7265618 636066 618778 6987214 633626 6969924 633626 
 8.730 9.874 7307860 636066 618778 6987214 633626 6969924 633626 
 8.730 9.966 7350102 636066 618778 6987214 633626 6969924 633626 
 8.707 9.840 7392344 636066 618778 6987214 633626 6969924 633626 
 8.730 9.897 7434586 636066 618778 6987214 633626 6969924 633626 
 8.764 9.863 7476828 636066 618778 6987214 633626 6969924 633626 
 8.730 9.977 7519070 636066 618778 6987214 633626 6969924 633626 
 8.719 9.897 7561312 636066 618778 6987214 633626 6969924 633626 
 8.730 9.863 7603554 636066 618778 7620844 633630 7603554 633630 
 8.719 9.817 7645796 636066 618778 7620844 633630 7603554 633630 
 8.719 9.863 7688038 636066 618778 7620844 633630 7603554 633630 
 8.673 9.909 7730280 636066 618778 7620844 633630 7603554 633630 
 8.662 9.863 7772522 636066 618778 7620844 633630 7603554 633630 
 8.684 9.909 7814762 636066 618778 7620844 633630 7603554 633630 
 8.673 9.909 7857004 636066 618778 7620844 633630 7603554 633630 
 8.684 9.909 7899248 636066 618778 7620844 633630 7603554 633630 
 8.616 9.897 7941488 636066 618778 7620844 633630 7603554 633630 
 8.604 9.886 7983728 636066 618778 7620844 633630 7603554 633630 
 8.593 9.852 8025970 636066 618778 7620844 633630 7603554 633630 
 8.673 9.840 8068210 636066 618778 7620844 633630 7603554 633630 
 8.627 9.886 8110452 636066 618778 7620844 633630 7603554 633630 
 8.547 9.863 8152694 636066 618778 7620844 633630 7603554 633630 
 8.536 9.852 8194936 636066 618778 7620844 633630 7603554 633630 
 8.547 9.863 8237178 636066 618778 8254468 633624 8237178 633624 
 8.593 9.874 8279418 636066 618778 8254468 633624 8237178 633624 
 8.593 9.794 8321660 636066 618778 8254468 633624 8237178 633624 
 8.593 9.829 8363902 636066 618778 8254468 633624 8237178 633624 
 8.799 9.874 8406146 636066 618778 8254468 633624 8237178 633624 
 9.176 9.909 8448388 636066 618778 8254468 633624 8237178 633624 
 9.565 9.955 8490630 636066 618778 8254468 633624 8237178 633624 
 9.909 9.966 8532872 636066 618778 8254468 633624 8237178 633624 
 10.206 10.023 8575114 8577652 323184 8254468 633624 8237178 633624 
 10.572 10.103 8617356 8619938 42286 8254468 633624 8237178 633624 
 10.561 10.046 8659598 8662100 42162 8254468 633624 8237178 633624 
 10.378 10.138 8701840 8662100 42162 8254468 633624 8237178 633624 
 10.080 10.229 8744082 8662100 42162 8254468 633624 8237178 633624 
 9.829 10.241 8786324 8662100 42162 8254468 633624 8237178 633624 
 9.543 10.241 8828566 8662100 42162 8254468 633624 8237178 633624 
 9.314 10.229 8870808 8662100 42162 8888098 225998 8870808 633630 
 9.188 10.275 8913050 8662100 42162 8888098 225998 8870808 633630 
 9.051 10.332 8955292 8662100 42162 8888098 225998 8870808 633630 
 8.913 10.241 8997532 8662100 42162 8888098 225998 8870808 633630 
 8.810 10.286 9039774 8662100 42162 8888098 225998 8870808 633630 
 8.673 10.263 9082016 8662100 42162 8888098 225998 8870808 633630 
 8.593 10.252 9124258 8662100 42162 8888098 225998 8870808 633630 
 8.444 10.252 9166500 8662100 42162 8888098 225998 8870808 633630 
 8.364 10.229 9208742 9215218 327120 8888098 225998 8870808 633630 
 8.318 10.138 9250984 9215218 327120 8888098 225998 8870808 633630 
 8.307 10.138 9293226 9215218 327120 8888098 225998 8870808 633630 
 8.284 10.115 9335470 9215218 327120 8888098 225998 8870808 633630 
 8.192 10.103 9377710 9215218 327120 8888098 225998 8870808 633630 
 8.181 10.057 9419952 9215218 327120 8888098 225998 8870808 633630 
 8.169 10.069 9462194 9215218 327120 8888098 225998 8870808 633630 
 8.147 10.046 9504436 9215218 327120 9521726 306508 9504436 633628 
 8.169 10.057 9546676 9215218 327120 9521726 306508 9504436 633628 
 8.181 9.966 9588920 9215218 327120 9521726 306508 9504436 633628 
 8.181 9.932 9631162 9215218 327120 9521726 306508 9504436 633628 
 8.204 9.955 9673404 9215218 327120 9521726 306508 9504436 633628 
 8.227 9.920 9715646 9215218 327120 9521726 306508 9504436 633628 
 8.227 9.920 9757888 9215218 327120 9521726 306508 9504436 633628 
 8.250 9.874 9800130 9215218 327120 9521726 306508 9504436 633628 
 8.272 9.874 9842372 9215218 327120 9521726 306508 9504436 633628 
 8.261 9.863 9884614 9215218 327120 9521726 306508 9504436 633628 
 8.307 9.863 9926856 9215218 327120 9521726 306508 9504436 633628 
 8.261 9.840 9969098 9215218 327120 9521726 306508 9504436 633628 
 8.330 9.829 10011340 9215218 327120 9521726 306508 9504436 633628 
 8.330 9.829 10053582 9215218 327120 9521726 306508 9504436 633628 
 8.318 9.794 10095824 9215218 327120 9521726 306508 9504436 633628 
 8.353 9.829 10138066 9215218 327120 10153554 631828 10138066 633630 
 8.398 9.783 10180308 9215218 327120 10153554 631828 10138066 633630 
 8.398 9.771 10222550 9215218 327120 10153554 631828 10138066 633630 
 8.421 9.771 10264790 9215218 327120 10153554 631828 10138066 633630 
 8.444 9.771 10307032 9215218 327120 10153554 631828 10138066 633630 
 8.501 9.771 10349272 9215218 327120 10153554 631828 10138066 633630 
 8.536 9.760 10391514 9215218 327120 10153554 631828 10138066 633630 
 8.547 9.771 10433754 9215218 327120 10153554 631828 10138066 633630 
 8.547 9.771 10475996 9215218 327120 10153554 631828 10138066 633630 
 8.581 9.737 10518238 9215218 327120 10153554 631828 10138066 633630 
