Thread[Thread-1,5,main] 5.755 5.240 0 0 0 17292 17292 0 0 
 8.044 5.469 84486 0 0 17292 17292 0 0 
 10.241 5.755 168970 0 0 17292 17292 0 0 
 12.254 6.236 253454 0 0 17292 17292 0 0 
 13.982 6.876 337938 0 0 17292 17292 0 0 
 15.676 7.643 422422 0 0 17292 17292 0 0 
 17.198 8.318 506904 0 0 17292 17292 0 0 
 18.662 9.085 591388 0 0 17292 17292 0 0 
 18.708 9.531 675870 677690 660398 17292 17292 0 0 
 17.690 9.874 718302 677690 660398 17292 17292 0 0 
 16.637 10.149 760376 677690 660398 17292 17292 0 0 
 15.584 10.366 802790 677690 660398 17292 17292 0 0 
 14.577 10.653 844858 677690 660398 17292 17292 0 0 
 13.582 10.744 887272 677690 660398 17292 17292 0 0 
 12.701 10.881 929344 677690 660398 17292 17292 0 0 
 11.762 11.019 971758 677690 660398 17292 17292 0 0 
 10.916 11.019 1013820 677690 660398 17292 17292 0 0 
 10.057 11.064 1056240 677690 660398 17292 17292 0 0 
 9.268 11.053 1098312 677690 660398 17292 17292 0 0 
 8.467 10.961 1140724 677690 660398 17292 17292 0 0 
 7.758 10.916 1182788 677690 660398 17292 17292 0 0 
 7.037 10.836 1225208 677690 660398 17292 17292 0 0 
 6.396 10.790 1267272 677690 660398 17292 17292 1267272 1267272 
 6.430 10.607 1309502 677690 660398 17292 17292 1267272 1267272 
 6.590 10.538 1351744 677690 660398 17292 17292 1267272 1267272 
 6.842 10.412 1393986 677690 660398 17292 17292 1267272 1267272 
 7.025 10.241 1436228 677690 660398 17292 17292 1267272 1267272 
 7.163 10.218 1478470 677690 660398 17292 17292 1267272 1267272 
 7.346 10.138 1520712 677690 660398 17292 17292 1267272 1267272 
 7.517 10.012 1562954 677690 660398 17292 17292 1267272 1267272 
 7.712 9.943 1605196 677690 660398 17292 17292 1267272 1267272 
 7.815 9.874 1647438 677690 660398 17292 17292 1267272 1267272 
 7.998 9.829 1689682 677690 660398 17292 17292 1267272 1267272 
 8.078 9.783 1731946 677690 660398 17292 17292 1267272 1267272 
 8.238 9.737 1774184 677690 660398 17292 17292 1267272 1267272 
 8.364 9.737 1816408 677690 660398 17292 17292 1267272 1267272 
 8.536 9.680 1858672 677690 660398 17292 17292 1267272 1267272 
 8.581 9.646 1900916 677690 660398 1918370 1240680 1900916 633644 
 8.742 9.680 1943132 677690 660398 1918370 1240680 1900916 633644 
 8.913 9.691 1985376 677690 660398 1918370 1240680 1900916 633644 
 9.016 9.646 2027616 677690 660398 1918370 1240680 1900916 633644 
 9.234 9.680 2069860 677690 660398 1918370 1240680 1900916 633644 
 9.257 9.646 2112102 677690 660398 1918370 1240680 1900916 633644 
 9.382 9.634 2154344 677690 660398 1918370 1240680 1900916 633644 
 9.462 9.691 2196586 677690 660398 1918370 1240680 1900916 633644 
 9.588 9.749 2238828 677690 660398 1918370 1240680 1900916 633644 
 9.691 9.771 2281070 677690 660398 1918370 1240680 1900916 633644 
 9.771 9.726 2323312 677690 660398 1918370 1240680 1900916 633644 
 9.909 9.794 2365554 677690 660398 1918370 1240680 1900916 633644 
 9.920 9.783 2407796 677690 660398 1918370 1240680 1900916 633644 
 10.057 9.817 2450038 677690 660398 1918370 1240680 1900916 633644 
 10.149 9.874 2492280 677690 660398 1918370 1240680 1900916 633644 
 10.229 9.932 2534524 677690 660398 2551838 633468 2534524 633608 
 10.138 9.920 2576764 677690 660398 2551838 633468 2534524 633608 
 10.092 9.955 2619006 677690 660398 2551838 633468 2534524 633608 
 10.046 10.012 2661248 677690 660398 2551838 633468 2534524 633608 
 9.955 10.023 2703490 677690 660398 2551838 633468 2534524 633608 
 9.852 10.012 2745732 677690 660398 2551838 633468 2534524 633608 
 9.829 10.046 2787974 677690 660398 2551838 633468 2534524 633608 
 9.806 10.092 2830216 677690 660398 2551838 633468 2534524 633608 
 9.703 10.103 2872458 677690 660398 2551838 633468 2534524 633608 
 9.680 10.092 2914700 677690 660398 2551838 633468 2534524 633608 
 9.634 10.103 2956944 677690 660398 2551838 633468 2534524 633608 
 9.508 10.103 2999186 677690 660398 2551838 633468 2534524 633608 
 9.497 10.092 3041428 677690 660398 2551838 633468 2534524 633608 
 9.462 10.138 3083670 677690 660398 2551838 633468 2534524 633608 
 9.405 10.092 3125912 677690 660398 2551838 633468 2534524 633608 
 9.371 10.115 3168154 677690 660398 3185646 633808 3168154 633630 
 9.314 10.103 3210396 677690 660398 3185646 633808 3168154 633630 
 9.325 10.092 3252638 677690 660398 3185646 633808 3168154 633630 
 9.371 10.138 3294878 677690 660398 3185646 633808 3168154 633630 
 9.268 10.138 3337122 677690 660398 3185646 633808 3168154 633630 
 9.314 10.092 3379364 677690 660398 3185646 633808 3168154 633630 
 9.268 10.149 3421606 677690 660398 3185646 633808 3168154 633630 
 9.245 10.080 3463848 677690 660398 3185646 633808 3168154 633630 
 9.222 10.080 3506090 677690 660398 3185646 633808 3168154 633630 
 9.199 10.092 3548332 677690 660398 3185646 633808 3168154 633630 
 9.245 10.057 3590574 677690 660398 3185646 633808 3168154 633630 
 9.176 10.092 3632816 677690 660398 3185646 633808 3168154 633630 
 9.154 10.080 3675058 677690 660398 3185646 633808 3168154 633630 
 9.176 10.103 3717300 677690 660398 3185646 633808 3168154 633630 
 9.142 10.012 3759542 677690 660398 3185646 633808 3168154 633630 
 9.142 10.012 3801786 677690 660398 3819100 633454 3801786 633632 
 9.176 10.012 3844026 677690 660398 3819100 633454 3801786 633632 
 9.176 10.000 3886268 677690 660398 3819100 633454 3801786 633632 
 9.222 10.035 3928512 677690 660398 3819100 633454 3801786 633632 
 9.222 10.000 3970752 677690 660398 3819100 633454 3801786 633632 
 9.199 9.955 4012996 677690 660398 3819100 633454 3801786 633632 
 9.234 10.057 4055238 677690 660398 3819100 633454 3801786 633632 
 9.211 10.069 4097480 677690 660398 3819100 633454 3801786 633632 
 9.314 10.000 4139722 677690 660398 3819100 633454 3801786 633632 
 9.291 10.000 4181964 677690 660398 3819100 633454 3801786 633632 
 9.314 9.955 4224206 677690 660398 3819100 633454 3801786 633632 
 9.325 10.012 4266448 677690 660398 3819100 633454 3801786 633632 
 9.291 9.943 4308690 677690 660398 3819100 633454 3801786 633632 
 9.371 10.046 4350932 677690 660398 3819100 633454 3801786 633632 
 9.417 10.000 4519998 677690 660398 3819100 633454 3801786 633632 
 9.405 10.046 4562142 677690 660398 3819100 633454 3801786 633632 
 9.417 9.966 4604384 677690 660398 3819100 633454 3801786 633632 
 9.451 10.000 4646626 677690 660398 3819100 633454 3801786 633632 
 9.451 10.000 4688868 677690 660398 3819100 633454 3801786 633632 
 9.497 9.955 4731110 677690 660398 3819100 633454 3801786 633632 
 9.474 10.000 4773352 677690 660398 3819100 633454 3801786 633632 
 9.497 10.012 4815594 677690 660398 3819100 633454 3801786 633632 
 9.485 10.046 4857836 677690 660398 3819100 633454 3801786 633632 
 9.508 10.046 4900078 677690 660398 3819100 633454 3801786 633632 
 9.543 10.046 4942320 677690 660398 3819100 633454 3801786 633632 
 9.451 10.046 4984562 677690 660398 3819100 633454 3801786 633632 
 9.462 10.035 5026806 677690 660398 3819100 633454 3801786 633632 
 9.588 10.092 5069048 677690 660398 5084418 1265318 5069048 1267262 
 9.508 10.057 5111290 677690 660398 5084418 1265318 5069048 1267262 
 9.497 10.092 5153532 677690 660398 5084418 1265318 5069048 1267262 
 9.417 10.057 5195774 677690 660398 5084418 1265318 5069048 1267262 
 9.462 10.057 5238016 677690 660398 5084418 1265318 5069048 1267262 
 9.462 10.092 5280258 677690 660398 5084418 1265318 5069048 1267262 
 9.428 10.080 5322500 677690 660398 5084418 1265318 5069048 1267262 
 9.359 10.092 5364742 677690 660398 5084418 1265318 5069048 1267262 
 9.359 10.138 5406984 677690 660398 5084418 1265318 5069048 1267262 
 9.279 10.103 5449226 677690 660398 5084418 1265318 5069048 1267262 
 9.279 10.069 5491468 677690 660398 5084418 1265318 5069048 1267262 
 9.302 10.092 5533710 677690 660398 5084418 1265318 5069048 1267262 
 9.314 10.080 5575952 677690 660398 5084418 1265318 5069048 1267262 
 9.268 10.057 5618194 677690 660398 5084418 1265318 5069048 1267262 
 9.234 10.057 5660436 677690 660398 5084418 1265318 5069048 1267262 
 9.234 10.092 5702680 677690 660398 5719968 635550 5702680 633632 
 9.234 10.057 5744920 677690 660398 5719968 635550 5702680 633632 
 9.257 10.000 5787162 677690 660398 5719968 635550 5702680 633632 
 9.234 10.012 5829404 677690 660398 5719968 635550 5702680 633632 
 9.176 10.012 5871646 677690 660398 5719968 635550 5702680 633632 
 9.268 9.966 5913888 677690 660398 5719968 635550 5702680 633632 
 9.279 10.046 5956130 677690 660398 5719968 635550 5702680 633632 
 9.279 10.000 5998372 677690 660398 5719968 635550 5702680 633632 
 9.279 10.046 6040616 677690 660398 5719968 635550 5702680 633632 
 9.279 10.023 6082858 677690 660398 5719968 635550 5702680 633632 
 9.279 9.966 6125100 677690 660398 5719968 635550 5702680 633632 
 9.257 10.046 6167342 677690 660398 5719968 635550 5702680 633632 
 9.245 10.046 6209584 677690 660398 5719968 635550 5702680 633632 
 9.325 9.932 6251826 677690 660398 5719968 635550 5702680 633632 
 9.234 9.966 6294068 677690 660398 5719968 635550 5702680 633632 
 9.325 9.955 6336310 677690 660398 6353806 633838 6336310 633630 
 9.325 9.966 6378552 677690 660398 6353806 633838 6336310 633630 
 9.337 10.012 6420794 677690 660398 6353806 633838 6336310 633630 
 9.348 10.023 6463036 677690 660398 6353806 633838 6336310 633630 
 9.359 10.000 6505278 677690 660398 6353806 633838 6336310 633630 
 9.314 10.000 6547520 677690 660398 6353806 633838 6336310 633630 
 9.371 9.977 6589762 677690 660398 6353806 633838 6336310 633630 
 9.405 10.000 6632004 677690 660398 6353806 633838 6336310 633630 
 9.405 10.046 6674246 677690 660398 6353806 633838 6336310 633630 
 9.325 10.057 6716488 677690 660398 6353806 633838 6336310 633630 
 9.417 10.046 6758730 677690 660398 6353806 633838 6336310 633630 
 9.428 10.046 6800974 677690 660398 6353806 633838 6336310 633630 
 9.405 10.012 6843214 677690 660398 6353806 633838 6336310 633630 
 9.417 10.046 6885456 677690 660398 6353806 633838 6336310 633630 
 9.440 9.989 6927698 677690 660398 6353806 633838 6336310 633630 
 9.405 10.023 6969942 677690 660398 6987440 633634 6969942 633632 
 9.451 10.103 7012184 677690 660398 6987440 633634 6969942 633632 
 9.451 10.035 7054424 677690 660398 6987440 633634 6969942 633632 
 9.474 10.103 7096668 677690 660398 6987440 633634 6969942 633632 
 9.451 10.080 7138910 677690 660398 6987440 633634 6969942 633632 
 9.451 10.092 7181152 677690 660398 6987440 633634 6969942 633632 
 9.474 10.046 7223394 677690 660398 6987440 633634 6969942 633632 
 9.462 10.000 7265636 677690 660398 6987440 633634 6969942 633632 
 9.417 10.046 7307878 677690 660398 6987440 633634 6969942 633632 
 9.417 10.080 7350120 677690 660398 6987440 633634 6969942 633632 
 9.440 10.035 7392362 677690 660398 6987440 633634 6969942 633632 
 9.462 10.092 7434602 677690 660398 6987440 633634 6969942 633632 
 9.462 10.057 7476844 677690 660398 6987440 633634 6969942 633632 
 9.417 10.092 7519086 677690 660398 6987440 633634 6969942 633632 
 9.428 10.057 7561328 677690 660398 6987440 633634 6969942 633632 
 9.451 10.092 7603568 677690 660398 7621064 633624 7603568 633626 
 9.428 10.069 7645810 677690 660398 7621064 633624 7603568 633626 
 9.474 10.057 7688052 677690 660398 7621064 633624 7603568 633626 
 9.405 10.080 7730294 677690 660398 7621064 633624 7603568 633626 
 9.417 10.092 7772536 677690 660398 7621064 633624 7603568 633626 
 9.405 10.057 7814778 677690 660398 7621064 633624 7603568 633626 
 9.405 10.012 7857020 677690 660398 7621064 633624 7603568 633626 
 9.451 10.103 7899262 677690 660398 7621064 633624 7603568 633626 
 9.405 10.035 7941504 677690 660398 7621064 633624 7603568 633626 
 9.451 10.046 7983746 677690 660398 7621064 633624 7603568 633626 
 9.417 10.092 8025988 677690 660398 7621064 633624 7603568 633626 
 9.451 10.092 8068230 677690 660398 7621064 633624 7603568 633626 
 9.371 10.103 8110472 677690 660398 7621064 633624 7603568 633626 
 9.451 10.092 8152716 677690 660398 7621064 633624 7603568 633626 
 9.382 10.138 8194956 677690 660398 7621064 633624 7603568 633626 
 9.394 10.103 8237200 677690 660398 8254686 633622 8237200 633632 
 9.382 10.103 8279442 677690 660398 8254686 633622 8237200 633632 
 9.359 10.115 8321684 677690 660398 8254686 633622 8237200 633632 
 9.359 10.046 8363926 677690 660398 8254686 633622 8237200 633632 
 9.554 10.195 8406168 677690 660398 8254686 633622 8237200 633632 
 9.955 10.138 8448410 677690 660398 8254686 633622 8237200 633632 
 10.275 10.218 8490652 677690 660398 8254686 633622 8237200 633632 
 10.641 10.229 8532894 677690 660398 8254686 633622 8237200 633632 
 12.243 10.561 8786346 8787968 533282 8254686 633622 8237200 633632 
 11.762 10.595 8828588 8787968 533282 8254686 633622 8237200 633632 
 11.339 10.744 8870830 8787968 533282 8888320 100352 8870830 633630 
 11.007 10.733 8913072 8787968 533282 8888320 100352 8870830 633630 
 10.687 10.778 8955314 8787968 533282 8888320 100352 8870830 633630 
 10.332 10.778 8997556 8787968 533282 8888320 100352 8870830 633630 
 10.046 10.836 9039800 8787968 533282 8888320 100352 8870830 633630 
 9.737 10.778 9082040 8787968 533282 8888320 100352 8870830 633630 
 9.462 10.767 9124282 8787968 533282 8888320 100352 8870830 633630 
 9.188 10.744 9166524 8787968 533282 8888320 100352 8870830 633630 
 8.948 10.733 9208766 8787968 533282 8888320 100352 8870830 633630 
 8.684 10.687 9251008 8787968 533282 8888320 100352 8870830 633630 
 8.536 10.710 9293250 9298748 410428 8888320 100352 8870830 633630 
 8.501 10.607 9335492 9298748 410428 8888320 100352 8870830 633630 
 8.467 10.504 9377736 9298748 410428 8888320 100352 8870830 633630 
 8.456 10.515 9419978 9298748 410428 8888320 100352 8870830 633630 
 8.433 10.435 9462220 9298748 410428 8888320 100352 8870830 633630 
 8.410 10.378 9504462 9298748 410428 9521952 223204 9504462 633632 
 8.456 10.321 9546704 9298748 410428 9521952 223204 9504462 633632 
 8.467 10.241 9588946 9298748 410428 9521952 223204 9504462 633632 
 8.559 10.183 9631188 9298748 410428 9521952 223204 9504462 633632 
 8.547 10.252 9673430 9298748 410428 9521952 223204 9504462 633632 
 8.536 10.195 9715672 9298748 410428 9521952 223204 9504462 633632 
 8.581 10.103 9757914 9298748 410428 9521952 223204 9504462 633632 
 8.581 10.092 9800156 9298748 410428 9521952 223204 9504462 633632 
 8.639 10.046 9842398 9298748 410428 9521952 223204 9504462 633632 
 8.684 10.046 9884640 9298748 410428 9521952 223204 9504462 633632 
 8.684 10.069 9926882 9298748 410428 9521952 223204 9504462 633632 
 8.742 9.955 9969124 9298748 410428 9521952 223204 9504462 633632 
 8.684 10.046 10011366 9298748 410428 9521952 223204 9504462 633632 
 8.776 9.955 10053608 9298748 410428 9521952 223204 9504462 633632 
 8.776 9.955 10095850 9298748 410428 9521952 223204 9504462 633632 
 8.822 9.920 10138094 9298748 410428 10153462 631510 10138094 633632 
 8.913 9.886 10180334 9298748 410428 10153462 631510 10138094 633632 
 8.959 9.966 10222576 9298748 410428 10153462 631510 10138094 633632 
 9.016 9.920 10264818 9298748 410428 10153462 631510 10138094 633632 
 9.131 9.874 10307060 9298748 410428 10153462 631510 10138094 633632 
 9.154 9.874 10349302 9298748 410428 10153462 631510 10138094 633632 
 9.268 9.874 10391544 9298748 410428 10153462 631510 10138094 633632 
 9.291 9.863 10433788 9298748 410428 10153462 631510 10138094 633632 
 9.348 9.874 10476030 9298748 410428 10153462 631510 10138094 633632 
 9.417 9.874 10518272 9298748 410428 10153462 631510 10138094 633632 
