Thread[Thread-1,5,main] 4.748 5.069 0 0 0 17292 17292 0 0 
 6.018 5.149 42244 0 0 17292 17292 0 0 
 7.266 5.206 84486 0 0 17292 17292 0 0 
 8.398 5.297 126728 0 0 17292 17292 0 0 
 9.497 5.446 168970 0 0 17292 17292 0 0 
 10.595 5.686 211212 0 0 17292 17292 0 0 
 11.568 5.973 253454 0 0 17292 17292 0 0 
 12.472 6.190 295698 0 0 17292 17292 0 0 
 13.273 6.556 337938 0 0 17292 17292 0 0 
 14.039 6.808 380182 0 0 397470 380178 380182 380182 
 13.753 7.048 422422 0 0 397470 380178 380182 380182 
 13.673 7.357 464664 0 0 397470 380178 380182 380182 
 13.559 7.666 506906 0 0 397470 380178 380182 380182 
 13.502 7.952 549146 0 0 397470 380178 380182 380182 
 13.444 8.250 591388 0 0 397470 380178 380182 380182 
 13.399 8.467 633630 0 0 397470 380178 380182 380182 
 13.341 8.753 675874 0 0 397470 380178 380182 380182 
 13.250 8.925 718114 0 0 397470 380178 380182 380182 
 13.216 9.199 760354 0 0 397470 380178 380182 380182 
 13.136 9.359 802596 0 0 397470 380178 380182 380182 
 13.101 9.600 844838 0 0 397470 380178 380182 380182 
 12.964 9.703 887082 0 0 904370 506900 887082 506900 
 12.518 9.886 929322 0 0 904370 506900 887082 506900 
 11.568 10.149 1013808 0 0 904370 506900 887082 506900 
 10.698 10.412 1098292 0 0 904370 506900 887082 506900 
 10.286 10.389 1140534 0 0 904370 506900 887082 506900 
 9.520 10.458 1225018 0 0 904370 506900 887082 506900 
 9.154 10.458 1267258 0 0 904370 506900 887082 506900 
 8.490 10.424 1351744 0 0 904370 506900 887082 506900 
 8.169 10.366 1393984 0 0 904370 506900 887082 506900 
 7.552 10.275 1478470 0 0 904370 506900 887082 506900 
 7.300 10.275 1520712 0 0 1538000 633630 1520712 633630 
 7.368 10.115 1605194 0 0 1538000 633630 1520712 633630 
 7.471 10.046 1689678 0 0 1538000 633630 1520712 633630 
 7.586 9.920 1774162 0 0 1538000 633630 1520712 633630 
 7.632 9.829 1858646 0 0 1538000 633630 1520712 633630 
 7.689 9.749 1900886 0 0 1538000 633630 1520712 633630 
 7.758 9.680 1985372 0 0 1538000 633630 1520712 633630 
 7.780 9.668 2027612 0 0 1538000 633630 1520712 633630 
 7.861 9.623 2112096 0 0 1538000 633630 1520712 633630 
 7.861 9.634 2154338 0 0 1538000 633630 1520712 633630 
 7.941 9.577 2238822 0 0 1538000 633630 1520712 633630 
 7.952 9.565 2281062 0 0 1538000 633630 1520712 633630 
 7.964 9.497 2365548 0 0 1538000 633630 1520712 633630 
 8.089 9.508 2407790 0 0 1538000 633630 1520712 633630 
 8.147 9.543 2492274 0 0 1538000 633630 1520712 633630 
 8.101 9.462 2534514 0 0 1538000 633630 1520712 633630 
 8.169 9.508 2618998 0 0 2636286 1098286 2618998 1098286 
 8.353 9.440 2703482 0 0 2636286 1098286 2618998 1098286 
 8.501 9.440 2787966 0 0 2636286 1098286 2618998 1098286 
 8.707 9.497 2872450 0 0 2636286 1098286 2618998 1098286 
 8.867 9.474 2956934 0 0 2636286 1098286 2618998 1098286 
 8.959 9.508 3041418 0 0 2636286 1098286 2618998 1098286 
 9.142 9.565 3125902 0 0 2636286 1098286 2618998 1098286 
 9.257 9.588 3210386 0 0 2636286 1098286 2618998 1098286 
 9.359 9.646 3294870 0 0 2636286 1098286 2618998 1098286 
 9.440 9.726 3379354 0 0 3394722 758436 3379354 760356 
 9.325 9.737 3421596 0 0 3394722 758436 3379354 760356 
 9.142 9.771 3506080 0 0 3394722 758436 3379354 760356 
 9.085 9.817 3548322 0 0 3394722 758436 3379354 760356 
 8.959 9.955 3632806 0 0 3394722 758436 3379354 760356 
 8.696 9.863 3801888 0 0 3394722 758436 3379354 760356 
 8.581 9.909 3886256 0 0 3394722 758436 3379354 760356 
 8.501 9.817 3928498 0 0 3394722 758436 3379354 760356 
 8.398 9.829 4012984 0 0 4030272 635550 4012984 633630 
 8.375 9.817 4097466 0 0 4030272 635550 4012984 633630 
 8.410 9.840 4139708 0 0 4030272 635550 4012984 633630 
 8.456 9.874 4224192 0 0 4030272 635550 4012984 633630 
 8.433 9.783 4308676 0 0 4030272 635550 4012984 633630 
 8.433 9.806 4350920 0 0 4368208 337936 4350920 337936 
 8.456 9.771 4393160 0 0 4368208 337936 4350920 337936 
 8.490 9.783 4477644 0 0 4368208 337936 4350920 337936 
 8.456 9.737 4519886 0 0 4368208 337936 4350920 337936 
 8.490 9.737 4604370 0 0 4368208 337936 4350920 337936 
 8.490 9.794 4646610 0 0 4368208 337936 4350920 337936 
 8.501 9.749 4731094 0 0 4368208 337936 4350920 337936 
 8.501 9.771 4773336 0 0 4368208 337936 4350920 337936 
 8.501 9.726 4857820 0 0 4368208 337936 4350920 337936 
 8.467 9.726 4900062 0 0 4368208 337936 4350920 337936 
 8.547 9.771 4984548 0 0 5001836 633628 4984548 633628 
 8.536 9.703 5026788 0 0 5001836 633628 4984548 633628 
 8.536 9.703 5111274 0 0 5001836 633628 4984548 633628 
 8.547 9.726 5153514 0 0 5001836 633628 4984548 633628 
 8.570 9.749 5238000 0 0 5001836 633628 4984548 633628 
 8.547 9.714 5280240 0 0 5001836 633628 4984548 633628 
 8.547 9.680 5364726 0 0 5001836 633628 4984548 633628 
 8.581 9.737 5406966 0 0 5001836 633628 4984548 633628 
 8.547 9.726 5491452 0 0 5001836 633628 4984548 633628 
 8.559 9.737 5533694 0 0 5001836 633628 4984548 633628 
 8.581 9.714 5618178 0 0 5635466 633630 5618178 633630 
 8.570 9.726 5660418 0 0 5635466 633630 5618178 633630 
 8.581 9.749 5744904 0 0 5635466 633630 5618178 633630 
 8.581 9.726 5787146 0 0 5635466 633630 5618178 633630 
 8.593 9.737 5871630 0 0 5635466 633630 5618178 633630 
 8.593 9.691 5913872 0 0 5635466 633630 5618178 633630 
 8.581 9.714 5998354 0 0 5635466 633630 5618178 633630 
 8.581 9.737 6040596 0 0 5635466 633630 5618178 633630 
 8.559 9.771 6125080 0 0 5635466 633630 5618178 633630 
 8.581 9.714 6167322 0 0 5635466 633630 5618178 633630 
 8.581 9.749 6251806 0 0 6269094 633628 6251806 633628 
 8.570 9.714 6294048 0 0 6269094 633628 6251806 633628 
 8.627 9.691 6378532 0 0 6269094 633628 6251806 633628 
 8.627 9.726 6420774 0 0 6269094 633628 6251806 633628 
 8.616 9.783 6505258 0 0 6269094 633628 6251806 633628 
 8.593 9.726 6547500 0 0 6269094 633628 6251806 633628 
 8.593 9.726 6631984 0 0 6269094 633628 6251806 633628 
 8.627 9.726 6674226 0 0 6269094 633628 6251806 633628 
 8.616 9.771 6758710 0 0 6269094 633628 6251806 633628 
 8.662 9.680 6800952 0 0 6818240 549146 6800952 549146 
 8.662 9.737 6843192 0 0 6818240 549146 6800952 549146 
 8.673 9.783 6927676 0 0 6818240 549146 6800952 549146 
 8.639 9.737 6969918 0 0 6818240 549146 6800952 549146 
 8.673 9.783 7054402 0 0 6818240 549146 6800952 549146 
 8.696 9.726 7096644 0 0 6818240 549146 6800952 549146 
 8.684 9.794 7181128 0 0 6818240 549146 6800952 549146 
 8.650 9.737 7223370 0 0 6818240 549146 6800952 549146 
 8.662 9.783 7307854 0 0 6818240 549146 6800952 549146 
 8.684 9.726 7350094 0 0 7367384 549144 7350094 549142 
 8.696 9.737 7392336 0 0 7367384 549144 7350094 549142 
 8.639 9.783 7476820 0 0 7367384 549144 7350094 549142 
 8.639 9.726 7519062 0 0 7367384 549144 7350094 549142 
 8.627 9.749 7603546 0 0 7367384 549144 7350094 549142 
 8.581 9.726 7645788 0 0 7367384 549144 7350094 549142 
 8.593 9.806 7730272 0 0 7367384 549144 7350094 549142 
 8.547 9.771 7772514 0 0 7367384 549144 7350094 549142 
 8.570 9.817 7856998 0 0 7367384 549144 7350094 549142 
 8.581 9.749 7899240 0 0 7367384 549144 7350094 549142 
 8.547 9.771 7983724 0 0 8001016 633632 7983724 633630 
 8.547 9.771 8025966 0 0 8001016 633632 7983724 633630 
 8.536 9.737 8110450 0 0 8001016 633632 7983724 633630 
 8.536 9.737 8152692 0 0 8001016 633632 7983724 633630 
 8.501 9.737 8237174 0 0 8001016 633632 7983724 633630 
 8.501 9.760 8279414 0 0 8001016 633632 7983724 633630 
 8.501 9.771 8363898 0 0 8001016 633632 7983724 633630 
 9.108 9.840 8448382 0 0 8001016 633632 7983724 633630 
 9.474 9.874 8490624 0 0 8001016 633632 7983724 633630 
 10.183 9.943 8575108 8576926 575910 8001016 633632 7983724 633630 
 10.538 9.966 8617546 8619860 42934 8001016 633632 8617546 633822 
 10.527 9.966 8659788 8662212 42352 8001016 633632 8617546 633822 
 10.298 10.057 8702032 8662212 42352 8001016 633632 8617546 633822 
 10.046 10.092 8744274 8662212 42352 8001016 633632 8617546 633822 
 9.749 10.103 8786512 8662212 42352 8001016 633632 8617546 633822 
 9.462 10.149 8828754 8662212 42352 8001016 633632 8617546 633822 
 9.268 10.195 8870996 8662212 42352 8001016 633632 8617546 633822 
 9.028 10.160 8913236 8662212 42352 8001016 633632 8617546 633822 
 8.810 10.183 8955480 8662212 42352 8001016 633632 8617546 633822 
 8.581 10.149 8997720 8662212 42352 8001016 633632 8617546 633822 
 8.375 10.149 9039964 8662212 42352 8001016 633632 8617546 633822 
 8.169 10.103 9082204 8662212 42352 8001016 633632 8617546 633822 
 7.964 10.069 9124446 8662212 42352 8001016 633632 8617546 633822 
 7.769 10.092 9166690 8662212 42352 8001016 633632 8617546 633822 
 7.620 10.012 9208936 8662212 42352 8001016 633632 8617546 633822 
 7.449 9.932 9251176 8662212 42352 9268270 606058 9251176 633630 
 7.506 9.874 9293416 8662212 42352 9268270 606058 9251176 633630 
 7.609 9.874 9335656 8662212 42352 9268270 606058 9251176 633630 
 7.689 9.817 9377894 8662212 42352 9268270 606058 9251176 633630 
 7.803 9.794 9420136 8662212 42352 9268270 606058 9251176 633630 
 7.883 9.817 9462380 8662212 42352 9268270 606058 9251176 633630 
 7.952 9.817 9504620 8662212 42352 9268270 606058 9251176 633630 
 8.078 9.737 9546862 8662212 42352 9268270 606058 9251176 633630 
 8.112 9.668 9589104 8662212 42352 9268270 606058 9251176 633630 
 8.181 9.726 9631346 8662212 42352 9268270 606058 9251176 633630 
 8.215 9.691 9673586 8662212 42352 9268270 606058 9251176 633630 
 8.353 9.691 9715828 8662212 42352 9268270 606058 9251176 633630 
 8.375 9.634 9758068 8662212 42352 9268270 606058 9251176 633630 
 8.444 9.680 9800308 8662212 42352 9268270 606058 9251176 633630 
 8.501 9.680 9842550 8662212 42352 9268270 606058 9251176 633630 
 8.547 9.646 9884792 8662212 42352 9901888 633618 9884792 633616 
 8.593 9.646 9927030 8662212 42352 9901888 633618 9884792 633616 
 8.593 9.623 9969272 8662212 42352 9901888 633618 9884792 633616 
 8.662 9.691 10011514 8662212 42352 9901888 633618 9884792 633616 
 8.684 9.634 10053758 8662212 42352 9901888 633618 9884792 633616 
 8.696 9.646 10096000 8662212 42352 9901888 633618 9884792 633616 
 8.730 9.691 10138242 8662212 42352 9901888 633618 9884792 633616 
 8.719 9.680 10180482 8662212 42352 9901888 633618 9884792 633616 
 8.776 9.680 10222726 8662212 42352 9901888 633618 9884792 633616 
 8.810 9.668 10264966 8662212 42352 10282064 380176 10264966 380174 
 8.787 9.691 10307208 8662212 42352 10282064 380176 10264966 380174 
 8.776 9.680 10349448 8662212 42352 10282064 380176 10264966 380174 
 8.730 9.714 10391692 8662212 42352 10282064 380176 10264966 380174 
 8.742 9.680 10433934 8662212 42352 10282064 380176 10264966 380174 
 8.787 9.691 10476178 8662212 42352 10282064 380176 10264966 380174 
 8.730 9.726 10518416 8662212 42352 10282064 380176 10264966 380174 
