Thread[Thread-1,5,main] 5.114 5.103 0 0 0 17290 17290 0 0 
 7.574 5.194 84482 0 0 17290 17290 0 0 
 9.829 5.515 168968 0 0 17290 17290 0 0 
 12.060 5.984 253452 0 0 17290 17290 0 0 
 13.845 6.625 337932 0 0 17290 17290 0 0 
 15.584 7.266 422416 0 0 17290 17290 0 0 
 17.152 8.078 506900 0 0 17290 17290 0 0 
 18.628 8.822 591384 0 0 17290 17290 0 0 
 18.662 9.371 675868 677690 660400 17290 17290 0 0 
 17.735 9.703 718298 677690 660400 17290 17290 0 0 
 16.683 9.966 760366 677690 660400 777824 100134 760366 760366 
 15.767 10.298 802592 677690 660400 777824 100134 760366 760366 
 14.909 10.469 844834 677690 660400 777824 100134 760366 760366 
 14.039 10.607 887100 677690 660400 777824 100134 760366 760366 
 13.250 10.733 929320 677690 660400 777824 100134 760366 760366 
 12.438 10.870 971584 677690 660400 777824 100134 760366 760366 
 11.694 11.007 1013826 677690 660400 777824 100134 760366 760366 
 11.007 11.007 1056044 677690 660400 777824 100134 760366 760366 
 10.321 11.030 1098286 677690 660400 777824 100134 760366 760366 
 9.623 11.019 1140526 677690 660400 777824 100134 760366 760366 
 8.970 11.053 1182792 677690 660400 777824 100134 760366 760366 
 8.353 10.973 1225036 677690 660400 777824 100134 760366 760366 
 7.769 10.893 1267254 677690 660400 777824 100134 760366 760366 
 7.185 10.836 1309494 677690 660400 777824 100134 760366 760366 
 6.659 10.653 1351758 677690 660400 777824 100134 760366 760366 
 6.167 10.550 1393978 677690 660400 1411444 633620 1393978 633612 
 6.259 10.424 1436220 677690 660400 1411444 633620 1393978 633612 
 6.396 10.321 1478462 677690 660400 1411444 633620 1393978 633612 
 6.590 10.195 1520704 677690 660400 1411444 633620 1393978 633612 
 6.819 10.012 1562946 677690 660400 1411444 633620 1393978 633612 
 6.979 9.966 1605188 677690 660400 1411444 633620 1393978 633612 
 7.105 9.829 1647430 677690 660400 1411444 633620 1393978 633612 
 7.266 9.783 1689672 677690 660400 1411444 633620 1393978 633612 
 7.449 9.726 1731914 677690 660400 1411444 633620 1393978 633612 
 7.574 9.680 1774156 677690 660400 1411444 633620 1393978 633612 
 7.723 9.565 1816398 677690 660400 1411444 633620 1393978 633612 
 7.815 9.554 1858640 677690 660400 1411444 633620 1393978 633612 
 7.975 9.554 1900882 677690 660400 1411444 633620 1393978 633612 
 8.112 9.508 1943124 677690 660400 1411444 633620 1393978 633612 
 8.215 9.485 1985366 677690 660400 1411444 633620 1393978 633612 
 8.284 9.497 2027610 677690 660400 2042978 631534 2027610 633632 
 8.490 9.451 2069850 677690 660400 2042978 631534 2027610 633632 
 8.639 9.451 2112092 677690 660400 2042978 631534 2027610 633632 
 8.822 9.371 2154334 677690 660400 2042978 631534 2027610 633632 
 8.948 9.428 2196576 677690 660400 2042978 631534 2027610 633632 
 9.096 9.405 2238818 677690 660400 2042978 631534 2027610 633632 
 9.222 9.417 2281062 677690 660400 2042978 631534 2027610 633632 
 9.325 9.462 2323302 677690 660400 2042978 631534 2027610 633632 
 9.462 9.474 2365546 677690 660400 2042978 631534 2027610 633632 
 9.565 9.497 2407788 677690 660400 2042978 631534 2027610 633632 
 9.657 9.543 2450030 677690 660400 2042978 631534 2450030 422420 
 9.691 9.554 2492272 677690 660400 2042978 631534 2450030 422420 
 9.703 9.634 2534514 677690 660400 2042978 631534 2450030 422420 
 9.657 9.600 2576756 677690 660400 2042978 631534 2450030 422420 
 9.646 9.611 2618998 677690 660400 2042978 631534 2450030 422420 
 9.680 9.703 2661240 677690 660400 2042978 631534 2450030 422420 
 9.691 9.680 2703482 677690 660400 2042978 631534 2450030 422420 
 9.680 9.726 2745724 677690 660400 2042978 631534 2450030 422420 
 9.680 9.726 2787966 677690 660400 2042978 631534 2450030 422420 
 9.680 9.737 2830208 677690 660400 2042978 631534 2450030 422420 
 9.680 9.771 2872450 677690 660400 2042978 631534 2450030 422420 
 9.634 9.817 2914692 677690 660400 2042978 631534 2450030 422420 
 9.646 9.737 2956934 677690 660400 2042978 631534 2450030 422420 
 9.611 9.817 2999176 677690 660400 2042978 631534 2450030 422420 
 9.634 9.794 3041420 677690 660400 3056790 1013812 3041420 591390 
 9.634 9.955 3083660 677690 660400 3056790 1013812 3041420 591390 
 9.543 9.840 3125902 677690 660400 3056790 1013812 3041420 591390 
 9.543 9.920 3168144 677690 660400 3056790 1013812 3041420 591390 
 9.417 9.909 3210386 677690 660400 3056790 1013812 3041420 591390 
 9.428 9.920 3252628 677690 660400 3056790 1013812 3041420 591390 
 9.382 9.920 3294872 677690 660400 3056790 1013812 3041420 591390 
 9.314 9.909 3337114 677690 660400 3056790 1013812 3041420 591390 
 9.291 9.920 3379356 677690 660400 3056790 1013812 3041420 591390 
 9.234 9.909 3421596 677690 660400 3056790 1013812 3041420 591390 
 9.176 9.920 3463840 677690 660400 3056790 1013812 3041420 591390 
 9.176 9.909 3506082 677690 660400 3056790 1013812 3041420 591390 
 9.176 9.909 3548324 677690 660400 3056790 1013812 3041420 591390 
 9.131 9.909 3590566 677690 660400 3056790 1013812 3041420 591390 
 9.131 9.909 3632808 677690 660400 3056790 1013812 3041420 591390 
 9.085 9.977 3675050 677690 660400 3692546 635756 3675050 633630 
 9.005 9.863 3717292 677690 660400 3692546 635756 3675050 633630 
 9.039 9.920 3759534 677690 660400 3692546 635756 3675050 633630 
 9.051 9.874 3801776 677690 660400 3692546 635756 3675050 633630 
 9.039 9.863 3844018 677690 660400 3692546 635756 3675050 633630 
 9.085 9.817 3886260 677690 660400 3692546 635756 3675050 633630 
 9.062 9.852 3928502 677690 660400 3692546 635756 3675050 633630 
 9.005 9.817 3970744 677690 660400 3692546 635756 3675050 633630 
 9.051 9.840 4012986 677690 660400 3692546 635756 3675050 633630 
 9.039 9.794 4055228 677690 660400 3692546 635756 3675050 633630 
 9.051 9.817 4097470 677690 660400 3692546 635756 3675050 633630 
 9.051 9.817 4139712 677690 660400 3692546 635756 3675050 633630 
 9.062 9.817 4181954 677690 660400 3692546 635756 3675050 633630 
 9.039 9.817 4224196 677690 660400 3692546 635756 3675050 633630 
 9.039 9.771 4266438 677690 660400 3692546 635756 3675050 633630 
 9.039 9.817 4308682 677690 660400 4326152 633606 4308682 633632 
 8.959 9.840 4350922 677690 660400 4326152 633606 4308682 633632 
 9.051 9.817 4393164 677690 660400 4326152 633606 4308682 633632 
 9.073 9.771 4435408 677690 660400 4326152 633606 4308682 633632 
 9.131 9.737 4477650 677690 660400 4326152 633606 4308682 633632 
 9.108 9.771 4519892 677690 660400 4326152 633606 4308682 633632 
 9.108 9.771 4562134 677690 660400 4326152 633606 4308682 633632 
 9.131 9.771 4604376 677690 660400 4326152 633606 4308682 633632 
 9.176 9.794 4646618 677690 660400 4326152 633606 4308682 633632 
 9.176 9.726 4688860 677690 660400 4326152 633606 4308682 633632 
 9.176 9.817 4731102 677690 660400 4326152 633606 4308682 633632 
 9.188 9.726 4773344 677690 660400 4326152 633606 4308682 633632 
 9.188 9.726 4815586 677690 660400 4326152 633606 4308682 633632 
 9.222 9.771 4857828 677690 660400 4326152 633606 4308682 633632 
 9.268 9.771 4900068 677690 660400 4326152 633606 4308682 633632 
 9.268 9.783 4942310 677690 660400 4959788 633636 4942310 633628 
 9.234 9.771 4984552 677690 660400 4959788 633636 4942310 633628 
 9.199 9.817 5026794 677690 660400 4959788 633636 4942310 633628 
 9.222 9.794 5069036 677690 660400 4959788 633636 4942310 633628 
 9.222 9.749 5111278 677690 660400 4959788 633636 4942310 633628 
 9.222 9.783 5153520 677690 660400 4959788 633636 4942310 633628 
 9.211 9.794 5195762 677690 660400 4959788 633636 4942310 633628 
 9.211 9.794 5238004 677690 660400 4959788 633636 4942310 633628 
 9.176 9.783 5280246 677690 660400 4959788 633636 4942310 633628 
 9.188 9.817 5322488 677690 660400 4959788 633636 4942310 633628 
 9.211 9.783 5364730 677690 660400 4959788 633636 4942310 633628 
 9.176 9.794 5406972 677690 660400 4959788 633636 4942310 633628 
 9.154 9.726 5449216 677690 660400 4959788 633636 4942310 633628 
 9.199 9.794 5491458 677690 660400 4959788 633636 4942310 633628 
 9.131 9.806 5533700 677690 660400 4959788 633636 4942310 633628 
 9.176 9.771 5575942 677690 660400 5593406 633618 5575942 633632 
 9.142 9.829 5618184 677690 660400 5593406 633618 5575942 633632 
 9.154 9.783 5660424 677690 660400 5593406 633618 5575942 633632 
 9.096 9.771 5702666 677690 660400 5593406 633618 5575942 633632 
 9.176 9.863 5744908 677690 660400 5593406 633618 5575942 633632 
 9.188 9.852 5787150 677690 660400 5593406 633618 5575942 633632 
 9.176 9.783 5829390 677690 660400 5593406 633618 5575942 633632 
 9.154 9.771 5871632 677690 660400 5593406 633618 5575942 633632 
 9.199 9.806 5913872 677690 660400 5593406 633618 5575942 633632 
 9.176 9.760 5956114 677690 660400 5593406 633618 5575942 633632 
 9.142 9.840 5998354 677690 660400 5593406 633618 5575942 633632 
 9.131 9.829 6040596 677690 660400 5593406 633618 5575942 633632 
 9.176 9.783 6082838 677690 660400 5593406 633618 5575942 633632 
 9.142 9.783 6125080 677690 660400 5593406 633618 5575942 633632 
 9.165 9.829 6167322 677690 660400 5593406 633618 5575942 633632 
 9.222 9.863 6209566 677690 660400 6227034 633628 6209566 633624 
 9.188 9.817 6251806 677690 660400 6227034 633628 6209566 633624 
 9.131 9.794 6294048 677690 660400 6227034 633628 6209566 633624 
 9.176 9.817 6336290 677690 660400 6227034 633628 6209566 633624 
 9.154 9.783 6378532 677690 660400 6227034 633628 6209566 633624 
 9.142 9.817 6420776 677690 660400 6227034 633628 6209566 633624 
 9.154 9.783 6463018 677690 660400 6227034 633628 6209566 633624 
 9.085 9.771 6505260 677690 660400 6227034 633628 6209566 633624 
 9.131 9.783 6547502 677690 660400 6227034 633628 6209566 633624 
 9.096 9.771 6589744 677690 660400 6227034 633628 6209566 633624 
 9.096 9.771 6631986 677690 660400 6227034 633628 6209566 633624 
 9.096 9.771 6674228 677690 660400 6227034 633628 6209566 633624 
 9.131 9.783 6716470 677690 660400 6227034 633628 6209566 633624 
 9.131 9.829 6758712 677690 660400 6227034 633628 6209566 633624 
 9.142 9.726 6800954 677690 660400 6227034 633628 6209566 633624 
 9.085 9.817 6843196 677690 660400 6860662 633628 6843196 633630 
 9.131 9.737 6885438 677690 660400 6860662 633628 6843196 633630 
 9.119 9.783 6927680 677690 660400 6860662 633628 6843196 633630 
 9.142 9.817 6969922 677690 660400 6860662 633628 6843196 633630 
 9.154 9.771 7012164 677690 660400 6860662 633628 6843196 633630 
 9.154 9.771 7054406 677690 660400 6860662 633628 6843196 633630 
 9.188 9.749 7096648 677690 660400 6860662 633628 6843196 633630 
 9.176 9.783 7138890 677690 660400 6860662 633628 6843196 633630 
 9.222 9.783 7181132 677690 660400 6860662 633628 6843196 633630 
 9.279 9.840 7223374 677690 660400 6860662 633628 6843196 633630 
 9.257 9.783 7265616 677690 660400 6860662 633628 6843196 633630 
 9.279 9.771 7307858 677690 660400 6860662 633628 6843196 633630 
 9.314 9.829 7350100 677690 660400 7367578 506916 7350100 506904 
 9.257 9.771 7392340 677690 660400 7367578 506916 7350100 506904 
 9.325 9.829 7434582 677690 660400 7367578 506916 7350100 506904 
 9.302 9.817 7476826 677690 660400 7367578 506916 7350100 506904 
 9.291 9.829 7519068 677690 660400 7367578 506916 7350100 506904 
 9.279 9.806 7561310 677690 660400 7367578 506916 7350100 506904 
 9.268 9.794 7603552 677690 660400 7367578 506916 7350100 506904 
 9.257 9.909 7645794 677690 660400 7367578 506916 7350100 506904 
 9.245 9.863 7688036 677690 660400 7367578 506916 7350100 506904 
 9.222 9.829 7730278 677690 660400 7367578 506916 7350100 506904 
 9.257 9.852 7772520 677690 660400 7367578 506916 7350100 506904 
 9.234 9.783 7814762 677690 660400 7367578 506916 7350100 506904 
 9.234 9.829 7857004 677690 660400 7367578 506916 7350100 506904 
 9.176 9.829 7899246 677690 660400 7367578 506916 7350100 506904 
 9.222 9.829 7941488 677690 660400 7367578 506916 7350100 506904 
 9.176 9.897 7983730 677690 660400 8001200 633622 7983730 633630 
 9.176 9.829 8025970 677690 660400 8001200 633622 7983730 633630 
 9.188 9.817 8068212 677690 660400 8001200 633622 7983730 633630 
 9.176 9.794 8110454 677690 660400 8001200 633622 7983730 633630 
 9.176 9.829 8152696 677690 660400 8001200 633622 7983730 633630 
 9.176 9.852 8194938 677690 660400 8001200 633622 7983730 633630 
 9.142 9.783 8237180 677690 660400 8001200 633622 7983730 633630 
 9.154 9.783 8279422 677690 660400 8001200 633622 7983730 633630 
 9.142 9.817 8321664 677690 660400 8001200 633622 7983730 633630 
 9.142 9.863 8363906 677690 660400 8001200 633622 7983730 633630 
 9.359 9.863 8406148 677690 660400 8001200 633622 7983730 633630 
 9.691 9.840 8448390 677690 660400 8001200 633622 7983730 633630 
 10.069 9.909 8490632 677690 660400 8001200 633622 7983730 633630 
 10.412 9.955 8532876 8534280 533080 8001200 633622 7983730 633630 
 10.778 10.012 8575116 8576596 42316 8001200 633622 7983730 633630 
 11.110 10.023 8617360 8618752 42156 8001200 633622 8617360 633630 
 11.122 10.046 8659602 8660952 42200 8001200 633622 8617360 633630 
 10.870 10.103 8701842 8660952 42200 8001200 633622 8617360 633630 
 10.641 10.103 8744084 8660952 42200 8001200 633622 8617360 633630 
 10.378 10.229 8786326 8660952 42200 8001200 633622 8617360 633630 
 10.149 10.195 8828568 8660952 42200 8001200 633622 8617360 633630 
 9.932 10.252 8870808 8660952 42200 8001200 633622 8617360 633630 
 9.680 10.206 8913050 8660952 42200 8001200 633622 8617360 633630 
 9.531 10.275 8955292 8660952 42200 8001200 633622 8617360 633630 
 9.279 10.298 8997534 8660952 42200 8001200 633622 8617360 633630 
 9.119 10.229 9039774 8660952 42200 8001200 633622 8617360 633630 
 8.913 10.183 9082016 8660952 42200 8001200 633622 8617360 633630 
 8.719 10.160 9124258 8660952 42200 8001200 633622 8617360 633630 
 8.559 10.160 9166500 8660952 42200 8001200 633622 8617360 633630 
 8.398 10.138 9208742 8660952 42200 8001200 633622 8617360 633630 
 8.215 10.092 9250984 8660952 42200 9268300 607348 9250984 633624 
 8.307 10.092 9293226 8660952 42200 9268300 607348 9250984 633624 
 8.307 10.012 9335470 8660952 42200 9268300 607348 9250984 633624 
 8.387 9.966 9377710 8660952 42200 9268300 607348 9250984 633624 
 8.478 9.966 9419952 8660952 42200 9268300 607348 9250984 633624 
 8.536 9.909 9462194 8660952 42200 9268300 607348 9250984 633624 
 8.559 9.874 9504436 8660952 42200 9268300 607348 9250984 633624 
 8.673 9.863 9546678 8660952 42200 9268300 607348 9250984 633624 
 8.719 9.863 9588920 8660952 42200 9268300 607348 9250984 633624 
 8.730 9.783 9631162 8660952 42200 9268300 607348 9250984 633624 
 8.799 9.783 9673404 8660952 42200 9268300 607348 9250984 633624 
 8.776 9.783 9715648 8660952 42200 9268300 607348 9250984 633624 
 8.879 9.771 9757890 8660952 42200 9268300 607348 9250984 633624 
 8.867 9.737 9800132 8660952 42200 9268300 607348 9250984 633624 
 8.936 9.771 9842370 8660952 42200 9268300 607348 9250984 633624 
 8.993 9.680 9884614 8660952 42200 9902092 633792 9884614 633630 
 9.039 9.771 9926856 8660952 42200 9902092 633792 9884614 633630 
 9.051 9.726 9969096 8660952 42200 9902092 633792 9884614 633630 
 9.073 9.726 10011338 8660952 42200 9902092 633792 9884614 633630 
 9.131 9.726 10053580 8660952 42200 9902092 633792 9884614 633630 
 9.131 9.691 10095822 8660952 42200 9902092 633792 9884614 633630 
 9.142 9.737 10138064 8660952 42200 9902092 633792 9884614 633630 
 9.222 9.714 10180306 8660952 42200 9902092 633792 9884614 633630 
 9.234 9.771 10222546 8660952 42200 9902092 633792 9884614 633630 
 9.268 9.771 10264788 8660952 42200 10282278 380186 10264788 380174 
 9.279 9.771 10307030 8660952 42200 10282278 380186 10264788 380174 
 9.245 9.771 10349272 8660952 42200 10282278 380186 10264788 380174 
 9.314 9.749 10391514 8660952 42200 10282278 380186 10264788 380174 
 9.279 9.749 10433756 8660952 42200 10282278 380186 10264788 380174 
 9.245 9.771 10475998 8660952 42200 10282278 380186 10264788 380174 
 9.279 9.806 10518240 8660952 42200 10282278 380186 10264788 380174 
