Thread[Thread-1,5,main] 5.767 5.114 327.256 332.099 0 0 0 17290 17290 20 20 
 7.117 5.206 290.421 323.471 42440 0 0 17290 17290 20 20 
 8.227 5.309 256.309 322.012 84486 0 0 17290 17290 20 20 
 9.405 5.423 239.277 320.857 126930 0 0 17290 17290 20 20 
 10.469 5.629 227.758 319.428 168970 0 0 17290 17290 20 20 
 11.442 5.858 208.922 318.015 211224 0 0 17290 17290 20 20 
 12.300 6.156 198.653 316.617 253468 0 0 17290 17290 20 20 
 13.216 6.430 189.769 315.235 295710 0 0 17290 17290 20 20 
 14.085 6.751 183.997 313.868 337952 0 0 17290 17290 20 20 
 14.989 7.037 182.539 312.516 380194 0 0 397670 380380 380198 380178 
 14.703 7.266 174.813 188.582 422422 0 0 397670 380380 380198 380178 
 14.577 7.586 148.683 187.578 464666 0 0 397670 380380 380198 380178 
 14.486 7.861 130.449 186.576 506908 0 0 397670 380380 380198 380178 
 14.360 8.124 109.918 185.578 549150 0 0 397670 380380 380198 380178 
 14.348 8.387 97.875 184.583 591392 0 0 397670 380380 380198 380178 
 14.257 8.639 85.095 183.590 633634 0 0 397670 380380 380198 380178 
 14.177 8.902 71.907 182.601 675876 0 0 397670 380380 380198 380178 
 14.085 9.176 65.243 181.614 718116 0 0 397670 380380 380198 380178 
 14.028 9.279 58.531 180.631 760358 0 0 397670 380380 380198 380178 
 13.959 9.508 52.620 179.650 802598 0 0 397670 380380 380198 380178 
 13.891 9.714 48.831 178.673 844840 0 0 862128 464458 844844 464646 
 13.444 9.852 39.009 48.745 887082 0 0 862128 464458 844844 464646 
 13.033 10.012 28.362 48.308 929324 0 0 862128 464458 844844 464646 
 12.655 10.138 21.101 47.875 971566 0 0 862128 464458 844844 464646 
 12.243 10.275 15.111 47.445 1013808 0 0 862128 464458 844844 464646 
 11.877 10.378 10.158 47.019 1056050 0 0 862128 464458 844844 464646 
 11.511 10.458 7.099 46.596 1098292 0 0 862128 464458 844844 464646 
 11.156 10.561 5.626 46.177 1140534 0 0 862128 464458 844844 464646 
 10.824 10.561 5.236 45.761 1182776 0 0 862128 464458 844844 464646 
 10.504 10.641 3.758 45.348 1225018 0 0 862128 464458 844844 464646 
 10.183 10.607 3.181 44.939 1267260 0 0 862128 464458 844844 464646 
 9.909 10.653 3.802 44.533 1309502 0 0 862128 464458 844844 464646 
 9.600 10.618 4.246 44.130 1351744 0 0 862128 464458 844844 464646 
 9.314 10.607 5.436 43.731 1393988 0 0 862128 464458 844844 464646 
 9.062 10.572 6.861 43.335 1436228 0 0 862128 464458 844844 464646 
 8.833 10.550 8.158 42.943 1478472 0 0 1495760 633632 1478474 633630 
 8.822 10.469 9.441 10.269 1520714 0 0 1495760 633632 1478474 633630 
 8.719 10.458 9.128 10.202 1562956 0 0 1495760 633632 1478474 633630 
 8.719 10.378 8.934 10.136 1605198 0 0 1495760 633632 1478474 633630 
 8.684 10.366 9.400 10.070 1647440 0 0 1495760 633632 1478474 633630 
 8.627 10.286 8.806 10.004 1689680 0 0 1495760 633632 1478474 633630 
 8.627 10.321 9.411 9.939 1731924 0 0 1495760 633632 1478474 633630 
 8.627 10.229 8.571 9.875 1774166 0 0 1495760 633632 1478474 633630 
 8.570 10.195 9.066 9.810 1816406 0 0 1495760 633632 1478474 633630 
 8.501 10.149 9.425 9.746 1858648 0 0 1495760 633632 1478474 633630 
 8.547 10.195 9.425 9.683 1900890 0 0 1918180 422420 1900894 422420 
 8.581 10.092 8.525 10.953 1943132 0 0 1918180 422420 1900894 422420 
 8.639 10.057 8.304 10.863 1985374 0 0 1918180 422420 1900894 422420 
 8.673 10.012 7.769 10.773 2027616 0 0 1918180 422420 1900894 422420 
 8.764 9.966 6.989 10.684 2069858 0 0 1918180 422420 1900894 422420 
 8.799 9.955 6.801 10.595 2112100 0 0 1918180 422420 1900894 422420 
 8.867 9.955 5.667 10.508 2154342 0 0 1918180 422420 1900894 422420 
 8.913 9.955 5.274 10.421 2196584 0 0 1918180 422420 1900894 422420 
 8.970 9.909 5.222 10.335 2238826 0 0 1918180 422420 1900894 422420 
 8.959 9.909 4.877 10.249 2281068 0 0 1918180 422420 1900894 422420 
 9.051 9.955 4.593 10.165 2323310 0 0 1918180 422420 1900894 422420 
 9.073 9.897 4.463 10.081 2365552 0 0 1918180 422420 1900894 422420 
 9.142 9.863 3.992 9.998 2407794 0 0 1918180 422420 1900894 422420 
 9.119 9.863 4.192 9.916 2450036 0 0 1918180 422420 1900894 422420 
 9.222 9.829 3.382 9.834 2492280 0 0 1918180 422420 1900894 422420 
 9.268 9.909 3.483 9.753 2534522 0 0 2551810 633630 2534524 633630 
 9.279 9.863 3.269 4.640 2576764 0 0 2551810 633630 2534524 633630 
 9.325 9.863 2.941 4.610 2619006 0 0 2551810 633630 2534524 633630 
 9.325 9.909 3.221 4.581 2661248 0 0 2551810 633630 2534524 633630 
 9.348 9.852 2.894 4.552 2703490 0 0 2551810 633630 2534524 633630 
 9.371 9.874 2.412 4.523 2745732 0 0 2551810 633630 2534524 633630 
 9.451 9.817 2.286 4.494 2787974 0 0 2551810 633630 2534524 633630 
 9.497 9.886 2.086 4.466 2830216 0 0 2551810 633630 2534524 633630 
 9.497 9.852 2.135 4.438 2872458 0 0 2551810 633630 2534524 633630 
 9.565 9.955 1.661 4.410 2914698 0 0 2551810 633630 2534524 633630 
 9.565 9.863 1.636 4.383 2956940 0 0 2551810 633630 2534524 633630 
 9.623 9.863 1.661 4.356 2999182 0 0 2551810 633630 2534524 633630 
 9.600 9.840 1.523 4.329 3041424 0 0 2551810 633630 2534524 633630 
 9.634 9.852 1.655 4.303 3083666 0 0 2551810 633630 2534524 633630 
 9.680 9.920 1.175 4.277 3125908 0 0 3143198 591388 3125912 591388 
 9.668 10.000 1.087 2.809 3168150 0 0 3143198 591388 3125912 591388 
 9.646 9.920 0.871 2.799 3210392 0 0 3143198 591388 3125912 591388 
 9.634 9.920 1.029 2.788 3252634 0 0 3143198 591388 3125912 591388 
 9.554 9.955 1.454 2.778 3294876 0 0 3143198 591388 3125912 591388 
 9.634 9.966 1.362 2.767 3337118 0 0 3143198 591388 3125912 591388 
 9.634 10.012 1.287 2.757 3379360 0 0 3143198 591388 3125912 591388 
 9.623 9.966 1.189 2.747 3421602 0 0 3143198 591388 3125912 591388 
 9.588 10.012 1.250 2.737 3463844 0 0 3143198 591388 3125912 591388 
 9.600 9.966 1.501 2.728 3506088 0 0 3523374 380176 3506090 380178 
 9.600 9.989 1.216 2.849 3548328 0 0 3523374 380176 3506090 380178 
 9.508 9.989 1.488 2.836 3590572 0 0 3523374 380176 3506090 380178 
 9.543 10.012 1.425 2.824 3632810 0 0 3523374 380176 3506090 380178 
 9.497 10.000 1.743 2.811 3675052 0 0 3523374 380176 3506090 380178 
 9.497 10.000 1.750 2.799 3717294 0 0 3523374 380176 3506090 380178 
 9.485 9.977 1.750 2.787 3759536 0 0 3523374 380176 3506090 380178 
 9.417 10.046 1.729 2.775 3801778 0 0 3523374 380176 3506090 380178 
 9.497 10.012 1.705 2.763 3844020 0 0 3861310 337936 3844022 337932 
 9.428 10.057 1.906 3.212 3886262 0 0 3861310 337936 3844022 337932 
 9.451 10.012 1.768 3.195 3928504 0 0 3861310 337936 3844022 337932 
 9.405 10.012 2.251 3.179 3970746 0 0 3861310 337936 3844022 337932 
 9.417 10.000 1.998 3.162 4012988 0 0 3861310 337936 3844022 337932 
 9.405 10.000 2.151 3.146 4055230 0 0 3861310 337936 3844022 337932 
 9.417 10.012 2.255 3.130 4097472 0 0 3861310 337936 3844022 337932 
 9.371 10.046 2.182 3.114 4139714 0 0 3861310 337936 3844022 337932 
 9.371 10.046 2.229 3.098 4181956 0 0 3861310 337936 3844022 337932 
 9.371 10.057 2.379 3.082 4224198 0 0 3861310 337936 3844022 337932 
 9.359 9.977 2.457 3.067 4266440 0 0 3861310 337936 3844022 337932 
 9.359 10.092 2.623 3.051 4308682 0 0 3861310 337936 3844022 337932 
 9.337 10.000 2.623 3.036 4350924 0 0 3861310 337936 3844022 337932 
 9.291 9.989 2.647 3.021 4393168 0 0 4408534 547224 4393170 549148 
 9.314 9.966 2.493 4.228 4435406 0 0 4408534 547224 4393170 549148 
 9.325 9.955 2.366 4.201 4477648 0 0 4408534 547224 4393170 549148 
 9.359 9.966 2.475 4.175 4519890 0 0 4408534 547224 4393170 549148 
 9.371 9.920 2.496 4.149 4562132 0 0 4408534 547224 4393170 549148 
 9.394 9.955 2.243 4.123 4604372 0 0 4408534 547224 4393170 549148 
 9.394 9.932 2.396 4.097 4646614 0 0 4408534 547224 4393170 549148 
 9.394 9.932 2.396 4.072 4688854 0 0 4408534 547224 4393170 549148 
 9.382 9.920 2.136 4.047 4731098 0 0 4408534 547224 4393170 549148 
 9.417 9.955 2.112 4.022 4773340 0 0 4408534 547224 4393170 549148 
 9.428 9.977 1.998 3.998 4815582 0 0 4408534 547224 4393170 549148 
 9.417 10.012 2.103 3.974 4857822 0 0 4408534 547224 4393170 549148 
 9.497 9.955 1.779 3.950 4900064 0 0 4408534 547224 4393170 549148 
 9.451 9.966 1.964 3.926 4942306 0 0 4408534 547224 4393170 549148 
 9.462 9.977 2.020 3.903 4984548 0 0 4408534 547224 4393170 549148 
 9.497 9.966 1.802 3.880 5026788 0 0 5044078 635544 5026792 633622 
 9.462 9.943 2.045 3.445 5069030 0 0 5044078 635544 5026792 633622 
 9.485 9.966 1.750 3.426 5111272 0 0 5044078 635544 5026792 633622 
 9.451 9.920 1.989 3.408 5153514 0 0 5044078 635544 5026792 633622 
 9.462 9.955 1.690 3.389 5195754 0 0 5044078 635544 5026792 633622 
 9.428 9.966 1.909 3.371 5237996 0 0 5044078 635544 5026792 633622 
 9.462 9.966 1.743 3.353 5280238 0 0 5044078 635544 5026792 633622 
 9.451 10.000 2.113 3.335 5322480 0 0 5044078 635544 5026792 633622 
 9.462 10.000 1.942 3.318 5364720 0 0 5044078 635544 5026792 633622 
 9.451 9.966 1.779 3.300 5406962 0 0 5044078 635544 5026792 633622 
 9.462 9.955 1.893 3.283 5449204 0 0 5044078 635544 5026792 633622 
 9.462 9.966 1.783 3.266 5491446 0 0 5044078 635544 5026792 633622 
 9.440 9.897 1.989 3.249 5533686 0 0 5044078 635544 5026792 633622 
 9.451 10.000 2.134 3.233 5575928 0 0 5044078 635544 5026792 633622 
 9.440 10.000 2.101 3.216 5618170 0 0 5044078 635544 5026792 633622 
 9.440 10.000 2.076 3.200 5660414 0 0 5677700 633622 5660416 633624 
 9.405 9.989 1.964 3.430 5702654 0 0 5677700 633622 5660416 633624 
 9.382 9.977 2.020 3.411 5744898 0 0 5677700 633622 5660416 633624 
 9.417 9.966 2.123 3.392 5787138 0 0 5677700 633622 5660416 633624 
 9.451 9.977 2.045 3.373 5829382 0 0 5677700 633622 5660416 633624 
 9.417 9.955 2.020 3.355 5871624 0 0 5677700 633622 5660416 633624 
 9.382 10.000 2.251 3.336 5913866 0 0 5677700 633622 5660416 633624 
 9.417 9.977 2.457 3.318 5956108 0 0 5677700 633622 5660416 633624 
 9.314 9.966 2.372 3.300 5998350 0 0 5677700 633622 5660416 633624 
 9.359 10.012 2.255 3.283 6040592 0 0 5677700 633622 5660416 633624 
 9.405 10.000 2.412 3.265 6082834 0 0 5677700 633622 5660416 633624 
 9.359 9.966 2.609 3.248 6125074 0 0 5677700 633622 5660416 633624 
 9.337 9.955 2.366 3.231 6167316 0 0 5677700 633622 5660416 633624 
 9.337 9.966 2.547 3.214 6209558 0 0 5677700 633622 5660416 633624 
 9.359 10.000 2.396 3.197 6251800 0 0 5677700 633622 5660416 633624 
 9.359 9.955 2.457 3.180 6294040 0 0 6311328 633628 6294044 633628 
 9.371 9.955 2.424 3.995 6336282 0 0 6311328 633628 6294044 633628 
 9.359 9.932 2.520 3.971 6378522 0 0 6311328 633628 6294044 633628 
 9.337 9.955 2.317 3.947 6420764 0 0 6311328 633628 6294044 633628 
 9.382 9.966 2.211 3.924 6463006 0 0 6311328 633628 6294044 633628 
 9.405 9.932 2.244 3.900 6505248 0 0 6311328 633628 6294044 633628 
 9.440 9.966 2.274 3.877 6547490 0 0 6311328 633628 6294044 633628 
 9.417 10.000 2.244 3.854 6589732 0 0 6311328 633628 6294044 633628 
 9.451 9.977 1.802 3.832 6631974 0 0 6311328 633628 6294044 633628 
 9.451 9.955 1.989 3.809 6674216 0 0 6311328 633628 6294044 633628 
 9.451 9.955 1.624 3.787 6716458 0 0 6311328 633628 6294044 633628 
 9.462 10.000 1.998 3.765 6758700 0 0 6311328 633628 6294044 633628 
 9.451 9.909 1.909 3.744 6800942 0 0 6311328 633628 6294044 633628 
 9.462 9.920 2.200 3.722 6843186 0 0 6311328 633628 6294044 633628 
 9.451 9.932 1.964 3.701 6885428 0 0 6311328 633628 6294044 633628 
 9.462 10.000 1.989 3.680 6927670 0 0 6944958 633630 6927672 633628 
 9.462 9.955 1.750 3.391 6969912 0 0 6944958 633630 6927672 633628 
 9.474 9.955 1.983 3.372 7012154 0 0 6944958 633630 6927672 633628 
 9.497 10.000 1.856 3.354 7054396 0 0 6944958 633630 6927672 633628 
 9.451 9.977 1.880 3.337 7096638 0 0 6944958 633630 6927672 633628 
 9.451 9.966 2.081 3.319 7138880 0 0 6944958 633630 6927672 633628 
 9.462 9.966 1.921 3.301 7181122 0 0 6944958 633630 6927672 633628 
 9.462 9.955 1.942 3.284 7223362 0 0 6944958 633630 6927672 633628 
 9.474 9.943 1.833 3.267 7265604 0 0 6944958 633630 6927672 633628 
 9.405 9.966 2.020 3.250 7307844 0 0 6944958 633630 6927672 633628 
 9.508 9.955 2.081 3.234 7350084 0 0 6944958 633630 6927672 633628 
 9.497 9.955 1.909 3.217 7392326 0 0 6944958 633630 6927672 633628 
 9.428 9.955 1.827 3.201 7434566 0 0 6944958 633630 6927672 633628 
 9.462 9.897 2.020 3.185 7476808 0 0 6944958 633630 6927672 633628 
 9.462 9.966 1.962 3.169 7519050 0 0 6944958 633630 6927672 633628 
 9.462 9.966 1.870 3.153 7561292 0 0 7578582 633624 7561296 633624 
 9.428 9.966 2.137 3.404 7603534 0 0 7578582 633624 7561296 633624 
 9.474 10.000 2.064 3.385 7645776 0 0 7578582 633624 7561296 633624 
 9.417 9.955 2.172 3.367 7688018 0 0 7578582 633624 7561296 633624 
 9.451 9.977 2.020 3.348 7730258 0 0 7578582 633624 7561296 633624 
 9.462 9.920 1.979 3.330 7772500 0 0 7578582 633624 7561296 633624 
 9.405 9.989 2.192 3.313 7814742 0 0 7578582 633624 7561296 633624 
 9.405 10.000 2.170 3.295 7856984 0 0 7578582 633624 7561296 633624 
 9.371 9.966 2.151 3.277 7899226 0 0 7578582 633624 7561296 633624 
 9.451 9.955 2.077 3.260 7941468 0 0 7578582 633624 7561296 633624 
 9.417 9.955 1.962 3.243 7983710 0 0 7578582 633624 7561296 633624 
 9.405 9.943 1.962 3.226 8025954 0 0 7578582 633624 7561296 633624 
 9.428 9.955 2.275 3.209 8068196 0 0 7578582 633624 7561296 633624 
 9.428 9.955 2.112 3.193 8110438 0 0 7578582 633624 7561296 633624 
 9.417 9.989 1.926 3.177 8152680 0 0 7578582 633624 7561296 633624 
 9.417 9.966 2.151 3.160 8194922 0 0 8212210 633628 8194926 633630 
 9.417 9.920 2.211 3.695 8237164 0 0 8212210 633628 8194926 633630 
 9.405 9.955 2.106 3.674 8279404 0 0 8212210 633628 8194926 633630 
 9.405 9.932 2.136 3.653 8321648 0 0 8212210 633628 8194926 633630 
 9.451 9.977 2.019 3.632 8363890 0 0 8212210 633628 8194926 633630 
 9.600 9.955 1.942 3.612 8406132 0 0 8212210 633628 8194926 633630 
 9.874 10.012 0.438 3.592 8448372 0 0 8212210 633628 8194926 633630 
 10.263 10.023 0.023 3.572 8490612 0 0 8212210 633628 8194926 633630 
 10.561 10.069 0.186 3.552 8532854 0 0 8212210 633628 8194926 633630 
 10.824 10.183 0.983 3.532 8575096 0 0 8212210 633628 8194926 633630 
 11.145 10.195 2.301 3.513 8617338 0 0 8212210 633628 8194926 633630 
 11.202 10.138 3.954 5.443 8659580 8660990 448780 8212210 633628 8194926 633630 
 10.961 10.252 2.407 5.404 8701822 8660990 448780 8212210 633628 8194926 633630 
 10.778 10.275 1.624 5.365 8744064 8660990 448780 8212210 633628 8194926 633630 
 10.550 10.286 1.006 5.327 8786306 8660990 448780 8212210 633628 8194926 633630 
 10.332 10.378 0.904 5.289 8828550 8660990 448780 8845836 184846 8828552 633626 
 10.138 10.378 0.978 2.425 8870790 8660990 448780 8845836 184846 8828552 633626 
 10.000 10.332 1.259 2.422 8913032 8660990 448780 8845836 184846 8828552 633626 
 9.863 10.366 1.210 2.419 8955274 8660990 448780 8845836 184846 8828552 633626 
 9.680 10.458 1.803 2.415 8997516 8660990 448780 8845836 184846 8828552 633626 
 9.565 10.355 2.488 3.879 9039758 9043688 197852 8845836 184846 8828552 633626 
 9.451 10.366 2.647 3.863 9082000 9043688 197852 8845836 184846 8828552 633626 
 9.371 10.332 2.935 3.848 9124244 9043688 197852 8845836 184846 8828552 633626 
 9.314 10.344 3.463 3.833 9166486 9043688 197852 8845836 184846 8828552 633626 
 9.222 10.286 3.257 3.817 9208728 9043688 197852 8845836 184846 8828552 633626 
 9.188 10.241 4.667 5.915 9250970 9252816 209128 8845836 184846 8828552 633626 
 9.154 10.275 4.093 5.879 9293212 9252816 209128 9310500 57684 9293214 464662 
 9.085 10.286 4.551 5.577 9335454 9252816 209128 9310500 57684 9293214 464662 
 9.085 10.286 5.197 5.541 9377696 9252816 209128 9310500 57684 9293214 464662 
 9.051 10.206 4.831 5.506 9419938 9252816 209128 9310500 57684 9293214 464662 
 9.016 10.229 4.831 5.470 9462180 9252816 209128 9310500 57684 9293214 464662 
 8.959 10.229 5.335 6.766 9504422 9508136 197636 9310500 57684 9293214 464662 
 9.016 10.183 4.791 6.717 9546662 9508136 197636 9310500 57684 9293214 464662 
 9.039 10.126 4.687 6.669 9588904 9508136 197636 9310500 57684 9293214 464662 
 8.993 10.103 4.610 6.621 9631146 9508136 197636 9310500 57684 9293214 464662 
 9.051 10.057 4.547 6.573 9673386 9508136 197636 9310500 57684 9293214 464662 
 8.993 10.092 4.891 6.526 9715628 9508136 197636 9732918 224782 9715632 422418 
 9.039 10.046 4.559 6.343 9757870 9508136 197636 9732918 224782 9715632 422418 
 9.051 10.069 4.398 6.295 9800112 9508136 197636 9732918 224782 9715632 422418 
 9.131 10.000 3.938 6.247 9842354 9508136 197636 9732918 224782 9715632 422418 
 9.142 10.012 4.027 6.200 9884598 9508136 197636 9732918 224782 9715632 422418 
 9.131 10.000 3.484 6.154 9926836 9508136 197636 9732918 224782 9715632 422418 
 9.188 9.989 3.244 6.108 9969078 9508136 197636 9732918 224782 9715632 422418 
 9.222 10.000 3.564 6.062 10011318 9508136 197636 9732918 224782 9715632 422418 
 9.222 9.955 3.252 6.017 10053560 9508136 197636 9732918 224782 9715632 422418 
 9.245 10.012 3.117 5.972 10095802 9508136 197636 9732918 224782 9715632 422418 
 9.268 9.955 3.263 5.928 10138044 9508136 197636 9732918 224782 9715632 422418 
 9.314 10.046 2.834 5.884 10180288 9508136 197636 9732918 224782 9715632 422418 
 9.314 9.955 2.674 5.840 10222528 9508136 197636 9732918 224782 9715632 422418 
 9.291 9.920 2.769 5.797 10264770 9508136 197636 9732918 224782 9715632 422418 
 9.348 9.955 2.396 5.754 10307014 9508136 197636 9732918 224782 9715632 422418 
 9.371 9.943 2.182 5.712 10349256 9508136 197636 10366544 633626 10349258 633626 
 9.359 9.909 2.514 3.767 10391496 9508136 197636 10366544 633626 10349258 633626 
 9.382 9.977 2.333 3.745 10433738 9508136 197636 10366544 633626 10349258 633626 
 9.359 9.966 2.538 3.723 10475980 9508136 197636 10366544 633626 10349258 633626 
 9.371 9.943 2.547 3.701 10518222 9508136 197636 10366544 633626 10349258 633626 
