Thread[Thread-1,5,main] 5.160 5.103 0 0 0 17288 17288 0 0 
 6.476 5.194 42242 0 0 17288 17288 0 0 
 7.632 5.286 84482 0 0 17288 17288 0 0 
 8.810 5.389 126724 0 0 17288 17288 0 0 
 10.000 5.492 168966 0 0 17288 17288 0 0 
 10.870 5.789 211208 0 0 17288 17288 0 0 
 11.877 6.064 253448 0 0 17288 17288 0 0 
 12.769 6.396 295690 0 0 17288 17288 0 0 
 13.628 6.670 337930 0 0 17288 17288 0 0 
 14.486 7.071 380172 0 0 17288 17288 0 0 
 15.367 7.437 422414 0 0 17288 17288 0 0 
 16.179 7.906 464656 0 0 17288 17288 0 0 
 16.820 8.250 506896 0 0 17288 17288 0 0 
 17.552 8.650 549136 0 0 17288 17288 0 0 
 18.250 9.073 591378 0 0 17288 17288 0 0 
 18.754 9.314 633622 0 0 650908 633620 633622 633622 
 17.232 9.440 675862 0 0 650908 633620 633622 633622 
 15.355 10.057 760344 0 0 650908 633620 633622 633622 
 13.444 10.458 844830 0 0 650908 633620 633622 633622 
 11.659 10.733 929312 0 0 650908 633620 633622 633622 
 10.035 10.858 1013796 0 0 650908 633620 633622 633622 
 8.524 10.824 1098280 0 0 650908 633620 633622 633622 
 7.140 10.733 1182762 0 0 650908 633620 633622 633622 
 5.915 10.550 1267246 0 0 1284534 633626 1267246 633624 
 6.178 10.321 1351730 0 0 1284534 633626 1267246 633624 
 6.568 10.103 1436212 0 0 1284534 633626 1267246 633624 
 6.968 9.932 1520696 0 0 1284534 633626 1267246 633624 
 7.266 9.829 1605178 0 0 1284534 633626 1267246 633624 
 7.540 9.726 1689660 0 0 1284534 633626 1267246 633624 
 7.861 9.657 1774146 0 0 1284534 633626 1267246 633624 
 8.089 9.634 1858628 0 0 1284534 633626 1267246 633624 
 8.353 9.600 1943112 0 0 1284534 633626 1267246 633624 
 8.593 9.634 2027594 0 0 1284534 633626 1267246 633624 
 8.799 9.600 2112078 0 0 1284534 633626 1267246 633624 
 8.959 9.588 2196562 0 0 1284534 633626 1267246 633624 
 9.085 9.623 2281046 0 0 1284534 633626 1267246 633624 
 9.279 9.726 2365530 0 0 1284534 633626 1267246 633624 
 9.417 9.783 2450012 0 0 1284534 633626 1267246 633624 
 9.497 9.817 2492388 0 0 1284534 633626 1267246 633624 
 9.543 9.863 2534604 0 0 2551784 1267250 2534604 1267358 
 9.497 9.874 2576860 0 0 2551784 1267250 2534604 1267358 
 9.337 9.863 2619106 0 0 2551784 1267250 2534604 1267358 
 9.314 9.909 2661344 0 0 2551784 1267250 2534604 1267358 
 9.234 9.909 2703586 0 0 2551784 1267250 2534604 1267358 
 9.211 9.943 2745828 0 0 2551784 1267250 2534604 1267358 
 9.176 9.920 2788072 0 0 2551784 1267250 2534604 1267358 
 9.062 9.966 2830318 0 0 2551784 1267250 2534604 1267358 
 9.005 10.012 2872574 0 0 2551784 1267250 2534604 1267358 
 8.948 9.966 2914836 0 0 2551784 1267250 2534604 1267358 
 8.879 9.989 2957090 0 0 2551784 1267250 2534604 1267358 
 8.810 10.057 2999332 0 0 2551784 1267250 2534604 1267358 
 8.776 10.000 3041588 3043820 492036 2551784 1267250 2534604 1267358 
 8.764 10.012 3083658 3043820 492036 2551784 1267250 2534604 1267358 
 8.730 10.012 3126076 3043820 492036 2551784 1267250 2534604 1267358 
 8.764 10.000 3168142 3043820 492036 3185436 141616 3168142 633538 
 8.719 10.035 3210558 3043820 492036 3185436 141616 3168142 633538 
 8.684 9.966 3252618 3043820 492036 3185436 141616 3168142 633538 
 8.684 10.000 3295044 3043820 492036 3185436 141616 3168142 633538 
 8.662 10.000 3337102 3043820 492036 3185436 141616 3168142 633538 
 8.604 9.966 3379526 3043820 492036 3185436 141616 3168142 633538 
 8.604 9.966 3421770 3043820 492036 3185436 141616 3168142 633538 
 8.650 9.932 3463828 3043820 492036 3185436 141616 3168142 633538 
 8.593 9.977 3506250 3043820 492036 3185436 141616 3168142 633538 
 8.593 9.966 3548308 3043820 492036 3185436 141616 3168142 633538 
 8.627 9.909 3590730 3043820 492036 3185436 141616 3168142 633538 
 8.570 9.955 3632974 3043820 492036 3185436 141616 3168142 633538 
 8.547 9.874 3675030 3043820 492036 3185436 141616 3168142 633538 
 8.570 9.920 3717434 3719746 534310 3185436 141616 3168142 633538 
 8.581 9.909 3759706 3719746 534310 3185436 141616 3168142 633538 
 8.616 9.874 3801940 3719746 534310 3819032 99286 3801940 633798 
 8.627 9.932 3844190 3719746 534310 3819032 99286 3801940 633798 
 8.684 9.874 3886422 3719746 534310 3819032 99286 3801940 633798 
 8.684 9.886 3928670 3719746 534310 3819032 99286 3801940 633798 
 8.684 9.909 3970910 3719746 534310 3819032 99286 3801940 633798 
 8.684 9.897 4013154 3719746 534310 3819032 99286 3801940 633798 
 8.730 9.943 4055396 3719746 534310 3819032 99286 3801940 633798 
 8.776 9.863 4097638 3719746 534310 3819032 99286 3801940 633798 
 8.776 9.863 4139880 3719746 534310 3819032 99286 3801940 633798 
 8.776 9.874 4182122 3719746 534310 3819032 99286 3801940 633798 
 8.787 9.874 4224364 3719746 534310 3819032 99286 3801940 633798 
 8.822 9.863 4266604 3719746 534310 3819032 99286 3801940 633798 
 8.822 9.920 4308848 3719746 534310 3819032 99286 3801940 633798 
 8.833 9.874 4351088 3719746 534310 3819032 99286 3801940 633798 
 8.856 9.909 4393332 3719746 534310 3819032 99286 3801940 633798 
 8.867 10.057 4435572 3719746 534310 4452656 633624 4435572 633632 
 8.856 9.874 4477622 3719746 534310 4452656 633624 4435572 633632 
 8.810 9.909 4520024 3719746 534310 4452656 633624 4435572 633632 
 8.799 9.920 4562292 3719746 534310 4452656 633624 4435572 633632 
 8.776 9.897 4604346 3719746 534310 4452656 633624 4435572 633632 
 8.776 9.932 4646750 3719746 534310 4452656 633624 4435572 633632 
 8.787 9.920 4689018 3719746 534310 4452656 633624 4435572 633632 
 8.764 9.920 4731070 3719746 534310 4452656 633624 4435572 633632 
 8.719 9.955 4773480 3719746 534310 4452656 633624 4435572 633632 
 8.707 9.874 4815742 3719746 534310 4452656 633624 4435572 633632 
 8.673 9.977 4857976 3719746 534310 4452656 633624 4435572 633632 
 8.650 9.932 4900218 3719746 534310 4452656 633624 4435572 633632 
 8.627 9.874 4942462 3719746 534310 4452656 633624 4435572 633632 
 8.719 9.909 4984704 4987174 534518 4452656 633624 4435572 633632 
 8.650 9.909 5026946 4987174 534518 4452656 633624 4435572 633632 
 8.650 9.955 5069188 4987174 534518 5084538 97364 5069188 633616 
 8.639 9.920 5111436 4987174 534518 5084538 97364 5069188 633616 
 8.696 9.874 5153680 4987174 534518 5084538 97364 5069188 633616 
 8.639 9.920 5195920 4987174 534518 5084538 97364 5069188 633616 
 8.730 9.920 5238162 4987174 534518 5084538 97364 5069188 633616 
 8.730 9.829 5280404 4987174 534518 5084538 97364 5069188 633616 
 8.776 9.886 5322646 4987174 534518 5084538 97364 5069188 633616 
 8.684 9.886 5364886 4987174 534518 5084538 97364 5069188 633616 
 8.730 9.920 5407128 4987174 534518 5084538 97364 5069188 633616 
 8.719 9.874 5449370 4987174 534518 5084538 97364 5069188 633616 
 8.719 9.932 5491610 4987174 534518 5084538 97364 5069188 633616 
 8.684 9.840 5533852 4987174 534518 5084538 97364 5069188 633616 
 8.719 9.909 5576094 4987174 534518 5084538 97364 5069188 633616 
 8.730 9.874 5618336 4987174 534518 5084538 97364 5069188 633616 
 8.764 9.886 5660578 4987174 534518 5084538 97364 5069188 633616 
 8.764 9.874 5702822 4987174 534518 5719906 635368 5702822 633634 
 8.764 9.863 5745058 4987174 534518 5719906 635368 5702822 633634 
 8.776 9.909 5787298 4987174 534518 5719906 635368 5702822 633634 
 8.730 9.874 5829540 4987174 534518 5719906 635368 5702822 633634 
 8.764 9.909 5871782 4987174 534518 5719906 635368 5702822 633634 
 8.753 9.852 5914024 4987174 534518 5719906 635368 5702822 633634 
 8.764 9.886 5956270 4987174 534518 5719906 635368 5702822 633634 
 8.730 9.909 5998506 4987174 534518 5719906 635368 5702822 633634 
 8.719 9.874 6040756 4987174 534518 5719906 635368 5702822 633634 
 8.764 9.886 6082990 4987174 534518 5719906 635368 5702822 633634 
 8.753 9.909 6125232 4987174 534518 5719906 635368 5702822 633634 
 8.730 9.920 6167480 4987174 534518 5719906 635368 5702822 633634 
 8.719 9.874 6209716 4987174 534518 5719906 635368 5702822 633634 
 8.707 9.863 6251960 4987174 534518 5719906 635368 5702822 633634 
 8.730 9.909 6294198 4987174 534518 5719906 635368 5702822 633634 
 8.684 9.863 6336442 4987174 534518 6353534 633628 6336442 633620 
 8.742 9.897 6378682 4987174 534518 6353534 633628 6336442 633620 
 8.764 9.920 6420926 4987174 534518 6353534 633628 6336442 633620 
 8.684 9.863 6462984 4987174 534518 6353534 633628 6336442 633620 
 8.730 9.886 6505390 4987174 534518 6353534 633628 6336442 633620 
 8.719 9.874 6547658 4987174 534518 6353534 633628 6336442 633620 
 8.764 9.874 6589892 4987174 534518 6353534 633628 6336442 633620 
 8.707 9.874 6632134 4987174 534518 6353534 633628 6336442 633620 
 8.730 9.863 6674378 4987174 534518 6353534 633628 6336442 633620 
 8.764 9.909 6716622 4987174 534518 6353534 633628 6336442 633620 
 8.730 9.829 6758862 4987174 534518 6353534 633628 6336442 633620 
 8.742 9.897 6801110 4987174 534518 6353534 633628 6336442 633620 
 8.764 9.817 6843346 4987174 534518 6353534 633628 6336442 633620 
 8.776 9.863 6885588 4987174 534518 6353534 633628 6336442 633620 
 8.719 9.840 6927830 4987174 534518 6353534 633628 6336442 633620 
 8.764 9.863 6970072 4987174 534518 6987166 633632 6970072 633630 
 8.764 9.874 7012314 4987174 534518 6987166 633632 6970072 633630 
 8.753 9.874 7054556 4987174 534518 6987166 633632 6970072 633630 
 8.764 9.863 7096798 4987174 534518 6987166 633632 6970072 633630 
 8.776 9.909 7139040 4987174 534518 6987166 633632 6970072 633630 
 8.730 9.909 7181282 4987174 534518 6987166 633632 6970072 633630 
 8.753 9.874 7223524 4987174 534518 6987166 633632 6970072 633630 
 8.764 9.909 7265766 4987174 534518 6987166 633632 6970072 633630 
 8.764 9.874 7308008 4987174 534518 6987166 633632 6970072 633630 
 8.776 9.977 7350250 4987174 534518 6987166 633632 6970072 633630 
 8.776 9.863 7392310 4987174 534518 6987166 633632 6970072 633630 
 8.764 9.955 7434716 4987174 534518 6987166 633632 6970072 633630 
 8.787 9.863 7476978 4987174 534518 6987166 633632 6970072 633630 
 8.799 9.909 7519218 4987174 534518 6987166 633632 6970072 633630 
 8.764 9.920 7561462 4987174 534518 6987166 633632 6970072 633630 
 8.810 9.920 7603704 4987174 534518 7620796 633630 7603704 633632 
 8.787 9.920 7645762 4987174 534518 7620796 633630 7603704 633632 
 8.742 9.897 7688174 4987174 534518 7620796 633630 7603704 633632 
 8.753 9.932 7730430 4987174 534518 7620796 633630 7603704 633632 
 8.764 9.909 7772672 4987174 534518 7620796 633630 7603704 633632 
 8.742 9.909 7814912 4987174 534518 7620796 633630 7603704 633632 
 8.730 9.920 7857156 4987174 534518 7620796 633630 7603704 633632 
 8.753 9.966 7899400 4987174 534518 7620796 633630 7603704 633632 
 8.719 9.920 7941640 4987174 534518 7620796 633630 7603704 633632 
 8.684 9.989 7983882 4987174 534518 7620796 633630 7603704 633632 
 8.764 10.000 8025940 4987174 534518 7620796 633630 7603704 633632 
 8.719 9.909 8068364 4987174 534518 7620796 633630 7603704 633632 
 8.684 9.909 8110610 4987174 534518 7620796 633630 7603704 633632 
 8.730 9.920 8152850 4987174 534518 7620796 633630 7603704 633632 
 8.696 9.920 8195092 4987174 534518 7620796 633630 7603704 633632 
 8.730 9.920 8237336 4987174 534518 8254426 633630 8237336 633632 
 8.684 9.874 8279576 4987174 534518 8254426 633630 8237336 633632 
 8.730 9.932 8321818 4987174 534518 8254426 633630 8237336 633632 
 8.742 9.909 8364062 4987174 534518 8254426 633630 8237336 633632 
 8.959 9.955 8406304 4987174 534518 8254426 633630 8237336 633632 
 9.314 10.000 8448546 4987174 534518 8254426 633630 8237336 633632 
 9.691 10.092 8490602 4987174 534518 8254426 633630 8237336 633632 
 10.057 10.092 8533020 4987174 534518 8254426 633630 8237336 633632 
 10.389 10.206 8575086 4987174 534518 8254426 633630 8237336 633632 
 10.744 10.160 8617508 8623858 369432 8254426 633630 8237336 633632 
 10.698 10.183 8659570 8660814 36956 8254426 633630 8237336 633632 
 10.504 10.195 8701984 8660814 36956 8254426 633630 8237336 633632 
 10.229 10.241 8744234 8660814 36956 8254426 633630 8237336 633632 
 9.932 10.298 8786478 8660814 36956 8254426 633630 8237336 633632 
 9.691 10.332 8828720 8660814 36956 8254426 633630 8237336 633632 
 9.451 10.332 8870970 8660814 36956 8888056 227242 8870970 633634 
 9.314 10.344 8913204 8660814 36956 8888056 227242 8870970 633634 
 9.142 10.366 8955452 8660814 36956 8888056 227242 8870970 633634 
 8.993 10.332 8997694 8660814 36956 8888056 227242 8870970 633634 
 8.867 10.332 9039930 9042328 154272 8888056 227242 8870970 633634 
 8.764 10.332 9082170 9042328 154272 8888056 227242 8870970 633634 
 8.673 10.321 9124410 9042328 154272 8888056 227242 8870970 633634 
 8.593 10.241 9166650 9042328 154272 8888056 227242 8870970 633634 
 8.501 10.366 9208710 9209956 167628 8888056 227242 8870970 633634 
 8.444 10.286 9250952 9209956 167628 8888056 227242 8870970 633634 
 8.398 10.206 9293370 9209956 167628 8888056 227242 8870970 633634 
 8.364 10.241 9335620 9209956 167628 8888056 227242 8870970 633634 
 8.375 10.149 9377678 9209956 167628 8888056 227242 8870970 633634 
 8.307 10.115 9420096 9209956 167628 8888056 227242 8870970 633634 
 8.272 10.172 9462346 9464776 254820 8888056 227242 8870970 633634 
 8.318 10.183 9504588 9464776 254820 9521680 56904 9504588 633618 
 8.284 10.092 9546830 9464776 254820 9521680 56904 9504588 633618 
 8.307 10.092 9589072 9464776 254820 9521680 56904 9504588 633618 
 8.318 10.103 9631314 9464776 254820 9521680 56904 9504588 633618 
 8.284 10.046 9673556 9464776 254820 9521680 56904 9504588 633618 
 8.341 10.046 9715800 9464776 254820 9521680 56904 9504588 633618 
 8.364 10.012 9757858 9464776 254820 9521680 56904 9504588 633618 
 8.353 10.000 9800280 9464776 254820 9521680 56904 9504588 633618 
 8.398 10.000 9842526 9464776 254820 9521680 56904 9504588 633618 
 8.364 9.955 9884590 9464776 254820 9521680 56904 9504588 633618 
 8.353 10.012 9926994 9464776 254820 9521680 56904 9504588 633618 
 8.364 10.000 9969254 9464776 254820 9521680 56904 9504588 633618 
 8.398 9.909 10011492 9464776 254820 9521680 56904 9504588 633618 
 8.444 9.920 10053734 9464776 254820 9521680 56904 9504588 633618 
 8.410 9.909 10095792 9464776 254820 9521680 56904 9504588 633618 
 8.467 9.909 10138206 9464776 254820 10153534 631854 10138206 633618 
 8.444 9.840 10180282 9464776 254820 10153534 631854 10138206 633618 
 8.501 9.863 10222702 9464776 254820 10153534 631854 10138206 633618 
 8.536 9.874 10264766 9464776 254820 10153534 631854 10138206 633618 
 8.593 9.886 10307182 9464776 254820 10153534 631854 10138206 633618 
 8.581 9.817 10349246 9464776 254820 10153534 631854 10138206 633618 
 8.581 9.863 10391662 9464776 254820 10153534 631854 10138206 633618 
 8.604 9.863 10433728 9464776 254820 10153534 631854 10138206 633618 
 8.673 9.817 10476148 9464776 254820 10153534 631854 10138206 633618 
 8.684 9.817 10518212 9464776 254820 10153534 631854 10138206 633618 
