Thread[Thread-1,5,main] 0 0 0 17288 17288 18 18 
 42242 0 0 17288 17288 18 18 
 84484 0 0 17288 17288 18 18 
 126736 0 0 17288 17288 18 18 
 168964 0 0 17288 17288 18 18 
 211206 0 0 17288 17288 18 18 
 253446 0 0 17288 17288 18 18 
 295700 0 0 17288 17288 18 18 
 337930 0 0 17288 17288 18 18 
 380172 0 0 17288 17288 18 18 
 422414 0 0 17288 17288 18 18 
 464666 0 0 17288 17288 18 18 
 506896 0 0 17288 17288 18 18 
 549136 0 0 17288 17288 18 18 
 591378 0 0 17288 17288 18 18 
 633632 0 0 651110 633822 633636 633618 
 718208 0 0 718494 67384 633636 633618 
 760342 0 0 718494 67384 633636 633618 
 802584 0 0 718494 67384 633636 633618 
 844826 0 0 718494 67384 633636 633618 
 887066 0 0 718494 67384 633636 633618 
 971550 0 0 718494 67384 633636 633618 
 1013792 0 0 718494 67384 633636 633618 
 1056034 0 0 718494 67384 633636 633618 
 1140516 0 0 718494 67384 633636 633618 
 1182758 0 0 718494 67384 633636 633618 
 1224998 0 0 718494 67384 633636 633618 
 1309480 0 0 718494 67384 633636 633618 
 1351722 0 0 718494 67384 633636 633618 
 1393964 0 0 718494 67384 633636 633618 
 1520690 0 0 718494 67384 633636 633618 
 1562930 0 0 718494 67384 633636 633618 
 1605172 0 0 718494 67384 633636 633618 
 1689656 0 0 718494 67384 633636 633618 
 1731898 1733406 1014912 718494 67384 633636 633618 
 1816382 1733406 1014912 718494 67384 633636 633618 
 1858624 1733406 1014912 718494 67384 633636 633618 
 1900866 1733406 1014912 1918154 184748 1900868 1267232 
 1943108 1733406 1014912 1918154 184748 1900868 1267232 
 2027592 1733406 1014912 1918154 184748 1900868 1267232 
 2069834 1733406 1014912 1918154 184748 1900868 1267232 
 2154318 1733406 1014912 1918154 184748 1900868 1267232 
 2196560 1733406 1014912 1918154 184748 1900868 1267232 
 2281044 1733406 1014912 1918154 184748 1900868 1267232 
 2323286 1733406 1014912 1918154 184748 1900868 1267232 
 2407770 1733406 1014912 1918154 184748 1900868 1267232 
 2450012 1733406 1014912 1918154 184748 1900868 1267232 
 2534498 1733406 1014912 2551784 633630 2534500 633632 
 2576738 1733406 1014912 2551784 633630 2534500 633632 
 2661222 1733406 1014912 2551784 633630 2534500 633632 
 2703464 1733406 1014912 2551784 633630 2534500 633632 
 2745812 1733406 1014912 2551784 633630 2534500 633632 
 2830190 1733406 1014912 2551784 633630 2534500 633632 
 2872432 1733406 1014912 2551784 633630 2534500 633632 
 2956916 1733406 1014912 2551784 633630 2534500 633632 
 2999158 1733406 1014912 2551784 633630 2534500 633632 
 3083644 1733406 1014912 2551784 633630 2534500 633632 
 3125884 1733406 1014912 2551784 633630 2534500 633632 
 3210370 1733406 1014912 2551784 633630 2534500 633632 
 3252612 1733406 1014912 2551784 633630 2534500 633632 
 3337096 1733406 1014912 2551784 633630 2534500 633632 
 3379338 1733406 1014912 2551784 633630 2534500 633632 
 3506064 1733406 1014912 2551784 633630 2534500 633632 
 3548306 1733406 1014912 2551784 633630 2534500 633632 
 3632790 1733406 1014912 2551784 633630 2534500 633632 
 3675032 1733406 1014912 2551784 633630 2534500 633632 
 3759516 3761558 1209774 2551784 633630 2534500 633632 
 3801760 3761558 1209774 3819046 57488 3801762 1267262 
 3844000 3761558 1209774 3819046 57488 3801762 1267262 
 3928484 3761558 1209774 3819046 57488 3801762 1267262 
 3970726 3761558 1209774 3819046 57488 3801762 1267262 
 4055210 3761558 1209774 3819046 57488 3801762 1267262 
 4097452 3761558 1209774 3819046 57488 3801762 1267262 
 4181936 3761558 1209774 3819046 57488 3801762 1267262 
 4224178 3761558 1209774 3819046 57488 3801762 1267262 
 4308662 3761558 1209774 3819046 57488 3801762 1267262 
 4350904 3761558 1209774 3819046 57488 3801762 1267262 
 4435390 3761558 1209774 4452676 633630 4435392 633630 
 4477630 3761558 1209774 4452676 633630 4435392 633630 
 4562114 3761558 1209774 4452676 633630 4435392 633630 
 4604356 3761558 1209774 4452676 633630 4435392 633630 
 4731082 3761558 1209774 4452676 633630 4435392 633630 
 4773324 3761558 1209774 4452676 633630 4435392 633630 
 4900048 3761558 1209774 4452676 633630 4435392 633630 
 4942290 3761558 1209774 4452676 633630 4435392 633630 
 5026772 3761558 1209774 4452676 633630 4435392 633630 
 5069014 3761558 1209774 5084540 631864 5069018 633626 
 5111256 3761558 1209774 5084540 631864 5069018 633626 
 5237980 3761558 1209774 5084540 631864 5069018 633626 
 5280222 3761558 1209774 5084540 631864 5069018 633626 
 5322464 3761558 1209774 5084540 631864 5069018 633626 
 5364706 3761558 1209774 5084540 631864 5069018 633626 
 5406948 3761558 1209774 5084540 631864 5069018 633626 
 5449190 3761558 1209774 5084540 631864 5069018 633626 
 5491432 3761558 1209774 5084540 631864 5069018 633626 
 5533674 3761558 1209774 5084540 631864 5069018 633626 
 5575916 3761558 1209774 5084540 631864 5069018 633626 
 5618158 3761558 1209774 5084540 631864 5069018 633626 
 5660400 5662240 577700 5084540 631864 5069018 633626 
 5702642 5662240 577700 5719932 57692 5702646 633628 
 5787126 5662240 577700 5719932 57692 5702646 633628 
 5829368 5662240 577700 5719932 57692 5702646 633628 
 5913854 5662240 577700 5719932 57692 5702646 633628 
 5956096 5662240 577700 5719932 57692 5702646 633628 
 6040580 5662240 577700 5719932 57692 5702646 633628 
 6082820 5662240 577700 5719932 57692 5702646 633628 
 6167306 5662240 577700 5719932 57692 5702646 633628 
 6209548 5662240 577700 5719932 57692 5702646 633628 
 6294030 5662240 577700 5719932 57692 5702646 633628 
 6336274 5662240 577700 6353564 633632 6336276 633630 
 6420758 5662240 577700 6353564 633632 6336276 633630 
 6463000 5662240 577700 6353564 633632 6336276 633630 
 6547484 5662240 577700 6353564 633632 6336276 633630 
 6589726 5662240 577700 6353564 633632 6336276 633630 
 6674210 5662240 577700 6353564 633632 6336276 633630 
 6716452 5662240 577700 6353564 633632 6336276 633630 
 6800936 5662240 577700 6353564 633632 6336276 633630 
 6843178 5662240 577700 6353564 633632 6336276 633630 
 6927662 5662240 577700 6353564 633632 6336276 633630 
 6969906 5662240 577700 6987194 633630 6969908 633632 
 7012146 5662240 577700 6987194 633630 6969908 633632 
 7054388 5662240 577700 6987194 633630 6969908 633632 
 7181114 5662240 577700 6987194 633630 6969908 633632 
 7223356 5662240 577700 6987194 633630 6969908 633632 
 7350084 5662240 577700 6987194 633630 6969908 633632 
 7392324 5662240 577700 6987194 633630 6969908 633632 
 7519052 5662240 577700 6987194 633630 6969908 633632 
 7561294 5662240 577700 6987194 633630 6969908 633632 
 7688020 5662240 577700 6987194 633630 6969908 633632 
 7730262 5662240 577700 6987194 633630 6969908 633632 
 7814746 5662240 577700 6987194 633630 6969908 633632 
 7856988 5662240 577700 6987194 633630 6969908 633632 
 7983714 5662240 577700 6987194 633630 6969908 633632 
 8025956 5662240 577700 6987194 633630 6969908 633632 
 8110440 8112422 1125228 6987194 633630 6969908 633632 
 8152682 8112422 1125228 6987194 633630 6969908 633632 
 8279406 8112422 1125228 6987194 633630 6969908 633632 
 8321648 8112422 1125228 6987194 633630 6969908 633632 
 8448372 8112422 1125228 6987194 633630 6969908 633632 
 8490614 8112422 1125228 6987194 633630 6969908 633632 
 8532856 8112422 1125228 6987194 633630 6969908 633632 
 8575206 8112422 1125228 6987194 633630 6969908 633632 
 8659582 8661598 549176 6987194 633630 6969908 633632 
 8701824 8661598 549176 6987194 633630 6969908 633632 
 8786308 8661598 549176 6987194 633630 6969908 633632 
 8828550 8661598 549176 6987194 633630 6969908 633632 
 8913036 8661598 549176 6987194 633630 6969908 633632 
 8955276 8661598 549176 6987194 633630 6969908 633632 
 9039762 8661598 549176 6987194 633630 6969908 633632 
 9082002 8661598 549176 6987194 633630 6969908 633632 
 9166488 8661598 549176 6987194 633630 6969908 633632 
 9208730 9214560 552962 6987194 633630 6969908 633632 
 9250972 9214560 552962 6987194 633630 6969908 633632 
 9335456 9214560 552962 6987194 633630 6969908 633632 
 9377696 9214560 552962 6987194 633630 6969908 633632 
 9504420 9214560 552962 9521708 307148 9504424 2534516 
 9588904 9214560 552962 9521708 307148 9504424 2534516 
 9631146 9214560 552962 9521708 307148 9504424 2534516 
 9673388 9214560 552962 9521708 307148 9504424 2534516 
 9715630 9214560 552962 9521708 307148 9504424 2534516 
 9757872 9214560 552962 9521708 307148 9504424 2534516 
 9800114 9214560 552962 9521708 307148 9504424 2534516 
 9842356 9214560 552962 9521708 307148 9504424 2534516 
 9884698 9214560 552962 9521708 307148 9504424 2534516 
 9969082 9214560 552962 9521708 307148 9504424 2534516 
 10011324 9214560 552962 9521708 307148 9504424 2534516 
 10053566 9214560 552962 9521708 307148 9504424 2534516 
 10095906 9214560 552962 9521708 307148 9504424 2534516 
 10180292 9214560 552962 9521708 307148 9504424 2534516 
 10222534 9214560 552962 9521708 307148 9504424 2534516 
 10264776 9214560 552962 9521708 307148 9504424 2534516 
 10307120 9214560 552962 9521708 307148 9504424 2534516 
 10349260 9214560 552962 9521708 307148 9504424 2534516 
 10391502 9214560 552962 9521708 307148 9504424 2534516 
 10433744 9214560 552962 9521708 307148 9504424 2534516 
 10475986 9214560 552962 9521708 307148 9504424 2534516 
 10518228 9214560 552962 9521708 307148 9504424 2534516 
