Thread[Thread-1,5,main] 331.542 331.542
 325.168 331.227
 321.546 330.912
 319.160 330.599
 319.160 330.599
 319.160 330.599
 319.160 330.599
 319.160 330.599
 319.160 330.599
 319.160 330.599
 319.160 330.599
 319.160 330.599
 319.160 330.599
 319.160 330.599
 319.160 330.599
 319.160 330.599
 319.160 330.599
 319.160 330.599
 319.160 330.599
 319.160 330.599
 319.160 330.599
 319.160 330.599
 319.160 330.599
 319.160 330.599
 319.160 330.599
 319.160 330.599
 319.160 330.599
 319.160 330.599
 319.160 330.599
 295.913 314.473
 294.792 314.186
 292.270 313.898
 289.994 313.612
 288.523 313.326
 288.523 313.326
 288.523 313.326
 288.523 313.326
 288.523 313.326
 288.523 313.326
 288.523 313.326
 288.523 313.326
 288.523 313.326
 288.523 313.326
 288.523 313.326
 288.523 313.326
 288.523 313.326
 288.523 313.326
 288.523 313.326
 288.523 313.326
 288.523 313.326
 288.523 313.326
 288.523 313.326
 288.523 313.326
 288.523 313.326
 288.523 313.326
 288.523 313.326
 288.523 313.326
 270.250 282.697
 264.669 282.475
 266.803 282.253
 267.253 282.031
 266.771 281.810
 266.771 281.810
 266.771 281.810
 266.771 281.810
 266.771 281.810
 266.771 281.810
 266.771 281.810
 266.771 281.810
 266.771 281.810
 266.771 281.810
 266.771 281.810
 266.771 281.810
 266.771 281.810
 266.771 281.810
 266.771 281.810
 266.771 281.810
 266.771 281.810
 266.771 281.810
 266.771 281.810
 266.771 281.810
 266.771 281.810
 266.771 281.810
 266.771 281.810
 266.771 281.810
 247.520 265.193
 244.985 265.015
 244.809 264.837
 243.307 264.660
 243.056 264.483
 243.056 264.483
 243.056 264.483
 243.056 264.483
 243.056 264.483
 243.056 264.483
 243.056 264.483
 243.056 264.483
 243.056 264.483
 243.056 264.483
 243.056 264.483
 243.056 264.483
 243.056 264.483
 243.056 264.483
 243.056 264.483
 243.056 264.483
 243.056 264.483
 243.056 264.483
 243.056 264.483
 243.056 264.483
 243.056 264.483
 243.056 264.483
 243.056 264.483
 243.056 264.483
 228.907 242.116
 226.616 241.967
 226.622 241.818
 225.494 241.669
 222.108 241.521
 222.108 241.521
 222.108 241.521
 222.108 241.521
 222.108 241.521
 222.108 241.521
 222.108 241.521
 222.108 241.521
 222.108 241.521
 222.108 241.521
 222.108 241.521
 222.108 241.521
 222.108 241.521
 222.108 241.521
 222.108 241.521
 222.108 241.521
 222.108 241.521
 222.108 241.521
 222.108 241.521
 222.108 241.521
 222.108 241.521
 222.108 241.521
 222.108 241.521
 222.108 241.521
 207.973 218.767
 210.223 218.638
 209.277 218.509
 208.341 218.380
 207.357 218.251
 207.357 218.251
 207.357 218.251
 207.357 218.251
 207.357 218.251
 207.357 218.251
 207.357 218.251
 207.357 218.251
 207.357 218.251
 207.357 218.251
 207.357 218.251
 207.357 218.251
 207.357 218.251
 207.357 218.251
 207.357 218.251
 207.357 218.251
 207.357 218.251
 207.357 218.251
 207.357 218.251
 207.357 218.251
 207.357 218.251
 207.357 218.251
 207.357 218.251
 207.357 218.251
 193.457 204.776
 192.685 204.657
 190.974 204.538
 191.073 204.419
 192.422 204.300
 192.422 204.300
 192.422 204.300
 192.422 204.300
 192.422 204.300
 192.422 204.300
 192.422 204.300
 192.422 204.300
 192.422 204.300
 192.422 204.300
 192.422 204.300
 192.422 204.300
 192.422 204.300
 192.422 204.300
 192.422 204.300
 192.422 204.300
 192.422 204.300
 192.422 204.300
 192.422 204.300
 192.422 204.300
 192.422 204.300
 192.422 204.300
 192.422 204.300
 192.422 204.300
 179.135 190.452
 179.135 190.339
 179.664 190.226
 177.927 190.114
 176.480 190.001
 176.480 190.001
 176.480 190.001
 176.480 190.001
 176.480 190.001
 176.480 190.001
 176.480 190.001
 176.480 190.001
 176.480 190.001
 176.480 190.001
 176.480 190.001
 176.480 190.001
 176.480 190.001
 176.480 190.001
 176.480 190.001
 176.480 190.001
 176.480 190.001
 176.480 190.001
 176.480 190.001
 176.480 190.001
 176.480 190.001
 176.480 190.001
 176.480 190.001
 176.480 190.001
 166.207 173.260
 164.770 173.153
 164.300 173.047
 163.676 172.940
 165.116 172.833
 165.116 172.833
 165.116 172.833
 165.116 172.833
 165.116 172.833
 165.116 172.833
 165.116 172.833
 165.116 172.833
 165.116 172.833
 165.116 172.833
 165.116 172.833
 165.116 172.833
 165.116 172.833
 165.116 172.833
 165.116 172.833
 165.116 172.833
 165.116 172.833
 165.116 172.833
 165.116 172.833
 165.116 172.833
 165.116 172.833
 165.116 172.833
 165.116 172.833
 165.116 172.833
 148.706 172.727
 148.183 172.620
 148.366 172.513
 146.274 172.407
 148.599 172.300
 148.599 172.300
 148.599 172.300
 148.599 172.300
 148.599 172.300
 148.599 172.300
 148.599 172.300
 148.599 172.300
 148.599 172.300
 148.599 172.300
 148.599 172.300
 148.599 172.300
 148.599 172.300
 148.599 172.300
 148.599 172.300
 148.599 172.300
 148.599 172.300
 148.599 172.300
 148.599 172.300
 148.599 172.300
 148.599 172.300
 148.599 172.300
 148.599 172.300
 148.599 172.300
 136.289 147.881
 137.922 147.778
 133.337 147.676
 134.161 147.573
 132.305 147.471
 132.305 147.471
 132.305 147.471
 132.305 147.471
 132.305 147.471
 132.305 147.471
 132.305 147.471
 132.305 147.471
 132.305 147.471
 132.305 147.471
 132.305 147.471
 132.305 147.471
 132.305 147.471
 132.305 147.471
 132.305 147.471
 132.305 147.471
 132.305 147.471
 132.305 147.471
 132.305 147.471
 132.305 147.471
 132.305 147.471
 132.305 147.471
 132.305 147.471
 132.305 147.471
 124.626 133.029
 123.069 132.930
 123.069 132.832
 122.937 132.734
 122.937 132.636
 122.937 132.636
 122.937 132.636
 122.937 132.636
 122.937 132.636
 122.937 132.636
 122.937 132.636
 122.937 132.636
 122.937 132.636
 122.937 132.636
 122.937 132.636
 122.937 132.636
 122.937 132.636
 122.937 132.636
 122.937 132.636
 122.937 132.636
 122.937 132.636
 122.937 132.636
 122.937 132.636
 122.937 132.636
 122.937 132.636
 122.937 132.636
 122.937 132.636
 122.937 132.636
 110.726 120.753
 110.009 120.658
 109.247 120.564
 108.803 120.469
 107.832 120.375
 107.832 120.375
 107.832 120.375
 107.832 120.375
 107.832 120.375
 107.832 120.375
 107.832 120.375
 107.832 120.375
 107.832 120.375
 107.832 120.375
 107.832 120.375
 107.832 120.375
 107.832 120.375
 107.832 120.375
 107.832 120.375
 107.832 120.375
 107.832 120.375
 107.832 120.375
 107.832 120.375
 107.832 120.375
 107.832 120.375
 107.832 120.375
 107.832 120.375
 107.832 120.375
 96.949 103.102
 97.831 103.015
 98.716 102.927
 98.716 102.840
 97.175 102.752
 97.175 102.752
 97.175 102.752
 97.175 102.752
 97.175 102.752
 97.175 102.752
 97.175 102.752
 97.175 102.752
 97.175 102.752
 97.175 102.752
 97.175 102.752
 97.175 102.752
 97.175 102.752
 97.175 102.752
 97.175 102.752
 97.175 102.752
 97.175 102.752
 97.175 102.752
 97.175 102.752
 97.175 102.752
 97.175 102.752
 97.175 102.752
 97.175 102.752
 97.175 102.752
 87.536 98.629
 86.930 98.542
 86.930 98.455
 87.009 98.369
 86.781 98.282
 86.781 98.282
 86.781 98.282
 86.781 98.282
 86.781 98.282
 86.781 98.282
 86.781 98.282
 86.781 98.282
 86.781 98.282
 86.781 98.282
 86.781 98.282
 86.781 98.282
 86.781 98.282
 86.781 98.282
 86.781 98.282
 86.781 98.282
 86.781 98.282
 86.781 98.282
 86.781 98.282
 86.781 98.282
 86.781 98.282
 86.781 98.282
 86.781 98.282
 86.781 98.282
 75.961 83.954
 75.412 83.874
 75.636 83.794
 74.867 83.714
 74.867 83.714
 74.867 83.714
 74.867 83.714
 74.867 83.714
 74.867 83.714
 74.867 83.714
 74.867 83.714
 74.867 83.714
 74.867 83.714
 74.867 83.714
 74.867 83.714
 74.867 83.714
 74.867 83.714
 74.867 83.714
 74.867 83.714
 74.867 83.714
 74.867 83.714
 74.867 83.714
 74.867 83.714
 74.867 83.714
 74.867 83.714
 74.867 83.714
 74.867 83.714
 74.867 83.714
 74.867 83.714
 65.321 70.835
 64.831 70.764
 64.831 70.692
 66.311 70.621
 66.311 70.621
 66.311 70.621
 66.311 70.621
 66.311 70.621
 66.311 70.621
 66.311 70.621
 66.311 70.621
 66.311 70.621
 66.311 70.621
 66.311 70.621
 66.311 70.621
 66.311 70.621
 66.311 70.621
 66.311 70.621
 66.311 70.621
 66.311 70.621
 66.311 70.621
 66.311 70.621
 66.311 70.621
 66.311 70.621
 66.311 70.621
 66.311 70.621
 66.311 70.621
 66.311 70.621
 56.996 70.550
 55.658 70.478
 54.587 70.407
 56.101 70.336
 56.101 70.336
 56.101 70.336
 56.101 70.336
 56.101 70.336
 56.101 70.336
 56.101 70.336
 56.101 70.336
 56.101 70.336
 56.101 70.336
 56.101 70.336
 56.101 70.336
 56.101 70.336
 56.101 70.336
 56.101 70.336
 56.101 70.336
 56.101 70.336
 56.101 70.336
 56.101 70.336
 56.101 70.336
 56.101 70.336
 56.101 70.336
 56.101 70.336
 56.101 70.336
 56.101 70.336
 56.101 70.336
 49.732 53.426
 50.551 53.366
 49.732 53.306
 48.711 53.247
 48.711 53.247
 48.711 53.247
 48.711 53.247
 48.711 53.247
 48.711 53.247
 48.711 53.247
 48.711 53.247
 48.711 53.247
 48.711 53.247
 48.711 53.247
 48.711 53.247
 48.711 53.247
 48.711 53.247
 48.711 53.247
 48.711 53.247
 48.711 53.247
 48.711 53.247
 48.711 53.247
 48.711 53.247
 48.711 53.247
 48.711 53.247
 48.711 53.247
 48.711 53.247
 48.711 53.247
 42.487 45.101
 42.292 45.049
 39.791 44.997
 38.763 44.944
 38.763 44.944
 38.763 44.944
 38.763 44.944
 38.763 44.944
 38.763 44.944
 38.763 44.944
 38.763 44.944
 38.763 44.944
 38.763 44.944
 38.763 44.944
 38.763 44.944
 38.763 44.944
 38.763 44.944
 38.763 44.944
 38.763 44.944
 38.763 44.944
 38.763 44.944
 38.763 44.944
 38.763 44.944
 38.763 44.944
 38.763 44.944
 38.763 44.944
 38.763 44.944
 38.763 44.944
 38.763 44.944
 35.035 38.630
 34.714 38.584
 33.458 38.537
 32.432 38.491
 32.432 38.491
 32.432 38.491
 32.432 38.491
 32.432 38.491
 32.432 38.491
 32.432 38.491
 32.432 38.491
 32.432 38.491
 32.432 38.491
 32.432 38.491
 32.432 38.491
 32.432 38.491
 32.432 38.491
 32.432 38.491
 32.432 38.491
 32.432 38.491
 32.432 38.491
 32.432 38.491
 32.432 38.491
 32.432 38.491
 32.432 38.491
 32.432 38.491
 32.432 38.491
 32.432 38.491
 28.369 32.025
 28.642 31.984
 28.098 31.943
 27.565 31.902
 27.303 31.862
 27.303 31.862
 27.303 31.862
 27.303 31.862
 27.303 31.862
 27.303 31.862
 27.303 31.862
 27.303 31.862
 27.303 31.862
 27.303 31.862
 27.303 31.862
 27.303 31.862
 27.303 31.862
 27.303 31.862
 27.303 31.862
 27.303 31.862
 27.303 31.862
 27.303 31.862
 27.303 31.862
 27.303 31.862
 27.303 31.862
 27.303 31.862
 27.303 31.862
 27.303 31.862
 22.659 31.821
 22.659 31.780
 22.193 31.739
 22.425 31.698
 22.425 31.698
 22.425 31.698
 22.425 31.698
 22.425 31.698
 22.425 31.698
 22.425 31.698
 22.425 31.698
 22.425 31.698
 22.425 31.698
 22.425 31.698
 22.425 31.698
 22.425 31.698
 22.425 31.698
 22.425 31.698
 22.425 31.698
 22.425 31.698
 22.425 31.698
 22.425 31.698
 22.425 31.698
 22.425 31.698
 22.425 31.698
 22.425 31.698
 22.425 31.698
 22.425 31.698
 22.425 31.698
 18.213 21.084
 17.586 21.055
 17.628 21.026
 17.147 20.997
 17.147 20.997
 17.147 20.997
 17.147 20.997
 17.147 20.997
 17.147 20.997
 17.147 20.997
 17.147 20.997
 17.147 20.997
 17.147 20.997
 17.147 20.997
 17.147 20.997
 17.147 20.997
 17.147 20.997
 17.147 20.997
 17.147 20.997
 17.147 20.997
 17.147 20.997
 17.147 20.997
 17.147 20.997
 17.147 20.997
 17.147 20.997
 17.147 20.997
 17.147 20.997
 17.147 20.997
 14.176 16.182
 13.876 16.158
 13.915 16.135
 14.087 16.111
 14.087 16.088
 14.087 16.088
 14.087 16.088
 14.087 16.088
 14.087 16.088
 14.087 16.088
 14.087 16.088
 14.087 16.088
 14.087 16.088
 14.087 16.088
 14.087 16.088
 14.087 16.088
 14.087 16.088
 14.087 16.088
 14.087 16.088
 14.087 16.088
 14.087 16.088
 14.087 16.088
 14.087 16.088
 14.087 16.088
 14.087 16.088
 14.087 16.088
 14.087 16.088
 14.087 16.088
 10.447 16.064
 10.201 16.041
 10.211 16.018
 10.211 15.994
 10.211 15.994
 10.211 15.994
 10.211 15.994
 10.211 15.994
 10.211 15.994
 10.211 15.994
 10.211 15.994
 10.211 15.994
 10.211 15.994
 10.211 15.994
 10.211 15.994
 10.211 15.994
 10.211 15.994
 10.211 15.994
 10.211 15.994
 10.211 15.994
 10.211 15.994
 10.211 15.994
 10.211 15.994
 10.211 15.994
 10.211 15.994
 10.211 15.994
 10.211 15.994
 10.211 15.994
 10.211 15.994
 8.267 9.272
 8.047 9.257
 8.267 9.243
 7.945 9.229
 7.945 9.229
 7.945 9.229
 7.945 9.229
 7.945 9.229
 7.945 9.229
 7.945 9.229
 7.945 9.229
 7.945 9.229
 7.945 9.229
 7.945 9.229
 7.945 9.229
 7.945 9.229
 7.945 9.229
 7.945 9.229
 7.945 9.229
 7.945 9.229
 7.945 9.229
 7.945 9.229
 7.945 9.229
 7.945 9.229
 7.945 9.229
 7.945 9.229
 7.945 9.229
 5.590 7.210
 5.645 7.198
 5.723 7.187
 5.974 7.176
 5.882 7.164
 5.882 7.164
 5.882 7.164
 5.882 7.164
 5.882 7.164
 5.882 7.164
 5.882 7.164
 5.882 7.164
 5.882 7.164
 5.882 7.164
 5.882 7.164
 5.882 7.164
 5.882 7.164
 5.882 7.164
 5.882 7.164
 5.882 7.164
 5.882 7.164
 5.882 7.164
 5.882 7.164
 5.882 7.164
 5.882 7.164
 5.882 7.164
 5.882 7.164
 5.882 7.164
 4.009 4.869
 3.856 4.861
 3.705 4.852
 3.705 4.844
 3.631 4.836
 3.631 4.836
 3.631 4.836
 3.631 4.836
 3.631 4.836
 3.631 4.836
 3.631 4.836
 3.631 4.836
 3.631 4.836
 3.631 4.836
 3.631 4.836
 3.631 4.836
 3.631 4.836
 3.631 4.836
 3.631 4.836
 3.631 4.836
 3.631 4.836
 3.631 4.836
 3.631 4.836
 3.631 4.836
 3.631 4.836
 3.631 4.836
 3.631 4.836
 3.631 4.836
 2.352 3.689
 2.352 3.682
 2.352 3.676
 2.417 3.670
 2.473 3.664
 2.473 3.664
 2.473 3.664
 2.473 3.664
 2.473 3.664
 2.473 3.664
 2.473 3.664
 2.473 3.664
 2.473 3.664
 2.473 3.664
 2.473 3.664
 2.473 3.664
 2.473 3.664
 2.473 3.664
 2.473 3.664
 2.473 3.664
 2.473 3.664
 2.473 3.664
 2.473 3.664
 2.473 3.664
 2.473 3.664
 2.473 3.664
 2.473 3.664
 1.688 2.131
 1.609 2.127
 1.661 2.123
 1.688 2.119
 1.661 2.115
 1.661 2.115
 1.661 2.115
 1.661 2.115
 1.661 2.115
 1.661 2.115
 1.661 2.115
 1.661 2.115
 1.661 2.115
 1.661 2.115
 1.661 2.115
 1.661 2.115
 1.661 2.115
 1.661 2.115
 1.661 2.115
 1.661 2.115
 1.661 2.115
 1.661 2.115
 1.661 2.115
 1.661 2.115
 1.661 2.115
 1.661 2.115
 1.661 2.115
 1.661 2.115
 0.960 2.111
 0.966 2.107
 0.973 2.103
 0.905 2.099
 0.887 2.095
 0.887 2.095
 0.887 2.095
 0.887 2.095
 0.887 2.095
 0.887 2.095
 0.887 2.095
 0.887 2.095
 0.887 2.095
 0.887 2.095
 0.887 2.095
 0.887 2.095
 0.887 2.095
 0.887 2.095
 0.887 2.095
 0.887 2.095
 0.887 2.095
 0.887 2.095
 0.887 2.095
 0.887 2.095
 0.887 2.095
 0.887 2.095
 0.887 2.095
 0.887 2.095
 0.566 0.752
 0.488 0.750
 0.488 0.749
 0.469 0.747
 0.455 0.746
 0.455 0.746
 0.455 0.746
 0.455 0.746
 0.455 0.746
 0.455 0.746
 0.455 0.746
 0.455 0.746
 0.455 0.746
 0.455 0.746
 0.455 0.746
 0.455 0.746
 0.455 0.746
 0.455 0.746
 0.455 0.746
 0.455 0.746
 0.455 0.746
 0.455 0.746
 0.455 0.746
 0.455 0.746
 0.455 0.746
 0.455 0.746
 0.455 0.746
 0.455 0.746
 0.393 0.744
 0.427 0.743
 0.301 0.741
 0.276 0.740
 0.360 0.739
 0.360 0.739
 0.360 0.739
 0.360 0.739
 0.360 0.739
 0.360 0.739
 0.360 0.739
 0.360 0.739
 0.360 0.739
 0.360 0.739
 0.360 0.739
 0.360 0.739
 0.360 0.739
 0.360 0.739
 0.360 0.739
 0.360 0.739
 0.360 0.739
 0.360 0.739
 0.360 0.739
 0.360 0.739
 0.360 0.739
 0.360 0.739
 0.360 0.739
 0.360 0.739
 0.360 0.739
 0.360 0.739
 0.360 0.739
 0.360 0.739
 0.360 0.739
 0.360 0.739
 0.360 0.739
 0.360 0.739
 0.360 0.739
 0.360 0.739
 0.360 0.739
 0.360 0.739
 0.360 0.739
 0.360 0.739
 0.360 0.739
 0.360 0.739
 0.360 0.739
 0.360 0.739
 0.360 0.739
 0.360 0.739
 0.360 0.739
 0.360 0.739
 0.360 0.739
 0.360 0.739
 0.360 0.739
 0.360 0.739
 0.360 0.739
 0.360 0.739
 0.360 0.739
 0.360 0.739
 0.208 0.229
 0.244 0.229
 0.244 0.283
 0.283 0.283
 0.246 0.283
 0.285 0.283
 0.285 0.283
 0.285 0.283
 0.285 0.283
 0.285 0.283
 0.285 0.283
 0.285 0.283
 0.285 0.283
 0.285 0.283
 0.285 0.283
 0.285 0.283
 0.285 0.283
 0.285 0.283
 0.285 0.283
 0.285 0.283
 0.285 0.283
 0.285 0.283
 0.285 0.283
 0.285 0.283
 0.285 0.283
 0.285 0.283
 0.285 0.283
 0.285 0.283
 0.281 0.283
 0.281 0.283
 0.348 0.308
 0.348 0.498
 0.499 0.498
 0.511 0.498
 0.511 0.498
 0.511 0.498
 0.511 0.498
 0.511 0.498
 0.511 0.498
 0.511 0.498
 0.511 0.498
 0.511 0.498
 0.511 0.498
 0.511 0.498
 0.511 0.498
 0.511 0.498
 0.511 0.498
 0.511 0.498
 0.511 0.498
 0.511 0.498
 0.511 0.498
 0.511 0.498
 0.511 0.498
 0.511 0.498
 0.511 0.498
 0.511 0.498
 0.511 0.498
 0.511 0.498
 0.511 0.498
 0.511 0.498
 0.511 0.498
 0.511 0.498
 0.511 0.498
 0.511 0.498
 0.511 0.498
 0.511 0.498
 0.511 0.498
 0.511 0.498
 0.511 0.498
 0.511 0.498
 0.511 0.498
 0.511 0.498
 0.511 0.498
 0.511 0.498
 0.511 0.498
 0.511 0.498
 0.511 0.498
 0.511 0.498
 0.511 0.498
 0.511 0.498
 0.511 0.498
 0.511 0.498
 0.511 0.498
 0.511 0.498
 0.511 0.498
 0.511 0.498
 0.511 0.498
 1.057 0.584
 1.057 0.584
 0.851 0.993
 0.851 0.993
 0.968 0.992
 0.968 0.992
 0.968 0.992
 0.968 0.992
 0.968 0.992
 0.968 0.992
 0.968 0.992
 0.968 0.992
 0.968 0.992
 0.968 0.992
 0.968 0.992
 0.968 0.992
 0.968 0.992
 0.968 0.992
 0.968 0.992
 0.968 0.992
 0.968 0.992
 0.968 0.992
 0.968 0.992
 0.968 0.992
 0.968 0.992
 0.968 0.992
 0.968 0.992
 0.968 0.992
 0.968 0.992
 0.968 0.992
 1.083 0.959
 1.083 1.026
 1.028 1.026
 1.265 1.025
 1.060 1.081
 1.060 1.081
 1.060 1.081
 1.060 1.081
 1.060 1.081
 1.060 1.081
 1.060 1.081
 1.060 1.081
 1.060 1.081
 1.060 1.081
 1.060 1.081
 1.060 1.081
 1.060 1.081
 1.060 1.081
 1.060 1.081
 1.060 1.081
 1.060 1.081
 1.060 1.081
 1.060 1.081
 1.060 1.081
 1.060 1.081
 1.060 1.081
 1.060 1.081
 1.060 1.081
 1.060 1.081
 1.060 1.081
 1.622 1.613
 1.663 1.611
 1.663 1.611
 1.663 1.611
 1.663 1.611
 1.663 1.611
 1.663 1.611
 1.663 1.611
 1.663 1.611
 1.663 1.611
 1.663 1.611
 1.663 1.611
 1.663 1.611
 1.663 1.611
 1.663 1.611
 1.663 1.611
 1.663 1.611
 1.663 1.611
 1.663 1.611
 1.663 1.611
 1.663 1.611
 1.663 1.611
 1.663 1.611
 1.663 1.611
 1.663 1.611
 1.663 1.611
 1.663 1.611
 1.663 1.611
 1.787 1.593
 1.899 1.591
 1.899 1.591
 1.899 1.591
 2.191 1.990
 2.191 1.990
 2.191 1.990
 2.191 1.990
 2.191 1.990
 2.191 1.990
 2.191 1.990
 2.191 1.990
 2.191 1.990
 2.191 1.990
 2.191 1.990
 2.191 1.990
 2.191 1.990
 2.191 1.990
 2.191 1.990
 2.191 1.990
 2.191 1.990
 2.191 1.990
 2.191 1.990
 2.191 1.990
 2.191 1.990
 2.191 1.990
 2.191 1.990
 2.191 1.990
 2.191 1.990
 1.946 2.088
 1.899 2.085
 1.899 2.085
 1.833 1.896
 1.710 1.894
 1.710 1.894
 1.710 1.894
 1.710 1.894
 1.710 1.894
 1.710 1.894
 1.710 1.894
 1.710 1.894
 1.710 1.894
 1.710 1.894
 1.710 1.894
 1.710 1.894
 1.710 1.894
 1.710 1.894
 1.710 1.894
 1.710 1.894
 1.710 1.894
 1.710 1.894
 1.710 1.894
 1.710 1.894
 1.710 1.894
 1.710 1.894
 1.710 1.894
 1.710 1.894
 2.324 2.208
 2.324 2.098
 2.101 2.098
 1.944 2.094
 1.944 2.043
 2.101 2.043
 2.101 2.043
 2.101 2.043
 2.101 2.043
 2.101 2.043
 2.101 2.043
 2.101 2.043
 2.101 2.043
 2.101 2.043
 2.101 2.043
 2.101 2.043
 2.101 2.043
 2.101 2.043
 2.101 2.043
 2.101 2.043
 2.101 2.043
 2.101 2.043
 2.101 2.043
 2.101 2.043
 2.101 2.043
 2.101 2.043
 2.101 2.043
 2.101 2.043
 2.101 2.043
 2.108 2.096
 2.108 2.207
 2.322 2.207
 2.381 2.203
 2.381 2.203
 2.381 2.203
 2.381 2.203
 2.381 2.203
 2.381 2.203
 2.381 2.203
 2.381 2.203
 2.381 2.203
 2.381 2.203
 2.381 2.203
 2.381 2.203
 2.381 2.203
 2.381 2.203
 2.381 2.203
 2.381 2.203
 2.381 2.203
 2.381 2.203
 2.381 2.203
 2.381 2.203
 2.381 2.203
 2.381 2.203
 2.381 2.203
 2.381 2.203
 2.381 2.203
 2.618 2.746
 2.618 2.746
 2.751 2.679
 2.751 2.746
 2.751 2.746
 2.743 2.742
 2.743 2.742
 2.743 2.742
 2.743 2.742
 2.743 2.742
 2.743 2.742
 2.743 2.742
 2.743 2.742
 2.743 2.742
 2.743 2.742
 2.743 2.742
 2.743 2.742
 2.743 2.742
 2.743 2.742
 2.743 2.742
 2.743 2.742
 2.743 2.742
 2.743 2.742
 2.743 2.742
 2.743 2.742
 2.743 2.742
 2.743 2.742
 2.743 2.742
 2.743 2.742
 3.299 3.215
 3.299 3.314
 3.299 3.314
 3.299 3.309
 3.299 3.309
 3.299 3.309
 3.299 3.309
 3.299 3.309
 3.299 3.309
 3.299 3.309
 3.299 3.309
 3.299 3.309
 3.299 3.309
 3.299 3.309
 3.299 3.309
 3.299 3.309
 3.299 3.309
 3.299 3.309
 3.299 3.309
 3.299 3.309
 3.299 3.309
 3.299 3.309
 3.299 3.309
 3.299 3.309
 3.299 3.309
 3.299 3.309
 3.299 3.309
 3.299 3.309
 3.299 3.309
 2.708 2.861
 2.581 2.856
 2.519 2.851
 2.581 2.847
 2.581 2.842
 2.581 2.842
 2.581 2.842
 2.581 2.842
 2.581 2.842
 2.581 2.842
 2.581 2.842
 2.581 2.842
 2.581 2.842
 2.581 2.842
 2.581 2.842
 2.581 2.842
 2.581 2.842
 2.581 2.842
 2.581 2.842
 2.581 2.842
 2.581 2.842
 2.581 2.842
 2.581 2.842
 2.581 2.842
 2.581 2.842
 2.581 2.842
 2.581 2.842
 2.581 2.842
 3.273 3.056
 3.273 3.051
 3.273 3.051
 3.273 3.051
 3.068 3.063
 3.068 3.063
 3.068 3.063
 3.068 3.063
 3.068 3.063
 3.068 3.063
 3.068 3.063
 3.068 3.063
 3.068 3.063
 3.068 3.063
 3.068 3.063
 3.068 3.063
 3.068 3.063
 3.068 3.063
 3.068 3.063
 3.068 3.063
 3.068 3.063
 3.068 3.063
 3.068 3.063
 3.068 3.063
 3.068 3.063
 3.068 3.063
 3.068 3.063
 3.068 3.063
 3.068 3.063
 2.863 3.087
 2.903 3.081
 2.863 3.076
 2.863 3.071
 2.971 3.065
 2.971 3.065
 2.971 3.065
 2.971 3.065
 2.971 3.065
 2.971 3.065
 2.971 3.065
 2.971 3.065
 2.971 3.065
 2.971 3.065
 2.971 3.065
 2.971 3.065
 2.971 3.065
 2.971 3.065
 2.971 3.065
 2.971 3.065
 2.971 3.065
 2.971 3.065
 2.971 3.065
 2.971 3.065
 2.971 3.065
 2.971 3.065
 2.971 3.065
 2.971 3.065
 3.254 3.125
 3.254 3.220
 3.272 3.220
 3.394 3.214
 3.394 3.338
 3.394 3.338
 3.394 3.338
 3.394 3.338
 3.394 3.338
 3.394 3.338
 3.394 3.338
 3.394 3.338
 3.394 3.338
 3.394 3.338
 3.394 3.338
 3.394 3.338
 3.394 3.338
 3.394 3.338
 3.394 3.338
 3.394 3.338
 3.394 3.338
 3.394 3.338
 3.394 3.338
 3.394 3.338
 3.394 3.338
 3.394 3.338
 3.394 3.338
 3.394 3.338
 3.394 3.338
 3.254 3.316
 3.254 3.316
 3.254 3.338
 3.344 3.338
 3.298 3.332
 3.298 3.332
 3.298 3.332
 3.298 3.332
 3.298 3.332
 3.298 3.332
 3.298 3.332
 3.298 3.332
 3.298 3.332
 3.298 3.332
 3.298 3.332
 3.298 3.332
 3.298 3.332
 3.298 3.332
 3.298 3.332
 3.298 3.332
 3.298 3.332
 3.298 3.332
 3.298 3.332
 3.298 3.332
 3.298 3.332
 3.298 3.332
 3.298 3.332
 3.298 3.332
 3.213 2.657
 3.322 2.652
 3.322 2.652
 3.322 2.652
 3.176 3.170
 3.176 3.170
 3.176 3.170
 3.176 3.170
 3.176 3.170
 3.176 3.170
 3.176 3.170
 3.176 3.170
 3.176 3.170
 3.176 3.170
 3.176 3.170
 3.176 3.170
 3.176 3.170
 3.176 3.170
 3.176 3.170
 3.176 3.170
 3.176 3.170
 3.176 3.170
 3.176 3.170
 3.176 3.170
 3.176 3.170
 3.176 3.170
 3.176 3.170
 3.176 3.170
 3.176 3.170
 3.176 3.170
 3.176 3.170
 3.176 3.170
 3.176 3.170
 3.176 3.170
 3.176 3.170
 3.176 3.170
 3.176 3.170
 3.176 3.170
 3.176 3.170
 3.176 3.170
 3.176 3.170
 3.176 3.170
 3.176 3.170
 3.176 3.170
 3.176 3.170
 3.176 3.170
 3.176 3.170
 3.176 3.170
 3.176 3.170
 3.176 3.170
 3.176 3.170
 3.176 3.170
 3.176 3.170
 3.176 3.170
 3.176 3.170
 3.176 3.170
 3.176 3.170
 3.176 3.170
 3.176 3.170
 3.566 3.170
 3.566 3.560
 3.566 3.560
 3.541 3.554
 3.541 3.411
 3.541 3.411
 3.541 3.411
 3.541 3.411
 3.541 3.411
 3.541 3.411
 3.541 3.411
 3.541 3.411
 3.541 3.411
 3.541 3.411
 3.541 3.411
 3.541 3.411
 3.541 3.411
 3.541 3.411
 3.541 3.411
 3.541 3.411
 3.541 3.411
 3.541 3.411
 3.541 3.411
 3.541 3.411
 3.541 3.411
 3.541 3.411
 3.541 3.411
 3.541 3.411
 3.541 3.411
 3.213 3.293
 3.213 3.293
 3.126 3.146
 3.152 3.140
 3.152 3.192
 3.126 3.192
 3.126 3.192
 3.126 3.192
 3.126 3.192
 3.126 3.192
 3.126 3.192
 3.126 3.192
 3.126 3.192
 3.126 3.192
 3.126 3.192
 3.126 3.192
 3.126 3.192
 3.126 3.192
 3.126 3.192
 3.126 3.192
 3.126 3.192
 3.126 3.192
 3.126 3.192
 3.126 3.192
 3.126 3.192
 3.126 3.192
 3.126 3.192
 3.126 3.192
 3.126 3.192
 3.126 3.192
 3.126 3.192
 3.126 3.192
 3.126 3.192
 3.126 3.192
 3.126 3.192
 3.126 3.192
 3.126 3.192
 3.126 3.192
 3.126 3.192
 3.126 3.192
 3.126 3.192
 3.126 3.192
 3.126 3.192
 3.126 3.192
 3.126 3.192
 3.126 3.192
 3.126 3.192
 3.126 3.192
 3.126 3.192
 3.126 3.192
 3.126 3.192
 3.126 3.192
 3.126 3.192
 3.126 3.192
 3.126 3.192
 3.126 3.192
 3.126 3.192
 3.126 3.192
 3.126 3.192
 3.195 3.353
 3.284 3.346
 3.152 3.340
 3.181 3.333
 3.141 3.327
 3.141 3.327
 3.141 3.327
 3.141 3.327
 3.141 3.327
 3.141 3.327
 3.141 3.327
 3.141 3.327
 3.141 3.327
 3.141 3.327
 3.141 3.327
 3.141 3.327
 3.141 3.327
 3.141 3.327
 3.141 3.327
 3.141 3.327
 3.141 3.327
 3.141 3.327
 3.141 3.327
 3.141 3.327
 3.141 3.327
 3.141 3.327
 3.141 3.327
 3.141 3.327
 3.081 2.814
 3.081 3.004
 2.992 3.004
 3.010 2.998
 2.782 2.992
 2.782 2.992
 2.782 2.992
 2.782 2.992
 2.782 2.992
 2.782 2.992
 2.782 2.992
 2.782 2.992
 2.782 2.992
 2.782 2.992
 2.782 2.992
 2.782 2.992
 2.782 2.992
 2.782 2.992
 2.782 2.992
 2.782 2.992
 2.782 2.992
 2.782 2.992
 2.782 2.992
 2.782 2.992
 2.782 2.992
 2.782 2.992
 2.782 2.992
 2.782 2.992
 3.049 2.762
 3.049 2.986
 3.064 2.986
 3.064 2.980
 3.080 3.048
 3.080 3.048
 3.080 3.048
 3.080 3.048
 3.080 3.048
 3.080 3.048
 3.080 3.048
 3.080 3.048
 3.080 3.048
 3.080 3.048
 3.080 3.048
 3.080 3.048
 3.080 3.048
 3.080 3.048
 3.080 3.048
 3.080 3.048
 3.080 3.048
 3.080 3.048
 3.080 3.048
 3.080 3.048
 3.080 3.048
 3.080 3.048
 3.080 3.048
 3.080 3.048
 3.080 3.048
 3.081 3.022
 3.081 3.022
 3.081 3.048
 3.008 3.048
 2.912 3.042
 2.982 3.036
 2.982 3.036
 2.982 3.036
 2.982 3.036
 2.982 3.036
 2.982 3.036
 2.982 3.036
 2.982 3.036
 2.982 3.036
 2.982 3.036
 2.982 3.036
 2.982 3.036
 2.982 3.036
 2.982 3.036
 2.982 3.036
 2.982 3.036
 2.982 3.036
 2.982 3.036
 2.982 3.036
 2.982 3.036
 2.982 3.036
 2.982 3.036
 2.982 3.036
 2.982 3.036
 2.742 2.708
 2.977 2.703
 2.977 2.703
 2.977 2.703
 2.906 2.845
 2.906 2.845
 2.906 2.845
 2.906 2.845
 2.906 2.845
 2.906 2.845
 2.906 2.845
 2.906 2.845
 2.906 2.845
 2.906 2.845
 2.906 2.845
 2.906 2.845
 2.906 2.845
 2.906 2.845
 2.906 2.845
 2.906 2.845
 2.906 2.845
 2.906 2.845
 2.906 2.845
 2.906 2.845
 2.906 2.845
 2.906 2.845
 2.906 2.845
 2.906 2.845
 3.010 3.058
 3.010 3.058
 2.982 2.953
 2.938 2.947
 2.938 2.947
 2.773 2.794
 2.773 2.794
 2.773 2.794
 2.773 2.794
 2.773 2.794
 2.773 2.794
 2.773 2.794
 2.773 2.794
 2.773 2.794
 2.773 2.794
 2.773 2.794
 2.773 2.794
 2.773 2.794
 2.773 2.794
 2.773 2.794
 2.773 2.794
 2.773 2.794
 2.773 2.794
 2.773 2.794
 2.773 2.794
 2.773 2.794
 2.773 2.794
 2.773 2.794
 2.825 2.874
 2.756 2.869
 2.742 2.863
 2.767 2.857
 2.742 2.852
 2.742 2.852
 2.742 2.852
 2.742 2.852
 2.742 2.852
 2.742 2.852
 2.742 2.852
 2.742 2.852
 2.742 2.852
 2.742 2.852
 2.742 2.852
 2.742 2.852
 2.742 2.852
 2.742 2.852
 2.742 2.852
 2.742 2.852
 2.742 2.852
 2.742 2.852
 2.742 2.852
 2.742 2.852
 2.742 2.852
 2.742 2.852
 2.742 2.852
 2.742 2.852
 2.767 2.846
 2.713 2.840
 2.699 2.835
 2.713 2.829
 2.713 2.823
 2.713 2.823
 2.713 2.823
 2.713 2.823
 2.713 2.823
 2.713 2.823
 2.713 2.823
 2.713 2.823
 2.713 2.823
 2.713 2.823
 2.713 2.823
 2.713 2.823
 2.713 2.823
 2.713 2.823
 2.713 2.823
 2.713 2.823
 2.713 2.823
 2.713 2.823
 2.713 2.823
 2.713 2.823
 2.713 2.823
 2.713 2.823
 2.713 2.823
 2.713 2.823
 2.448 2.818
 2.245 2.812
 2.307 2.807
 2.245 2.801
 2.245 2.795
 2.245 2.795
 2.245 2.795
 2.245 2.795
 2.245 2.795
 2.245 2.795
 2.245 2.795
 2.245 2.795
 2.245 2.795
 2.245 2.795
 2.245 2.795
 2.245 2.795
 2.245 2.795
 2.245 2.795
 2.245 2.795
 2.245 2.795
 2.245 2.795
 2.245 2.795
 2.245 2.795
 2.245 2.795
 2.245 2.795
 2.245 2.795
 2.245 2.795
 2.245 2.795
 2.713 2.411
 2.699 2.406
 2.699 2.406
 2.699 2.406
 2.435 2.495
 2.435 2.495
 2.435 2.495
 2.435 2.495
 2.435 2.495
 2.435 2.495
 2.435 2.495
 2.435 2.495
 2.435 2.495
 2.435 2.495
 2.435 2.495
 2.435 2.495
 2.435 2.495
 2.435 2.495
 2.435 2.495
 2.435 2.495
 2.435 2.495
 2.435 2.495
 2.435 2.495
 2.435 2.495
 2.435 2.495
 2.435 2.495
 2.435 2.495
 2.435 2.495
 2.499 2.490
 2.499 2.485
 2.499 2.485
 2.499 2.485
 2.530 2.508
 2.530 2.508
 2.530 2.508
 2.530 2.508
 2.530 2.508
 2.530 2.508
 2.530 2.508
 2.530 2.508
 2.530 2.508
 2.530 2.508
 2.530 2.508
 2.530 2.508
 2.530 2.508
 2.530 2.508
 2.530 2.508
 2.530 2.508
 2.530 2.508
 2.530 2.508
 2.530 2.508
 2.530 2.508
 2.530 2.508
 2.530 2.508
 2.530 2.508
 2.530 2.508
 2.530 2.508
 2.530 2.508
 2.530 2.508
 2.530 2.508
 2.530 2.508
 2.530 2.508
 2.530 2.508
 2.530 2.508
 2.530 2.508
 2.530 2.508
 2.530 2.508
 2.530 2.508
 2.530 2.508
 2.530 2.508
 2.530 2.508
 2.530 2.508
 2.530 2.508
 2.530 2.508
 2.530 2.508
 2.530 2.508
 2.530 2.508
 2.530 2.508
 2.530 2.508
 2.530 2.508
 2.530 2.508
 2.530 2.508
 2.530 2.508
 2.530 2.508
 2.530 2.508
 2.530 2.508
 2.530 2.508
 2.549 2.666
 2.473 2.661
 2.473 2.655
 2.420 2.650
 2.420 2.645
 2.420 2.645
 2.420 2.645
 2.420 2.645
 2.420 2.645
 2.420 2.645
 2.420 2.645
 2.420 2.645
 2.420 2.645
 2.420 2.645
 2.420 2.645
 2.420 2.645
 2.420 2.645
 2.420 2.645
 2.420 2.645
 2.420 2.645
 2.420 2.645
 2.420 2.645
 2.420 2.645
 2.420 2.645
 2.420 2.645
 2.420 2.645
 2.420 2.645
 2.420 2.645
 2.227 2.216
 2.297 2.212
 2.297 2.212
 2.297 2.212
 2.259 2.254
 2.259 2.254
 2.259 2.254
 2.259 2.254
 2.259 2.254
 2.259 2.254
 2.259 2.254
 2.259 2.254
 2.259 2.254
 2.259 2.254
 2.259 2.254
 2.259 2.254
 2.259 2.254
 2.259 2.254
 2.259 2.254
 2.259 2.254
 2.259 2.254
 2.259 2.254
 2.259 2.254
 2.259 2.254
 2.259 2.254
 2.259 2.254
 2.259 2.254
 2.259 2.254
 2.172 2.250
 2.172 2.250
 2.100 1.992
 2.100 2.036
 1.982 2.036
 1.982 2.032
 1.982 2.032
 1.982 2.032
 1.982 2.032
 1.982 2.032
 1.982 2.032
 1.982 2.032
 1.982 2.032
 1.982 2.032
 1.982 2.032
 1.982 2.032
 1.982 2.032
 1.982 2.032
 1.982 2.032
 1.982 2.032
 1.982 2.032
 1.982 2.032
 1.982 2.032
 1.982 2.032
 1.982 2.032
 1.982 2.032
 1.982 2.032
 1.982 2.032
 1.982 2.032
 2.411 2.168
 2.411 2.419
 2.435 2.419
 2.448 2.414
 2.448 2.414
 2.448 2.414
 2.448 2.414
 2.448 2.414
 2.448 2.414
 2.448 2.414
 2.448 2.414
 2.448 2.414
 2.448 2.414
 2.448 2.414
 2.448 2.414
 2.448 2.414
 2.448 2.414
 2.448 2.414
 2.448 2.414
 2.448 2.414
 2.448 2.414
 2.448 2.414
 2.448 2.414
 2.448 2.414
 2.448 2.414
 2.448 2.414
 2.448 2.414
 2.448 2.414
 2.448 2.414
 2.223 2.289
 2.223 2.285
 2.161 2.281
 2.223 2.276
 2.166 2.272
 2.166 2.272
 2.166 2.272
 2.166 2.272
 2.166 2.272
 2.166 2.272
 2.166 2.272
 2.166 2.272
 2.166 2.272
 2.166 2.272
 2.166 2.272
 2.166 2.272
 2.166 2.272
 2.166 2.272
 2.166 2.272
 2.166 2.272
 2.166 2.272
 2.166 2.272
 2.166 2.272
 2.166 2.272
 2.166 2.272
 2.166 2.272
 2.166 2.272
 1.982 2.168
 1.982 2.164
 1.983 2.159
 1.983 2.155
 2.042 2.151
 2.042 2.151
 2.042 2.151
 2.042 2.151
 2.042 2.151
 2.042 2.151
 2.042 2.151
 2.042 2.151
 2.042 2.151
 2.042 2.151
 2.042 2.151
 2.042 2.151
 2.042 2.151
 2.042 2.151
 2.042 2.151
 2.042 2.151
 2.042 2.151
 2.042 2.151
 2.042 2.151
 2.042 2.151
 2.042 2.151
 2.042 2.151
 2.042 2.151
 2.042 2.151
 1.988 1.980
 2.054 1.976
 2.054 1.976
 2.054 1.976
 1.983 1.984
 1.983 1.984
 1.983 1.984
 1.983 1.984
 1.983 1.984
 1.983 1.984
 1.983 1.984
 1.983 1.984
 1.983 1.984
 1.983 1.984
 1.983 1.984
 1.983 1.984
 1.983 1.984
 1.983 1.984
 1.983 1.984
 1.983 1.984
 1.983 1.984
 1.983 1.984
 1.983 1.984
 1.983 1.984
 1.983 1.984
 1.983 1.984
 1.983 1.984
 1.983 1.984
 1.983 1.984
 1.988 1.991
 1.982 1.987
 2.160 1.983
 2.160 1.979
 2.160 1.979
 2.160 1.979
 2.160 1.979
 2.160 1.979
 2.160 1.979
 2.160 1.979
 2.160 1.979
 2.160 1.979
 2.160 1.979
 2.160 1.979
 2.160 1.979
 2.160 1.979
 2.160 1.979
 2.160 1.979
 2.160 1.979
 2.160 1.979
 2.160 1.979
 2.160 1.979
 2.160 1.979
 2.160 1.979
 2.160 1.979
 2.160 1.979
 2.160 1.979
 2.160 1.979
 2.182 2.161
 2.243 2.157
 2.243 2.157
 2.243 2.157
 2.160 2.216
 2.160 2.216
 2.160 2.216
 2.160 2.216
 2.160 2.216
 2.160 2.216
 2.160 2.216
 2.160 2.216
 2.160 2.216
 2.160 2.216
 2.160 2.216
 2.160 2.216
 2.160 2.216
 2.160 2.216
 2.160 2.216
 2.160 2.216
 2.160 2.216
 2.160 2.216
 2.160 2.216
 2.160 2.216
 2.160 2.216
 2.160 2.216
 2.160 2.216
 2.160 2.216
 2.160 2.216
 2.160 2.216
 2.160 2.216
 2.160 2.216
 2.160 2.216
 2.160 2.216
 2.160 2.216
 2.160 2.216
 2.160 2.216
 2.160 2.216
 2.160 2.216
 2.160 2.216
 2.160 2.216
 2.160 2.216
 2.160 2.216
 2.160 2.216
 2.160 2.216
 2.160 2.216
 2.160 2.216
 2.160 2.216
 2.160 2.216
 2.160 2.216
 2.160 2.216
 2.160 2.216
 2.160 2.216
 2.160 2.216
 2.160 2.216
 2.160 2.216
 2.160 2.216
 2.160 2.216
 2.160 2.216
 1.949 2.179
 1.926 2.175
 1.869 2.171
 1.813 2.167
 1.833 2.162
 1.833 2.162
 1.833 2.162
 1.833 2.162
 1.833 2.162
 1.833 2.162
 1.833 2.162
 1.833 2.162
 1.833 2.162
 1.833 2.162
 1.833 2.162
 1.833 2.162
 1.833 2.162
 1.833 2.162
 1.833 2.162
 1.833 2.162
 1.833 2.162
 1.833 2.162
 1.833 2.162
 1.833 2.162
 1.833 2.162
 1.833 2.162
 1.833 2.162
 1.833 2.162
 2.193 1.978
 2.197 1.974
 2.197 1.974
 2.197 1.974
 1.983 2.157
 1.983 2.157
 1.983 2.157
 1.983 2.157
 1.983 2.157
 1.983 2.157
 1.983 2.157
 1.983 2.157
 1.983 2.157
 1.983 2.157
 1.983 2.157
 1.983 2.157
 1.983 2.157
 1.983 2.157
 1.983 2.157
 1.983 2.157
 1.983 2.157
 1.983 2.157
 1.983 2.157
 1.983 2.157
 1.983 2.157
 1.983 2.157
 1.983 2.157
 1.983 2.157
 2.105 1.980
 1.982 1.976
 1.982 1.976
 1.982 1.976
 2.017 2.001
 2.017 2.001
 2.017 2.001
 2.017 2.001
 2.017 2.001
 2.017 2.001
 2.017 2.001
 2.017 2.001
 2.017 2.001
 2.017 2.001
 2.017 2.001
 2.017 2.001
 2.017 2.001
 2.017 2.001
 2.017 2.001
 2.017 2.001
 2.017 2.001
 2.017 2.001
 2.017 2.001
 2.017 2.001
 2.017 2.001
 2.017 2.001
 2.017 2.001
 2.017 2.001
 2.017 2.001
 2.017 2.001
 2.017 2.001
 2.017 2.001
 2.017 2.001
 2.017 2.001
 2.017 2.001
 2.017 2.001
 2.017 2.001
 2.017 2.001
 2.017 2.001
 2.017 2.001
 2.017 2.001
 2.017 2.001
 2.017 2.001
 2.017 2.001
 2.017 2.001
 2.017 2.001
 2.017 2.001
 2.017 2.001
 2.017 2.001
 2.017 2.001
 2.017 2.001
 2.017 2.001
 2.017 2.001
 2.017 2.001
 2.017 2.001
 2.017 2.001
 2.017 2.001
 2.017 2.001
 2.017 2.001
 2.042 2.118
 1.984 2.114
 1.996 2.110
 1.982 2.106
 1.996 2.102
 1.996 2.102
 1.996 2.102
 1.996 2.102
 1.996 2.102
 1.996 2.102
 1.996 2.102
 1.996 2.102
 1.996 2.102
 1.996 2.102
 1.996 2.102
 1.996 2.102
 1.996 2.102
 1.996 2.102
 1.996 2.102
 1.996 2.102
 1.996 2.102
 1.996 2.102
 1.996 2.102
 1.996 2.102
 1.996 2.102
 1.996 2.102
 1.996 2.102
 1.996 2.102
 1.996 2.102
 1.996 2.102
 1.996 2.102
 1.996 2.102
 1.996 2.102
 1.996 2.102
 1.996 2.102
 1.996 2.102
 1.996 2.102
 1.996 2.102
 1.996 2.102
 1.996 2.102
 1.996 2.102
 1.996 2.102
 1.996 2.102
 1.996 2.102
 1.996 2.102
 1.996 2.102
 1.996 2.102
 1.996 2.102
 1.996 2.102
 1.996 2.102
 1.996 2.102
 1.996 2.102
 1.996 2.102
 1.996 2.102
 1.996 2.102
 1.996 2.102
 1.996 2.102
 1.996 2.102
 2.226 1.809
 2.223 1.806
 2.223 1.806
 2.223 1.806
 1.975 1.955
 1.975 1.955
 1.975 1.955
 1.975 1.955
 1.975 1.955
 1.975 1.955
 1.975 1.955
 1.975 1.955
 1.975 1.955
 1.975 1.955
 1.975 1.955
 1.975 1.955
 1.975 1.955
 1.975 1.955
 1.975 1.955
 1.975 1.955
 1.975 1.955
 1.975 1.955
 1.975 1.955
 1.975 1.955
 1.975 1.955
 1.975 1.955
 1.975 1.955
 1.975 1.955
 2.347 2.001
 2.347 2.001
 2.347 2.168
 2.161 2.168
 2.243 2.164
 2.243 2.159
 2.243 2.159
 2.243 2.159
 2.243 2.159
 2.243 2.159
 2.243 2.159
 2.243 2.159
 2.243 2.159
 2.243 2.159
 2.243 2.159
 2.243 2.159
 2.243 2.159
 2.243 2.159
 2.243 2.159
 2.243 2.159
 2.243 2.159
 2.243 2.159
 2.243 2.159
 2.243 2.159
 2.243 2.159
 2.243 2.159
 2.243 2.159
 2.243 2.159
 2.243 2.159
 2.160 2.157
 2.160 2.096
 2.042 2.096
 1.988 2.091
 1.988 2.091
 1.930 1.943
 1.930 1.943
 1.930 1.943
 1.930 1.943
 1.930 1.943
 1.930 1.943
 1.930 1.943
 1.930 1.943
 1.930 1.943
 1.930 1.943
 1.930 1.943
 1.930 1.943
 1.930 1.943
 1.930 1.943
 1.930 1.943
 1.930 1.943
 1.930 1.943
 1.930 1.943
 1.930 1.943
 1.930 1.943
 1.930 1.943
 1.930 1.943
 1.930 1.943
 2.006 2.038
 2.019 2.034
 1.988 2.030
 2.042 2.026
 2.042 2.119
 2.197 2.119
 2.197 2.119
 2.197 2.119
 2.197 2.119
 2.197 2.119
 2.197 2.119
 2.197 2.119
 2.197 2.119
 2.197 2.119
 2.197 2.119
 2.197 2.119
 2.197 2.119
 2.197 2.119
 2.197 2.119
 2.197 2.119
 2.197 2.119
 2.197 2.119
 2.197 2.119
 2.197 2.119
 2.197 2.119
 2.197 2.119
 2.197 2.119
 2.197 2.119
 2.197 2.119
 1.982 2.115
 1.982 2.115
 1.930 1.979
 1.937 1.976
 1.988 1.972
 1.988 1.972
 1.988 1.972
 1.988 1.972
 1.988 1.972
 1.988 1.972
 1.988 1.972
 1.988 1.972
 1.988 1.972
 1.988 1.972
 1.988 1.972
 1.988 1.972
 1.988 1.972
 1.988 1.972
 1.988 1.972
 1.988 1.972
 1.988 1.972
 1.988 1.972
 1.988 1.972
 1.988 1.972
 1.988 1.972
 1.988 1.972
 1.988 1.972
 1.988 1.972
 2.006 2.161
 2.006 2.161
 1.893 1.975
 1.882 1.971
 1.939 1.967
 1.939 1.967
 1.939 1.967
 1.939 1.967
 1.939 1.967
 1.939 1.967
 1.939 1.967
 1.939 1.967
 1.939 1.967
 1.939 1.967
 1.939 1.967
 1.939 1.967
 1.939 1.967
 1.939 1.967
 1.939 1.967
 1.939 1.967
 1.939 1.967
 1.939 1.967
 1.939 1.967
 1.939 1.967
 1.939 1.967
 1.939 1.967
 1.939 1.967
 1.939 1.967
 1.949 2.050
 1.949 2.046
 1.949 2.041
 1.939 2.037
 1.988 2.033
 1.988 2.033
 1.988 2.033
 1.988 2.033
 1.988 2.033
 1.988 2.033
 1.988 2.033
 1.988 2.033
 1.988 2.033
 1.988 2.033
 1.988 2.033
 1.988 2.033
 1.988 2.033
 1.988 2.033
 1.988 2.033
 1.988 2.033
 1.988 2.033
 1.988 2.033
 1.988 2.033
 1.988 2.033
 1.988 2.033
 1.988 2.033
 1.988 2.033
 2.035 2.015
 2.035 1.975
 1.906 1.975
 1.772 1.971
 1.772 1.967
 1.718 1.963
 1.718 1.963
 1.718 1.963
 1.718 1.963
 1.718 1.963
 1.718 1.963
 1.718 1.963
 1.718 1.963
 1.718 1.963
 1.718 1.963
 1.718 1.963
 1.718 1.963
 1.718 1.963
 1.718 1.963
 1.718 1.963
 1.718 1.963
 1.718 1.963
 1.718 1.963
 1.718 1.963
 1.718 1.963
 1.718 1.963
 1.718 1.963
 1.718 1.963
 1.718 1.963
 1.959 1.779
 1.930 1.776
 1.930 1.776
 1.930 1.776
 1.947 1.922
 1.947 1.922
 1.947 1.922
 1.947 1.922
 1.947 1.922
 1.947 1.922
 1.947 1.922
 1.947 1.922
 1.947 1.922
 1.947 1.922
 1.947 1.922
 1.947 1.922
 1.947 1.922
 1.947 1.922
 1.947 1.922
 1.947 1.922
 1.947 1.922
 1.947 1.922
 1.947 1.922
 1.947 1.922
 1.947 1.922
 1.947 1.922
 1.947 1.922
 1.947 1.922
 1.939 1.935
 1.868 1.927
 1.868 1.927
 1.939 1.923
 1.939 1.923
 1.939 1.923
 1.939 1.923
 1.939 1.923
 1.939 1.923
 1.939 1.923
 1.939 1.923
 1.939 1.923
 1.939 1.923
 1.939 1.923
 1.939 1.923
 1.939 1.923
 1.939 1.923
 1.939 1.923
 1.939 1.923
 1.939 1.923
 1.939 1.923
 1.939 1.923
 1.939 1.923
 1.939 1.923
 1.939 1.923
 1.939 1.923
 1.939 1.923
 1.939 1.923
 1.939 1.923
 1.939 1.923
 1.772 1.922
 1.757 1.919
 1.704 1.915
 1.758 1.911
 1.757 1.907
 1.757 1.907
 1.757 1.907
 1.757 1.907
 1.757 1.907
 1.757 1.907
 1.757 1.907
 1.757 1.907
 1.757 1.907
 1.757 1.907
 1.757 1.907
 1.757 1.907
 1.757 1.907
 1.757 1.907
 1.757 1.907
 1.757 1.907
 1.757 1.907
 1.757 1.907
 1.757 1.907
 1.757 1.907
 1.757 1.907
 1.757 1.907
 1.757 1.907
 1.757 1.943
 1.833 1.939
 1.805 1.935
 1.723 1.931
 1.790 1.927
 1.790 1.927
 1.790 1.927
 1.790 1.927
 1.790 1.927
 1.790 1.927
 1.790 1.927
 1.790 1.927
 1.790 1.927
 1.790 1.927
 1.790 1.927
 1.790 1.927
 1.790 1.927
 1.790 1.927
 1.790 1.927
 1.790 1.927
 1.790 1.927
 1.790 1.927
 1.790 1.927
 1.790 1.927
 1.790 1.927
 1.790 1.927
 1.790 1.927
 1.790 1.927
 1.760 1.924
 1.743 1.920
 1.718 1.916
 1.710 1.912
 1.710 1.909
 1.710 1.909
 1.710 1.909
 1.710 1.909
 1.710 1.909
 1.710 1.909
 1.710 1.909
 1.710 1.909
 1.710 1.909
 1.710 1.909
 1.710 1.909
 1.710 1.909
 1.710 1.909
 1.710 1.909
 1.710 1.909
 1.710 1.909
 1.710 1.909
 1.710 1.909
 1.710 1.909
 1.710 1.909
 1.710 1.909
 1.710 1.909
 1.710 1.909
 1.710 1.909
 1.710 1.909
 1.988 1.815
 2.073 1.812
 2.073 1.812
 2.073 1.812
 1.868 2.011
 1.868 2.011
 1.868 2.011
 1.868 2.011
 1.868 2.011
 1.868 2.011
 1.868 2.011
 1.868 2.011
 1.868 2.011
 1.868 2.011
 1.868 2.011
 1.868 2.011
 1.868 2.011
 1.868 2.011
 1.868 2.011
 1.868 2.011
 1.868 2.011
 1.868 2.011
 1.868 2.011
 1.868 2.011
 1.868 2.011
 1.868 2.011
 1.868 2.011
 1.868 2.011
 1.868 2.011
 1.925 1.809
 1.930 1.806
 1.930 1.806
 1.930 1.806
 1.778 1.813
 1.778 1.813
 1.778 1.813
 1.778 1.813
 1.778 1.813
 1.778 1.813
 1.778 1.813
 1.778 1.813
 1.778 1.813
 1.778 1.813
 1.778 1.813
 1.778 1.813
 1.778 1.813
 1.778 1.813
 1.778 1.813
 1.778 1.813
 1.778 1.813
 1.778 1.813
 1.778 1.813
 1.778 1.813
 1.778 1.813
 1.778 1.813
 1.778 1.813
 1.778 1.813
 1.869 1.927
 1.889 1.923
 1.778 1.919
 1.778 1.916
 1.735 1.912
 1.735 1.912
 1.735 1.912
 1.735 1.912
 1.735 1.912
 1.735 1.912
 1.735 1.912
 1.735 1.912
 1.735 1.912
 1.735 1.912
 1.735 1.912
 1.735 1.912
 1.735 1.912
 1.735 1.912
 1.735 1.912
 1.735 1.912
 1.735 1.912
 1.735 1.912
 1.735 1.912
 1.735 1.912
 1.735 1.912
 1.735 1.912
 1.735 1.912
 1.735 1.912
 1.735 1.912
 1.812 1.774
 1.812 1.815
 1.759 1.815
 1.868 1.812
 1.983 1.808
 1.983 1.808
 1.983 1.808
 1.983 1.808
 1.983 1.808
 1.983 1.808
 1.983 1.808
 1.983 1.808
 1.983 1.808
 1.983 1.808
 1.983 1.808
 1.983 1.808
 1.983 1.808
 1.983 1.808
 1.983 1.808
 1.983 1.808
 1.983 1.808
 1.983 1.808
 1.983 1.808
 1.983 1.808
 1.983 1.808
 1.983 1.808
 1.983 1.808
 1.983 1.808
 1.812 1.978
 1.812 1.978
 1.813 1.754
 1.813 1.754
 1.812 1.754
 1.758 1.750
 1.758 1.750
 1.758 1.750
 1.758 1.750
 1.758 1.750
 1.758 1.750
 1.758 1.750
 1.758 1.750
 1.758 1.750
 1.758 1.750
 1.758 1.750
 1.758 1.750
 1.758 1.750
 1.758 1.750
 1.758 1.750
 1.758 1.750
 1.758 1.750
 1.758 1.750
 1.758 1.750
 1.758 1.750
 1.758 1.750
 1.758 1.750
 1.758 1.750
 1.758 1.750
 1.758 1.886
 1.758 1.886
 1.758 1.754
 1.758 1.754
 1.757 1.751
 1.757 1.751
 1.757 1.751
 1.757 1.751
 1.757 1.751
 1.757 1.751
 1.757 1.751
 1.757 1.751
 1.757 1.751
 1.757 1.751
 1.757 1.751
 1.757 1.751
 1.757 1.751
 1.757 1.751
 1.757 1.751
 1.757 1.751
 1.757 1.751
 1.757 1.751
 1.757 1.751
 1.757 1.751
 1.757 1.751
 1.757 1.751
 1.757 1.751
 1.757 1.751
 1.757 1.751
 1.925 1.756
 1.925 1.756
 1.925 1.754
 1.704 1.754
 1.757 1.751
 1.768 1.747
 1.768 1.747
 1.768 1.747
 1.768 1.747
 1.768 1.747
 1.768 1.747
 1.768 1.747
 1.768 1.747
 1.768 1.747
 1.768 1.747
 1.768 1.747
 1.768 1.747
 1.768 1.747
 1.768 1.747
 1.768 1.747
 1.768 1.747
 1.768 1.747
 1.768 1.747
 1.768 1.747
 1.768 1.747
 1.768 1.747
 1.768 1.747
 1.768 1.747
 1.947 1.744
 1.947 1.744
 1.947 1.744
 1.947 1.744
 1.995 1.991
 1.982 1.987
 1.982 1.987
 1.982 1.987
 1.982 1.987
 1.982 1.987
 1.982 1.987
 1.982 1.987
 1.982 1.987
 1.982 1.987
 1.982 1.987
 1.982 1.987
 1.982 1.987
 1.982 1.987
 1.982 1.987
 1.982 1.987
 1.982 1.987
 1.982 1.987
 1.982 1.987
 1.982 1.987
 1.982 1.987
 1.982 1.987
 1.982 1.987
 1.982 1.987
 1.925 1.922
 1.925 1.922
 1.926 1.922
 1.926 1.918
 1.926 1.918
 1.926 1.953
 1.844 1.953
 1.844 1.953
 1.844 1.953
 1.844 1.953
 1.844 1.953
 1.844 1.953
 1.844 1.953
 1.844 1.953
 1.844 1.953
 1.844 1.953
 1.844 1.953
 1.844 1.953
 1.844 1.953
 1.844 1.953
 1.844 1.953
 1.844 1.953
 1.844 1.953
 1.844 1.953
 1.844 1.953
 1.844 1.953
 1.844 1.953
 1.844 1.953
 1.844 1.953
 1.844 1.953
 1.949 1.933
 2.006 1.929
 2.006 1.929
 2.006 1.929
 1.925 1.984
 1.925 1.984
 1.925 1.984
 1.925 1.984
 1.925 1.984
 1.925 1.984
 1.925 1.984
 1.925 1.984
 1.925 1.984
 1.925 1.984
 1.925 1.984
 1.925 1.984
 1.925 1.984
 1.925 1.984
 1.925 1.984
 1.925 1.984
 1.925 1.984
 1.925 1.984
 1.925 1.984
 1.925 1.984
 1.925 1.984
 1.925 1.984
 1.925 1.984
 1.925 1.984
 1.925 1.984
 1.833 2.094
 1.823 2.090
 1.758 2.086
 1.758 2.082
 1.707 2.078
 1.707 2.078
 1.707 2.078
 1.707 2.078
 1.707 2.078
 1.707 2.078
 1.707 2.078
 1.707 2.078
 1.707 2.078
 1.707 2.078
 1.707 2.078
 1.707 2.078
 1.707 2.078
 1.707 2.078
 1.707 2.078
 1.707 2.078
 1.707 2.078
 1.707 2.078
 1.707 2.078
 1.707 2.078
 1.707 2.078
 1.707 2.078
 1.707 2.078
 1.982 1.922
 2.101 1.918
 2.101 1.918
 2.101 1.918
 1.982 1.978
 1.982 1.978
 1.982 1.978
 1.982 1.978
 1.982 1.978
 1.982 1.978
 1.982 1.978
 1.982 1.978
 1.982 1.978
 1.982 1.978
 1.982 1.978
 1.982 1.978
 1.982 1.978
 1.982 1.978
 1.982 1.978
 1.982 1.978
 1.982 1.978
 1.982 1.978
 1.982 1.978
 1.982 1.978
 1.982 1.978
 1.982 1.978
 1.982 1.978
 1.982 1.978
 1.982 1.978
 1.982 1.978
 1.982 1.978
 1.982 1.978
 1.982 1.978
 1.982 1.978
 1.982 1.978
 1.982 1.978
 1.982 1.978
 1.982 1.978
 1.982 1.978
 1.982 1.978
 1.982 1.978
 1.982 1.978
 1.982 1.978
 1.982 1.978
 1.982 1.978
 1.982 1.978
 1.982 1.978
 1.982 1.978
 1.982 1.978
 1.982 1.978
 1.982 1.978
 1.982 1.978
 1.982 1.978
 1.982 1.978
 1.982 1.978
 1.982 1.978
 1.982 1.978
 1.982 1.978
 1.982 1.978
 1.982 2.038
 1.868 2.034
 1.868 2.030
 1.868 2.026
 1.812 2.022
 1.812 2.022
 1.812 2.022
 1.812 2.022
 1.812 2.022
 1.812 2.022
 1.812 2.022
 1.812 2.022
 1.812 2.022
 1.812 2.022
 1.812 2.022
 1.812 2.022
 1.812 2.022
 1.812 2.022
 1.812 2.022
 1.812 2.022
 1.812 2.022
 1.812 2.022
 1.812 2.022
 1.812 2.022
 1.812 2.022
 1.812 2.022
 1.812 2.022
 1.812 2.022
 1.982 1.979
 1.988 1.976
 1.988 1.976
 1.988 1.976
 1.983 2.096
 1.983 2.096
 1.983 2.096
 1.983 2.096
 1.983 2.096
 1.983 2.096
 1.983 2.096
 1.983 2.096
 1.983 2.096
 1.983 2.096
 1.983 2.096
 1.983 2.096
 1.983 2.096
 1.983 2.096
 1.983 2.096
 1.983 2.096
 1.983 2.096
 1.983 2.096
 1.983 2.096
 1.983 2.096
 1.983 2.096
 1.983 2.096
 1.983 2.096
 1.983 2.096
 1.925 1.991
 1.925 1.987
 1.947 1.983
 1.889 1.979
 1.959 1.975
 1.959 1.975
 1.959 1.975
 1.959 1.975
 1.959 1.975
 1.959 1.975
 1.959 1.975
 1.959 1.975
 1.959 1.975
 1.959 1.975
 1.959 1.975
 1.959 1.975
 1.959 1.975
 1.959 1.975
 1.959 1.975
 1.959 1.975
 1.959 1.975
 1.959 1.975
 1.959 1.975
 1.959 1.975
 1.959 1.975
 1.959 1.975
 1.959 1.975
 1.959 1.975
 1.925 1.921
 1.959 1.917
 1.959 1.917
 1.959 1.917
 2.015 2.011
 2.015 2.011
 2.015 2.011
 2.015 2.011
 2.015 2.011
 2.015 2.011
 2.015 2.011
 2.015 2.011
 2.015 2.011
 2.015 2.011
 2.015 2.011
 2.015 2.011
 2.015 2.011
 2.015 2.011
 2.015 2.011
 2.015 2.011
 2.015 2.011
 2.015 2.011
 2.015 2.011
 2.015 2.011
 2.015 2.011
 2.015 2.011
 2.015 2.011
 2.015 2.011
 2.015 2.011
 1.705 1.943
 1.705 1.939
 1.772 1.935
 1.875 1.931
 1.926 1.927
 1.926 1.927
 1.926 1.927
 1.926 1.927
 1.926 1.927
 1.926 1.927
 1.926 1.927
 1.926 1.927
 1.926 1.927
 1.926 1.927
 1.926 1.927
 1.926 1.927
 1.926 1.927
 1.926 1.927
 1.926 1.927
 1.926 1.927
 1.926 1.927
 1.926 1.927
 1.926 1.927
 1.926 1.927
 1.926 1.927
 1.926 1.927
 1.926 1.927
 1.995 1.922
 1.930 1.918
 1.930 1.918
 1.930 1.918
 1.768 1.774
 1.768 1.774
 1.768 1.774
 1.768 1.774
 1.768 1.774
 1.768 1.774
 1.768 1.774
 1.768 1.774
 1.768 1.774
 1.768 1.774
 1.768 1.774
 1.768 1.774
 1.768 1.774
 1.768 1.774
 1.768 1.774
 1.768 1.774
 1.768 1.774
 1.768 1.774
 1.768 1.774
 1.768 1.774
 1.768 1.774
 1.768 1.774
 1.768 1.774
 1.768 1.774
 1.768 1.774
 2.053 1.886
 2.053 2.001
 2.017 2.001
 1.959 1.997
 1.959 1.943
 1.947 1.943
 1.947 1.943
 1.947 1.943
 1.947 1.943
 1.947 1.943
 1.947 1.943
 1.947 1.943
 1.947 1.943
 1.947 1.943
 1.947 1.943
 1.947 1.943
 1.947 1.943
 1.947 1.943
 1.947 1.943
 1.947 1.943
 1.947 1.943
 1.947 1.943
 1.947 1.943
 1.947 1.943
 1.947 1.943
 1.947 1.943
 1.947 1.943
 1.947 1.943
 1.947 1.943
 1.947 1.943
 2.005 1.921
 2.017 2.059
 2.017 2.059
 1.947 2.055
 1.947 2.055
 1.995 1.955
 1.995 1.955
 1.995 1.955
 1.995 1.955
 1.995 1.955
 1.995 1.955
 1.995 1.955
 1.995 1.955
 1.995 1.955
 1.995 1.955
 1.995 1.955
 1.995 1.955
 1.995 1.955
 1.995 1.955
 1.995 1.955
 1.995 1.955
 1.995 1.955
 1.995 1.955
 1.995 1.955
 1.995 1.955
 1.995 1.955
 1.995 1.955
 1.995 1.955
 1.995 1.955
 2.160 2.001
 2.160 2.109
 2.184 2.109
 2.184 2.105
 2.184 2.105
 2.184 2.105
 2.184 2.105
 2.184 2.105
 2.184 2.105
 2.184 2.105
 2.184 2.105
 2.184 2.105
 2.184 2.105
 2.184 2.105
 2.184 2.105
 2.184 2.105
 2.184 2.105
 2.184 2.105
 2.184 2.105
 2.184 2.105
 2.184 2.105
 2.184 2.105
 2.184 2.105
 2.184 2.105
 2.184 2.105
 2.184 2.105
 2.184 2.105
 2.184 2.105
 2.184 2.105
 2.184 2.105
 2.184 2.105
 2.184 2.105
 2.184 2.105
 2.184 2.105
 2.184 2.105
 2.184 2.105
 2.184 2.105
 2.184 2.105
 2.184 2.105
 2.184 2.105
 2.184 2.105
 2.184 2.105
 2.184 2.105
 2.184 2.105
 2.184 2.105
 2.184 2.105
 2.184 2.105
 2.184 2.105
 2.184 2.105
 2.184 2.105
 2.184 2.105
 2.184 2.105
 2.184 2.105
 2.184 2.105
 2.184 2.105
 2.184 2.105
 2.184 2.105
 2.184 2.105
 2.184 2.105
 1.937 2.168
 1.937 2.168
 1.833 1.829
 1.833 1.758
 1.817 1.758
 1.873 1.755
 1.873 1.755
 1.873 1.755
 1.873 1.755
 1.873 1.755
 1.873 1.755
 1.873 1.755
 1.873 1.755
 1.873 1.755
 1.873 1.755
 1.873 1.755
 1.873 1.755
 1.873 1.755
 1.873 1.755
 1.873 1.755
 1.873 1.755
 1.873 1.755
 1.873 1.755
 1.873 1.755
 1.873 1.755
 1.873 1.755
 1.873 1.755
 1.873 1.755
 2.161 1.786
 2.161 1.786
 2.063 2.119
 2.063 2.119
 2.184 2.115
 2.184 2.115
 2.184 2.115
 2.184 2.115
 2.184 2.115
 2.184 2.115
 2.184 2.115
 2.184 2.115
 2.184 2.115
 2.184 2.115
 2.184 2.115
 2.184 2.115
 2.184 2.115
 2.184 2.115
 2.184 2.115
 2.184 2.115
 2.184 2.115
 2.184 2.115
 2.184 2.115
 2.184 2.115
 2.184 2.115
 2.184 2.115
 2.184 2.115
 2.184 2.115
 2.184 2.115
 1.995 1.979
 1.947 1.976
 1.947 1.976
 1.778 1.774
 1.975 1.771
 1.975 1.771
 1.975 1.771
 1.975 1.771
 1.975 1.771
 1.975 1.771
 1.975 1.771
 1.975 1.771
 1.975 1.771
 1.975 1.771
 1.975 1.771
 1.975 1.771
 1.975 1.771
 1.975 1.771
 1.975 1.771
 1.975 1.771
 1.975 1.771
 1.975 1.771
 1.975 1.771
 1.975 1.771
 1.975 1.771
 1.975 1.771
 1.975 1.771
 1.975 1.771
 1.975 1.771
 2.160 1.989
 2.160 1.989
 2.160 1.989
 2.161 2.157
 2.042 2.153
 2.042 2.153
 2.042 2.153
 2.042 2.153
 2.042 2.153
 2.042 2.153
 2.042 2.153
 2.042 2.153
 2.042 2.153
 2.042 2.153
 2.042 2.153
 2.042 2.153
 2.042 2.153
 2.042 2.153
 2.042 2.153
 2.042 2.153
 2.042 2.153
 2.042 2.153
 2.042 2.153
 2.042 2.153
 2.042 2.153
 2.042 2.153
 2.042 2.153
 2.042 2.153
 2.042 1.543
 2.042 2.157
 2.101 2.157
 2.160 2.153
 2.350 2.149
 2.350 2.149
 2.350 2.149
 2.350 2.149
 2.350 2.149
 2.350 2.149
 2.350 2.149
 2.350 2.149
 2.350 2.149
 2.350 2.149
 2.350 2.149
 2.350 2.149
 2.350 2.149
 2.350 2.149
 2.350 2.149
 2.350 2.149
 2.350 2.149
 2.350 2.149
 2.350 2.149
 2.350 2.149
 2.350 2.149
 2.350 2.149
 2.350 2.149
 2.350 2.149
 2.350 2.149
 1.983 2.157
 1.988 2.153
 2.052 2.149
 2.073 2.144
 2.098 2.140
 2.098 2.140
 2.098 2.140
 2.098 2.140
 2.098 2.140
 2.098 2.140
 2.098 2.140
 2.098 2.140
 2.098 2.140
 2.098 2.140
 2.098 2.140
 2.098 2.140
 2.098 2.140
 2.098 2.140
 2.098 2.140
 2.098 2.140
 2.098 2.140
 2.098 2.140
 2.098 2.140
 2.098 2.140
 2.098 2.140
 2.098 2.140
 2.098 2.140
 2.165 2.059
 2.172 2.055
 2.172 2.055
 2.172 2.055
 2.106 1.979
 2.106 1.979
 2.106 1.979
 2.106 1.979
 2.106 1.979
 2.106 1.979
 2.106 1.979
 2.106 1.979
 2.106 1.979
 2.106 1.979
 2.106 1.979
 2.106 1.979
 2.106 1.979
 2.106 1.979
 2.106 1.979
 2.106 1.979
 2.106 1.979
 2.106 1.979
 2.106 1.979
 2.106 1.979
 2.106 1.979
 2.106 1.979
 2.106 1.979
 2.106 1.979
 2.106 1.979
 2.054 2.179
 2.160 2.175
 1.983 2.171
 1.983 2.167
 1.983 2.162
 1.983 2.162
 1.983 2.162
 1.983 2.162
 1.983 2.162
 1.983 2.162
 1.983 2.162
 1.983 2.162
 1.983 2.162
 1.983 2.162
 1.983 2.162
 1.983 2.162
 1.983 2.162
 1.983 2.162
 1.983 2.162
 1.983 2.162
 1.983 2.162
 1.983 2.162
 1.983 2.162
 1.983 2.162
 1.983 2.162
 1.983 2.162
 1.983 2.162
 1.983 2.162
 2.160 2.158
 2.160 2.038
 2.113 2.038
 2.197 2.034
 2.197 2.034
 2.197 2.034
 2.197 2.034
 2.197 2.034
 2.197 2.034
 2.197 2.034
 2.197 2.034
 2.197 2.034
 2.197 2.034
 2.197 2.034
 2.197 2.034
 2.197 2.034
 2.197 2.034
 2.197 2.034
 2.197 2.034
 2.197 2.034
 2.197 2.034
 2.197 2.034
 2.197 2.034
 2.197 2.034
 2.197 2.034
 2.197 2.034
 2.197 2.034
 2.197 2.034
 2.197 2.034
 2.197 2.034
 2.197 2.034
 2.197 2.034
 2.197 2.034
 2.197 2.034
 2.197 2.034
 2.197 2.034
 2.197 2.034
 2.197 2.034
 2.197 2.034
 2.197 2.034
 2.197 2.034
 2.197 2.034
 2.197 2.034
 2.197 2.034
 2.197 2.034
 2.197 2.034
 2.197 2.034
 2.197 2.034
 2.197 2.034
 2.197 2.034
 2.197 2.034
 2.197 2.034
 2.197 2.034
 2.197 2.034
 2.197 2.034
 2.197 2.034
 2.197 2.034
 2.197 2.034
 2.197 2.034
 2.197 2.034
 2.161 2.241
 2.160 2.236
 2.160 2.232
 2.161 2.228
 2.161 2.223
 2.161 2.223
 2.161 2.223
 2.161 2.223
 2.161 2.223
 2.161 2.223
 2.161 2.223
 2.161 2.223
 2.161 2.223
 2.161 2.223
 2.161 2.223
 2.161 2.223
 2.161 2.223
 2.161 2.223
 2.161 2.223
 2.161 2.223
 2.161 2.223
 2.161 2.223
 2.161 2.223
 2.161 2.223
 2.161 2.223
 2.161 2.223
 2.161 2.223
 2.161 2.223
 2.042 2.156
 2.053 2.151
 2.123 2.147
 2.160 2.143
 2.235 2.138
 2.235 2.138
 2.235 2.138
 2.235 2.138
 2.235 2.138
 2.235 2.138
 2.235 2.138
 2.235 2.138
 2.235 2.138
 2.235 2.138
 2.235 2.138
 2.235 2.138
 2.235 2.138
 2.235 2.138
 2.235 2.138
 2.235 2.138
 2.235 2.138
 2.235 2.138
 2.235 2.138
 2.235 2.138
 2.235 2.138
 2.235 2.138
 2.235 2.138
 2.235 2.138
 2.165 2.218
 2.165 2.218
 1.982 1.921
 1.982 1.917
 1.982 1.917
 1.982 1.917
 1.982 1.917
 1.982 1.917
 1.982 1.917
 1.982 1.917
 1.982 1.917
 1.982 1.917
 1.982 1.917
 1.982 1.917
 1.982 1.917
 1.982 1.917
 1.982 1.917
 1.982 1.917
 1.982 1.917
 1.982 1.917
 1.982 1.917
 1.982 1.917
 1.982 1.917
 1.982 1.917
 1.982 1.917
 1.982 1.917
 1.982 1.917
 1.982 1.917
 2.221 2.101
 2.221 2.157
 2.161 2.157
 2.160 2.153
 2.161 2.157
 2.161 2.157
 2.161 2.157
 2.161 2.157
 2.161 2.157
 2.161 2.157
 2.161 2.157
 2.161 2.157
 2.161 2.157
 2.161 2.157
 2.161 2.157
 2.161 2.157
 2.161 2.157
 2.161 2.157
 2.161 2.157
 2.161 2.157
 2.161 2.157
 2.161 2.157
 2.161 2.157
 2.161 2.157
 2.161 2.157
 2.161 2.157
 2.161 2.157
 2.161 2.157
 2.161 2.157
 1.982 2.157
 1.982 2.157
 1.889 1.869
 1.926 1.865
 1.926 1.865
 1.926 1.865
 1.926 1.865
 1.926 1.865
 1.926 1.865
 1.926 1.865
 1.926 1.865
 1.926 1.865
 1.926 1.865
 1.926 1.865
 1.926 1.865
 1.926 1.865
 1.926 1.865
 1.926 1.865
 1.926 1.865
 1.926 1.865
 1.926 1.865
 1.926 1.865
 1.926 1.865
 1.926 1.865
 1.926 1.865
 1.926 1.865
 1.926 1.865
 1.926 1.865
 1.926 1.865
 1.926 1.865
 1.926 1.865
 1.926 1.865
 1.926 1.865
 1.926 1.865
 1.926 1.865
 1.926 1.865
 1.926 1.865
 1.926 1.865
 1.926 1.865
 1.926 1.865
 1.926 1.865
 1.926 1.865
 1.926 1.865
 1.926 1.865
 1.926 1.865
 1.926 1.865
 1.926 1.865
 1.926 1.865
 1.926 1.865
 1.926 1.865
 1.926 1.865
 1.926 1.865
 1.926 1.865
 1.926 1.865
 1.926 1.865
 1.926 1.865
 1.926 1.865
 1.926 1.865
 1.926 1.865
 2.223 2.157
 2.223 2.157
 2.161 2.157
 2.197 2.153
 2.197 2.153
 2.197 2.153
 2.197 2.153
 2.197 2.153
 2.197 2.153
 2.197 2.153
 2.197 2.153
 2.197 2.153
 2.197 2.153
 2.197 2.153
 2.197 2.153
 2.197 2.153
 2.197 2.153
 2.197 2.153
 2.197 2.153
 2.197 2.153
 2.197 2.153
 2.197 2.153
 2.197 2.153
 2.197 2.153
 2.197 2.153
 2.197 2.153
 2.197 2.153
 2.197 2.153
 2.197 2.153
 2.101 2.156
 2.161 2.151
 2.245 2.147
 2.245 2.147
 2.245 2.147
 2.245 2.147
 2.245 2.147
 2.245 2.147
 2.245 2.147
 2.245 2.147
 2.245 2.147
 2.245 2.147
 2.245 2.147
 2.245 2.147
 2.245 2.147
 2.245 2.147
 2.245 2.147
 2.245 2.147
 2.245 2.147
 2.245 2.147
 2.245 2.147
 2.245 2.147
 2.245 2.147
 2.245 2.147
 2.245 2.147
 2.245 2.147
 2.245 2.147
 2.245 2.147
 2.245 2.147
 2.161 2.157
 2.161 2.241
 2.227 2.241
 2.245 2.236
 2.245 2.232
 2.245 2.232
 2.245 2.232
 2.245 2.232
 2.245 2.232
 2.245 2.232
 2.245 2.232
 2.245 2.232
 2.245 2.232
 2.245 2.232
 2.245 2.232
 2.245 2.232
 2.245 2.232
 2.245 2.232
 2.245 2.232
 2.245 2.232
 2.245 2.232
 2.245 2.232
 2.245 2.232
 2.245 2.232
 2.245 2.232
 2.245 2.232
 2.245 2.232
 2.245 2.232
 2.221 2.241
 2.221 2.241
 2.161 2.157
 2.160 2.153
 2.160 2.153
 2.160 2.153
 2.160 2.153
 2.160 2.153
 2.160 2.153
 2.160 2.153
 2.160 2.153
 2.160 2.153
 2.160 2.153
 2.160 2.153
 2.160 2.153
 2.160 2.153
 2.160 2.153
 2.160 2.153
 2.160 2.153
 2.160 2.153
 2.160 2.153
 2.160 2.153
 2.160 2.153
 2.160 2.153
 2.160 2.153
 2.160 2.153
 2.160 2.153
 2.160 2.153
 2.165 2.162
 2.101 2.157
 2.101 2.157
 2.041 2.036
 2.041 1.979
 1.982 1.979
 1.982 1.979
 1.982 1.979
 1.982 1.979
 1.982 1.979
 1.982 1.979
 1.982 1.979
 1.982 1.979
 1.982 1.979
 1.982 1.979
 1.982 1.979
 1.982 1.979
 1.982 1.979
 1.982 1.979
 1.982 1.979
 1.982 1.979
 1.982 1.979
 1.982 1.979
 1.982 1.979
 1.982 1.979
 1.982 1.979
 1.982 1.979
 1.982 1.979
 1.982 1.979
 2.290 2.241
 2.290 2.178
 2.182 2.178
 2.233 2.174
 2.233 2.174
 2.233 2.174
 2.233 2.174
 2.233 2.174
 2.233 2.174
 2.233 2.174
 2.233 2.174
 2.233 2.174
 2.233 2.174
 2.233 2.174
 2.233 2.174
 2.233 2.174
 2.233 2.174
 2.233 2.174
 2.233 2.174
 2.233 2.174
 2.233 2.174
 2.233 2.174
 2.233 2.174
 2.233 2.174
 2.233 2.174
 2.233 2.174
 2.233 2.174
 2.233 2.174
 2.233 2.174
 2.223 2.280
 2.223 2.280
 2.221 2.156
 2.420 2.151
 2.420 2.151
 2.420 2.151
 2.420 2.151
 2.420 2.151
 2.420 2.151
 2.420 2.151
 2.420 2.151
 2.420 2.151
 2.420 2.151
 2.420 2.151
 2.420 2.151
 2.420 2.151
 2.420 2.151
 2.420 2.151
 2.420 2.151
 2.420 2.151
 2.420 2.151
 2.420 2.151
 2.420 2.151
 2.420 2.151
 2.420 2.151
 2.420 2.151
 2.420 2.151
 2.420 2.151
 2.420 2.151
 2.221 2.218
 2.165 2.214
 2.165 2.214
 2.113 2.157
 2.123 2.153
 2.123 2.153
 2.123 2.153
 2.123 2.153
 2.123 2.153
 2.123 2.153
 2.123 2.153
 2.123 2.153
 2.123 2.153
 2.123 2.153
 2.123 2.153
 2.123 2.153
 2.123 2.153
 2.123 2.153
 2.123 2.153
 2.123 2.153
 2.123 2.153
 2.123 2.153
 2.123 2.153
 2.123 2.153
 2.123 2.153
 2.123 2.153
 2.123 2.153
 2.123 2.153
 2.042 2.148
 2.136 2.144
 2.123 2.140
 2.136 2.135
 2.136 2.179
 2.136 2.179
 2.136 2.179
 2.136 2.179
 2.136 2.179
 2.136 2.179
 2.136 2.179
 2.136 2.179
 2.136 2.179
 2.136 2.179
 2.136 2.179
 2.136 2.179
 2.136 2.179
 2.136 2.179
 2.136 2.179
 2.136 2.179
 2.136 2.179
 2.136 2.179
 2.136 2.179
 2.136 2.179
 2.136 2.179
 2.136 2.179
 2.136 2.179
 2.136 2.179
 2.136 2.179
 2.136 2.179
 2.136 2.179
 2.136 2.179
 2.136 2.179
 2.136 2.179
 2.136 2.179
 2.136 2.179
 2.136 2.179
 2.136 2.179
 2.136 2.179
 2.136 2.179
 2.136 2.179
 2.136 2.179
 2.136 2.179
 2.136 2.179
 2.136 2.179
 2.136 2.179
 2.136 2.179
 2.136 2.179
 2.136 2.179
 2.136 2.179
 2.136 2.179
 2.136 2.179
 2.136 2.179
 2.136 2.179
 2.136 2.179
 2.136 2.179
 2.136 2.179
 2.136 2.179
 2.321 2.406
 2.384 2.401
 2.371 2.397
 2.227 2.392
 2.123 2.387
 2.123 2.387
 2.123 2.387
 2.123 2.387
 2.123 2.387
 2.123 2.387
 2.123 2.387
 2.123 2.387
 2.123 2.387
 2.123 2.387
 2.123 2.387
 2.123 2.387
 2.123 2.387
 2.123 2.387
 2.123 2.387
 2.123 2.387
 2.123 2.387
 2.123 2.387
 2.123 2.387
 2.123 2.387
 2.123 2.387
 2.123 2.387
 2.123 2.387
 2.123 2.387
 2.123 2.387
 2.123 2.387
 2.123 2.387
 2.123 2.387
 2.123 2.387
 2.123 2.387
 2.123 2.387
 2.123 2.387
 2.123 2.387
 2.123 2.387
 2.123 2.387
 2.123 2.387
 2.123 2.387
 2.123 2.387
 2.123 2.387
 2.123 2.387
 2.123 2.387
 2.123 2.387
 2.123 2.387
 2.123 2.387
 2.123 2.387
 2.123 2.387
 2.123 2.387
 2.123 2.387
 2.123 2.387
 2.123 2.387
 2.123 2.387
 2.123 2.387
 2.123 2.387
 2.123 2.387
 2.233 2.157
 2.233 2.168
 2.172 2.168
 2.046 2.164
 2.046 2.164
 1.982 2.101
 1.982 2.101
 1.982 2.101
 1.982 2.101
 1.982 2.101
 1.982 2.101
 1.982 2.101
 1.982 2.101
 1.982 2.101
 1.982 2.101
 1.982 2.101
 1.982 2.101
 1.982 2.101
 1.982 2.101
 1.982 2.101
 1.982 2.101
 1.982 2.101
 1.982 2.101
 1.982 2.101
 1.982 2.101
 1.982 2.101
 1.982 2.101
 1.982 2.101
 2.160 1.991
 2.221 1.987
 2.221 1.987
 2.221 1.987
 2.226 2.168
 2.226 2.168
 2.226 2.168
 2.226 2.168
 2.226 2.168
 2.226 2.168
 2.226 2.168
 2.226 2.168
 2.226 2.168
 2.226 2.168
 2.226 2.168
 2.226 2.168
 2.226 2.168
 2.226 2.168
 2.226 2.168
 2.226 2.168
 2.226 2.168
 2.226 2.168
 2.226 2.168
 2.226 2.168
 2.226 2.168
 2.226 2.168
 2.226 2.168
 2.226 2.168
 2.226 2.168
 2.226 2.168
 2.226 2.168
 2.226 2.168
 2.226 2.168
 2.226 2.168
 2.226 2.168
 2.226 2.168
 2.226 2.168
 2.226 2.168
 2.226 2.168
 2.226 2.168
 2.226 2.168
 2.226 2.168
 2.226 2.168
 2.226 2.168
 2.226 2.168
 2.226 2.168
 2.226 2.168
 2.226 2.168
 2.226 2.168
 2.226 2.168
 2.226 2.168
 2.226 2.168
 2.226 2.168
 2.226 2.168
 2.226 2.168
 2.226 2.168
 2.226 2.168
 2.226 2.168
 2.226 2.168
 2.172 2.238
 2.172 2.234
 2.105 2.229
 1.982 2.225
 1.982 2.221
 1.982 2.221
 1.982 2.221
 1.982 2.221
 1.982 2.221
 1.982 2.221
 1.982 2.221
 1.982 2.221
 1.982 2.221
 1.982 2.221
 1.982 2.221
 1.982 2.221
 1.982 2.221
 1.982 2.221
 1.982 2.221
 1.982 2.221
 1.982 2.221
 1.982 2.221
 1.982 2.221
 1.982 2.221
 1.982 2.221
 1.982 2.221
 1.982 2.221
 1.982 2.221
 1.982 2.221
 1.982 2.221
 1.982 2.221
 1.982 2.221
 1.982 2.221
 1.982 2.221
 1.982 2.221
 1.982 2.221
 1.982 2.221
 1.982 2.221
 1.982 2.221
 1.982 2.221
 1.982 2.221
 1.982 2.221
 1.982 2.221
 1.982 2.221
 1.982 2.221
 1.982 2.221
 1.982 2.221
 1.982 2.221
 1.982 2.221
 1.982 2.221
 1.982 2.221
 1.982 2.221
 1.982 2.221
 1.982 2.221
 1.982 2.221
 1.982 2.221
 1.982 2.221
 1.982 2.221
 2.197 2.216
 2.123 2.212
 2.005 2.207
 2.063 2.203
 2.005 2.199
 2.005 2.199
 2.005 2.199
 2.005 2.199
 2.005 2.199
 2.005 2.199
 2.005 2.199
 2.005 2.199
 2.005 2.199
 2.005 2.199
 2.005 2.199
 2.005 2.199
 2.005 2.199
 2.005 2.199
 2.005 2.199
 2.005 2.199
 2.005 2.199
 2.005 2.199
 2.005 2.199
 2.005 2.199
 2.005 2.199
 2.005 2.199
 2.005 2.199
 2.005 2.199
 2.123 2.193
 2.184 2.188
 2.184 2.184
 2.101 2.180
 2.005 2.176
 2.005 2.176
 2.005 2.176
 2.005 2.176
 2.005 2.176
 2.005 2.176
 2.005 2.176
 2.005 2.176
 2.005 2.176
 2.005 2.176
 2.005 2.176
 2.005 2.176
 2.005 2.176
 2.005 2.176
 2.005 2.176
 2.005 2.176
 2.005 2.176
 2.005 2.176
 2.005 2.176
 2.005 2.176
 2.005 2.176
 2.005 2.176
 2.005 2.176
 1.947 1.978
 1.947 1.974
 1.889 1.970
 1.833 1.966
 1.778 1.962
 1.778 1.962
 1.778 1.962
 1.778 1.962
 1.778 1.962
 1.778 1.962
 1.778 1.962
 1.778 1.962
 1.778 1.962
 1.778 1.962
 1.778 1.962
 1.778 1.962
 1.778 1.962
 1.778 1.962
 1.778 1.962
 1.778 1.962
 1.778 1.962
 1.778 1.962
 1.778 1.962
 1.778 1.962
 1.778 1.962
 1.778 1.962
 1.778 1.962
 1.778 1.962
 2.172 1.927
 2.221 1.923
 2.221 1.923
 2.221 1.923
 2.042 1.980
 2.042 1.980
 2.042 1.980
 2.042 1.980
 2.042 1.980
 2.042 1.980
 2.042 1.980
 2.042 1.980
 2.042 1.980
 2.042 1.980
 2.042 1.980
 2.042 1.980
 2.042 1.980
 2.042 1.980
 2.042 1.980
 2.042 1.980
 2.042 1.980
 2.042 1.980
 2.042 1.980
 2.042 1.980
 2.042 1.980
 2.042 1.980
 2.042 1.980
 2.042 1.980
 2.042 1.980
 2.042 1.980
 2.042 1.980
 2.042 1.980
 2.042 1.980
 2.042 1.980
 2.042 1.980
 2.042 1.980
 2.042 1.980
 2.042 1.980
 2.042 1.980
 2.042 1.980
 2.042 1.980
 2.042 1.980
 2.042 1.980
 2.042 1.980
 2.042 1.980
 2.042 1.980
 2.042 1.980
 2.042 1.980
 2.042 1.980
 2.042 1.980
 2.042 1.980
 2.042 1.980
 2.042 1.980
 2.042 1.980
 2.042 1.980
 2.042 1.980
 2.042 1.980
 2.042 1.980
 2.042 1.980
 2.184 2.036
 2.184 2.193
 2.184 2.193
 2.166 2.188
 2.161 2.184
 2.041 2.180
 2.041 2.180
 2.041 2.180
 2.041 2.180
 2.041 2.180
 2.041 2.180
 2.041 2.180
 2.041 2.180
 2.041 2.180
 2.041 2.180
 2.041 2.180
 2.041 2.180
 2.041 2.180
 2.041 2.180
 2.041 2.180
 2.041 2.180
 2.041 2.180
 2.041 2.180
 2.041 2.180
 2.041 2.180
 2.041 2.180
 2.041 2.180
 2.041 2.180
 2.041 2.180
 2.066 2.118
 2.073 2.114
 2.017 2.110
 1.926 2.106
 1.925 2.102
 1.925 2.102
 1.925 2.102
 1.925 2.102
 1.925 2.102
 1.925 2.102
 1.925 2.102
 1.925 2.102
 1.925 2.102
 1.925 2.102
 1.925 2.102
 1.925 2.102
 1.925 2.102
 1.925 2.102
 1.925 2.102
 1.925 2.102
 1.925 2.102
 1.925 2.102
 1.925 2.102
 1.925 2.102
 1.925 2.102
 1.925 2.102
 1.925 2.102
 1.983 2.098
 1.988 2.093
 1.870 2.089
 1.925 2.085
 1.925 2.081
 1.925 2.081
 1.925 2.081
 1.925 2.081
 1.925 2.081
 1.925 2.081
 1.925 2.081
 1.925 2.081
 1.925 2.081
 1.925 2.081
 1.925 2.081
 1.925 2.081
 1.925 2.081
 1.925 2.081
 1.925 2.081
 1.925 2.081
 1.925 2.081
 1.925 2.081
 1.925 2.081
 1.925 2.081
 1.925 2.081
 1.925 2.081
 1.925 2.081
 1.925 2.081
 1.939 2.077
 1.931 2.073
 1.925 2.069
 1.983 2.064
 1.983 2.060
 1.983 2.060
 1.983 2.060
 1.983 2.060
 1.983 2.060
 1.983 2.060
 1.983 2.060
 1.983 2.060
 1.983 2.060
 1.983 2.060
 1.983 2.060
 1.983 2.060
 1.983 2.060
 1.983 2.060
 1.983 2.060
 1.983 2.060
 1.983 2.060
 1.983 2.060
 1.983 2.060
 1.983 2.060
 1.983 2.060
 1.983 2.060
 1.983 2.060
 1.983 2.060
 2.222 2.168
 2.222 2.156
 2.160 2.156
 2.063 2.151
 2.063 2.151
 2.073 2.069
 2.073 2.069
 2.073 2.069
 2.073 2.069
 2.073 2.069
 2.073 2.069
 2.073 2.069
 2.073 2.069
 2.073 2.069
 2.073 2.069
 2.073 2.069
 2.073 2.069
 2.073 2.069
 2.073 2.069
 2.073 2.069
 2.073 2.069
 2.073 2.069
 2.073 2.069
 2.073 2.069
 2.073 2.069
 2.073 2.069
 2.073 2.069
 2.073 2.069
 2.073 2.069
 1.988 2.097
 1.988 2.097
 1.925 1.921
 1.988 1.917
 1.988 1.917
 1.988 1.917
 1.988 1.917
 1.988 1.917
 1.988 1.917
 1.988 1.917
 1.988 1.917
 1.988 1.917
 1.988 1.917
 1.988 1.917
 1.988 1.917
 1.988 1.917
 1.988 1.917
 1.988 1.917
 1.988 1.917
 1.988 1.917
 1.988 1.917
 1.988 1.917
 1.988 1.917
 1.988 1.917
 1.988 1.917
 1.988 1.917
 1.988 1.917
 1.988 1.917
 1.988 1.917
 2.101 1.979
 2.161 1.976
 2.161 1.976
 2.161 1.976
 1.983 2.157
 1.983 2.157
 1.983 2.157
 1.983 2.157
 1.983 2.157
 1.983 2.157
 1.983 2.157
 1.983 2.157
 1.983 2.157
 1.983 2.157
 1.983 2.157
 1.983 2.157
 1.983 2.157
 1.983 2.157
 1.983 2.157
 1.983 2.157
 1.983 2.157
 1.983 2.157
 1.983 2.157
 1.983 2.157
 1.983 2.157
 1.983 2.157
 1.983 2.157
 1.983 2.157
 1.983 2.157
 2.064 2.156
 1.949 2.151
 1.939 2.147
 1.882 2.143
 1.812 2.138
 1.812 2.138
 1.812 2.138
 1.812 2.138
 1.812 2.138
 1.812 2.138
 1.812 2.138
 1.812 2.138
 1.812 2.138
 1.812 2.138
 1.812 2.138
 1.812 2.138
 1.812 2.138
 1.812 2.138
 1.812 2.138
 1.812 2.138
 1.812 2.138
 1.812 2.138
 1.812 2.138
 1.812 2.138
 1.812 2.138
 1.812 2.138
 1.812 2.138
 1.926 2.156
 1.947 2.151
 1.778 2.147
 1.930 2.143
 1.926 2.138
 1.926 2.138
 1.926 2.138
 1.926 2.138
 1.926 2.138
 1.926 2.138
 1.926 2.138
 1.926 2.138
 1.926 2.138
 1.926 2.138
 1.926 2.138
 1.926 2.138
 1.926 2.138
 1.926 2.138
 1.926 2.138
 1.926 2.138
 1.926 2.138
 1.926 2.138
 1.926 2.138
 1.926 2.138
 1.926 2.138
 1.926 2.138
 1.926 2.138
 1.926 2.138
 2.160 2.002
 2.160 2.162
 2.161 2.162
 2.223 2.157
 2.100 2.153
 2.100 2.153
 2.100 2.153
 2.100 2.153
 2.100 2.153
 2.100 2.153
 2.100 2.153
 2.100 2.153
 2.100 2.153
 2.100 2.153
 2.100 2.153
 2.100 2.153
 2.100 2.153
 2.100 2.153
 2.100 2.153
 2.100 2.153
 2.100 2.153
 2.100 2.153
 2.100 2.153
 2.100 2.153
 2.100 2.153
 2.100 2.153
 2.100 2.153
 2.100 2.153
 2.100 2.153
 2.100 2.153
 2.100 2.153
 2.100 2.153
 2.100 2.153
 2.100 2.153
 2.100 2.153
 2.100 2.153
 2.100 2.153
 2.100 2.153
 2.100 2.153
 2.100 2.153
 2.100 2.153
 2.100 2.153
 2.100 2.153
 2.100 2.153
 2.100 2.153
 2.100 2.153
 2.100 2.153
 2.100 2.153
 2.100 2.153
 2.100 2.153
 2.100 2.153
 2.100 2.153
 2.100 2.153
 2.100 2.153
 2.100 2.153
 2.100 2.153
 2.100 2.153
 2.100 2.153
 2.100 2.153
 1.937 2.096
 1.778 2.091
 1.988 2.087
 1.768 2.083
 1.762 2.079
 1.762 2.079
 1.762 2.079
 1.762 2.079
 1.762 2.079
 1.762 2.079
 1.762 2.079
 1.762 2.079
 1.762 2.079
 1.762 2.079
 1.762 2.079
 1.762 2.079
 1.762 2.079
 1.762 2.079
 1.762 2.079
 1.762 2.079
 1.762 2.079
 1.762 2.079
 1.762 2.079
 1.762 2.079
 1.762 2.079
 1.762 2.079
 1.762 2.079
 1.762 2.079
 2.100 1.945
 2.100 2.097
 2.173 2.097
 2.005 2.093
 2.005 2.093
 1.959 1.943
 1.959 1.943
 1.959 1.943
 1.959 1.943
 1.959 1.943
 1.959 1.943
 1.959 1.943
 1.959 1.943
 1.959 1.943
 1.959 1.943
 1.959 1.943
 1.959 1.943
 1.959 1.943
 1.959 1.943
 1.959 1.943
 1.959 1.943
 1.959 1.943
 1.959 1.943
 1.959 1.943
 1.959 1.943
 1.959 1.943
 1.959 1.943
 1.959 1.943
 2.123 1.939
 1.988 2.059
 1.988 2.059
 1.988 2.055
 1.988 2.055
 1.926 1.926
 1.926 1.926
 1.926 1.926
 1.926 1.926
 1.926 1.926
 1.926 1.926
 1.926 1.926
 1.926 1.926
 1.926 1.926
 1.926 1.926
 1.926 1.926
 1.926 1.926
 1.926 1.926
 1.926 1.926
 1.926 1.926
 1.926 1.926
 1.926 1.926
 1.926 1.926
 1.926 1.926
 1.926 1.926
 1.926 1.926
 1.926 1.926
 1.926 1.926
 1.926 1.926
 1.926 1.926
 1.982 1.992
 1.982 1.988
 1.982 1.984
 2.100 1.980
 1.983 1.976
 1.983 1.976
 1.983 1.976
 1.983 1.976
 1.983 1.976
 1.983 1.976
 1.983 1.976
 1.983 1.976
 1.983 1.976
 1.983 1.976
 1.983 1.976
 1.983 1.976
 1.983 1.976
 1.983 1.976
 1.983 1.976
 1.983 1.976
 1.983 1.976
 1.983 1.976
 1.983 1.976
 1.983 1.976
 1.983 1.976
 1.983 1.976
 1.983 1.976
 2.223 2.156
 2.223 2.156
 2.223 1.991
 2.005 1.991
 1.983 1.987
 1.983 1.922
 1.983 1.922
 1.983 1.922
 1.983 1.922
 1.983 1.922
 1.983 1.922
 1.983 1.922
 1.983 1.922
 1.983 1.922
 1.983 1.922
 1.983 1.922
 1.983 1.922
 1.983 1.922
 1.983 1.922
 1.983 1.922
 1.983 1.922
 1.983 1.922
 1.983 1.922
 1.983 1.922
 1.983 1.922
 1.983 1.922
 1.983 1.922
 1.983 1.922
 1.983 1.922
 1.925 2.031
 1.925 2.031
 1.759 1.754
 1.759 1.769
 1.718 1.769
 1.677 1.765
 1.677 1.765
 1.677 1.765
 1.677 1.765
 1.677 1.765
 1.677 1.765
 1.677 1.765
 1.677 1.765
 1.677 1.765
 1.677 1.765
 1.677 1.765
 1.677 1.765
 1.677 1.765
 1.677 1.765
 1.677 1.765
 1.677 1.765
 1.677 1.765
 1.677 1.765
 1.677 1.765
 1.677 1.765
 1.677 1.765
 1.677 1.765
 1.677 1.765
 1.677 1.765
 2.006 1.779
 2.006 1.945
 2.035 1.945
 2.035 1.941
 2.006 1.945
 2.006 1.945
 2.006 1.945
 2.006 1.945
 2.006 1.945
 2.006 1.945
 2.006 1.945
 2.006 1.945
 2.006 1.945
 2.006 1.945
 2.006 1.945
 2.006 1.945
 2.006 1.945
 2.006 1.945
 2.006 1.945
 2.006 1.945
 2.006 1.945
 2.006 1.945
 2.006 1.945
 2.006 1.945
 2.006 1.945
 2.006 1.945
 2.006 1.945
 2.006 1.945
 2.006 1.945
 1.926 1.941
 1.926 1.941
 1.926 1.979
 1.925 1.979
 1.869 1.976
 1.870 1.972
 1.870 1.972
 1.870 1.972
 1.870 1.972
 1.870 1.972
 1.870 1.972
 1.870 1.972
 1.870 1.972
 1.870 1.972
 1.870 1.972
 1.870 1.972
 1.870 1.972
 1.870 1.972
 1.870 1.972
 1.870 1.972
 1.870 1.972
 1.870 1.972
 1.870 1.972
 1.870 1.972
 1.870 1.972
 1.870 1.972
 1.870 1.972
 1.870 1.972
 1.882 1.851
 1.875 1.848
 1.875 1.848
 1.875 1.848
 1.757 1.754
 1.757 1.754
 1.757 1.754
 1.757 1.754
 1.757 1.754
 1.757 1.754
 1.757 1.754
 1.757 1.754
 1.757 1.754
 1.757 1.754
 1.757 1.754
 1.757 1.754
 1.757 1.754
 1.757 1.754
 1.757 1.754
 1.757 1.754
 1.757 1.754
 1.757 1.754
 1.757 1.754
 1.757 1.754
 1.757 1.754
 1.757 1.754
 1.757 1.754
 1.757 1.754
 1.757 1.754
 1.757 1.754
 1.757 1.754
 1.757 1.754
 1.757 1.754
 1.757 1.754
 1.757 1.754
 1.757 1.754
 1.757 1.754
 1.757 1.754
 1.757 1.754
 1.757 1.754
 1.757 1.754
 1.757 1.754
 1.757 1.754
 1.757 1.754
 1.757 1.754
 1.757 1.754
 1.757 1.754
 1.757 1.754
 1.757 1.754
 1.757 1.754
 1.757 1.754
 1.757 1.754
 1.757 1.754
 1.757 1.754
 1.757 1.754
 1.757 1.754
 1.757 1.754
 1.757 1.754
 1.757 1.754
 2.100 1.886
 2.100 2.096
 1.982 2.096
 1.983 2.091
 2.042 2.087
 1.926 2.083
 1.926 2.083
 1.926 2.083
 1.926 2.083
 1.926 2.083
 1.926 2.083
 1.926 2.083
 1.926 2.083
 1.926 2.083
 1.926 2.083
 1.926 2.083
 1.926 2.083
 1.926 2.083
 1.926 2.083
 1.926 2.083
 1.926 2.083
 1.926 2.083
 1.926 2.083
 1.926 2.083
 1.926 2.083
 1.926 2.083
 1.926 2.083
 1.926 2.083
 1.880 1.927
 1.889 1.923
 1.778 1.919
 1.833 1.916
 1.880 1.912
 1.880 1.912
 1.880 1.912
 1.880 1.912
 1.880 1.912
 1.880 1.912
 1.880 1.912
 1.880 1.912
 1.880 1.912
 1.880 1.912
 1.880 1.912
 1.880 1.912
 1.880 1.912
 1.880 1.912
 1.880 1.912
 1.880 1.912
 1.880 1.912
 1.880 1.912
 1.880 1.912
 1.880 1.912
 1.880 1.912
 1.880 1.912
 1.880 1.912
 1.880 1.912
 1.880 1.912
 1.880 1.912
 1.880 1.912
 1.880 1.912
 1.880 1.912
 1.880 1.912
 1.880 1.912
 1.880 1.912
 1.880 1.912
 1.880 1.912
 1.880 1.912
 1.880 1.912
 1.880 1.912
 1.880 1.912
 1.880 1.912
 1.880 1.912
 1.880 1.912
 1.880 1.912
 1.880 1.912
 1.880 1.912
 1.880 1.912
 1.880 1.912
 1.880 1.912
 1.880 1.912
 1.880 1.912
 1.880 1.912
 1.880 1.912
 1.880 1.912
 1.880 1.912
 1.880 1.912
 1.768 1.978
 1.844 1.974
 2.066 1.970
 2.066 2.125
 2.107 2.125
 2.129 2.121
 2.129 2.121
 2.129 2.121
 2.129 2.121
 2.129 2.121
 2.129 2.121
 2.129 2.121
 2.129 2.121
 2.129 2.121
 2.129 2.121
 2.129 2.121
 2.129 2.121
 2.129 2.121
 2.129 2.121
 2.129 2.121
 2.129 2.121
 2.129 2.121
 2.129 2.121
 2.129 2.121
 2.129 2.121
 2.129 2.121
 2.129 2.121
 2.129 2.121
 2.129 2.121
 2.077 1.971
 2.077 1.971
 2.077 1.971
 1.772 1.945
 1.759 1.941
 1.759 1.941
 1.759 1.941
 1.759 1.941
 1.759 1.941
 1.759 1.941
 1.759 1.941
 1.759 1.941
 1.759 1.941
 1.759 1.941
 1.759 1.941
 1.759 1.941
 1.759 1.941
 1.759 1.941
 1.759 1.941
 1.759 1.941
 1.759 1.941
 1.759 1.941
 1.759 1.941
 1.759 1.941
 1.759 1.941
 1.759 1.941
 1.759 1.941
 1.759 1.941
 1.758 1.937
 1.757 1.934
 1.704 1.930
 1.704 1.926
 1.650 1.922
 1.650 1.922
 1.650 1.922
 1.650 1.922
 1.650 1.922
 1.650 1.922
 1.650 1.922
 1.650 1.922
 1.650 1.922
 1.650 1.922
 1.650 1.922
 1.650 1.922
 1.650 1.922
 1.650 1.922
 1.650 1.922
 1.650 1.922
 1.650 1.922
 1.650 1.922
 1.650 1.922
 1.650 1.922
 1.650 1.922
 1.650 1.922
 1.650 1.922
 1.650 1.922
 1.758 1.720
 1.758 1.754
 1.757 1.754
 1.757 1.750
 1.757 1.700
 1.757 1.700
 1.757 1.700
 1.757 1.700
 1.757 1.700
 1.757 1.700
 1.757 1.700
 1.757 1.700
 1.757 1.700
 1.757 1.700
 1.757 1.700
 1.757 1.700
 1.757 1.700
 1.757 1.700
 1.757 1.700
 1.757 1.700
 1.757 1.700
 1.757 1.700
 1.757 1.700
 1.757 1.700
 1.757 1.700
 1.757 1.700
 1.757 1.700
 1.757 1.700
 1.757 1.700
 1.495 1.935
 1.495 1.492
 1.513 1.492
 1.704 1.489
 1.704 1.489
 1.704 1.489
 1.704 1.489
 1.704 1.489
 1.704 1.489
 1.704 1.489
 1.704 1.489
 1.704 1.489
 1.704 1.489
 1.704 1.489
 1.704 1.489
 1.704 1.489
 1.704 1.489
 1.704 1.489
 1.704 1.489
 1.704 1.489
 1.704 1.489
 1.704 1.489
 1.704 1.489
 1.704 1.489
 1.704 1.489
 1.704 1.489
 1.704 1.489
 1.704 1.489
 1.704 1.489
 1.758 1.754
 1.758 1.754
 1.758 1.774
 1.762 1.774
 1.762 1.771
 1.758 1.767
 1.758 1.767
 1.758 1.767
 1.758 1.767
 1.758 1.767
 1.758 1.767
 1.758 1.767
 1.758 1.767
 1.758 1.767
 1.758 1.767
 1.758 1.767
 1.758 1.767
 1.758 1.767
 1.758 1.767
 1.758 1.767
 1.758 1.767
 1.758 1.767
 1.758 1.767
 1.758 1.767
 1.758 1.767
 1.758 1.767
 1.758 1.767
 1.758 1.767
 1.714 1.922
 1.707 1.918
 1.768 1.914
 1.758 1.910
 1.757 1.907
 1.757 1.907
 1.757 1.907
 1.757 1.907
 1.757 1.907
 1.757 1.907
 1.757 1.907
 1.757 1.907
 1.757 1.907
 1.757 1.907
 1.757 1.907
 1.757 1.907
 1.757 1.907
 1.757 1.907
 1.757 1.907
 1.757 1.907
 1.757 1.907
 1.757 1.907
 1.757 1.907
 1.757 1.907
 1.757 1.907
 1.757 1.907
 1.757 1.907
 1.757 1.907
 1.757 1.907
 2.005 1.935
 2.005 2.013
 2.136 2.013
 2.017 2.009
 1.936 1.953
 1.936 1.953
 1.936 1.953
 1.936 1.953
 1.936 1.953
 1.936 1.953
 1.936 1.953
 1.936 1.953
 1.936 1.953
 1.936 1.953
 1.936 1.953
 1.936 1.953
 1.936 1.953
 1.936 1.953
 1.936 1.953
 1.936 1.953
 1.936 1.953
 1.936 1.953
 1.936 1.953
 1.936 1.953
 1.936 1.953
 1.936 1.953
 1.936 1.953
 1.936 1.953
 1.812 1.921
 1.812 1.921
 1.902 1.700
 1.900 1.697
 1.900 1.697
 1.900 1.697
 1.900 1.697
 1.900 1.697
 1.900 1.697
 1.900 1.697
 1.900 1.697
 1.900 1.697
 1.900 1.697
 1.900 1.697
 1.900 1.697
 1.900 1.697
 1.900 1.697
 1.900 1.697
 1.900 1.697
 1.900 1.697
 1.900 1.697
 1.900 1.697
 1.900 1.697
 1.900 1.697
 1.900 1.697
 1.900 1.697
 1.900 1.697
 1.900 1.697
 1.900 1.697
 1.900 1.697
 1.900 1.697
 1.900 1.697
 1.900 1.697
 1.900 1.697
 1.900 1.697
 1.900 1.697
 1.900 1.697
 1.900 1.697
 1.900 1.697
 1.900 1.697
 1.900 1.697
 1.900 1.697
 1.900 1.697
 1.900 1.697
 1.900 1.697
 1.900 1.697
 1.900 1.697
 1.900 1.697
 1.900 1.697
 1.900 1.697
 1.900 1.697
 1.900 1.697
 1.900 1.697
 1.900 1.697
 1.900 1.697
 1.900 1.697
 1.900 1.697
 1.900 1.697
 1.900 1.697
 1.650 1.922
 1.546 1.918
 1.564 1.914
 1.608 1.910
 1.682 1.907
 1.682 1.907
 1.682 1.907
 1.682 1.907
 1.682 1.907
 1.682 1.907
 1.682 1.907
 1.682 1.907
 1.682 1.907
 1.682 1.907
 1.682 1.907
 1.682 1.907
 1.682 1.907
 1.682 1.907
 1.682 1.907
 1.682 1.907
 1.682 1.907
 1.682 1.907
 1.682 1.907
 1.682 1.907
 1.682 1.907
 1.682 1.907
 1.682 1.907
 1.682 1.907
 2.101 1.720
 2.173 1.716
 2.173 1.716
 2.173 1.716
 2.015 2.029
 2.015 2.029
 2.015 2.029
 2.015 2.029
 2.015 2.029
 2.015 2.029
 2.015 2.029
 2.015 2.029
 2.015 2.029
 2.015 2.029
 2.015 2.029
 2.015 2.029
 2.015 2.029
 2.015 2.029
 2.015 2.029
 2.015 2.029
 2.015 2.029
 2.015 2.029
 2.015 2.029
 2.015 2.029
 2.015 2.029
 2.015 2.029
 2.015 2.029
 2.015 2.029
 1.925 2.025
 1.926 2.021
 1.982 2.017
 1.982 2.013
 2.101 2.010
 2.101 2.010
 2.101 2.010
 2.101 2.010
 2.101 2.010
 2.101 2.010
 2.101 2.010
 2.101 2.010
 2.101 2.010
 2.101 2.010
 2.101 2.010
 2.101 2.010
 2.101 2.010
 2.101 2.010
 2.101 2.010
 2.101 2.010
 2.101 2.010
 2.101 2.010
 2.101 2.010
 2.101 2.010
 2.101 2.010
 2.101 2.010
 2.101 2.010
 2.101 2.010
 1.949 1.991
 1.949 1.991
 1.812 1.754
 1.812 1.834
 1.939 1.834
 1.939 1.830
 1.939 1.830
 1.939 1.830
 1.939 1.830
 1.939 1.830
 1.939 1.830
 1.939 1.830
 1.939 1.830
 1.939 1.830
 1.939 1.830
 1.939 1.830
 1.939 1.830
 1.939 1.830
 1.939 1.830
 1.939 1.830
 1.939 1.830
 1.939 1.830
 1.939 1.830
 1.939 1.830
 1.939 1.830
 1.939 1.830
 1.939 1.830
 1.939 1.830
 1.939 1.830
 1.889 1.980
 1.889 1.864
 1.813 1.864
 1.873 1.860
 1.873 1.860
 1.873 1.860
 1.873 1.860
 1.873 1.860
 1.873 1.860
 1.873 1.860
 1.873 1.860
 1.873 1.860
 1.873 1.860
 1.873 1.860
 1.873 1.860
 1.873 1.860
 1.873 1.860
 1.873 1.860
 1.873 1.860
 1.873 1.860
 1.873 1.860
 1.873 1.860
 1.873 1.860
 1.873 1.860
 1.873 1.860
 1.873 1.860
 1.873 1.860
 1.873 1.860
 1.873 1.860
 2.041 1.932
 2.100 1.928
 2.100 1.928
 2.100 1.928
 1.758 1.921
 1.758 1.921
 1.758 1.921
 1.758 1.921
 1.758 1.921
 1.758 1.921
 1.758 1.921
 1.758 1.921
 1.758 1.921
 1.758 1.921
 1.758 1.921
 1.758 1.921
 1.758 1.921
 1.758 1.921
 1.758 1.921
 1.758 1.921
 1.758 1.921
 1.758 1.921
 1.758 1.921
 1.758 1.921
 1.758 1.921
 1.758 1.921
 1.758 1.921
 1.758 1.921
 2.160 1.922
 2.160 2.157
 2.161 2.157
 2.161 2.153
 2.161 2.153
 2.161 2.001
 2.076 2.001
 2.076 2.001
 2.076 2.001
 2.076 2.001
 2.076 2.001
 2.076 2.001
 2.076 2.001
 2.076 2.001
 2.076 2.001
 2.076 2.001
 2.076 2.001
 2.076 2.001
 2.076 2.001
 2.076 2.001
 2.076 2.001
 2.076 2.001
 2.076 2.001
 2.076 2.001
 2.076 2.001
 2.076 2.001
 2.076 2.001
 2.076 2.001
 2.076 2.001
 1.925 2.013
 1.925 2.013
 1.758 1.809
 1.926 1.806
 1.983 1.802
 1.983 1.802
 1.983 1.802
 1.983 1.802
 1.983 1.802
 1.983 1.802
 1.983 1.802
 1.983 1.802
 1.983 1.802
 1.983 1.802
 1.983 1.802
 1.983 1.802
 1.983 1.802
 1.983 1.802
 1.983 1.802
 1.983 1.802
 1.983 1.802
 1.983 1.802
 1.983 1.802
 1.983 1.802
 1.983 1.802
 1.983 1.802
 1.983 1.802
 1.983 1.802
 1.996 1.933
 1.996 1.933
 1.996 1.933
 1.975 1.933
 2.039 1.929
 2.039 1.929
 2.039 1.929
 2.039 1.929
 2.039 1.929
 2.039 1.929
 2.039 1.929
 2.039 1.929
 2.039 1.929
 2.039 1.929
 2.039 1.929
 2.039 1.929
 2.039 1.929
 2.039 1.929
 2.039 1.929
 2.039 1.929
 2.039 1.929
 2.039 1.929
 2.039 1.929
 2.039 1.929
 2.039 1.929
 2.039 1.929
 2.039 1.929
 2.039 1.929
 1.982 2.013
 1.982 2.013
 1.982 1.978
 1.982 1.974
 1.982 1.974
 1.982 1.974
 1.982 1.974
 1.982 1.974
 1.982 1.974
 1.982 1.974
 1.982 1.974
 1.982 1.974
 1.982 1.974
 1.982 1.974
 1.982 1.974
 1.982 1.974
 1.982 1.974
 1.982 1.974
 1.982 1.974
 1.982 1.974
 1.982 1.974
 1.982 1.974
 1.982 1.974
 1.982 1.974
 1.982 1.974
 1.982 1.974
 1.982 1.974
 1.982 1.974
 1.982 1.974
 1.758 1.984
 1.926 1.980
 1.926 1.976
 1.926 1.972
 1.983 1.969
 1.983 1.969
 1.983 1.969
 1.983 1.969
 1.983 1.969
 1.983 1.969
 1.983 1.969
 1.983 1.969
 1.983 1.969
 1.983 1.969
 1.983 1.969
 1.983 1.969
 1.983 1.969
 1.983 1.969
 1.983 1.969
 1.983 1.969
 1.983 1.969
 1.983 1.969
 1.983 1.969
 1.983 1.969
 1.983 1.969
 1.983 1.969
 1.983 1.969
 1.983 1.969
 1.983 1.980
 1.988 1.984
 1.988 1.984
 1.982 1.980
 1.982 1.980
 1.982 1.980
 1.982 1.980
 1.982 1.980
 1.982 1.980
 1.982 1.980
 1.982 1.980
 1.982 1.980
 1.982 1.980
 1.982 1.980
 1.982 1.980
 1.982 1.980
 1.982 1.980
 1.982 1.980
 1.982 1.980
 1.982 1.980
 1.982 1.980
 1.982 1.980
 1.982 1.980
 1.982 1.980
 1.982 1.980
 1.982 1.980
 1.982 1.980
 1.982 1.980
 1.982 1.980
 2.113 1.921
 2.113 1.921
 2.113 1.921
 2.033 2.013
 2.033 2.048
 2.015 2.048
 2.015 2.048
 2.015 2.048
 2.015 2.048
 2.015 2.048
 2.015 2.048
 2.015 2.048
 2.015 2.048
 2.015 2.048
 2.015 2.048
 2.015 2.048
 2.015 2.048
 2.015 2.048
 2.015 2.048
 2.015 2.048
 2.015 2.048
 2.015 2.048
 2.015 2.048
 2.015 2.048
 2.015 2.048
 2.015 2.048
 2.015 2.048
 2.015 2.048
 2.015 2.048
 2.113 1.943
 2.172 1.939
 2.172 1.939
 2.172 1.939
 1.982 2.101
 1.982 2.101
 1.982 2.101
 1.982 2.101
 1.982 2.101
 1.982 2.101
 1.982 2.101
 1.982 2.101
 1.982 2.101
 1.982 2.101
 1.982 2.101
 1.982 2.101
 1.982 2.101
 1.982 2.101
 1.982 2.101
 1.982 2.101
 1.982 2.101
 1.982 2.101
 1.982 2.101
 1.982 2.101
 1.982 2.101
 1.982 2.101
 1.982 2.101
 1.982 2.101
 1.947 2.193
 1.959 2.188
 1.869 2.184
 1.758 2.180
 1.757 2.176
 1.757 2.176
 1.757 2.176
 1.757 2.176
 1.757 2.176
 1.757 2.176
 1.757 2.176
 1.757 2.176
 1.757 2.176
 1.757 2.176
 1.757 2.176
 1.757 2.176
 1.757 2.176
 1.757 2.176
 1.757 2.176
 1.757 2.176
 1.757 2.176
 1.757 2.176
 1.757 2.176
 1.757 2.176
 1.757 2.176
 1.757 2.176
 1.757 2.176
 1.757 2.176
 2.123 1.922
 2.197 1.918
 2.197 1.918
 2.197 1.918
 1.889 1.943
 1.889 1.943
 1.889 1.943
 1.889 1.943
 1.889 1.943
 1.889 1.943
 1.889 1.943
 1.889 1.943
 1.889 1.943
 1.889 1.943
 1.889 1.943
 1.889 1.943
 1.889 1.943
 1.889 1.943
 1.889 1.943
 1.889 1.943
 1.889 1.943
 1.889 1.943
 1.889 1.943
 1.889 1.943
 1.889 1.943
 1.889 1.943
 1.889 1.943
 1.889 1.943
 1.889 1.943
 1.889 1.943
 1.889 1.943
 1.889 1.943
 1.889 1.943
 1.889 1.943
 1.889 1.943
 1.889 1.943
 1.889 1.943
 1.889 1.943
 1.889 1.943
 1.889 1.943
 1.889 1.943
 1.889 1.943
 1.889 1.943
 1.889 1.943
 1.889 1.943
 1.889 1.943
 1.889 1.943
 1.889 1.943
 1.889 1.943
 1.889 1.943
 1.889 1.943
 1.889 1.943
 1.889 1.943
 1.889 1.943
 1.889 1.943
 1.889 1.943
 1.889 1.943
 1.889 1.943
 1.889 1.943
 1.926 1.921
 1.926 1.917
 1.926 1.917
 1.926 1.917
 1.812 1.864
 1.812 1.864
 1.812 1.864
 1.812 1.864
 1.812 1.864
 1.812 1.864
 1.812 1.864
 1.812 1.864
 1.812 1.864
 1.812 1.864
 1.812 1.864
 1.812 1.864
 1.812 1.864
 1.812 1.864
 1.812 1.864
 1.812 1.864
 1.812 1.864
 1.812 1.864
 1.812 1.864
 1.812 1.864
 1.812 1.864
 1.812 1.864
 1.812 1.864
 1.812 1.864
 1.983 2.001
 1.959 1.997
 1.993 1.993
 1.959 1.989
 1.959 1.989
 1.959 1.989
 1.959 1.989
 1.959 1.989
 1.959 1.989
 1.959 1.989
 1.959 1.989
 1.959 1.989
 1.959 1.989
 1.959 1.989
 1.959 1.989
 1.959 1.989
 1.959 1.989
 1.959 1.989
 1.959 1.989
 1.959 1.989
 1.959 1.989
 1.959 1.989
 1.959 1.989
 1.959 1.989
 1.959 1.989
 1.959 1.989
 1.959 1.989
 1.959 1.989
 1.959 1.989
 2.160 1.922
 2.160 1.978
 1.925 1.978
 1.926 1.974
 1.869 1.970
 1.869 1.970
 1.869 1.970
 1.869 1.970
 1.869 1.970
 1.869 1.970
 1.869 1.970
 1.869 1.970
 1.869 1.970
 1.869 1.970
 1.869 1.970
 1.869 1.970
 1.869 1.970
 1.869 1.970
 1.869 1.970
 1.869 1.970
 1.869 1.970
 1.869 1.970
 1.869 1.970
 1.869 1.970
 1.869 1.970
 1.869 1.970
 1.869 1.970
 1.869 1.970
 2.014 1.779
 2.014 2.035
 2.039 2.035
 1.917 2.031
 1.917 1.704
 1.714 1.704
 1.714 1.704
 1.714 1.704
 1.714 1.704
 1.714 1.704
 1.714 1.704
 1.714 1.704
 1.714 1.704
 1.714 1.704
 1.714 1.704
 1.714 1.704
 1.714 1.704
 1.714 1.704
 1.714 1.704
 1.714 1.704
 1.714 1.704
 1.714 1.704
 1.714 1.704
 1.714 1.704
 1.714 1.704
 1.714 1.704
 1.714 1.704
 1.714 1.704
 1.714 1.704
 1.925 1.769
 1.925 1.769
 1.925 1.842
 1.845 1.842
 1.879 1.838
 1.879 1.838
 1.879 1.838
 1.879 1.838
 1.879 1.838
 1.879 1.838
 1.879 1.838
 1.879 1.838
 1.879 1.838
 1.879 1.838
 1.879 1.838
 1.879 1.838
 1.879 1.838
 1.879 1.838
 1.879 1.838
 1.879 1.838
 1.879 1.838
 1.879 1.838
 1.879 1.838
 1.879 1.838
 1.879 1.838
 1.879 1.838
 1.879 1.838
 1.879 1.838
 1.879 1.838
 1.757 1.979
 1.757 1.979
 1.703 1.754
 1.714 1.750
 1.778 1.747
 1.778 1.747
 1.778 1.747
 1.778 1.747
 1.778 1.747
 1.778 1.747
 1.778 1.747
 1.778 1.747
 1.778 1.747
 1.778 1.747
 1.778 1.747
 1.778 1.747
 1.778 1.747
 1.778 1.747
 1.778 1.747
 1.778 1.747
 1.778 1.747
 1.778 1.747
 1.778 1.747
 1.778 1.747
 1.778 1.747
 1.778 1.747
 1.778 1.747
 1.778 1.747
 1.930 1.955
 1.930 1.955
 1.778 1.829
 1.833 1.826
 1.833 1.886
 1.869 1.886
 1.869 1.886
 1.869 1.886
 1.869 1.886
 1.869 1.886
 1.869 1.886
 1.869 1.886
 1.869 1.886
 1.869 1.886
 1.869 1.886
 1.869 1.886
 1.869 1.886
 1.869 1.886
 1.869 1.886
 1.869 1.886
 1.869 1.886
 1.869 1.886
 1.869 1.886
 1.869 1.886
 1.869 1.886
 1.869 1.886
 1.869 1.886
 1.869 1.886
 1.869 1.886
 1.869 1.886
 1.869 1.886
 1.869 1.886
 1.869 1.886
 1.869 1.886
 1.869 1.886
 1.869 1.886
 1.869 1.886
 1.869 1.886
 1.869 1.886
 1.869 1.886
 1.869 1.886
 1.869 1.886
 1.869 1.886
 1.869 1.886
 1.869 1.886
 1.869 1.886
 1.869 1.886
 1.869 1.886
 1.869 1.886
 1.869 1.886
 1.869 1.886
 1.869 1.886
 1.869 1.886
 1.869 1.886
 1.869 1.886
 1.869 1.886
 1.869 1.886
 1.869 1.886
 1.869 1.886
 1.814 1.882
 1.772 1.878
 1.757 1.875
 1.757 1.871
 1.759 1.867
 1.759 1.867
 1.759 1.867
 1.759 1.867
 1.759 1.867
 1.759 1.867
 1.759 1.867
 1.759 1.867
 1.759 1.867
 1.759 1.867
 1.759 1.867
 1.759 1.867
 1.759 1.867
 1.759 1.867
 1.759 1.867
 1.759 1.867
 1.759 1.867
 1.759 1.867
 1.759 1.867
 1.759 1.867
 1.759 1.867
 1.759 1.867
 1.759 1.867
 1.759 1.867
 1.819 1.754
 1.925 1.751
 1.925 1.751
 1.925 1.751
 1.880 1.829
 1.880 1.829
 1.880 1.829
 1.880 1.829
 1.880 1.829
 1.880 1.829
 1.880 1.829
 1.880 1.829
 1.880 1.829
 1.880 1.829
 1.880 1.829
 1.880 1.829
 1.880 1.829
 1.880 1.829
 1.880 1.829
 1.880 1.829
 1.880 1.829
 1.880 1.829
 1.880 1.829
 1.880 1.829
 1.880 1.829
 1.880 1.829
 1.880 1.829
 1.880 1.829
 1.984 2.157
 1.984 2.157
 1.937 1.876
 1.926 1.872
 1.926 1.872
 1.926 1.872
 1.926 1.872
 1.926 1.872
 1.926 1.872
 1.926 1.872
 1.926 1.872
 1.926 1.872
 1.926 1.872
 1.926 1.872
 1.926 1.872
 1.926 1.872
 1.926 1.872
 1.926 1.872
 1.926 1.872
 1.926 1.872
 1.926 1.872
 1.926 1.872
 1.926 1.872
 1.926 1.872
 1.926 1.872
 1.926 1.872
 1.926 1.872
 1.926 1.872
 1.926 1.872
 1.757 1.984
 1.759 1.980
 1.757 1.976
 1.707 1.972
 1.778 1.968
 1.778 1.968
 1.778 1.968
 1.778 1.968
 1.778 1.968
 1.778 1.968
 1.778 1.968
 1.778 1.968
 1.778 1.968
 1.778 1.968
 1.778 1.968
 1.778 1.968
 1.778 1.968
 1.778 1.968
 1.778 1.968
 1.778 1.968
 1.778 1.968
 1.778 1.968
 1.778 1.968
 1.778 1.968
 1.778 1.968
 1.778 1.968
 1.778 1.968
 1.778 1.968
 1.947 1.865
 1.959 1.861
 1.959 1.861
 1.959 1.861
 1.805 1.786
 1.805 1.786
 1.805 1.786
 1.805 1.786
 1.805 1.786
 1.805 1.786
 1.805 1.786
 1.805 1.786
 1.805 1.786
 1.805 1.786
 1.805 1.786
 1.805 1.786
 1.805 1.786
 1.805 1.786
 1.805 1.786
 1.805 1.786
 1.805 1.786
 1.805 1.786
 1.805 1.786
 1.805 1.786
 1.805 1.786
 1.805 1.786
 1.805 1.786
 1.805 1.786
 1.805 1.786
 1.805 1.786
 1.805 1.786
 1.805 1.786
 1.805 1.786
 1.805 1.786
 1.805 1.786
 1.805 1.786
 1.805 1.786
 1.805 1.786
 1.805 1.786
 1.805 1.786
 1.805 1.786
 1.805 1.786
 1.805 1.786
 1.805 1.786
 1.805 1.786
 1.805 1.786
 1.805 1.786
 1.805 1.786
 1.805 1.786
 1.805 1.786
 1.805 1.786
 1.805 1.786
 1.805 1.786
 1.805 1.786
 1.805 1.786
 1.805 1.786
 1.805 1.786
 1.805 1.786
 1.805 1.786
 1.757 1.955
 1.757 1.952
 1.714 1.948
 1.735 1.944
 1.735 1.940
 1.735 1.940
 1.735 1.940
 1.735 1.940
 1.735 1.940
 1.735 1.940
 1.735 1.940
 1.735 1.940
 1.735 1.940
 1.735 1.940
 1.735 1.940
 1.735 1.940
 1.735 1.940
 1.735 1.940
 1.735 1.940
 1.735 1.940
 1.735 1.940
 1.735 1.940
 1.735 1.940
 1.735 1.940
 1.735 1.940
 1.735 1.940
 1.735 1.940
 1.735 1.940
 1.735 1.940
 1.735 1.940
 1.735 1.940
 1.735 1.940
 1.735 1.940
 1.735 1.940
 1.735 1.940
 1.735 1.940
 1.735 1.940
 1.735 1.940
 1.735 1.940
 1.735 1.940
 1.735 1.940
 1.735 1.940
 1.735 1.940
 1.735 1.940
 1.735 1.940
 1.735 1.940
 1.735 1.940
 1.735 1.940
 1.735 1.940
 1.735 1.940
 1.735 1.940
 1.735 1.940
 1.735 1.940
 1.735 1.940
 1.735 1.940
 1.735 1.940
 1.735 1.940
 1.735 1.940
 2.136 1.936
 2.133 1.933
 2.133 1.933
 2.133 1.933
 1.993 1.955
 1.993 1.955
 1.993 1.955
 1.993 1.955
 1.993 1.955
 1.993 1.955
 1.993 1.955
 1.993 1.955
 1.993 1.955
 1.993 1.955
 1.993 1.955
 1.993 1.955
 1.993 1.955
 1.993 1.955
 1.993 1.955
 1.993 1.955
 1.993 1.955
 1.993 1.955
 1.993 1.955
 1.993 1.955
 1.993 1.955
 1.993 1.955
 1.993 1.955
 1.993 1.955
 2.160 1.943
 2.160 2.101
 2.173 2.101
 2.245 2.097
 2.245 2.097
 2.245 2.097
 2.245 2.097
 2.245 2.097
 2.245 2.097
 2.245 2.097
 2.245 2.097
 2.245 2.097
 2.245 2.097
 2.245 2.097
 2.245 2.097
 2.245 2.097
 2.245 2.097
 2.245 2.097
 2.245 2.097
 2.245 2.097
 2.245 2.097
 2.245 2.097
 2.245 2.097
 2.245 2.097
 2.245 2.097
 2.245 2.097
 2.245 2.097
 2.245 2.097
 2.245 2.097
 1.925 2.001
 1.925 2.001
 1.758 1.865
 1.813 1.861
 1.926 1.858
 1.926 1.858
 1.926 1.858
 1.926 1.858
 1.926 1.858
 1.926 1.858
 1.926 1.858
 1.926 1.858
 1.926 1.858
 1.926 1.858
 1.926 1.858
 1.926 1.858
 1.926 1.858
 1.926 1.858
 1.926 1.858
 1.926 1.858
 1.926 1.858
 1.926 1.858
 1.926 1.858
 1.926 1.858
 1.926 1.858
 1.926 1.858
 1.926 1.858
 1.926 1.858
 1.926 1.858
 1.868 2.108
 1.868 2.108
 1.750 1.786
 1.768 1.782
 1.696 1.779
 1.696 1.779
 1.696 1.779
 1.696 1.779
 1.696 1.779
 1.696 1.779
 1.696 1.779
 1.696 1.779
 1.696 1.779
 1.696 1.779
 1.696 1.779
 1.696 1.779
 1.696 1.779
 1.696 1.779
 1.696 1.779
 1.696 1.779
 1.696 1.779
 1.696 1.779
 1.696 1.779
 1.696 1.779
 1.696 1.779
 1.696 1.779
 1.696 1.779
 1.696 1.779
 1.696 1.779
 1.696 1.779
 1.696 1.779
 1.696 1.779
 1.696 1.779
 1.696 1.779
 1.696 1.779
 1.696 1.779
 1.696 1.779
 1.696 1.779
 1.696 1.779
 1.696 1.779
 1.696 1.779
 1.696 1.779
 1.696 1.779
 1.696 1.779
 1.696 1.779
 1.696 1.779
 1.696 1.779
 1.696 1.779
 1.696 1.779
 1.696 1.779
 1.696 1.779
 1.696 1.779
 1.696 1.779
 1.696 1.779
 1.696 1.779
 1.696 1.779
 1.696 1.779
 1.696 1.779
 1.926 1.922
 1.926 1.876
 1.930 1.876
 1.983 1.872
 1.983 1.872
 1.983 1.872
 1.983 1.872
 1.983 1.872
 1.983 1.872
 1.983 1.872
 1.983 1.872
 1.983 1.872
 1.983 1.872
 1.983 1.872
 1.983 1.872
 1.983 1.872
 1.983 1.872
 1.983 1.872
 1.983 1.872
 1.983 1.872
 1.983 1.872
 1.983 1.872
 1.983 1.872
 1.983 1.872
 1.983 1.872
 1.983 1.872
 1.983 1.872
 1.983 1.872
 1.983 1.872
 1.652 1.926
 1.677 1.922
 1.574 1.918
 1.562 1.914
 1.554 1.911
 1.554 1.911
 1.554 1.911
 1.554 1.911
 1.554 1.911
 1.554 1.911
 1.554 1.911
 1.554 1.911
 1.554 1.911
 1.554 1.911
 1.554 1.911
 1.554 1.911
 1.554 1.911
 1.554 1.911
 1.554 1.911
 1.554 1.911
 1.554 1.911
 1.554 1.911
 1.554 1.911
 1.554 1.911
 1.554 1.911
 1.554 1.911
 1.554 1.911
 1.554 1.911
 1.723 1.907
 1.714 1.903
 1.723 1.899
 1.723 1.896
 1.704 1.892
 1.704 1.892
 1.704 1.892
 1.704 1.892
 1.704 1.892
 1.704 1.892
 1.704 1.892
 1.704 1.892
 1.704 1.892
 1.704 1.892
 1.704 1.892
 1.704 1.892
 1.704 1.892
 1.704 1.892
 1.704 1.892
 1.704 1.892
 1.704 1.892
 1.704 1.892
 1.704 1.892
 1.704 1.892
 1.704 1.892
 1.704 1.892
 1.704 1.892
 1.704 1.892
 1.925 1.758
 1.925 1.921
 1.947 1.921
 1.926 1.917
 1.926 1.917
 1.926 1.917
 1.926 1.917
 1.926 1.917
 1.926 1.917
 1.926 1.917
 1.926 1.917
 1.926 1.917
 1.926 1.917
 1.926 1.917
 1.926 1.917
 1.926 1.917
 1.926 1.917
 1.926 1.917
 1.926 1.917
 1.926 1.917
 1.926 1.917
 1.926 1.917
 1.926 1.917
 1.926 1.917
 1.926 1.917
 1.926 1.917
 1.926 1.917
 1.926 1.917
 1.925 1.971
 1.982 1.967
 1.982 1.963
 1.982 1.963
 1.982 1.963
 1.982 1.963
 1.982 1.963
 1.982 1.963
 1.982 1.963
 1.982 1.963
 1.982 1.963
 1.982 1.963
 1.982 1.963
 1.982 1.963
 1.982 1.963
 1.982 1.963
 1.982 1.963
 1.982 1.963
 1.982 1.963
 1.982 1.963
 1.982 1.963
 1.982 1.963
 1.982 1.963
 1.982 1.963
 1.982 1.963
 1.982 1.963
 1.982 1.963
 1.982 1.963
 1.982 1.963
 1.947 1.921
 2.005 1.917
 2.005 1.917
 2.005 1.917
 1.778 1.865
 1.778 1.865
 1.778 1.865
 1.778 1.865
 1.778 1.865
 1.778 1.865
 1.778 1.865
 1.778 1.865
 1.778 1.865
 1.778 1.865
 1.778 1.865
 1.778 1.865
 1.778 1.865
 1.778 1.865
 1.778 1.865
 1.778 1.865
 1.778 1.865
 1.778 1.865
 1.778 1.865
 1.778 1.865
 1.778 1.865
 1.778 1.865
 1.778 1.865
 1.778 1.865
 1.778 1.865
 1.778 1.865
 1.778 1.865
 1.778 1.865
 1.778 1.865
 1.778 1.865
 1.778 1.865
 1.778 1.865
 1.778 1.865
 1.778 1.865
 1.778 1.865
 1.778 1.865
 1.778 1.865
 1.778 1.865
 1.778 1.865
 1.778 1.865
 1.778 1.865
 1.778 1.865
 1.778 1.865
 1.778 1.865
 1.778 1.865
 1.778 1.865
 1.778 1.865
 1.778 1.865
 1.778 1.865
 1.778 1.865
 1.778 1.865
 1.778 1.865
 1.778 1.865
 1.778 1.865
 1.778 1.865
 1.983 1.732
 2.123 1.728
 2.123 1.728
 2.123 1.728
 1.947 1.991
 1.947 1.991
 1.947 1.991
 1.947 1.991
 1.947 1.991
 1.947 1.991
 1.947 1.991
 1.947 1.991
 1.947 1.991
 1.947 1.991
 1.947 1.991
 1.947 1.991
 1.947 1.991
 1.947 1.991
 1.947 1.991
 1.947 1.991
 1.947 1.991
 1.947 1.991
 1.947 1.991
 1.947 1.991
 1.947 1.991
 1.947 1.991
 1.947 1.991
 1.947 1.991
 1.947 1.991
 1.768 1.710
 1.768 1.786
 1.790 1.786
 1.778 1.783
 1.778 1.886
 1.833 1.886
 1.833 1.886
 1.833 1.886
 1.833 1.886
 1.833 1.886
 1.833 1.886
 1.833 1.886
 1.833 1.886
 1.833 1.886
 1.833 1.886
 1.833 1.886
 1.833 1.886
 1.833 1.886
 1.833 1.886
 1.833 1.886
 1.833 1.886
 1.833 1.886
 1.833 1.886
 1.833 1.886
 1.833 1.886
 1.833 1.886
 1.833 1.886
 1.833 1.886
 1.833 1.886
 1.833 1.886
 1.833 1.886
 1.833 1.886
 1.833 1.886
 1.833 1.886
 1.833 1.886
 1.833 1.886
 1.833 1.886
 1.833 1.886
 1.833 1.886
 1.833 1.886
 1.833 1.886
 1.833 1.886
 1.833 1.886
 1.833 1.886
 1.833 1.886
 1.833 1.886
 1.833 1.886
 1.833 1.886
 1.833 1.886
 1.833 1.886
 1.833 1.886
 1.833 1.886
 1.833 1.886
 1.833 1.886
 1.833 1.886
 1.833 1.886
 1.833 1.886
 1.833 1.886
 1.833 1.886
 1.947 1.774
 1.947 1.771
 1.947 1.771
 1.947 1.771
 1.723 1.720
 1.723 1.720
 1.723 1.720
 1.723 1.720
 1.723 1.720
 1.723 1.720
 1.723 1.720
 1.723 1.720
 1.723 1.720
 1.723 1.720
 1.723 1.720
 1.723 1.720
 1.723 1.720
 1.723 1.720
 1.723 1.720
 1.723 1.720
 1.723 1.720
 1.723 1.720
 1.723 1.720
 1.723 1.720
 1.723 1.720
 1.723 1.720
 1.723 1.720
 1.723 1.720
 1.723 1.720
 2.123 1.991
 2.123 1.991
 2.123 1.991
 2.125 2.184
 2.098 2.180
 2.098 2.180
 2.098 2.180
 2.098 2.180
 2.098 2.180
 2.098 2.180
 2.098 2.180
 2.098 2.180
 2.098 2.180
 2.098 2.180
 2.098 2.180
 2.098 2.180
 2.098 2.180
 2.098 2.180
 2.098 2.180
 2.098 2.180
 2.098 2.180
 2.098 2.180
 2.098 2.180
 2.098 2.180
 2.098 2.180
 2.098 2.180
 2.098 2.180
 2.098 2.180
 2.098 2.180
 2.098 2.180
 2.098 2.180
 2.098 2.180
 2.098 2.180
 2.098 2.180
 2.098 2.180
 2.098 2.180
 2.098 2.180
 2.098 2.180
 2.098 2.180
 2.098 2.180
 2.098 2.180
 2.098 2.180
 2.098 2.180
 2.098 2.180
 2.098 2.180
 2.098 2.180
 2.098 2.180
 2.098 2.180
 2.098 2.180
 2.098 2.180
 2.098 2.180
 2.098 2.180
 2.098 2.180
 2.098 2.180
 2.098 2.180
 2.098 2.180
 2.098 2.180
 2.098 2.180
 2.098 2.180
 2.098 2.180
 2.098 2.180
 2.098 2.180
 2.098 2.180
 2.098 2.180
 2.098 2.180
 2.098 2.180
 2.098 2.180
 2.098 2.180
 2.098 2.180
 2.098 2.180
 2.098 2.180
 2.098 2.180
 2.098 2.180
 2.098 2.180
 2.098 2.180
 2.098 2.180
 2.098 2.180
 2.098 2.180
 2.098 2.180
 2.098 2.180
 2.098 2.180
 2.098 2.180
 2.098 2.180
 2.098 2.180
 2.098 2.180
 2.098 2.180
 1.982 2.013
 2.160 2.009
 2.160 1.922
 1.926 1.922
 1.758 1.918
 1.758 1.918
 1.758 1.918
 1.758 1.918
 1.758 1.918
 1.758 1.918
 1.758 1.918
 1.758 1.918
 1.758 1.918
 1.758 1.918
 1.758 1.918
 1.758 1.918
 1.758 1.918
 1.758 1.918
 1.758 1.918
 1.758 1.918
 1.758 1.918
 1.758 1.918
 1.758 1.918
 1.758 1.918
 1.758 1.918
 1.758 1.918
 1.758 1.918
 1.758 1.918
 1.758 1.918
 1.947 1.774
 1.889 1.771
 1.889 1.771
 1.889 1.771
 1.762 1.829
 1.762 1.829
 1.762 1.829
 1.762 1.829
 1.762 1.829
 1.762 1.829
 1.762 1.829
 1.762 1.829
 1.762 1.829
 1.762 1.829
 1.762 1.829
 1.762 1.829
 1.762 1.829
 1.762 1.829
 1.762 1.829
 1.762 1.829
 1.762 1.829
 1.762 1.829
 1.762 1.829
 1.762 1.829
 1.762 1.829
 1.762 1.829
 1.762 1.829
 1.762 1.829
