Thread[Thread-1,5,main] 0.000 0.000 0 0 
 324.860 330.599 0 0 
 284.159 329.041 0 0 
 240.847 327.500 0 0 
 207.065 325.978 0 0 
 190.679 324.473 0 0 
 188.329 322.985 0 0 
 200.581 321.513 0 0 
 232.923 320.059 0 0 
 261.789 318.907 0 0 
 293.141 317.481 0 0 
 351.628 362.515 8454160 8454160 
 251.661 359.675 8454160 8454160 
 137.861 356.857 8454160 8454160 
 96.821 354.058 8454160 8454160 
 66.752 351.281 8454160 8454160 
 43.139 348.524 8454160 8454160 
 27.885 345.787 8454160 8454160 
 19.510 343.070 8454160 8454160 
 16.601 340.374 8454160 8454160 
 17.067 337.697 8454160 8454160 
 22.949 335.041 8454160 8454160 
 30.921 332.404 8454160 8454160 
 43.581 329.787 8454160 8454160 
 56.579 327.189 8454160 8454160 
 72.519 324.611 8454160 8454160 
 91.557 322.052 8454160 8454160 
 110.982 319.512 8454160 8454160 
 133.730 316.991 8454160 8454160 
 157.920 314.489 8454160 8454160 
 184.903 312.006 8454160 8454160 
 213.903 309.542 8454160 8454160 
 243.275 307.096 8454160 8454160 
 276.658 304.669 8454160 8454160 
 306.657 307.771 9468436 1014276 
 285.710 305.444 9468436 1014276 
 222.230 303.137 9468436 1014276 
 178.425 300.851 9468436 1014276 
 144.872 298.585 9468436 1014276 
 118.092 296.340 9468436 1014276 
 101.946 294.115 9468436 1014276 
 84.803 291.910 9468436 1014276 
 78.029 289.725 9468436 1014276 
 71.520 287.559 9468436 1014276 
 66.071 285.413 9468436 1014276 
 69.289 283.287 9468436 1014276 
 69.003 281.179 9468436 1014276 
 73.079 279.091 9468436 1014276 
 80.073 277.022 9468436 1014276 
 91.387 274.971 9468436 1014276 
 104.695 272.939 9468436 1014276 
 120.213 270.926 9468436 1014276 
 141.769 268.931 9468436 1014276 
 163.692 266.954 9468436 1014276 
 188.002 264.996 9468436 1014276 
 218.364 263.055 9468436 1014276 
 247.659 261.132 9468436 1014276 
 269.483 279.443 10440010 971574 
 181.656 277.236 10440010 971574 
 133.368 275.047 10440010 971574 
 95.758 272.876 10440010 971574 
 70.552 270.723 10440010 971574 
 52.376 268.589 10440010 971574 
 38.863 266.472 10440010 971574 
 34.380 264.373 10440010 971574 
 32.366 262.291 10440010 971574 
 38.138 260.227 10440010 971574 
 46.143 258.181 10440010 971574 
 59.147 256.151 10440010 971574 
 72.754 254.139 10440010 971574 
 89.940 252.144 10440010 971574 
 109.603 250.165 10440010 971574 
 131.847 248.204 10440010 971574 
 156.357 246.259 10440010 971574 
 183.326 244.331 10440010 971574 
 212.671 242.419 10440010 971574 
 243.223 241.840 11244192 804182 
 279.793 275.974 11285660 41468 
 288.931 294.342 11327062 41402 
 245.379 292.028 11327062 41402 
 190.429 289.733 11327062 41402 
 153.317 287.458 11327062 41402 
 121.006 285.202 11327062 41402 
 99.080 282.965 11327062 41402 
 78.234 280.747 11327062 41402 
 69.895 278.548 11327062 41402 
 61.417 276.367 11327062 41402 
 53.652 274.206 11327062 41402 
 49.615 272.062 11327062 41402 
 47.627 269.937 11327062 41402 
 48.403 267.830 11327062 41402 
 52.372 265.741 11327062 41402 
 102.535 263.670 11327062 41402 
 58.634 261.617 11327062 41402 
 71.156 259.582 11327062 41402 
 81.509 257.564 11327062 41402 
 96.329 255.564 11327062 41402 
 110.505 253.580 11327062 41402 
 128.542 251.614 11327062 41402 
 148.831 249.666 11327062 41402 
 168.329 247.733 11327062 41402 
 191.722 245.818 11327062 41402 
 218.941 243.920 11327062 41402 
 236.629 242.472 12384658 1057596 
 167.477 240.589 12384658 1057596 
 91.644 238.721 12384658 1057596 
 69.194 236.870 12384658 1057596 
 53.443 235.035 12384658 1057596 
 49.769 233.216 12384658 1057596 
 42.082 231.412 12384658 1057596 
 42.747 229.624 12384658 1057596 
 47.806 227.852 12384658 1057596 
 56.784 226.096 12384658 1057596 
 68.546 224.354 12384658 1057596 
 82.837 222.628 12384658 1057596 
 99.132 220.917 12384658 1057596 
 120.974 219.221 12384658 1057596 
 141.822 217.540 12384658 1057596 
 166.857 215.874 12384658 1057596 
 194.508 214.222 12384658 1057596 
 223.048 219.872 13143498 758840 
 258.996 253.489 13185740 42242 
 266.572 271.398 13227954 42214 
 222.945 269.247 13227954 42214 
 177.423 267.114 13227954 42214 
 140.806 264.998 13227954 42214 
 111.616 262.900 13227954 42214 
 88.034 260.819 13227954 42214 
 70.588 258.755 13227954 42214 
 60.262 256.708 13227954 42214 
 52.461 254.679 13227954 42214 
 44.198 252.666 13227954 42214 
 39.165 250.669 13227954 42214 
 37.300 248.690 13227954 42214 
 40.032 246.726 13227954 42214 
 36.462 244.780 13227954 42214 
 41.877 242.849 13227954 42214 
 45.186 240.934 13227954 42214 
 52.973 239.036 13227954 42214 
 60.259 237.154 13227954 42214 
 70.777 235.287 13227954 42214 
 81.436 233.436 13227954 42214 
 94.664 231.600 13227954 42214 
 110.118 229.781 13227954 42214 
 126.176 227.976 13227954 42214 
 145.906 226.187 13227954 42214 
 165.096 224.413 13227954 42214 
 188.687 222.654 13227954 42214 
 210.907 220.910 13227954 42214 
 224.365 231.902 14368476 1140522 
 154.020 230.138 14368476 1140522 
 120.243 228.390 14368476 1140522 
 92.520 226.658 14368476 1140522 
 73.620 224.941 14368476 1140522 
 58.855 223.239 14368476 1140522 
 48.056 221.553 14368476 1140522 
 48.361 219.882 14368476 1140522 
 48.723 218.225 14368476 1140522 
 54.128 216.584 14368476 1140522 
 67.465 214.957 14368476 1140522 
 77.725 213.345 14368476 1140522 
 91.463 211.747 14368476 1140522 
 111.253 210.164 14368476 1140522 
 129.734 208.595 14368476 1140522 
 151.883 207.040 14368476 1140522 
 176.679 205.500 14368476 1140522 
 203.330 203.973 14368476 1140522 
 231.718 229.694 15128888 760412 
 269.079 262.666 15171116 42228 
 274.171 276.570 15213320 42204 
 223.540 274.380 15213320 42204 
 178.508 272.208 15213320 42204 
 141.711 270.053 15213320 42204 
 109.717 267.917 15213320 42204 
 90.506 265.798 15213320 42204 
 71.514 263.696 15213320 42204 
 61.246 261.613 15213320 42204 
 54.202 259.546 15213320 42204 
 45.896 257.497 15213320 42204 
 42.656 255.464 15213320 42204 
 39.581 253.449 15213320 42204 
 39.124 251.450 15213320 42204 
 39.418 249.468 15213320 42204 
 43.965 247.503 15213320 42204 
 50.123 245.554 15213320 42204 
 55.431 243.622 15213320 42204 
 61.932 241.706 15213320 42204 
 72.528 239.806 15213320 42204 
 85.937 237.922 15213320 42204 
 101.053 236.054 15213320 42204 
 116.781 234.202 15213320 42204 
 133.369 232.366 15213320 42204 
 151.798 230.545 15213320 42204 
 172.549 228.739 15213320 42204 
 194.204 226.949 15213320 42204 
 219.554 225.175 15213320 42204 
 231.683 241.101 16353860 1140540 
 166.450 239.261 16353860 1140540 
 124.532 237.438 16353860 1140540 
 97.320 235.630 16353860 1140540 
 76.519 233.839 16353860 1140540 
 62.009 232.064 16353860 1140540 
 53.151 230.304 16353860 1140540 
 48.247 228.560 16353860 1140540 
 50.650 226.832 16353860 1140540 
 57.659 225.119 16353860 1140540 
 63.945 223.422 16353860 1140540 
 78.718 221.740 16353860 1140540 
 94.149 220.072 16353860 1140540 
 109.640 218.420 16353860 1140540 
 128.328 216.783 16353860 1140540 
 150.917 215.160 16353860 1140540 
 174.676 213.552 16353860 1140540 
 201.454 211.959 16353860 1140540 
 228.125 226.117 17114250 760390 
 264.833 259.240 17156464 42214 
 272.239 277.234 17198688 42224 
 225.101 275.035 17198688 42224 
 178.384 272.855 17198688 42224 
 143.257 270.693 17198688 42224 
 112.608 268.548 17198688 42224 
 90.510 266.421 17198688 42224 
 73.528 264.311 17198688 42224 
 60.919 262.219 17198688 42224 
 53.290 260.144 17198688 42224 
 46.417 258.086 17198688 42224 
 40.572 256.046 17198688 42224 
 35.321 254.022 17198688 42224 
 37.017 252.015 17198688 42224 
 36.597 250.024 17198688 42224 
 42.093 248.051 17198688 42224 
 44.827 246.093 17198688 42224 
 51.269 244.152 17198688 42224 
 57.647 242.227 17198688 42224 
 70.039 240.319 17198688 42224 
 82.006 238.426 17198688 42224 
 92.929 236.549 17198688 42224 
 105.355 234.688 17198688 42224 
 124.888 232.843 17198688 42224 
 143.720 231.013 17198688 42224 
 163.176 229.199 17198688 42224 
 187.049 227.400 17198688 42224 
