Thread[Thread-1,5,main] 0 0 0 17290 17290 20 20 
 42244 0 0 17290 17290 20 20 
 84486 0 0 17290 17290 20 20 
 126728 0 0 17290 17290 20 20 
 168970 0 0 17290 17290 20 20 
 211212 0 0 17290 17290 20 20 
 253454 0 0 17290 17290 20 20 
 295696 0 0 17290 17290 20 20 
 337938 0 0 17290 17290 20 20 
 380182 0 0 397468 380178 380184 380164 
 464662 0 0 397468 380178 380184 380164 
 549146 0 0 397468 380178 380184 380164 
 633630 0 0 397468 380178 380184 380164 
 718114 0 0 397468 380178 380184 380164 
 802598 0 0 397468 380178 380184 380164 
 887084 0 0 904370 506902 887086 506902 
 971566 0 0 904370 506902 887086 506902 
 1056050 0 0 904370 506902 887086 506902 
 1140536 0 0 904370 506902 887086 506902 
 1225020 0 0 904370 506902 887086 506902 
 1309504 0 0 904370 506902 887086 506902 
 1393988 0 0 904370 506902 887086 506902 
 1478472 0 0 904370 506902 887086 506902 
 1562956 0 0 904370 506902 887086 506902 
 1647438 0 0 904370 506902 887086 506902 
 1731924 0 0 904370 506902 887086 506902 
 1816408 1818316 913946 904370 506902 887086 506902 
 1858840 1818316 913946 904370 506902 887086 506902 
 1900912 1818316 913946 904370 506902 887086 506902 
 1943322 1818316 913946 904370 506902 887086 506902 
 1985388 1818316 913946 904370 506902 887086 506902 
 2027806 1818316 913946 904370 506902 887086 506902 
 2069872 1818316 913946 904370 506902 887086 506902 
 2112290 1818316 913946 904370 506902 887086 506902 
 2154356 1818316 913946 2171764 353448 2154360 1267274 
 2196778 1818316 913946 2171764 353448 2154360 1267274 
 2238850 1818316 913946 2171764 353448 2154360 1267274 
 2281260 1818316 913946 2171764 353448 2154360 1267274 
 2323334 1818316 913946 2171764 353448 2154360 1267274 
 2365744 1818316 913946 2171764 353448 2154360 1267274 
 2407820 1818316 913946 2171764 353448 2154360 1267274 
 2450230 1818316 913946 2171764 353448 2154360 1267274 
 2492304 1818316 913946 2171764 353448 2154360 1267274 
 2534712 1818316 913946 2171764 353448 2154360 1267274 
 2576786 1818316 913946 2171764 353448 2154360 1267274 
 2619200 1818316 913946 2636294 464530 2619202 464842 
 2661248 1818316 913946 2636294 464530 2619202 464842 
 2703684 1818316 913946 2636294 464530 2619202 464842 
 2745756 1818316 913946 2636294 464530 2619202 464842 
 2788168 1818316 913946 2636294 464530 2619202 464842 
 2830216 1818316 913946 2636294 464530 2619202 464842 
 2872652 1818316 913946 2636294 464530 2619202 464842 
 2914720 1818316 913946 2636294 464530 2619202 464842 
 2957132 1818316 913946 2636294 464530 2619202 464842 
 2999204 1818316 913946 2636294 464530 2619202 464842 
 3041618 1818316 913946 2636294 464530 2619202 464842 
 3083688 1818316 913946 2636294 464530 2619202 464842 
 3126104 1818316 913946 2636294 464530 2619202 464842 
 3168172 1818316 913946 2636294 464530 2619202 464842 
 3210588 1818316 913946 2636294 464530 2619202 464842 
 3252658 1818316 913946 3270064 633770 3252660 633458 
 3295070 1818316 913946 3270064 633770 3252660 633458 
 3337140 1818316 913946 3270064 633770 3252660 633458 
 3379554 1818316 913946 3270064 633770 3252660 633458 
 3421624 1818316 913946 3270064 633770 3252660 633458 
 3464038 1818316 913946 3270064 633770 3252660 633458 
 3506108 1818316 913946 3270064 633770 3252660 633458 
 3548522 1818316 913946 3270064 633770 3252660 633458 
 3590592 1818316 913946 3270064 633770 3252660 633458 
 3633008 1818316 913946 3650106 380042 3633010 380350 
 3675058 1818316 913946 3650106 380042 3633010 380350 
 3717492 1818316 913946 3650106 380042 3633010 380350 
 3759560 1818316 913946 3650106 380042 3633010 380350 
 3801976 1818316 913946 3650106 380042 3633010 380350 
 3844044 1818316 913946 3650106 380042 3633010 380350 
 3886460 1818316 913946 3650106 380042 3633010 380350 
 3928528 1818316 913946 3650106 380042 3633010 380350 
 3970944 1818316 913946 3650106 380042 3633010 380350 
 4013016 1818316 913946 3650106 380042 3633010 380350 
 4055428 1818316 913946 3650106 380042 3633010 380350 
 4097500 1818316 913946 3650106 380042 3633010 380350 
 4139912 1818316 913946 3650106 380042 3633010 380350 
 4181986 1818316 913946 3650106 380042 4181988 548978 
 4224398 1818316 913946 3650106 380042 4181988 548978 
 4266466 1818316 913946 3650106 380042 4181988 548978 
 4308882 1818316 913946 3650106 380042 4181988 548978 
 4350954 1818316 913946 3650106 380042 4181988 548978 
 4393364 1818316 913946 3650106 380042 4181988 548978 
 4435438 1818316 913946 3650106 380042 4181988 548978 
 4477848 1818316 913946 3650106 380042 4181988 548978 
 4519920 1818316 913946 3650106 380042 4181988 548978 
 4562332 1818316 913946 3650106 380042 4181988 548978 
 4604402 1818316 913946 3650106 380042 4181988 548978 
 4646816 1818316 913946 3650106 380042 4181988 548978 
 4688890 1818316 913946 3650106 380042 4181988 548978 
 4731302 1818316 913946 3650106 380042 4181988 548978 
 4773370 1818316 913946 3650106 380042 4181988 548978 
 4815784 1818316 913946 4832880 1182774 4815788 633800 
 4857834 1818316 913946 4832880 1182774 4815788 633800 
 4900274 1818316 913946 4832880 1182774 4815788 633800 
 4942316 1818316 913946 4832880 1182774 4815788 633800 
 4984752 1818316 913946 4832880 1182774 4815788 633800 
 5026798 1818316 913946 4832880 1182774 4815788 633800 
 5069232 1818316 913946 4832880 1182774 4815788 633800 
 5111306 1818316 913946 4832880 1182774 4815788 633800 
 5153718 1818316 913946 4832880 1182774 4815788 633800 
 5195766 1818316 913946 4832880 1182774 4815788 633800 
 5238202 1818316 913946 5255296 422416 5238204 422416 
 5280250 1818316 913946 5255296 422416 5238204 422416 
 5322684 1818316 913946 5255296 422416 5238204 422416 
 5364754 1818316 913946 5255296 422416 5238204 422416 
 5407168 1818316 913946 5255296 422416 5238204 422416 
 5449238 1818316 913946 5255296 422416 5238204 422416 
 5491652 1818316 913946 5255296 422416 5238204 422416 
 5533722 1818316 913946 5255296 422416 5238204 422416 
 5576138 1818316 913946 5255296 422416 5238204 422416 
 5618206 1818316 913946 5255296 422416 5238204 422416 
 5660622 1818316 913946 5677720 422424 5660626 422422 
 5702670 1818316 913946 5677720 422424 5660626 422422 
 5745104 1818316 913946 5677720 422424 5660626 422422 
 5787170 1818316 913946 5677720 422424 5660626 422422 
 5829584 1818316 913946 5677720 422424 5660626 422422 
 5871654 1818316 913946 5677720 422424 5660626 422422 
 5914070 1818316 913946 5677720 422424 5660626 422422 
 5956138 1818316 913946 5677720 422424 5660626 422422 
 5998552 1818316 913946 5677720 422424 5660626 422422 
 6040622 1818316 913946 5677720 422424 5660626 422422 
 6083038 1818316 913946 5677720 422424 5660626 422422 
 6125108 1818316 913946 5677720 422424 5660626 422422 
 6167524 1818316 913946 6184618 506898 6167526 506900 
 6209572 1818316 913946 6184618 506898 6167526 506900 
 6252006 1818316 913946 6184618 506898 6167526 506900 
 6294076 1818316 913946 6184618 506898 6167526 506900 
 6336490 1818316 913946 6184618 506898 6167526 506900 
 6378562 1818316 913946 6184618 506898 6167526 506900 
 6420974 1818316 913946 6184618 506898 6167526 506900 
 6463044 1818316 913946 6184618 506898 6167526 506900 
 6505458 1818316 913946 6184618 506898 6167526 506900 
 6547528 1818316 913946 6184618 506898 6167526 506900 
 6589944 1818316 913946 6184618 506898 6167526 506900 
 6632012 1818316 913946 6184618 506898 6632016 464490 
 6674426 1818316 913946 6184618 506898 6632016 464490 
 6716496 1818316 913946 6184618 506898 6632016 464490 
 6758910 1818316 913946 6184618 506898 6632016 464490 
 6800980 1818316 913946 6184618 506898 6632016 464490 
 6843394 1818316 913946 6184618 506898 6632016 464490 
 6885464 1818316 913946 6184618 506898 6632016 464490 
 6927880 1818316 913946 6184618 506898 6632016 464490 
 6969948 1818316 913946 6184618 506898 6632016 464490 
 7012362 1818316 913946 6184618 506898 6632016 464490 
 7054434 1818316 913946 6184618 506898 7054438 422422 
 7096846 1818316 913946 6184618 506898 7054438 422422 
 7138914 1818316 913946 6184618 506898 7054438 422422 
 7181330 1818316 913946 6184618 506898 7054438 422422 
 7223398 1818316 913946 6184618 506898 7054438 422422 
 7265814 1818316 913946 6184618 506898 7054438 422422 
 7307882 1818316 913946 6184618 506898 7054438 422422 
 7350298 1818316 913946 6184618 506898 7054438 422422 
 7392366 1818316 913946 6184618 506898 7054438 422422 
 7434782 1818316 913946 6184618 506898 7054438 422422 
 7476850 1818316 913946 6184618 506898 7054438 422422 
 7519264 1818316 913946 6184618 506898 7054438 422422 
 7561334 1818316 913946 6184618 506898 7054438 422422 
 7603748 1818316 913946 6184618 506898 7054438 422422 
 7645820 1818316 913946 6184618 506898 7645822 591384 
 7688232 1818316 913946 6184618 506898 7645822 591384 
 7730302 1818316 913946 6184618 506898 7645822 591384 
 7772718 1818316 913946 6184618 506898 7645822 591384 
 7814786 1818316 913946 6184618 506898 7645822 591384 
 7857202 1818316 913946 6184618 506898 7645822 591384 
 7899270 1818316 913946 6184618 506898 7645822 591384 
 7941684 1818316 913946 6184618 506898 7645822 591384 
 7983754 1818316 913946 6184618 506898 7645822 591384 
 8026170 1818316 913946 6184618 506898 7645822 591384 
 8068238 1818316 913946 6184618 506898 7645822 591384 
 8110654 1818316 913946 8125980 1941362 8110656 464834 
 8152704 1818316 913946 8125980 1941362 8110656 464834 
 8195138 1818316 913946 8125980 1941362 8110656 464834 
 8237188 1818316 913946 8125980 1941362 8110656 464834 
 8279620 1818316 913946 8125980 1941362 8110656 464834 
 8321694 1818316 913946 8125980 1941362 8110656 464834 
 8364106 1818316 913946 8125980 1941362 8110656 464834 
 8406178 1818316 913946 8125980 1941362 8110656 464834 
 8448588 1818316 913946 8125980 1941362 8110656 464834 
 8490664 1818316 913946 8125980 1941362 8490666 380010 
 8533074 1818316 913946 8125980 1941362 8490666 380010 
 8575146 1818316 913946 8125980 1941362 8490666 380010 
 8617558 8619918 493938 8125980 1941362 8490666 380010 
 8659630 8660984 41066 8125980 1941362 8490666 380010 
 8702040 8660984 41066 8125980 1941362 8490666 380010 
 8744112 8660984 41066 8125980 1941362 8490666 380010 
 8786524 8660984 41066 8125980 1941362 8490666 380010 
 8828596 8660984 41066 8125980 1941362 8490666 380010 
 8871008 8660984 41066 8125980 1941362 8490666 380010 
 8913080 8660984 41066 8125980 1941362 8490666 380010 
 8955494 8660984 41066 8125980 1941362 8490666 380010 
 8997564 8660984 41066 8125980 1941362 8490666 380010 
 9039978 8660984 41066 9057076 396092 9039980 549314 
 9082028 8660984 41066 9057076 396092 9039980 549314 
 9124458 8660984 41066 9057076 396092 9039980 549314 
 9166532 8660984 41066 9057076 396092 9039980 549314 
 9208946 8660984 41066 9057076 396092 9039980 549314 
 9251016 8660984 41066 9057076 396092 9039980 549314 
 9293430 8660984 41066 9057076 396092 9039980 549314 
 9335500 8660984 41066 9057076 396092 9039980 549314 
 9377914 8660984 41066 9395010 337934 9377918 337938 
 9419964 8660984 41066 9395010 337934 9377918 337938 
 9462396 8660984 41066 9395010 337934 9377918 337938 
 9504468 8660984 41066 9395010 337934 9377918 337938 
 9546882 8660984 41066 9395010 337934 9377918 337938 
 9588952 8660984 41066 9395010 337934 9377918 337938 
 9631366 8660984 41066 9395010 337934 9377918 337938 
 9673436 8660984 41066 9395010 337934 9377918 337938 
 9715850 8660984 41066 9395010 337934 9377918 337938 
 9757920 8660984 41066 9395010 337934 9377918 337938 
 9800338 8660984 41066 9395010 337934 9377918 337938 
 9842404 8660984 41066 9395010 337934 9377918 337938 
 9884822 8660984 41066 9395010 337934 9377918 337938 
 9926890 8660984 41066 9395010 337934 9926892 548974 
 9969306 8660984 41066 9395010 337934 9926892 548974 
 10011372 8660984 41066 9395010 337934 9926892 548974 
 10053788 8660984 41066 9395010 337934 9926892 548974 
 10095838 8660984 41066 9395010 337934 9926892 548974 
 10138272 8660984 41066 9395010 337934 9926892 548974 
 10180320 8660984 41066 9395010 337934 9926892 548974 
 10222758 8660984 41066 9395010 337934 9926892 548974 
 10264802 8660984 41066 9395010 337934 9926892 548974 
 10307238 8660984 41066 9395010 337934 9926892 548974 
 10349308 8660984 41066 9395010 337934 9926892 548974 
 10391720 8660984 41066 9395010 337934 9926892 548974 
 10433792 8660984 41066 9395010 337934 9926892 548974 
 10476204 8660984 41066 9395010 337934 9926892 548974 
 10518272 8660984 41066 9395010 337934 9926892 548974 
