Thread[Thread-1,5,main]Thread[Thread-1,5,main] 5.709 5.137 326.048 332.099 0 0 0 17292 17292 20 20 
 7.071 5.194 286.620 316.666 42422 0 0 17292 17292 20 20 
 8.169 5.297 254.893 315.245 84504 0 0 17292 17292 20 20 
 9.325 5.423 242.658 314.119 126918 0 0 17292 17292 20 20 
 10.378 5.561 222.098 312.727 168966 0 0 17292 17292 20 20 
 11.373 5.824 216.311 311.624 211398 0 0 17292 17292 20 20 
 12.369 6.110 197.243 310.259 253450 0 0 17292 17292 20 20 
 13.250 6.373 187.566 309.178 295882 0 0 17292 17292 20 20 
 14.120 6.739 191.653 307.840 337934 0 0 17292 17292 20 20 
 14.989 7.025 190.883 306.780 380366 0 0 397464 380172 380368 380348 
 14.623 7.243 171.243 192.365 422416 0 0 397464 380172 380368 380348 
 14.577 7.517 153.344 191.322 464660 0 0 397464 380172 380368 380348 
 14.486 7.849 130.575 190.282 506902 0 0 397464 380172 380368 380348 
 14.360 8.169 108.915 189.244 549144 0 0 397464 380172 380368 380348 
 14.314 8.398 101.021 188.210 591386 0 0 397464 380172 380368 380348 
 14.268 8.639 84.320 187.180 633626 0 0 397464 380172 380368 380348 
 14.211 8.902 78.455 186.152 675868 0 0 397464 380172 380368 380348 
 14.131 9.073 67.739 185.128 718110 0 0 397464 380172 380368 380348 
 14.085 9.359 62.033 184.107 760352 0 0 397464 380172 380368 380348 
 14.028 9.485 57.041 183.089 802594 0 0 397464 380172 380368 380348 
 13.982 9.657 51.968 182.074 844836 0 0 397464 380172 380368 380348 
 13.868 9.829 48.656 181.063 887076 0 0 904540 507076 887080 506712 
 13.433 10.012 39.122 49.232 929316 0 0 904540 507076 887080 506712 
 12.975 10.183 29.449 48.776 971558 0 0 904540 507076 887080 506712 
 12.563 10.321 21.612 48.323 1013800 0 0 904540 507076 887080 506712 
 12.140 10.412 15.812 47.874 1056042 0 0 904540 507076 887080 506712 
 11.740 10.504 11.528 47.429 1098284 0 0 904540 507076 887080 506712 
 11.373 10.561 8.732 46.987 1140526 0 0 904540 507076 887080 506712 
 10.973 10.641 6.995 46.550 1182766 0 0 904540 507076 887080 506712 
 10.630 10.653 6.423 46.116 1225008 0 0 904540 507076 887080 506712 
 10.286 10.733 4.970 45.687 1267250 0 0 904540 507076 887080 506712 
 10.057 10.744 4.431 45.261 1309492 0 0 904540 507076 887080 506712 
 8.742 10.595 9.819 44.838 1478462 0 0 904540 507076 887080 506712 
 8.524 10.630 11.439 44.420 1520704 0 0 904540 507076 1520706 633626 
 8.501 10.504 11.578 44.005 1562944 0 0 904540 507076 1520706 633626 
 8.536 10.435 11.153 43.594 1605186 0 0 904540 507076 1520706 633626 
 8.456 10.366 10.476 43.187 1647428 0 0 904540 507076 1520706 633626 
 8.456 10.321 10.207 42.783 1689670 0 0 904540 507076 1520706 633626 
 8.501 10.286 9.610 42.382 1731912 0 0 904540 507076 1520706 633626 
 8.524 10.275 9.135 41.986 1774154 0 0 904540 507076 1520706 633626 
 8.490 10.149 8.967 41.593 1816396 0 0 904540 507076 1520706 633626 
 8.490 10.057 8.496 41.203 1985362 0 0 904540 507076 1520706 633626 
 8.501 10.046 8.478 40.817 2027604 0 0 904540 507076 1520706 633626 
 8.501 9.966 8.474 40.434 2069846 0 0 904540 507076 1520706 633626 
 8.547 9.955 8.473 40.055 2112088 0 0 904540 507076 1520706 633626 
 8.490 9.909 8.190 39.679 2154330 0 0 904540 507076 1520706 633626 
 8.513 9.863 8.424 39.307 2196570 0 0 904540 507076 1520706 633626 
 8.513 9.829 8.598 38.938 2238812 0 0 904540 507076 1520706 633626 
 8.536 9.863 8.098 38.572 2281054 0 0 904540 507076 1520706 633626 
 8.501 9.794 8.644 38.210 2323296 0 0 904540 507076 1520706 633626 
 8.547 9.737 8.446 37.851 2365540 0 0 2380912 1476372 2365542 844836 
 8.673 9.737 7.752 10.177 2407782 0 0 2380912 1476372 2365542 844836 
 8.810 9.794 6.407 10.095 2450024 0 0 2380912 1476372 2365542 844836 
 8.948 9.726 5.575 10.013 2492266 0 0 2380912 1476372 2365542 844836 
 9.085 9.714 4.913 9.933 2534508 0 0 2380912 1476372 2365542 844836 
 9.188 9.691 4.160 9.853 2576750 0 0 2380912 1476372 2365542 844836 
 9.279 9.703 3.464 9.774 2618992 0 0 2380912 1476372 2365542 844836 
 9.371 9.680 2.805 9.696 2661234 0 0 2380912 1476372 2365542 844836 
 9.485 9.737 2.538 9.619 2703474 0 0 2380912 1476372 2365542 844836 
 9.588 9.691 2.656 9.543 2745716 0 0 2380912 1476372 2365542 844836 
 9.634 9.726 1.966 9.468 2787958 0 0 2380912 1476372 2365542 844836 
 9.749 9.726 1.113 9.393 2830200 0 0 2380912 1476372 2365542 844836 
 9.817 9.783 0.865 9.320 2872440 0 0 2380912 1476372 2365542 844836 
 9.874 9.771 1.031 9.247 2914682 0 0 2380912 1476372 2365542 844836 
 10.000 9.817 0.620 9.175 2956924 0 0 2380912 1476372 2365542 844836 
 10.092 9.829 0.517 9.104 2999168 0 0 3016656 635744 2999170 633628 
 10.012 9.806 0.388 2.132 3041408 0 0 3016656 635744 2999170 633628 
 9.989 9.909 0.265 2.130 3083648 0 0 3016656 635744 2999170 633628 
 9.955 9.909 0.326 2.128 3125890 0 0 3016656 635744 2999170 633628 
 9.932 9.874 0.308 2.126 3168130 0 0 3016656 635744 2999170 633628 
 9.863 9.932 0.240 2.124 3210372 0 0 3016656 635744 2999170 633628 
 9.840 10.000 0.161 2.122 3252614 0 0 3016656 635744 2999170 633628 
 9.817 9.966 0.323 2.121 3294856 0 0 3016656 635744 2999170 633628 
 9.783 10.012 0.323 2.119 3337098 0 0 3016656 635744 2999170 633628 
 9.726 10.046 0.411 2.117 3379340 0 0 3016656 635744 2999170 633628 
 9.726 10.023 0.418 2.115 3421580 0 0 3016656 635744 2999170 633628 
 9.726 10.023 0.445 2.113 3463822 0 0 3016656 635744 2999170 633628 
 9.680 10.000 0.473 2.111 3506064 0 0 3016656 635744 2999170 633628 
 9.646 9.955 0.730 2.109 3548306 0 0 3016656 635744 2999170 633628 
 9.646 10.057 0.832 2.108 3590546 0 0 3016656 635744 2999170 633628 
 9.543 10.046 0.874 2.106 3632788 0 0 3650282 633626 3632792 633622 
 9.600 10.023 0.874 2.488 3675030 0 0 3650282 633626 3632792 633622 
 9.543 10.080 1.035 2.478 3717272 0 0 3650282 633626 3632792 633622 
 9.508 10.057 1.058 2.468 3759514 0 0 3650282 633626 3632792 633622 
 9.508 10.069 1.115 2.459 3801756 0 0 3650282 633626 3632792 633622 
 9.497 10.046 1.208 2.449 3843998 0 0 3650282 633626 3632792 633622 
 9.485 10.069 1.210 2.440 3886240 0 0 3650282 633626 3632792 633622 
 9.451 10.092 1.295 2.430 3928482 0 0 3650282 633626 3632792 633622 
 9.451 10.046 1.328 2.421 3970724 0 0 3650282 633626 3632792 633622 
 9.417 10.046 1.405 2.412 4012968 0 0 4030464 380182 4012970 380178 
 9.417 10.046 1.628 2.931 4055208 0 0 4030464 380182 4012970 380178 
 9.417 10.012 1.454 2.917 4097450 0 0 4030464 380182 4012970 380178 
 9.440 10.012 1.650 2.903 4139694 0 0 4030464 380182 4012970 380178 
 9.451 10.092 1.813 2.889 4181934 0 0 4030464 380182 4012970 380178 
 9.405 10.046 1.445 2.875 4224176 0 0 4030464 380182 4012970 380178 
 9.417 10.046 1.669 2.861 4266418 0 0 4030464 380182 4012970 380178 
 9.405 10.057 1.650 2.848 4308660 0 0 4030464 380182 4012970 380178 
 9.371 10.012 1.704 2.834 4350904 0 0 4030464 380182 4012970 380178 
 9.371 10.000 1.762 2.821 4393146 0 0 4408516 378052 4393150 380180 
 9.371 9.977 1.710 3.295 4435388 0 0 4408516 378052 4393150 380180 
 9.405 10.023 1.690 3.277 4477630 0 0 4408516 378052 4393150 380180 
 9.371 10.057 1.605 3.260 4519872 0 0 4408516 378052 4393150 380180 
 9.394 9.989 1.546 3.242 4562114 0 0 4408516 378052 4393150 380180 
 9.382 10.012 1.399 3.225 4604356 0 0 4408516 378052 4393150 380180 
 9.417 9.955 1.677 3.208 4646596 0 0 4408516 378052 4393150 380180 
 9.405 9.966 1.601 3.191 4688838 0 0 4408516 378052 4393150 380180 
 9.417 9.977 1.707 3.174 4731080 0 0 4408516 378052 4393150 380180 
 9.394 9.966 1.488 3.157 4773322 0 0 4408516 378052 4393150 380180 
 9.417 9.955 1.554 3.141 4815562 0 0 4408516 378052 4393150 380180 
 9.405 9.955 1.498 3.125 4857806 0 0 4875120 466604 4857808 464658 
 9.451 9.943 1.488 3.089 4900044 0 0 4875120 466604 4857808 464658 
 9.451 10.012 1.474 3.073 4942286 0 0 4875120 466604 4857808 464658 
 9.417 9.977 1.613 3.058 4984526 0 0 4875120 466604 4857808 464658 
 9.417 10.046 1.506 3.042 5026766 0 0 4875120 466604 4857808 464658 
 9.451 10.046 1.462 3.027 5069008 0 0 4875120 466604 4857808 464658 
 9.382 9.920 1.942 3.012 5111250 0 0 4875120 466604 4857808 464658 
 9.405 9.966 1.613 2.997 5153490 0 0 4875120 466604 4857808 464658 
 9.417 9.955 1.588 2.982 5195732 0 0 4875120 466604 4857808 464658 
 9.417 10.000 1.625 2.968 5237976 0 0 4875120 466604 4857808 464658 
 9.451 9.966 1.727 2.953 5280218 0 0 5297532 422412 5280220 422412 
 9.440 10.000 1.366 2.959 5322458 0 0 5297532 422412 5280220 422412 
 9.462 10.000 1.448 2.945 5364700 0 0 5297532 422412 5280220 422412 
 9.417 10.012 1.506 2.931 5406942 0 0 5297532 422412 5280220 422412 
 9.462 10.012 1.264 2.917 5449184 0 0 5297532 422412 5280220 422412 
 9.474 9.989 1.405 2.903 5491426 0 0 5297532 422412 5280220 422412 
 9.462 9.966 1.454 2.889 5533668 0 0 5297532 422412 5280220 422412 
 9.451 9.989 1.462 2.876 5575910 0 0 5297532 422412 5280220 422412 
 9.405 9.955 1.575 2.862 5618152 0 0 5297532 422412 5280220 422412 
 9.451 9.955 1.338 2.849 5660394 0 0 5297532 422412 5280220 422412 
 9.428 10.012 1.478 2.836 5702636 0 0 5720128 422596 5702640 422420 
 9.417 9.989 1.556 2.948 5744878 0 0 5720128 422596 5702640 422420 
 9.451 9.920 1.410 2.934 5787122 0 0 5720128 422596 5702640 422420 
 9.474 9.955 1.556 2.919 5829360 0 0 5720128 422596 5702640 422420 
 9.417 9.932 1.414 2.905 5871602 0 0 5720128 422596 5702640 422420 
 9.428 10.000 1.605 2.892 5913844 0 0 5720128 422596 5702640 422420 
 9.451 9.920 1.319 2.878 5956086 0 0 5720128 422596 5702640 422420 
 9.451 9.932 1.526 2.864 5998328 0 0 5720128 422596 5702640 422420 
 9.451 9.989 1.562 2.851 6040568 0 0 5720128 422596 5702640 422420 
 9.428 9.932 1.430 2.838 6082808 0 0 5720128 422596 5702640 422420 
 9.417 9.966 1.410 2.824 6125050 0 0 5720128 422596 5702640 422420 
 9.451 9.955 1.318 2.811 6167292 0 0 5720128 422596 5702640 422420 
 9.405 9.966 1.457 2.799 6209536 0 0 6227020 506892 6209538 506898 
 9.451 9.977 1.457 3.089 6251778 0 0 6227020 506892 6209538 506898 
 9.462 9.932 1.462 3.074 6294020 0 0 6227020 506892 6209538 506898 
 9.462 9.989 1.399 3.058 6336262 0 0 6227020 506892 6209538 506898 
 9.451 9.977 1.318 3.043 6378504 0 0 6227020 506892 6209538 506898 
 9.462 9.966 1.440 3.028 6420746 0 0 6227020 506892 6209538 506898 
 9.451 9.977 1.228 3.013 6462988 0 0 6227020 506892 6209538 506898 
 9.474 9.966 1.264 2.999 6505228 0 0 6227020 506892 6209538 506898 
 9.462 9.966 1.366 2.984 6547470 0 0 6227020 506892 6209538 506898 
 9.508 9.966 1.130 2.970 6589712 0 0 6227020 506892 6209538 506898 
 9.508 9.966 1.357 2.956 6631954 0 0 6227020 506892 6209538 506898 
 9.531 9.920 1.255 2.942 6674194 0 0 6227020 506892 6209538 506898 
 9.497 9.966 1.318 2.928 6716436 0 0 6227020 506892 6209538 506898 
 9.508 9.955 1.110 2.914 6758678 0 0 6227020 506892 6209538 506898 
 9.520 10.000 1.097 2.901 6800922 0 0 6227020 506892 6209538 506898 
 9.543 10.057 1.035 2.887 6843162 0 0 6860476 633456 6843164 633626 
 9.508 9.966 1.196 2.535 6885402 0 0 6860476 633456 6843164 633626 
 9.508 10.092 1.264 2.525 6927644 0 0 6860476 633456 6843164 633626 
 9.497 9.966 1.318 2.515 6969886 0 0 6860476 633456 6843164 633626 
 9.428 10.046 1.212 2.505 7012128 0 0 6860476 633456 6843164 633626 
 9.451 10.012 1.348 2.495 7054370 0 0 6860476 633456 6843164 633626 
 9.462 10.012 1.273 2.485 7096610 0 0 6860476 633456 6843164 633626 
 9.440 9.966 1.457 2.475 7138850 0 0 6860476 633456 6843164 633626 
 9.462 10.069 1.348 2.466 7181092 0 0 7198588 338112 7181094 337930 
 9.405 9.977 1.405 2.885 7223334 0 0 7198588 338112 7181094 337930 
 9.428 10.023 1.454 2.871 7265574 0 0 7198588 338112 7181094 337930 
 9.405 10.000 1.598 2.858 7307816 0 0 7198588 338112 7181094 337930 
 9.382 10.000 1.448 2.844 7350058 0 0 7198588 338112 7181094 337930 
 9.405 10.012 1.665 2.831 7392300 0 0 7198588 338112 7181094 337930 
 9.359 10.012 1.814 2.818 7434542 0 0 7198588 338112 7181094 337930 
 9.337 10.012 1.600 2.805 7476784 0 0 7198588 338112 7181094 337930 
 9.405 10.046 1.758 2.792 7519026 0 0 7536314 337726 7519030 337936 
 9.337 10.000 1.875 3.296 7561268 0 0 7536314 337726 7519030 337936 
 9.325 10.012 2.046 3.278 7603508 0 0 7536314 337726 7519030 337936 
 9.359 9.989 1.867 3.261 7645750 0 0 7536314 337726 7519030 337936 
 9.348 9.989 1.814 3.243 7687992 0 0 7536314 337726 7519030 337936 
 9.394 10.000 1.867 3.226 7730234 0 0 7536314 337726 7519030 337936 
 9.405 9.989 1.875 3.209 7772476 0 0 7536314 337726 7519030 337936 
 9.417 9.932 1.677 3.192 7814718 0 0 7536314 337726 7519030 337936 
 9.371 10.023 1.752 3.175 7856960 0 0 7536314 337726 7519030 337936 
 9.382 9.943 1.677 3.158 7899200 0 0 7536314 337726 7519030 337936 
 9.405 9.920 1.613 3.142 7941442 0 0 7536314 337726 7519030 337936 
 9.417 9.955 1.625 3.126 7983682 0 0 7536314 337726 7519030 337936 
 9.451 9.966 1.598 3.109 8025926 0 0 8043416 507102 8025928 506898 
 9.428 9.966 1.554 3.158 8068166 0 0 8043416 507102 8025928 506898 
 9.428 9.955 1.653 3.142 8110408 0 0 8043416 507102 8025928 506898 
 9.371 9.909 1.675 3.126 8152650 0 0 8043416 507102 8025928 506898 
 9.508 10.092 1.273 3.111 8194890 0 0 8043416 507102 8025928 506898 
 9.451 9.920 1.527 3.096 8237134 0 0 8043416 507102 8025928 506898 
 9.497 9.966 1.228 3.081 8279376 0 0 8043416 507102 8025928 506898 
 9.497 9.966 1.318 3.066 8321618 0 0 8043416 507102 8025928 506898 
 9.508 9.966 1.258 3.051 8363860 0 0 8043416 507102 8025928 506898 
 9.588 10.012 1.097 3.037 8406102 0 0 8043416 507102 8025928 506898 
 9.634 9.966 0.836 3.022 8448342 0 0 8043416 507102 8025928 506898 
 9.783 10.012 0.589 3.008 8490584 0 0 8043416 507102 8025928 506898 
 9.806 9.966 0.398 2.994 8532824 0 0 8043416 507102 8025928 506898 
 9.909 10.000 0.235 2.980 8575066 0 0 8043416 507102 8025928 506898 
 9.966 10.000 0.236 2.966 8617306 0 0 8043416 507102 8025928 506898 
 10.012 10.000 0.040 2.953 8659548 0 0 8677046 633630 8659552 633624 
 10.000 10.057 0.054 1.567 8701790 0 0 8677046 633630 8659552 633624 
 9.897 10.057 0.129 1.566 8744032 0 0 8677046 633630 8659552 633624 
 9.840 10.103 0.161 1.566 8786272 0 0 8677046 633630 8659552 633624 
 9.806 10.115 0.343 1.565 8828514 0 0 8677046 633630 8659552 633624 
 9.771 10.103 0.320 1.565 8870754 0 0 8677046 633630 8659552 633624 
 9.714 10.069 0.582 1.564 8912996 0 0 8677046 633630 8659552 633624 
 9.680 10.092 0.789 1.564 8955236 0 0 8677046 633630 8659552 633624 
 9.588 10.172 0.912 1.563 8997478 0 0 8677046 633630 8659552 633624 
 9.577 10.149 1.182 1.563 9039720 0 0 8677046 633630 8659552 633624 
 9.497 10.080 1.239 1.563 9081962 0 0 8677046 633630 8659552 633624 
 9.497 10.149 1.380 1.562 9124204 0 0 8677046 633630 8659552 633624 
 9.428 10.103 1.476 1.562 9166448 0 0 8677046 633630 8659552 633624 
 9.440 10.126 1.652 3.030 9208688 9209998 532952 8677046 633630 8659552 633624 
 9.382 10.057 1.696 3.016 9250932 9209998 532952 8677046 633630 8659552 633624 
 9.440 10.057 1.845 3.001 9293174 9209998 532952 9310462 100464 9293178 633626 
 9.314 10.080 1.868 3.305 9335416 9209998 532952 9310462 100464 9293178 633626 
 9.359 10.138 2.218 3.288 9377658 9209998 532952 9310462 100464 9293178 633626 
 9.325 10.092 2.245 3.270 9419900 9209998 532952 9310462 100464 9293178 633626 
 9.291 10.103 2.098 3.253 9462142 9209998 532952 9310462 100464 9293178 633626 
 9.291 10.023 2.259 3.235 9504384 9209998 532952 9310462 100464 9293178 633626 
 9.348 10.057 1.988 3.218 9546626 9209998 532952 9310462 100464 9293178 633626 
 9.279 10.046 2.197 3.201 9588868 9209998 532952 9310462 100464 9293178 633626 
 9.291 10.092 2.046 3.184 9631110 9209998 532952 9310462 100464 9293178 633626 
 9.302 10.023 2.222 3.168 9673354 9209998 532952 9690640 380178 9673356 380178 
 9.325 9.966 2.046 3.602 9715594 9209998 532952 9690640 380178 9673356 380178 
 9.325 9.966 1.937 3.581 9757836 9209998 532952 9690640 380178 9673356 380178 
 9.314 10.046 2.046 3.560 9800078 9209998 532952 9690640 380178 9673356 380178 
 9.348 10.012 2.042 3.540 9842320 9209998 532952 9690640 380178 9673356 380178 
 9.359 10.000 1.760 3.520 9884562 9209998 532952 9690640 380178 9673356 380178 
 9.348 10.012 2.289 3.500 9926804 9209998 532952 9690640 380178 9673356 380178 
 9.371 10.000 1.598 3.480 9969046 9209998 532952 9690640 380178 9673356 380178 
 9.371 9.989 1.657 3.461 10011288 9209998 532952 9690640 380178 9673356 380178 
 9.405 10.000 1.823 3.441 10053530 9209998 532952 9690640 380178 9673356 380178 
 9.417 9.966 1.555 3.422 10095772 9209998 532952 9690640 380178 9673356 380178 
 9.451 10.023 1.526 3.403 10138014 9209998 532952 9690640 380178 9673356 380178 
 9.405 9.966 1.657 3.385 10180256 9209998 532952 9690640 380178 9673356 380178 
 9.428 10.012 1.506 3.366 10222498 9209998 532952 9690640 380178 9673356 380178 
 9.451 10.012 1.410 3.348 10264742 9209998 532952 9690640 380178 9673356 380178 
 9.462 9.989 1.506 3.330 10306984 9209998 532952 10324274 633634 10306986 633630 
 9.428 10.000 1.555 3.159 10349226 9209998 532952 10324274 633634 10306986 633630 
 9.417 10.046 1.605 3.143 10391468 9209998 532952 10324274 633634 10306986 633630 
 9.462 9.989 1.656 3.127 10433710 9209998 532952 10324274 633634 10306986 633630 
 9.497 10.000 1.605 3.112 10475952 9209998 532952 10324274 633634 10306986 633630 
 9.462 10.012 1.462 3.096 10518194 9209998 532952 10324274 633634 10306986 633630 
