Thread[Thread-1,5,main] 5.709 5.114 322.431 332.099 0 0 0 17292 17292 20 20 
 6.991 5.194 284.458 314.630 42414 0 0 17292 17292 20 20 
 8.066 5.275 259.160 313.222 84506 0 0 17292 17292 20 20 
 9.268 5.458 243.642 312.107 126920 0 0 17292 17292 20 20 
 10.344 5.606 225.650 310.728 168990 0 0 17292 17292 20 20 
 11.373 5.812 214.908 309.635 211402 0 0 17292 17292 20 20 
 12.335 6.098 200.069 308.283 253478 0 0 17292 17292 20 20 
 13.296 6.384 196.192 307.212 295886 0 0 17292 17292 20 20 
 14.074 6.762 184.995 305.887 337962 0 0 17292 17292 20 20 
 14.898 7.071 188.913 304.837 380372 0 0 397470 380178 380374 380354 
 14.623 7.243 171.570 189.500 422424 0 0 397470 380178 380374 380354 
 14.623 8.318 171.570 189.500 464666 0 0 397470 380178 380374 380354 
 14.223 8.673 82.425 188.462 633634 0 0 397470 380178 380374 380354 
 14.177 8.925 76.706 187.427 675898 0 0 397470 380178 380374 380354 
 14.131 9.131 70.188 186.396 718138 0 0 397470 380178 380374 380354 
 14.074 9.417 62.508 185.368 760378 0 0 397470 380178 380374 380354 
 13.982 9.554 55.763 184.343 802600 0 0 397470 380178 380374 380354 
 13.937 9.726 53.137 183.321 844842 0 0 397470 380178 380374 380354 
 13.822 9.909 48.104 182.302 887082 0 0 397470 380178 887086 506712 
 13.399 10.069 39.317 181.287 929324 0 0 397470 380178 887086 506712 
 12.930 10.195 29.226 180.275 971566 0 0 397470 380178 887086 506712 
 12.518 10.389 21.228 179.267 1013808 0 0 397470 380178 887086 506712 
 12.060 10.458 15.743 178.261 1056050 0 0 397470 380178 887086 506712 
 11.648 10.664 11.642 177.259 1098292 0 0 397470 380178 887086 506712 
 11.282 10.607 8.231 176.261 1140534 0 0 397470 380178 887086 506712 
 10.870 10.687 5.760 175.265 1182776 0 0 397470 380178 887086 506712 
 10.515 10.744 5.096 174.273 1225018 0 0 397470 380178 887086 506712 
 10.160 10.653 4.888 173.285 1267260 0 0 397470 380178 887086 506712 
 9.817 10.733 5.746 172.299 1309504 0 0 397470 380178 887086 506712 
 9.474 10.664 5.898 171.317 1351772 0 0 397470 380178 887086 506712 
 9.176 10.733 8.792 170.339 1394014 0 0 397470 380178 887086 506712 
 8.913 10.687 8.308 169.364 1436230 0 0 397470 380178 887086 506712 
 8.639 10.572 9.969 168.392 1478472 0 0 397470 380178 887086 506712 
 8.364 10.572 12.669 167.424 1520716 0 0 1538134 1140664 1520718 633632 
 8.364 10.527 12.437 14.243 1562954 0 0 1538134 1140664 1520718 633632 
 8.353 10.504 12.189 14.142 1605196 0 0 1538134 1140664 1520718 633632 
 8.410 10.378 11.070 14.042 1647438 0 0 1538134 1140664 1520718 633632 
 8.398 10.378 10.554 13.943 1689680 0 0 1538134 1140664 1520718 633632 
 8.398 10.321 10.495 13.844 1731922 0 0 1538134 1140664 1520718 633632 
 8.444 10.241 9.952 13.746 1774164 0 0 1538134 1140664 1520718 633632 
 8.456 10.229 9.432 13.648 1816406 0 0 1538134 1140664 1520718 633632 
 8.467 10.183 8.931 13.552 1858648 0 0 1538134 1140664 1520718 633632 
 8.490 10.183 8.581 13.455 1900890 0 0 1538134 1140664 1520718 633632 
 8.536 10.126 8.322 13.360 1943132 0 0 1538134 1140664 1520718 633632 
 8.536 10.092 7.765 13.265 1985376 0 0 2002808 464674 1985378 464660 
 8.627 10.149 7.288 9.165 2027616 0 0 2002808 464674 1985378 464660 
 8.696 9.966 6.348 9.090 2069858 0 0 2002808 464674 1985378 464660 
 8.776 9.955 5.456 9.016 2112100 0 0 2002808 464674 1985378 464660 
 8.845 9.932 4.840 8.942 2154342 0 0 2002808 464674 1985378 464660 
 8.925 10.000 4.151 8.869 2196586 0 0 2002808 464674 1985378 464660 
 8.993 9.920 3.811 8.796 2238828 0 0 2002808 464674 1985378 464660 
 9.073 9.886 3.501 8.725 2281070 0 0 2002808 464674 1985378 464660 
 9.131 9.897 3.067 8.654 2323338 0 0 2002808 464674 1985378 464660 
 9.176 9.909 2.703 8.583 2365554 0 0 2002808 464674 1985378 464660 
 9.222 9.874 2.484 8.514 2407796 0 0 2002808 464674 1985378 464660 
 9.291 9.863 2.054 8.444 2450038 0 0 2002808 464674 1985378 464660 
 9.325 9.920 2.064 8.376 2492302 0 0 2002808 464674 1985378 464660 
 9.405 9.909 1.636 8.308 2534522 0 0 2002808 464674 1985378 464660 
 9.462 9.897 1.523 8.241 2576786 0 0 2002808 464674 1985378 464660 
 9.543 9.863 1.496 8.175 2619006 0 0 2636432 633624 2619036 633658 
 9.543 9.863 1.068 2.842 2661248 0 0 2636432 633624 2619036 633658 
 9.508 9.874 1.087 2.831 2703514 0 0 2636432 633624 2619036 633658 
 9.600 9.909 0.977 2.820 2745732 0 0 2636432 633624 2619036 633658 
 9.588 9.932 0.942 2.809 2787974 0 0 2636432 633624 2619036 633658 
 9.588 9.909 0.945 2.798 2830216 0 0 2636432 633624 2619036 633658 
 9.588 9.920 0.814 2.787 2872458 0 0 2636432 633624 2619036 633658 
 9.588 10.035 0.748 2.776 2914700 0 0 2636432 633624 2619036 633658 
 9.646 10.000 0.600 2.766 2956944 0 0 2636432 633624 2956946 337910 
 9.600 9.909 0.702 2.755 2999186 0 0 2636432 633624 2956946 337910 
 9.577 10.000 0.727 2.745 3041426 0 0 2636432 633624 2956946 337910 
 9.600 9.966 0.730 2.735 3083668 0 0 2636432 633624 2956946 337910 
 9.565 10.046 0.776 2.725 3125910 0 0 2636432 633624 2956946 337910 
 9.554 10.046 0.897 2.715 3168154 0 0 2636432 633624 2956946 337910 
 9.554 10.069 0.897 2.705 3210396 0 0 2636432 633624 2956946 337910 
 9.520 10.012 1.034 2.696 3252638 0 0 2636432 633624 2956946 337910 
 9.543 10.000 0.953 2.686 3294880 0 0 2636432 633624 2956946 337910 
 9.497 10.000 0.983 2.677 3337122 0 0 2636432 633624 2956946 337910 
 9.497 10.046 1.083 2.667 3379364 0 0 2636432 633624 2956946 337910 
 9.451 10.000 1.034 2.658 3421606 0 0 2636432 633624 2956946 337910 
 9.508 10.012 1.076 2.649 3463848 0 0 3481324 844892 3463852 506906 
 9.462 9.966 1.035 2.662 3506090 0 0 3481324 844892 3463852 506906 
 9.462 10.012 1.158 2.651 3548332 0 0 3481324 844892 3463852 506906 
 9.451 10.046 1.210 2.639 3590574 0 0 3481324 844892 3463852 506906 
 9.497 10.046 1.087 2.628 3632816 0 0 3481324 844892 3463852 506906 
 9.474 10.057 1.076 2.617 3675058 0 0 3481324 844892 3463852 506906 
 9.497 10.057 1.034 2.606 3717300 0 0 3481324 844892 3463852 506906 
 9.462 10.057 1.121 2.595 3759542 0 0 3481324 844892 3463852 506906 
 9.462 10.057 1.087 2.584 3801786 0 0 3481324 844892 3801788 337936 
 9.462 10.057 1.165 2.574 3844026 0 0 3481324 844892 3801788 337936 
 9.428 10.069 1.366 2.563 3886268 0 0 3481324 844892 3801788 337936 
 9.359 10.000 1.654 2.553 4055238 0 0 3481324 844892 3801788 337936 
 9.371 10.012 1.607 2.542 4097480 0 0 3481324 844892 3801788 337936 
 9.348 10.080 1.628 2.532 4139722 0 0 3481324 844892 4139724 337936 
 9.371 10.012 1.654 2.522 4181964 0 0 3481324 844892 4139724 337936 
 9.382 10.046 1.454 2.512 4224206 0 0 3481324 844892 4139724 337936 
 9.325 10.046 1.764 2.502 4266448 0 0 3481324 844892 4139724 337936 
 9.302 10.046 1.873 2.492 4308690 0 0 3481324 844892 4139724 337936 
 9.314 10.000 1.869 2.482 4350932 0 0 3481324 844892 4139724 337936 
 9.325 10.057 1.759 2.473 4393174 0 0 3481324 844892 4139724 337936 
 9.291 10.000 2.101 2.463 4435416 0 0 3481324 844892 4139724 337936 
 9.314 10.023 1.718 2.454 4477658 0 0 4495122 1013798 4477662 337938 
 9.314 10.012 1.819 3.364 4519900 0 0 4495122 1013798 4477662 337938 
 9.314 9.943 1.819 3.345 4562142 0 0 4495122 1013798 4477662 337938 
 9.394 10.080 1.605 3.327 4604384 0 0 4495122 1013798 4477662 337938 
 9.359 9.966 1.650 3.309 4646626 0 0 4495122 1013798 4477662 337938 
 9.394 10.012 1.462 3.291 4688868 0 0 4495122 1013798 4477662 337938 
 9.394 9.966 1.506 3.273 4731110 0 0 4495122 1013798 4477662 337938 
 9.382 10.000 1.562 3.256 4773352 0 0 4495122 1013798 4477662 337938 
 9.405 10.000 1.657 3.238 4815594 0 0 4495122 1013798 4477662 337938 
 9.440 9.966 1.366 3.221 4857836 0 0 4495122 1013798 4477662 337938 
 9.451 9.977 1.273 3.204 4900078 0 0 4495122 1013798 4477662 337938 
 9.462 9.989 1.228 3.187 4942320 0 0 4495122 1013798 4477662 337938 
 9.451 9.955 1.218 3.171 4984564 0 0 5002046 506924 4984566 506904 
 9.462 9.920 1.318 2.781 5026806 0 0 5002046 506924 4984566 506904 
 9.462 10.012 1.218 2.769 5069048 0 0 5002046 506924 4984566 506904 
 9.520 10.092 0.953 2.757 5111290 0 0 5002046 506924 4984566 506904 
 9.497 9.966 1.097 2.745 5153532 0 0 5002046 506924 4984566 506904 
 9.497 9.955 1.046 2.733 5195774 0 0 5002046 506924 4984566 506904 
 9.462 9.932 1.165 2.721 5238016 0 0 5002046 506924 4984566 506904 
 9.451 10.057 1.183 2.710 5280258 0 0 5002046 506924 4984566 506904 
 9.508 10.012 1.249 2.698 5322500 0 0 5339966 337920 5322504 337938 
 9.497 10.023 0.952 2.482 5364742 0 0 5339966 337920 5322504 337938 
 9.451 10.023 1.101 2.473 5406984 0 0 5339966 337920 5322504 337938 
 9.428 10.012 1.399 2.463 5449226 0 0 5339966 337920 5322504 337938 
 9.405 9.966 1.304 2.453 5491468 0 0 5339966 337920 5322504 337938 
 9.440 10.046 1.152 2.444 5533710 0 0 5339966 337920 5322504 337938 
 9.451 10.012 1.208 2.435 5575952 0 0 5339966 337920 5322504 337938 
 9.417 10.092 1.462 2.425 5618194 0 0 5339966 337920 5322504 337938 
 9.405 10.000 1.425 2.416 5660438 0 0 5677914 337948 5660440 337936 
 9.405 10.046 1.562 2.900 5702678 0 0 5677914 337948 5660440 337936 
 9.371 9.989 1.414 2.886 5744920 0 0 5677914 337948 5660440 337936 
 9.451 10.023 1.270 2.872 5787162 0 0 5677914 337948 5660440 337936 
 9.440 9.966 1.399 2.859 5829404 0 0 5677914 337948 5660440 337936 
 9.417 10.057 1.264 2.845 5871646 0 0 5677914 337948 5660440 337936 
 9.451 10.012 1.405 2.832 5913888 0 0 5677914 337948 5660440 337936 
 9.405 10.000 1.258 2.819 5956130 0 0 5677914 337948 5660440 337936 
 9.440 10.046 1.273 2.806 5998374 0 0 5677914 337948 5660440 337936 
 9.325 10.046 1.462 2.793 6040616 0 0 6058098 380184 6040620 380180 
 9.474 10.000 1.454 3.141 6082858 0 0 6058098 380184 6040620 380180 
 9.462 10.012 1.264 3.125 6125100 0 0 6058098 380184 6040620 380180 
 9.451 10.012 1.208 3.109 6167342 0 0 6058098 380184 6040620 380180 
 9.462 10.092 1.256 3.093 6209584 0 0 6058098 380184 6040620 380180 
 9.462 9.977 1.078 3.077 6251826 0 0 6058098 380184 6040620 380180 
 9.462 10.023 1.081 3.061 6294068 0 0 6058098 380184 6040620 380180 
 9.451 10.000 1.235 3.046 6336310 0 0 6058098 380184 6040620 380180 
 9.497 10.046 0.992 3.030 6378552 0 0 6058098 380184 6040620 380180 
 9.462 10.046 1.035 3.015 6420794 0 0 6058098 380184 6040620 380180 
 9.462 10.046 1.208 3.000 6463036 0 0 6058098 380184 6463040 422420 
 9.497 10.046 0.913 2.985 6505278 0 0 6058098 380184 6463040 422420 
 9.497 10.000 1.097 2.971 6547520 0 0 6058098 380184 6463040 422420 
 9.462 10.012 1.210 2.956 6589762 0 0 6058098 380184 6463040 422420 
 9.451 10.069 1.295 2.942 6632004 0 0 6058098 380184 6463040 422420 
 9.405 10.046 1.310 2.928 6674246 0 0 6058098 380184 6463040 422420 
 9.440 9.977 1.273 2.914 6716488 0 0 6058098 380184 6463040 422420 
 9.417 9.989 1.448 2.900 6758730 0 0 6058098 380184 6463040 422420 
 9.405 10.012 1.357 2.886 6800974 0 0 6818440 760342 6800976 337936 
 9.405 10.012 1.396 2.948 6843214 0 0 6818440 760342 6800976 337936 
 9.440 10.012 1.399 2.934 6885458 0 0 6818440 760342 6800976 337936 
 9.440 10.057 1.376 2.919 6927698 0 0 6818440 760342 6800976 337936 
 9.440 9.977 1.396 2.905 6969940 0 0 6818440 760342 6800976 337936 
 9.462 10.000 1.258 2.892 7012184 0 0 6818440 760342 6800976 337936 
 9.371 9.966 1.414 2.878 7054424 0 0 6818440 760342 6800976 337936 
 9.462 10.012 1.254 2.864 7096666 0 0 6818440 760342 6800976 337936 
 9.428 10.000 1.218 2.851 7138908 0 0 6818440 760342 6800976 337936 
 9.451 10.057 1.212 2.838 7181150 0 0 7198616 380176 7181154 380178 
 9.359 9.989 1.300 2.744 7223392 0 0 7198616 380176 7181154 380178 
 9.382 10.023 1.425 2.731 7265634 0 0 7198616 380176 7181154 380178 
 9.417 10.000 1.405 2.719 7307876 0 0 7198616 380176 7181154 380178 
 9.382 10.012 1.405 2.707 7350118 0 0 7198616 380176 7181154 380178 
 9.382 10.057 1.405 2.695 7392360 0 0 7198616 380176 7181154 380178 
 9.382 10.046 1.650 2.683 7434602 0 0 7198616 380176 7181154 380178 
 9.337 10.000 1.605 2.672 7476844 0 0 7198616 380176 7181154 380178 
 9.337 10.035 1.605 2.660 7519088 0 0 7536578 337962 7519090 337936 
 9.348 10.000 1.657 3.141 7561328 0 0 7536578 337962 7519090 337936 
 9.382 10.046 1.613 3.125 7603570 0 0 7536578 337962 7519090 337936 
 9.405 10.000 1.454 3.109 7645812 0 0 7536578 337962 7519090 337936 
 9.405 10.000 1.448 3.093 7688054 0 0 7536578 337962 7519090 337936 
 9.394 9.989 1.454 3.077 7730296 0 0 7536578 337962 7519090 337936 
 9.359 9.977 1.498 3.061 7772538 0 0 7536578 337962 7519090 337936 
 9.359 10.000 1.454 3.046 7814780 0 0 7536578 337962 7519090 337936 
 9.417 9.920 1.366 3.030 7857022 0 0 7536578 337962 7519090 337936 
 9.417 10.000 1.405 3.015 7899264 0 0 7536578 337962 7519090 337936 
 9.405 10.023 1.457 3.000 7941508 0 0 7958972 422394 7941510 422420 
 9.451 10.012 1.454 3.011 7983750 0 0 7958972 422394 7941510 422420 
 9.451 10.012 1.264 2.997 8025992 0 0 7958972 422394 7941510 422420 
 9.451 10.000 1.474 2.982 8068234 0 0 7958972 422394 7941510 422420 
 9.451 9.943 1.218 2.968 8110476 0 0 7958972 422394 7941510 422420 
 9.451 9.955 1.174 2.954 8152718 0 0 7958972 422394 7941510 422420 
 9.497 10.000 1.318 2.940 8194960 0 0 7958972 422394 7941510 422420 
 9.485 10.012 1.040 2.926 8237202 0 0 7958972 422394 7941510 422420 
 9.497 10.000 1.249 2.913 8279444 0 0 7958972 422394 7941510 422420 
 9.554 10.092 0.953 2.899 8321686 0 0 7958972 422394 7941510 422420 
 9.543 10.035 0.835 2.886 8363928 0 0 7958972 422394 7941510 422420 
 9.554 10.057 0.935 2.873 8406170 0 0 7958972 422394 8406174 464664 
 9.554 10.046 0.798 2.860 8448412 0 0 7958972 422394 8406174 464664 
 9.508 10.035 0.953 2.847 8490654 0 0 7958972 422394 8406174 464664 
 9.508 9.989 0.992 2.834 8532896 0 0 7958972 422394 8406174 464664 
 9.497 10.046 0.912 2.821 8575138 0 0 7958972 422394 8406174 464664 
 9.497 10.023 1.229 2.809 8617382 0 0 7958972 422394 8406174 464664 
 9.451 10.000 1.076 2.797 8659622 0 0 7958972 422394 8406174 464664 
 9.462 10.023 1.209 2.784 8701864 0 0 7958972 422394 8406174 464664 
 9.428 10.057 1.078 2.772 8744106 0 0 7958972 422394 8406174 464664 
 9.417 10.057 1.189 2.760 8786350 0 0 8801720 842748 8786352 380178 
 9.394 9.977 1.445 3.057 8828590 0 0 8801720 842748 8786352 380178 
 9.417 10.057 1.405 3.043 8870832 0 0 8801720 842748 8786352 380178 
 9.359 10.012 1.783 3.030 8913074 0 0 8801720 842748 8786352 380178 
 9.268 10.000 1.827 3.016 8955318 0 0 8801720 842748 8786352 380178 
 9.314 10.012 1.851 3.003 8997560 0 0 8801720 842748 8786352 380178 
 9.268 9.955 2.223 2.990 9039802 0 0 8801720 842748 8786352 380178 
 9.257 10.046 2.170 2.977 9082044 0 0 8801720 842748 8786352 380178 
 9.279 9.966 2.304 2.963 9124286 0 0 9139656 337936 9124290 337938 
 9.268 10.012 2.077 3.749 9166526 0 0 9139656 337936 9124290 337938 
 9.314 10.069 2.046 3.727 9208770 0 0 9139656 337936 9124290 337938 
 9.325 10.000 1.827 3.705 9251012 0 0 9139656 337936 9124290 337938 
 9.325 10.023 1.983 3.683 9293254 0 0 9139656 337936 9124290 337938 
 9.417 10.000 1.605 3.662 9335496 0 0 9139656 337936 9124290 337938 
 9.417 10.012 1.357 3.641 9377738 0 0 9139656 337936 9124290 337938 
 9.440 10.000 1.457 3.620 9419980 0 0 9139656 337936 9124290 337938 
 9.462 10.000 1.097 3.599 9462222 0 0 9139656 337936 9124290 337938 
 9.440 9.989 1.488 3.578 9504464 0 0 9139656 337936 9124290 337938 
 9.531 10.000 1.087 3.558 9546706 0 0 9139656 337936 9124290 337938 
 9.508 9.977 1.055 3.538 9588948 0 0 9139656 337936 9124290 337938 
 9.543 9.989 1.022 3.518 9631190 0 0 9139656 337936 9124290 337938 
 9.543 9.989 0.886 3.499 9673432 0 0 9139656 337936 9124290 337938 
 9.646 9.966 0.609 3.479 9715674 0 0 9139656 337936 9124290 337938 
 9.611 10.000 0.691 3.460 9757918 0 0 9139656 337936 9757920 633630 
 9.543 9.977 0.726 3.441 9800158 0 0 9139656 337936 9757920 633630 
 9.600 10.000 0.810 3.422 9842402 0 0 9139656 337936 9757920 633630 
 9.565 10.000 0.776 3.404 9884642 0 0 9139656 337936 9757920 633630 
 9.520 10.012 0.812 3.385 9926886 0 0 9139656 337936 9757920 633630 
 9.543 10.057 0.935 3.367 9969128 0 0 9139656 337936 9757920 633630 
 9.543 10.000 0.909 3.349 10011370 0 0 9139656 337936 9757920 633630 
 9.520 10.046 0.886 3.331 10053612 0 0 9139656 337936 9757920 633630 
 9.508 10.023 1.006 3.314 10095854 0 0 9139656 337936 9757920 633630 
 9.520 10.046 1.129 3.296 10138096 0 0 9139656 337936 9757920 633630 
 9.485 10.057 1.448 3.279 10180340 0 0 10197804 1058148 10180342 422422 
 9.462 10.103 1.081 2.698 10222580 0 0 10197804 1058148 10180342 422422 
 9.462 10.092 1.006 2.686 10264822 0 0 10197804 1058148 10180342 422422 
 9.462 10.046 1.210 2.675 10307064 0 0 10197804 1058148 10180342 422422 
 9.428 10.046 1.210 2.663 10349306 0 0 10197804 1058148 10180342 422422 
 9.451 10.046 1.218 2.652 10391548 0 0 10197804 1058148 10180342 422422 
 9.417 10.057 1.342 2.640 10433790 0 0 10197804 1058148 10180342 422422 
 9.417 10.000 1.425 2.629 10476032 0 0 10197804 1058148 10180342 422422 
 9.348 10.057 1.405 2.618 10518276 0 0 10535590 337786 10518278 337936 
