Thread[Thread-1,5,main]1 1 352 842
3 2 1270 86258
4 3 426 127664
5 4 960 170448
6 5 352 212092
7 6 1534 255524
8 7 1468 297706
9 8 406 338894
10 9 446 381184
11 10 496 423484
12 11 474 465712
13 12 1512 509002
14 13 2610 552350
15 14 2584 594572
16 15 406 634644
17 16 1158 677646
18 17 386 719124
19 18 1612 762600
20 19 360 803598
21 20 1678 847166
22 21 1070 888810
23 22 486 930474
24 23 494 972732
25 24 416 1014904
26 25 1632 1227330
27 26 1212 1438120
28 27 774 1648892
29 28 1278 1860606
30 29 1294 2071832
31 30 486 2282234
32 31 366 2493324
33 32 386 2704554
34 33 1936 2917314
35 34 566 3127154
36 35 1406 3339204
37 36 896 3549904
38 37 1934 3762152
39 38 744 3972172
40 39 776 4183414
41 40 466 4225354
42 41 594 4267732
43 42 926 4310314
44 43 776 4352414
45 44 626 4394516
46 45 806 4436944
47 46 768 4479156
48 47 384 4521024
49 48 1044 4563932
50 49 1958 4607096
51 50 466 4647854
52 51 426 4690064
53 52 1382 4733270
54 53 476 4774614
55 54 1104 4817492
56 55 1648 4860286
57 56 674 4901562
58 57 1228 4944366
59 58 818 4986206
60 59 864 5028502
61 60 486 5070374
62 61 412 5112550
63 62 366 5154754
64 63 486 5197124
65 64 406 5239294
66 65 942 5451042
67 66 366 5661674
68 67 374 5872894
69 68 386 6084114
70 69 386 6295326
71 70 366 6506514
72 71 746 6718104
73 72 386 6928954
74 73 576 7140354
75 74 796 7351784
76 75 376 7562574
77 76 796 7774204
78 77 554 7985172
79 78 406 8027274
80 79 726 8069844
81 80 806 8112174
82 81 406 8154024
83 82 796 8196664
84 83 734 8238852
85 84 846 8281214
86 85 886 8323504
87 86 1104 8365972
88 87 1382 8408500
89 88 406 8449774
90 89 1254 8492872
91 90 786 8534654
92 91 1182 8577300
93 92 1832 8620200
94 93 764 8661382
95 94 366 8703234
96 95 850 8745968
97 96 426 8787794
98 97 646 8830264
99 98 1414 8873282
100 99 1814 8915932
101 100 726 8957094
102 101 886 8999504
103 102 366 9041234
