Thread[Thread-1,5,main]1 1 374 862
2 2 454 43192
3 3 804 85792
4 4 406 127644
5 5 1490 170978
6 6 444 212182
7 7 454 254444
8 8 472 296710
9 9 938 339426
10 10 954 381694
11 11 1098 424088
12 12 1060 466300
13 13 474 507962
14 14 1068 550806
15 15 386 592374
16 16 450 634690
17 17 476 676964
18 18 484 719222
19 19 612 761602
20 20 496 803734
21 21 454 845944
22 22 782 888520
23 23 354 930342
24 24 1214 973452
25 25 406 1014894
26 26 472 1226170
27 27 406 1437314
28 28 454 1648572
29 29 466 1859794
30 30 412 2070952
31 31 496 2282244
32 32 908 2493868
33 33 1256 2705426
34 34 926 2916306
35 35 416 3127004
36 36 396 3338194
37 37 354 3549362
38 38 494 3760714
39 39 352 3971782
40 40 1136 4183774
41 41 484 4225374
42 42 544 4267682
43 43 546 4309936
44 44 466 4352104
45 45 796 4394684
46 46 572 4436712
47 47 1414 4479804
48 48 1274 4521914
49 49 564 4563454
50 50 636 4605774
51 51 1072 4648460
52 52 746 4690384
53 53 496 4732384
54 54 692 4774832
55 55 396 4816786
56 56 364 4859004
57 57 506 4901394
58 58 674 4943812
59 59 556 4985946
60 60 486 5028124
61 61 736 5070624
62 62 3108 5115248
63 63 1002 5155390
64 64 414 5197054
65 65 354 5239242
66 66 1366 5451464
67 67 374 5661684
68 68 586 5873104
69 69 526 6084254
70 70 996 6295934
71 71 406 6506554
72 72 386 6717744
73 73 756 6929324
74 74 426 7140204
75 75 614 7351602
76 76 1392 7563592
77 77 1114 7774522
78 78 406 7985024
79 79 1286 8028154
80 80 386 8069504
81 81 678 8112048
82 82 444 8154064
83 83 426 8196294
84 84 464 8238584
85 85 372 8280740
86 86 406 8323024
87 87 476 8365344
88 88 352 8407472
89 89 594 8449964
90 90 372 8491990
91 91 600 8534468
92 92 364 8576484
93 93 1106 8619474
94 94 806 8661424
95 95 1128 8703998
96 96 406 8745524
97 97 384 8787752
98 98 404 8830024
99 99 464 8872334
100 100 816 8914934
101 101 856 8957224
102 102 494 8999114
Thread[Thread-1,5,main]