Thread[Thread-1,5,main]1 1 364 1436
2 2 41826 85148
3 3 1440 87012
4 4 964 128788
6 5 1424 213748
7 6 426 254998
8 7 714 297536
9 8 386 339458
10 9 1162 382486
11 10 732 424304
12 11 464 466286
13 12 690 508762
14 13 1494 551816
15 14 644 593216
16 15 404 635226
17 16 1184 678256
18 17 472 719796
19 18 364 761938
20 19 362 804186
21 20 426 846498
22 21 394 888716
23 22 436 931008
24 23 424 973246
25 24 1014 1016086
26 25 450 1226734
27 26 930 1438422
28 27 670 1649374
29 28 514 1860428
30 29 436 2071558
31 30 466 2282798
32 31 666 2494208
33 32 484 2705238
34 33 514 2916476
35 34 444 3127618
36 35 472 3338854
37 36 760 3550354
38 37 362 3761166
39 38 672 3972684
40 39 352 4183576
41 40 406 4225878
42 41 962 4268684
43 42 646 4310618
44 43 482 4352706
45 44 352 4394826
46 45 470 4437192
47 46 646 4479618
48 47 422 4521646
49 48 754 4564226
50 49 384 4606106
51 50 1194 4649168
52 51 1020 4691242
53 52 486 4732958
54 53 782 4775506
55 54 692 4817666
56 55 364 4859586
57 56 656 4902128
58 57 462 4944186
59 58 446 4986418
60 59 352 5028576
61 60 354 5070826
62 61 382 5113106
63 62 446 5155418
64 63 472 5197694
65 64 682 5240154
66 65 1172 5451856
67 66 426 5662318
68 67 352 5873456
69 68 536 6084848
70 69 640 6296162
71 70 820 6507554
72 71 644 6718586
73 72 416 6929568
74 73 1136 7141498
75 74 406 7351978
76 75 354 7563136
77 76 484 7774478
78 77 406 7985608
79 78 826 8028278
80 79 424 8070128
81 80 458 8112410
82 81 1180 8155384
83 82 386 8196838
84 83 364 8239068
85 84 386 8281338
86 85 406 8323608
87 86 376 8365828
88 87 516 8408218
89 88 684 8450636
90 89 482 8492686
91 90 386 8534838
92 91 404 8577106
93 92 446 8619398
94 93 614 8661816
95 94 406 8703858
96 95 464 8746166
97 96 466 8788418
98 97 426 8830628
99 98 506 8872958
100 99 436 8915138
101 100 902 8957856
102 101 426 8999628
103 102 386 9041838
