nullThread[Thread-1,5,main]1 1 41954 42766
2 2 456 43560
3 3 434 85746
4 4 652 128216
5 5 976 170788
6 6 906 212968
7 7 424 254736
8 8 1212 297774
9 9 1064 339876
10 10 532 381594
11 11 442 423756
12 12 498 466060
13 13 402 508216
14 14 426 550488
15 15 486 592798
16 16 482 635044
17 17 482 677296
18 18 494 719556
19 19 1234 762546
20 20 474 804038
21 21 1462 847276
22 22 954 889018
23 23 926 931240
24 24 402 972966
25 25 652 1015466
26 26 392 1226416
27 27 482 1437716
28 28 712 1649156
29 29 444 1860096
30 30 364 2071226
31 31 850 2282924
32 32 494 2493778
33 33 352 2704846
34 34 366 2916068
35 35 354 3127266
36 36 364 3338488
37 37 354 3549686
38 38 446 3760988
39 39 382 3972136
40 40 424 4183388
41 41 404 4225616
42 42 426 4267888
43 43 484 4310196
44 44 354 4352316
45 45 738 4394952
46 46 366 4436828
47 47 482 4479196
48 48 366 4521328
49 49 362 4563576
50 50 426 4605888
51 51 482 4648196
52 52 464 4690428
53 53 716 4732928
54 54 446 4774908
55 55 484 4817198
56 56 396 4859358
57 57 362 4901576
58 58 554 4944016
59 59 752 4986466
60 60 486 5028448
61 61 364 5070578
62 62 444 5112906
63 63 484 5155198
64 64 406 5197368
65 65 466 5239678
66 66 466 5450888
67 67 462 5662096
68 68 446 5873288
69 69 484 6084536
70 70 364 6295628
71 71 424 6506898
72 72 464 6718146
73 73 364 6929286
74 74 424 7140590
75 75 424 7351832
76 76 524 7563092
77 77 560 7774360
78 78 534 7985538
79 79 488 8196706
80 80 820 8239290
81 81 580 8281298
82 82 572 8323550
83 83 652 8365880
84 84 578 8408050
85 85 612 8450340
86 86 568 8492540
87 87 1138 8535360
88 88 726 8577198
89 89 672 8619398
90 90 820 8661796
91 91 488 8703716
92 92 482 8745968
93 93 612 8788346
94 94 566 8830548
95 95 598 8872838
96 96 482 8914966
97 97 1040 8957774
98 98 1166 9000154
99 99 578 9041818
100 100 778 9084274
101 101 602 9295304
102 102 900 9506822
