Thread[Thread-1,5,main] 4.634 4.966 0 0 0 0 0 0 0  5.033 0 
 5.755 5.080 42254 0 0 0 0 42254 42254  9.953 0 
 7.071 5.137 84510 0 0 0 0 84510 42256  14.815 0 
 8.341 5.286 126766 0 0 0 0 126766 42256  19.529 0 
 9.554 5.526 169020 0 0 0 0 169020 42254  24.002 0 
 10.641 5.721 211276 0 0 0 0 211276 42256  28.281 0 
 11.671 6.030 253532 0 0 0 0 253532 42256  32.251 0 
 12.621 6.304 295788 0 0 0 0 295788 42256  35.946 0 
 13.731 6.625 338042 0 0 0 0 338042 42254  39.321 0 
 14.577 7.037 380294 0 0 0 0 380294 42252  42.283 0 
 15.538 7.426 422550 0 0 0 0 422550 42256  44.857 0 
 15.413 7.620 464804 0 0 439800 439800 464804 42254  47.236 1 
 15.138 7.941 507058 0 0 439800 439800 507058 42254  49.295 1 
 14.715 8.192 549312 0 0 439800 439800 549312 42254  51.102 1 
 14.486 8.524 591568 0 0 439800 439800 591568 42256  52.578 1 
 14.211 8.764 633820 0 0 439800 439800 633820 42252  53.813 1 
 13.948 9.005 676074 0 0 439800 439800 676074 42254  54.807 1 
 13.685 9.245 718328 0 0 439800 439800 718328 42254  55.562 1 
 13.456 9.497 760582 0 0 439800 439800 760582 42254  56.065 1 
 13.227 9.680 802834 0 0 439800 439800 802834 42252  56.384 1 
 12.987 9.920 845088 0 0 439800 439800 845088 42254  56.464 1 
 12.758 10.103 887342 0 0 439800 439800 887342 42254  56.567 1 
 12.529 10.195 929596 0 0 439800 439800 929596 42254  56.763 1 
 12.335 10.355 971850 0 0 439800 439800 971850 42254  57.118 1 
 12.129 10.469 1014104 0 0 439800 439800 1014104 42254  57.588 1 
 11.934 10.595 1056360 0 0 439800 439800 1056360 42256  58.184 1 
 11.602 10.675 1098612 0 0 1073608 633808 1098612 42252  58.860 2 
 11.122 10.698 1140866 0 0 1073608 633808 1140866 42254  59.558 2 
 10.653 10.836 1183120 0 0 1073608 633808 1183120 42254  60.395 2 
 10.229 10.893 1225376 0 0 1073608 633808 1225376 42256  61.288 2 
 9.771 10.893 1267630 0 0 1073608 633808 1267630 42254  62.181 2 
 9.371 10.927 1309884 0 0 1073608 633808 1309884 42254  63.109 2 
 9.005 10.881 1352142 0 0 1073608 633808 1352142 42258  63.991 2 
 8.627 10.870 1394396 0 0 1073608 633808 1394396 42254  64.861 2 
 8.364 10.824 1436652 0 0 1411646 338038 1436652 42256  65.686 3 
 8.227 10.790 1478906 0 0 1411646 338038 1478906 42254  66.476 3 
 8.078 10.744 1521162 0 0 1496156 84510 1521162 42256  67.221 4 
 7.986 10.710 1563418 0 0 1496156 84510 1563418 42256  67.931 4 
 7.906 10.641 1605672 0 0 1580668 84512 1605672 42254  68.572 5 
 7.861 10.607 1647926 0 0 1580668 84512 1647926 42254  69.180 5 
 7.849 10.515 1690180 0 0 1665176 84508 1690180 42254  69.695 6 
 7.803 10.458 1732434 0 0 1665176 84508 1732434 42254  70.154 6 
 7.803 10.458 1774690 0 0 1665176 84508 1774690 42256  70.612 6 
 7.803 10.332 1816944 0 0 1791940 126764 1816944 42254  70.945 7 
 7.758 10.332 1859198 0 0 1791940 126764 1859198 42254  71.277 7 
 7.769 10.286 1901452 0 0 1791940 126764 1901452 42254  71.564 7 
 7.803 10.275 1943708 0 0 1918702 126762 1943708 42256  71.840 8 
 7.849 10.183 1985964 0 0 1918702 126762 1985964 42256  72.024 8 
 7.895 10.183 2028220 0 0 1918702 126762 2028220 42256  72.207 8 
 7.895 10.115 2070474 0 0 1918702 126762 2070474 42254  72.323 8 
 7.952 10.183 2112728 0 0 2087724 169022 2112728 42254  72.506 9 
 8.009 10.057 2154982 0 0 2087724 169022 2154982 42254  72.564 9 
 8.066 10.046 2197236 0 0 2087724 169022 2197236 42254  72.611 9 
 8.089 10.035 2239490 0 0 2087724 169022 2239490 42254  72.646 9 
 8.147 10.000 2281744 0 0 2087724 169022 2281744 42254  72.647 9 
 8.215 9.966 2323996 0 0 2087724 169022 2323996 42252  72.680 9 
 8.227 9.977 2366252 0 0 2087724 169022 2366252 42256  72.703 9 
 8.261 9.966 2408506 0 0 2383502 295778 2408506 42254  72.736 10 
 8.353 9.943 2450760 0 0 2383502 295778 2450760 42254  72.793 10 
 8.364 9.977 2493012 0 0 2383502 295778 2493012 42252  72.815 10 
 8.456 9.943 2535268 0 0 2383502 295778 2535268 42256  72.871 10 
 8.456 9.920 2577526 0 0 2383502 295778 2577526 42258  72.950 10 
 8.467 9.886 2619778 0 0 2383502 295778 2619778 42252  73.064 10 
 8.536 9.932 2662034 0 0 2383502 295778 2662034 42256  73.132 10 
 8.536 9.920 2704288 0 0 2383502 295778 2704288 42254  73.211 10 
 8.581 9.909 2746542 0 0 2383502 295778 2746542 42254  73.302 10 
 8.639 9.920 2788796 0 0 2383502 295778 2788796 42254  73.381 10 
 8.673 9.874 2831050 0 0 2383502 295778 2831050 42254  73.506 10 
 8.639 9.920 2873304 0 0 2383502 295778 2873304 42254  73.586 10 
 8.684 9.955 2915558 0 0 2383502 295778 2915558 42254  73.631 10 
 8.742 9.897 2957812 0 0 2383502 295778 2957812 42254  73.733 10 
 8.764 9.955 3000068 0 0 2383502 295778 3000068 42256  73.778 10 
 8.753 9.920 3042324 0 0 3017318 633816 3042324 42256  73.857 11 
 8.719 9.977 3084578 0 0 3017318 633816 3084578 42254  73.879 11 
 8.730 9.955 3126832 0 0 3017318 633816 3126832 42254  73.924 11 
 8.719 9.932 3169086 0 0 3017318 633816 3169086 42254  73.992 11 
 8.707 9.955 3211340 0 0 3017318 633816 3211340 42254  74.037 11 
 8.730 10.000 3253594 0 0 3017318 633816 3253594 42254  74.038 11 
 8.696 9.955 3295848 0 0 3017318 633816 3295848 42254  74.083 11 
 8.650 9.955 3338102 0 0 3017318 633816 3338102 42254  74.128 11 
 8.662 10.000 3380356 0 0 3355352 338034 3380356 42254  74.129 12 
 8.684 9.932 3422610 0 0 3355352 338034 3422610 42254  74.197 12 
 8.673 9.966 3464864 0 0 3355352 338034 3464864 42254  74.230 12 
 8.719 9.955 3507116 0 0 3355352 338034 3507116 42252  74.275 12 
 8.673 9.955 3549370 0 0 3355352 338034 3549370 42254  74.320 12 
 8.673 9.989 3591624 0 0 3355352 338034 3591624 42254  74.331 12 
 8.719 10.000 3633880 0 0 3355352 338034 3633880 42256  74.332 12 
 8.684 9.955 3676136 0 0 3355352 338034 3676136 42256  74.377 12 
 8.684 10.012 3718390 0 0 3355352 338034 3718390 42254  74.389 12 
 8.684 9.966 3760646 0 0 3355352 338034 3760646 42256  74.422 12 
 8.684 9.966 3802902 0 0 3355352 338034 3802902 42256  74.456 12 
 8.719 9.989 3845156 0 0 3355352 338034 3845156 42254  74.467 12 
 8.719 10.035 3887410 0 0 3355352 338034 3887410 42254  74.502 12 
 8.662 10.000 3929664 0 0 3355352 338034 3929664 42254  74.502 12 
 8.684 9.955 3971920 0 0 3946914 591562 3971920 42256  74.547 13 
 8.639 10.000 4014172 0 0 3946914 591562 4014172 42252  74.548 13 
 8.627 10.000 4056426 0 0 3946914 591562 4056426 42254  74.549 13 
 8.616 10.012 4098680 0 0 3946914 591562 4098680 42254  74.561 13 
 8.627 9.955 4140934 0 0 3946914 591562 4140934 42254  74.606 13 
 8.581 10.000 4183188 0 0 3946914 591562 4183188 42254  74.607 13 
 8.593 9.955 4225442 0 0 4200440 253526 4225442 42254  74.652 14 
 8.639 9.955 4267696 0 0 4200440 253526 4267696 42254  74.697 14 
 8.581 10.000 4309952 0 0 4200440 253526 4309952 42256  74.698 14 
 8.627 9.989 4352208 0 0 4200440 253526 4352208 42256  74.708 14 
 8.593 10.000 4394462 0 0 4200440 253526 4394462 42254  74.709 14 
 8.570 9.966 4436716 0 0 4200440 253526 4436716 42254  74.743 14 
 8.570 10.023 4478970 0 0 4200440 253526 4478970 42254  74.766 14 
 8.581 10.000 4521224 0 0 4496220 295780 4521224 42254  74.767 15 
 8.570 10.012 4563476 0 0 4496220 295780 4563476 42252  74.779 15 
 8.547 9.966 4605730 0 0 4496220 295780 4605730 42254  74.813 15 
 8.513 9.977 4647984 0 0 4496220 295780 4647984 42254  74.835 15 
 8.547 10.046 4690238 0 0 4496220 295780 4690238 42254  74.882 15 
 8.536 10.000 4732492 0 0 4496220 295780 4732492 42254  74.882 15 
 8.547 10.035 4774748 0 0 4749742 253522 4774748 42256  74.917 16 
 8.536 10.012 4817004 0 0 4749742 253522 4817004 42256  74.930 16 
 8.536 10.000 4859258 0 0 4749742 253522 4859258 42254  74.930 16 
 8.547 10.000 4901510 0 0 4749742 253522 4901510 42252  74.931 16 
 8.581 10.000 4943766 0 0 4749742 253522 4943766 42256  74.932 16 
 8.559 10.000 4986022 0 0 4749742 253522 4986022 42256  74.933 16 
 8.547 9.966 5028276 0 0 4749742 253522 5028276 42254  74.966 16 
 8.547 9.955 5070530 0 0 5045524 295782 5070530 42254  75.011 17 
 8.524 10.012 5112782 0 0 5045524 295782 5112782 42252  75.024 17 
 8.581 10.012 5155038 0 0 5045524 295782 5155038 42256  75.036 17 
 8.581 9.966 5197292 0 0 5045524 295782 5197292 42254  75.069 17 
 8.581 9.966 5239548 0 0 5045524 295782 5239548 42256  75.103 17 
 8.570 9.955 5281800 0 0 5045524 295782 5281800 42252  75.148 17 
 8.604 9.955 5324054 0 0 5045524 295782 5324054 42254  75.193 17 
 8.593 9.955 5366306 0 0 5045524 295782 5366306 42252  75.238 17 
 8.581 9.943 5408560 0 0 5045524 295782 5408560 42254  75.294 17 
 8.616 9.966 5450816 0 0 5425810 380286 5450816 42256  75.328 18 
 8.604 9.955 5493072 0 0 5425810 380286 5493072 42256  75.373 18 
 8.627 9.966 5535326 0 0 5425810 380286 5535326 42254  75.406 18 
 8.639 9.966 5577580 0 0 5425810 380286 5577580 42254  75.440 18 
 8.639 9.955 5619834 0 0 5425810 380286 5619834 42254  75.485 18 
 8.627 9.966 5662088 0 0 5425810 380286 5662088 42254  75.519 18 
 8.627 10.000 5704342 0 0 5425810 380286 5704342 42254  75.519 18 
 8.684 9.966 5746598 0 0 5425810 380286 5746598 42256  75.553 18 
 8.639 9.955 5788852 0 0 5425810 380286 5788852 42254  75.598 18 
 8.604 10.012 5831106 0 0 5425810 380286 5831106 42254  75.610 18 
 8.673 10.046 5873360 0 0 5848356 422546 5873360 42254  75.657 19 
 8.639 10.023 5915614 0 0 5848356 422546 5915614 42254  75.680 19 
 8.616 9.966 5957868 0 0 5848356 422546 5957868 42254  75.714 19 
 8.593 10.000 6000124 0 0 5848356 422546 6000124 42256  75.715 19 
 8.593 10.012 6042376 0 0 5848356 422546 6042376 42252  75.727 19 
 8.581 9.989 6084632 0 0 5848356 422546 6084632 42256  75.737 19 
 8.581 10.000 6126886 0 0 5848356 422546 6126886 42254  75.738 19 
 8.581 10.000 6169138 0 0 6144134 295778 6169138 42252  75.739 20 
 8.547 10.000 6211392 0 0 6144134 295778 6211392 42254  75.740 20 
 8.593 9.955 6253646 0 0 6144134 295778 6253646 42254  75.785 20 
 8.581 10.000 6295900 0 0 6144134 295778 6295900 42254  75.786 20 
 8.547 10.035 6338156 0 0 6144134 295778 6338156 42256  75.821 20 
 8.593 10.000 6380412 0 0 6144134 295778 6380412 42256  75.821 20 
 8.524 10.012 6422668 0 0 6144134 295778 6422668 42256  75.834 20 
 8.524 10.000 6464922 0 0 6439916 295782 6464922 42254  75.834 21 
 8.524 9.955 6507176 0 0 6439916 295782 6507176 42254  75.879 21 
 8.536 9.955 6549430 0 0 6439916 295782 6549430 42254  75.924 21 
 8.536 9.955 6591684 0 0 6439916 295782 6591684 42254  75.969 21 
 8.547 10.012 6633936 0 0 6439916 295782 6633936 42252  75.982 21 
 8.536 9.955 6676190 0 0 6439916 295782 6676190 42254  76.027 21 
 8.501 9.955 6718444 0 0 6439916 295782 6718444 42254  76.072 21 
 8.501 9.989 6760698 0 0 6735696 295780 6760698 42254  76.082 22 
 8.547 10.000 6802952 0 0 6735696 295780 6802952 42254  76.083 22 
 8.536 9.966 6845206 0 0 6735696 295780 6845206 42254  76.117 22 
 8.536 9.966 6887460 0 0 6735696 295780 6887460 42254  76.150 22 
 8.547 9.966 6929716 0 0 6735696 295780 6929716 42256  76.184 22 
 8.581 10.000 6971970 0 0 6735696 295780 6971970 42254  76.185 22 
 8.581 9.955 7014224 0 0 6735696 295780 7014224 42254  76.230 22 
 8.581 10.000 7056480 0 0 6735696 295780 7056480 42256  76.230 22 
 8.604 9.955 7098736 0 0 6735696 295780 7098736 42256  76.275 22 
 8.604 9.966 7140990 0 0 6735696 295780 7140990 42254  76.309 22 
 8.604 9.966 7183244 0 0 6735696 295780 7183244 42254  76.342 22 
 8.604 10.000 7225498 0 0 7200494 464798 7225498 42254  76.343 23 
 8.627 9.966 7267752 0 0 7200494 464798 7267752 42254  76.377 23 
 8.627 9.966 7310008 0 0 7200494 464798 7310008 42256  76.410 23 
 8.639 10.046 7352262 0 0 7200494 464798 7352262 42254  76.457 23 
 8.604 10.000 7394514 0 0 7200494 464798 7394514 42252  76.458 23 
 8.639 9.966 7436766 0 0 7200494 464798 7436766 42252  76.491 23 
 8.581 10.012 7479020 0 0 7200494 464798 7479020 42254  76.503 23 
 8.639 9.955 7521276 0 0 7496270 295776 7521276 42256  76.548 24 
 8.604 9.989 7563528 0 0 7496270 295776 7563528 42252  76.559 24 
 8.616 10.000 7605782 0 0 7496270 295776 7605782 42254  76.560 24 
 8.547 9.966 7648038 0 0 7496270 295776 7648038 42256  76.593 24 
 8.570 9.966 7690290 0 0 7496270 295776 7690290 42252  76.627 24 
 8.581 9.966 7732546 0 0 7496270 295776 7732546 42256  76.660 24 
 8.547 10.046 7774800 0 0 7496270 295776 7774800 42254  76.707 24 
 8.547 9.989 7817052 0 0 7792048 295778 7817052 42252  76.718 25 
 8.559 10.000 7859304 0 0 7792048 295778 7859304 42252  76.718 25 
 8.513 10.000 7901560 0 0 7792048 295778 7901560 42256  76.719 25 
 8.501 9.966 7943814 0 0 7792048 295778 7943814 42254  76.753 25 
 8.501 9.966 7986068 0 0 7792048 295778 7986068 42254  76.786 25 
 8.456 9.977 8028324 0 0 7792048 295778 8028324 42256  76.808 25 
 8.490 9.966 8070576 0 0 8045574 253526 8070576 42252  76.842 26 
 8.490 9.966 8112834 0 0 8045574 253526 8112834 42258  76.876 26 
 8.501 9.966 8155088 0 0 8045574 253526 8155088 42254  76.909 26 
 8.513 9.966 8197342 0 0 8045574 253526 8197342 42254  76.943 26 
 8.581 9.989 8239596 0 0 8045574 253526 8239596 42254  76.953 26 
 8.524 9.932 8281850 0 0 8045574 253526 8281850 42254  77.021 26 
 8.547 10.000 8324104 0 0 8045574 253526 8324104 42254  77.022 26 
 8.536 9.977 8366360 0 0 8045574 253526 8366360 42256  77.044 26 
 8.570 9.955 8408614 0 0 8383610 338036 8408614 42254  0.044 27 
 8.948 10.000 8450868 0 0 8383610 338036 8450868 42254  0.045 27 
 9.291 10.046 8493122 0 0 8383610 338036 8493122 42254  0.092 27 
 9.680 10.092 8535376 0 0 8383610 338036 8535376 42254  0.184 27 
 10.000 10.103 8577628 0 0 8383610 338036 8577628 42252  0.288 27 
 10.332 10.195 8619884 0 0 8383610 338036 8619884 42256  0.483 27 
 10.675 10.195 8662138 0 0 8383610 338036 8662138 42254  0.678 27 
 10.607 10.275 8704394 0 0 8679388 295778 8704394 42256  0.954 28 
 10.412 10.298 8746648 0 0 8679388 295778 8746648 42254  1.252 28 
 10.149 10.321 8788902 0 0 8679388 295778 8788902 42254  1.573 28 
 9.886 10.366 8831156 0 0 8679388 295778 8831156 42254  1.940 28 
 9.646 10.424 8873412 0 0 8679388 295778 8873412 42256  2.364 28 
 9.405 10.412 8915666 0 0 8679388 295778 8915666 42254  2.777 28 
 9.176 10.424 8957922 0 0 8679388 295778 8957922 42256  3.201 28 
 8.993 10.458 9000174 0 0 8679388 295778 9000174 42252  3.660 28 
 8.776 10.458 9042430 0 0 9017424 338036 9042430 42256  4.118 29 
 8.673 10.424 9084684 0 0 9017424 338036 9084684 42254  4.542 29 
 8.536 10.424 9126940 0 0 9017424 338036 9126940 42256  4.967 29 
 8.421 10.424 9169194 0 0 9144188 126764 9169194 42254  5.391 30 
 8.387 10.378 9211446 0 0 9144188 126764 9211446 42252  5.769 30 
 8.307 10.366 9253702 0 0 9144188 126764 9253702 42256  6.136 30 
 8.250 10.298 9295958 0 0 9270950 126762 9295958 42256  6.434 31 
 8.181 10.298 9338212 0 0 9270950 126762 9338212 42254  6.733 31 
 8.135 10.275 9380468 0 0 9270950 126762 9380468 42256  7.008 31 
 8.124 10.241 9422722 0 0 9397718 126768 9422722 42254  7.249 32 
 8.124 10.229 9464978 0 0 9397718 126768 9464978 42256  7.479 32 
 8.158 10.241 9507234 0 0 9397718 126768 9507234 42256  7.720 32 
 8.124 10.183 9549490 0 0 9397718 126768 9549490 42256  7.904 32 
 8.101 10.149 9591742 0 0 9566740 169022 9591742 42252  8.053 33 
 8.169 10.126 9633996 0 0 9566740 169022 9633996 42254  8.180 33 
 8.181 10.138 9676248 0 0 9566740 169022 9676248 42252  8.318 33 
 8.169 10.080 9718502 0 0 9566740 169022 9718502 42254  8.399 33 
 8.181 10.035 9760756 0 0 9735752 169012 9760756 42254  8.434 34 
 8.215 10.092 9803012 0 0 9735752 169012 9803012 42256  8.526 34 
 8.238 9.977 9845266 0 0 9735752 169012 9845266 42254  8.548 34 
 8.272 10.000 9887520 0 0 9735752 169012 9887520 42254  8.549 34 
 8.307 9.966 9929776 0 0 9735752 169012 9929776 42256  8.583 34 
 8.330 10.023 9972032 0 0 9735752 169012 9972032 42256  8.606 34 
 8.330 9.977 10014286 0 0 9989282 253530 10014286 42254  8.628 35 
 8.410 10.012 10056540 0 0 9989282 253530 10056540 42254  8.641 35 
 8.375 10.035 10098796 0 0 9989282 253530 10098796 42256  8.676 35 
 8.421 10.000 10141050 0 0 9989282 253530 10141050 42254  8.676 35 
 8.433 9.955 10183304 0 0 9989282 253530 10183304 42254  8.721 35 
 8.444 9.966 10225560 0 0 9989282 253530 10225560 42256  8.755 35 
 8.444 9.955 10267812 0 0 9989282 253530 10267812 42252  8.800 35 
 8.478 9.932 10310068 0 0 10285062 295780 10310068 42256  8.868 36 
 8.524 9.966 10352322 0 0 10285062 295780 10352322 42254  8.901 36 
 8.501 10.000 10394578 0 0 10285062 295780 10394578 42256  8.902 36 
 8.536 9.955 10436834 0 0 10285062 295780 10436834 42256  8.947 36 
 8.547 10.000 10479086 0 0 10285062 295780 10479086 42252  8.948 36 
 8.581 9.955 10521340 0 0 10285062 295780 10521340 42254  8.993 36 
 8.581 9.955 10563594 0 0 10285062 295780 10563594 42254  9.038 36 
 8.604 9.966 10605850 0 0 10285062 295780 10605850 42256  9.072 36 
 8.593 9.966 10648106 0 0 10285062 295780 10648106 42256  9.105 36 
 8.639 9.966 10690362 0 0 10285062 295780 10690362 42256  9.139 36 
 8.627 9.955 10732618 0 0 10285062 295780 10732618 42256  9.184 36 
 8.627 9.955 10774874 0 0 10285062 295780 10774874 42256  9.229 36 
 8.662 9.955 10817130 0 0 10285062 295780 10817130 42256  9.274 36 
 8.616 10.000 10859384 0 0 10285062 295780 10859384 42254  9.274 36 
 8.593 9.966 10901638 0 0 10876634 591572 10901638 42254  9.308 37 
 8.627 10.012 10943890 0 0 10876634 591572 10943890 42252  9.320 37 
 8.593 10.000 10986144 0 0 10876634 591572 10986144 42254  9.321 37 
 8.593 10.012 11028396 0 0 10876634 591572 11028396 42252  9.333 37 
 8.581 10.000 11070650 0 0 10876634 591572 11070650 42254  9.334 37 
 8.627 10.000 11112904 0 0 10876634 591572 11112904 42254  9.335 37 
 8.593 10.000 11155158 0 0 10876634 591572 11155158 42254  9.335 37 
 8.581 10.012 11197410 0 0 10876634 591572 11197410 42252  9.348 37 
 8.559 10.012 11239664 0 0 11214662 338028 11239664 42254  9.360 38 
 8.593 10.012 11281918 0 0 11214662 338028 11281918 42254  9.372 38 
 8.547 10.035 11324174 0 0 11214662 338028 11324174 42256  9.407 38 
 8.547 10.046 11366428 0 0 11214662 338028 11366428 42254  9.454 38 
 8.570 9.966 11408684 0 0 11214662 338028 11408684 42256  9.487 38 
 8.536 10.000 11450940 0 0 11214662 338028 11450940 42256  9.488 38 
 8.547 9.955 11493194 0 0 11468190 253528 11493194 42254  9.533 39 
 8.536 9.966 11535448 0 0 11468190 253528 11535448 42254  9.567 39 
 8.547 10.000 11577702 0 0 11468190 253528 11577702 42254  9.567 39 
 8.559 10.035 11619956 0 0 11468190 253528 11619956 42254  9.603 39 
 8.581 9.977 11662212 0 0 11468190 253528 11662212 42256  9.625 39 
 8.559 10.000 11704464 0 0 11468190 253528 11704464 42252  9.625 39 
 8.547 10.000 11746718 0 0 11468190 253528 11746718 42254  9.626 39 
 8.570 10.000 11788974 0 0 11763970 295780 11788974 42256  9.627 40 
 8.559 9.955 11831232 0 0 11763970 295780 11831232 42258  9.672 40 
 8.536 9.989 11873486 0 0 11763970 295780 11873486 42254  9.683 40 
 8.581 10.000 11915740 0 0 11763970 295780 11915740 42254  9.683 40 
 8.536 9.966 11957998 0 0 11763970 295780 11957998 42258  9.717 40 
 8.536 10.012 12000252 0 0 11763970 295780 12000252 42254  9.729 40 
 8.536 10.000 12042506 0 0 12017502 253532 12042506 42254  9.730 41 
 8.559 9.977 12084760 0 0 12017502 253532 12084760 42254  9.752 41 
 8.559 9.966 12127014 0 0 12017502 253532 12127014 42254  9.786 41 
 8.536 9.955 12169268 0 0 12017502 253532 12169268 42254  9.831 41 
 8.547 9.966 12211522 0 0 12017502 253532 12211522 42254  9.864 41 
 8.581 9.966 12253778 0 0 12017502 253532 12253778 42256  9.898 41 
 8.536 9.977 12296032 0 0 12017502 253532 12296032 42254  9.920 41 
 8.513 9.955 12338286 0 0 12313282 295780 12338286 42254  9.965 42 
 8.536 10.012 12380540 0 0 12313282 295780 12380540 42254  9.977 42 
 8.581 9.966 12422794 0 0 12313282 295780 12422794 42254  10.011 42 
 8.547 9.966 12465050 0 0 12313282 295780 12465050 42256  10.044 42 
 8.547 9.966 12507304 0 0 12313282 295780 12507304 42254  10.078 42 
 8.581 10.000 12549558 0 0 12313282 295780 12549558 42254  10.078 42 
 8.547 9.955 12591814 0 0 12313282 295780 12591814 42256  10.123 42 
 8.627 9.966 12634068 0 0 12609064 295782 12634068 42254  10.157 43 
 8.593 10.000 12676324 0 0 12609064 295782 12676324 42256  10.158 43 
 8.581 10.012 12718578 0 0 12609064 295782 12718578 42254  10.170 43 
 8.593 9.989 12760832 0 0 12609064 295782 12760832 42254  10.181 43 
 8.616 9.966 12803086 0 0 12609064 295782 12803086 42254  10.214 43 
 8.593 9.966 12845344 0 0 12609064 295782 12845344 42258  10.248 43 
 8.627 10.000 12887598 0 0 12609064 295782 12887598 42254  10.249 43 
 8.616 10.000 12929852 0 0 12609064 295782 12929852 42254  10.249 43 
 8.627 10.000 12972104 0 0 12609064 295782 12972104 42252  10.250 43 
 8.627 9.955 13014358 0 0 12609064 295782 13014358 42254  10.295 43 
 8.639 10.000 13056614 0 0 12609064 295782 13056614 42256  10.296 43 
 8.650 10.057 13098868 0 0 12609064 295782 13098868 42254  10.354 43 
 8.627 10.035 13141120 0 0 13116118 507054 13141120 42252  10.389 44 
 8.627 10.057 13183376 0 0 13116118 507054 13183376 42256  10.447 44 
 8.593 10.057 13225630 0 0 13116118 507054 13225630 42254  10.505 44 
 8.627 10.012 13267886 0 0 13116118 507054 13267886 42256  10.517 44 
 8.536 10.012 13310142 0 0 13116118 507054 13310142 42256  10.529 44 
 8.559 10.035 13352394 0 0 13327390 211272 13352394 42252  10.565 45 
 8.536 10.000 13394648 0 0 13327390 211272 13394648 42254  10.565 45 
 8.536 10.012 13436902 0 0 13327390 211272 13436902 42254  10.578 45 
 8.536 10.000 13479156 0 0 13327390 211272 13479156 42254  10.578 45 
 8.536 10.046 13521410 0 0 13327390 211272 13521410 42254  10.625 45 
 8.547 10.069 13563662 0 0 13327390 211272 13563662 42252  10.694 45 
 8.570 10.046 13605918 0 0 13580912 253522 13605918 42256  10.741 46 
 8.581 9.966 13648172 0 0 13580912 253522 13648172 42254  10.774 46 
 8.501 10.000 13690428 0 0 13580912 253522 13690428 42256  10.775 46 
 8.501 10.000 13732682 0 0 13580912 253522 13732682 42254  10.776 46 
 8.513 10.012 13774938 0 0 13580912 253522 13774938 42256  10.788 46 
 8.501 10.000 13817192 0 0 13580912 253522 13817192 42254  10.789 46 
 8.490 10.057 13859446 0 0 13834444 253532 13859446 42254  10.847 47 
 8.490 10.000 13901700 0 0 13834444 253532 13901700 42254  10.848 47 
 8.536 10.000 13943954 0 0 13834444 253532 13943954 42254  10.848 47 
 8.536 10.069 13986208 0 0 13834444 253532 13986208 42254  10.918 47 
 8.536 10.000 14028462 0 0 13834444 253532 14028462 42254  10.919 47 
 8.547 10.000 14070714 0 0 13834444 253532 14070714 42252  10.919 47 
 8.547 10.023 14112970 0 0 13834444 253532 14112970 42256  10.943 47 
 8.524 10.000 14155224 0 0 13834444 253532 14155224 42254  10.944 47 
 8.524 10.012 14197476 0 0 14172474 338030 14197476 42252  10.956 48 
 8.581 10.012 14239730 0 0 14172474 338030 14239730 42254  10.968 48 
 8.536 10.012 14281984 0 0 14172474 338030 14281984 42254  10.981 48 
 8.547 10.012 14324238 0 0 14172474 338030 14324238 42254  10.993 48 
 8.593 9.966 14366494 0 0 14172474 338030 14366494 42256  11.026 48 
 8.536 10.012 14408748 0 0 14172474 338030 14408748 42254  11.039 48 
 8.559 10.012 14451004 0 0 14172474 338030 14451004 42256  11.051 48 
 8.581 10.000 14493258 0 0 14172474 338030 14493258 42254  11.052 48 
 8.570 10.046 14535512 0 0 14172474 338030 14535512 42254  11.098 48 
 8.570 10.046 14577768 0 0 14552764 380290 14577768 42256  11.145 49 
 8.559 10.046 14620022 0 0 14552764 380290 14620022 42254  11.191 49 
 8.547 10.012 14662274 0 0 14552764 380290 14662274 42252  11.203 49 
 8.559 10.012 14704530 0 0 14552764 380290 14704530 42256  11.216 49 
 8.570 10.046 14746784 0 0 14552764 380290 14746784 42254  11.262 49 
