Thread[Thread-1,5,main] 5.194 5.069 0 0 0 0 0 0 0 
 6.568 5.217 42254 0 0 0 0 42254 42254 
 7.803 5.297 84506 0 0 0 0 84506 42252 
 9.028 5.389 126762 0 0 0 0 126762 42256 
 10.275 5.606 169014 0 0 0 0 169014 42252 
 11.396 5.881 211268 0 0 0 0 211268 42254 
 12.518 6.156 253522 0 0 0 0 253522 42254 
 13.570 6.476 295778 0 0 0 0 295778 42256 
 14.532 6.819 338032 0 0 0 0 338032 42254 
 15.401 7.185 380286 0 0 0 0 380286 42254 
 15.355 7.357 422540 0 0 397536 397536 422540 42254 
 15.264 7.723 464796 0 0 397536 397536 464796 42256 
 15.035 7.929 507050 0 0 397536 397536 507050 42254 
 14.863 8.318 549304 0 0 397536 397536 549304 42254 
 14.772 8.581 591556 0 0 397536 397536 591556 42252 
 14.554 8.845 633812 0 0 608806 211270 633812 42256 
 14.177 9.039 676066 0 0 608806 211270 676066 42254 
 13.856 9.314 718318 0 0 608806 211270 718318 42252 
 13.536 9.440 760572 0 0 608806 211270 760572 42254 
 13.250 9.691 802826 0 0 608806 211270 802826 42254 
 12.952 9.829 845080 0 0 608806 211270 845080 42254 
 12.666 9.966 887334 0 0 608806 211270 887334 42254 
 12.403 10.103 929588 0 0 608806 211270 929588 42254 
 12.163 10.275 971844 0 0 608806 211270 971844 42256 
 11.888 10.332 1014098 0 0 608806 211270 1014098 42254 
 11.659 10.435 1056350 0 0 608806 211270 1056350 42252 
 11.431 10.515 1098606 0 0 608806 211270 1098606 42256 
 11.259 10.595 1140858 0 0 608806 211270 1140858 42252 
 11.019 10.653 1183114 0 0 608806 211270 1183114 42256 
 10.767 10.698 1225368 0 0 608806 211270 1225368 42254 
 10.527 10.733 1267622 0 0 1242618 633812 1267622 42254 
 10.286 10.778 1309876 0 0 1242618 633812 1309876 42254 
 10.000 10.744 1352132 0 0 1242618 633812 1352132 42256 
 9.749 10.767 1394388 0 0 1242618 633812 1394388 42256 
 9.588 10.801 1436642 0 0 1411638 169020 1436642 42254 
 9.405 10.790 1478898 0 0 1411638 169020 1478898 42256 
 9.234 10.733 1521154 0 0 1496148 84510 1521154 42256 
 9.096 10.755 1563408 0 0 1496148 84510 1563408 42254 
 8.993 10.698 1605662 0 0 1580658 84510 1605662 42254 
 8.902 10.698 1647916 0 0 1580658 84510 1647916 42254 
 8.810 10.698 1690170 0 0 1665166 84508 1690170 42254 
 8.776 10.630 1732424 0 0 1665166 84508 1732424 42254 
 8.673 10.572 1774678 0 0 1665166 84508 1774678 42254 
 8.650 10.561 1816934 0 0 1791928 126762 1816934 42256 
 8.593 10.515 1859186 0 0 1791928 126762 1859186 42252 
 8.604 10.515 1901442 0 0 1876438 84510 1901442 42256 
 8.593 10.458 1943698 0 0 1876438 84510 1943698 42256 
 8.627 10.424 1985952 0 0 1876438 84510 1985952 42254 
 8.627 10.412 2028208 0 0 1876438 84510 2028208 42256 
 8.639 10.366 2070464 0 0 2045458 169020 2070464 42256 
 8.581 10.378 2112716 0 0 2045458 169020 2112716 42252 
 8.662 10.355 2154970 0 0 2045458 169020 2154970 42254 
 8.639 10.321 2197222 0 0 2045458 169020 2197222 42252 
 8.673 10.344 2239478 0 0 2214474 169016 2239478 42256 
 8.764 10.286 2281732 0 0 2214474 169016 2281732 42254 
 8.719 10.229 2323986 0 0 2214474 169016 2323986 42254 
 8.764 10.206 2366242 0 0 2214474 169016 2366242 42256 
 8.810 10.275 2408496 0 0 2214474 169016 2408496 42254 
 8.753 10.195 2450750 0 0 2214474 169016 2450750 42254 
 8.822 10.206 2493006 0 0 2468000 253526 2493006 42256 
 8.867 10.195 2535258 0 0 2468000 253526 2535258 42252 
 8.890 10.149 2577514 0 0 2468000 253526 2577514 42256 
 8.936 10.149 2619768 0 0 2468000 253526 2619768 42254 
 8.982 10.138 2662022 0 0 2468000 253526 2662022 42254 
 9.005 10.138 2704274 0 0 2468000 253526 2704274 42252 
 9.039 10.195 2746528 0 0 2468000 253526 2746528 42254 
 9.039 10.149 2788782 0 0 2468000 253526 2788782 42254 
 9.096 10.149 2831036 0 0 2468000 253526 2831036 42254 
 9.131 10.183 2873290 0 0 2468000 253526 2873290 42254 
 9.142 10.183 2915544 0 0 2468000 253526 2915544 42254 
 9.154 10.138 2957798 0 0 2468000 253526 2957798 42254 
 9.188 10.160 3000052 0 0 2468000 253526 3000052 42254 
 9.176 10.183 3042304 0 0 2468000 253526 3042304 42252 
 9.245 10.160 3084558 0 0 3059556 591556 3084558 42254 
 9.222 10.195 3126812 0 0 3059556 591556 3126812 42254 
 9.222 10.195 3169066 0 0 3059556 591556 3169066 42254 
 9.176 10.160 3211322 0 0 3059556 591556 3211322 42256 
 9.211 10.138 3253576 0 0 3059556 591556 3253576 42254 
 9.234 10.195 3295832 0 0 3059556 591556 3295832 42256 
 9.222 10.138 3338086 0 0 3059556 591556 3338086 42254 
 9.222 10.183 3380340 0 0 3059556 591556 3380340 42254 
 9.176 10.286 3422594 0 0 3059556 591556 3422594 42254 
 9.199 10.195 3464848 0 0 3439844 380288 3464848 42254 
 9.176 10.172 3507102 0 0 3439844 380288 3507102 42254 
 9.119 10.138 3549356 0 0 3439844 380288 3549356 42254 
 9.131 10.195 3591610 0 0 3439844 380288 3591610 42254 
 9.096 10.183 3633864 0 0 3439844 380288 3633864 42254 
 9.096 10.183 3676118 0 0 3439844 380288 3676118 42254 
 9.085 10.160 3718374 0 0 3693368 253524 3718374 42256 
 9.096 10.183 3760630 0 0 3693368 253524 3760630 42256 
 9.073 10.160 3802884 0 0 3693368 253524 3802884 42254 
 9.096 10.229 3845138 0 0 3693368 253524 3845138 42254 
 9.051 10.149 3887394 0 0 3693368 253524 3887394 42256 
 9.119 10.183 3929646 0 0 3904642 211274 3929646 42252 
 9.131 10.138 3971898 0 0 3904642 211274 3971898 42252 
 9.165 10.149 4014154 0 0 3904642 211274 4014154 42256 
 9.176 10.195 4056408 0 0 3904642 211274 4056408 42254 
 9.188 10.183 4098664 0 0 3904642 211274 4098664 42256 
 9.142 10.149 4140916 0 0 3904642 211274 4140916 42252 
 9.211 10.183 4183172 0 0 3904642 211274 4183172 42256 
 9.176 10.195 4225426 0 0 3904642 211274 4225426 42254 
 9.222 10.183 4267682 0 0 3904642 211274 4267682 42256 
 9.222 10.149 4309934 0 0 3904642 211274 4309934 42252 
 9.199 10.241 4352186 0 0 3904642 211274 4352186 42252 
 9.165 10.195 4394444 0 0 4369438 464796 4394444 42258 
 9.199 10.195 4436698 0 0 4369438 464796 4436698 42254 
 9.131 10.149 4478952 0 0 4369438 464796 4478952 42254 
 9.188 10.183 4521206 0 0 4369438 464796 4521206 42254 
 9.131 10.172 4563460 0 0 4369438 464796 4563460 42254 
 9.142 10.241 4605714 0 0 4369438 464796 4605714 42254 
 9.096 10.172 4647968 0 0 4622964 253526 4647968 42254 
 9.108 10.229 4690222 0 0 4622964 253526 4690222 42254 
 9.131 10.195 4732476 0 0 4622964 253526 4732476 42254 
 9.062 10.149 4774732 0 0 4622964 253526 4774732 42256 
 9.073 10.138 4816984 0 0 4622964 253526 4816984 42252 
 9.085 10.183 4859238 0 0 4622964 253526 4859238 42254 
 9.085 10.138 4901492 0 0 4876490 253526 4901492 42254 
 9.085 10.160 4943746 0 0 4876490 253526 4943746 42254 
 9.085 10.115 4986000 0 0 4876490 253526 4986000 42254 
 9.039 10.149 5028254 0 0 4876490 253526 5028254 42254 
 9.119 10.195 5070508 0 0 4876490 253526 5070508 42254 
 9.131 10.206 5112762 0 0 4876490 253526 5112762 42254 
 9.039 10.138 5155018 0 0 4876490 253526 5155018 42256 
 9.165 10.183 5197270 0 0 5172268 295778 5197270 42252 
 9.131 10.183 5239524 0 0 5172268 295778 5239524 42254 
 9.154 10.206 5281780 0 0 5172268 295778 5281780 42256 
 9.188 10.160 5324034 0 0 5172268 295778 5324034 42254 
 9.222 10.195 5366288 0 0 5172268 295778 5366288 42254 
 9.188 10.183 5408540 0 0 5172268 295778 5408540 42252 
 9.222 10.218 5450794 0 0 5172268 295778 5450794 42254 
 9.199 10.195 5493048 0 0 5172268 295778 5493048 42254 
 9.222 10.286 5535304 0 0 5172268 295778 5535304 42256 
 9.245 10.183 5577558 0 0 5552554 380286 5577558 42254 
 9.188 10.286 5619814 0 0 5552554 380286 5619814 42256 
 9.142 10.275 5662068 0 0 5552554 380286 5662068 42254 
 9.131 10.263 5704322 0 0 5552554 380286 5704322 42254 
 9.131 10.229 5746580 0 0 5552554 380286 5746580 42258 
 9.131 10.241 5788832 0 0 5552554 380286 5788832 42252 
 9.131 10.218 5831086 0 0 5806084 253530 5831086 42254 
 9.119 10.275 5873342 0 0 5806084 253530 5873342 42256 
 9.085 10.275 5915596 0 0 5806084 253530 5915596 42254 
 9.096 10.241 5957852 0 0 5806084 253530 5957852 42256 
 9.085 10.229 6000106 0 0 5806084 253530 6000106 42254 
 9.085 10.195 6042360 0 0 6017358 211274 6042360 42254 
 9.108 10.241 6084614 0 0 6017358 211274 6084614 42254 
 9.096 10.241 6126870 0 0 6017358 211274 6126870 42256 
 9.131 10.229 6169126 0 0 6017358 211274 6169126 42256 
 9.085 10.263 6211384 0 0 6017358 211274 6211384 42258 
 9.085 10.229 6253636 0 0 6228634 211276 6253636 42252 
 9.062 10.275 6295890 0 0 6228634 211276 6295890 42254 
 9.051 10.241 6338144 0 0 6228634 211276 6338144 42254 
 9.062 10.275 6380396 0 0 6228634 211276 6380396 42252 
 9.039 10.195 6422650 0 0 6228634 211276 6422650 42254 
 9.051 10.229 6464906 0 0 6439900 211266 6464906 42256 
 9.039 10.229 6507162 0 0 6439900 211266 6507162 42256 
 9.085 10.195 6549418 0 0 6439900 211266 6549418 42256 
 9.051 10.241 6591672 0 0 6439900 211266 6591672 42254 
 9.085 10.229 6633928 0 0 6439900 211266 6633928 42256 
 9.096 10.195 6676182 0 0 6439900 211266 6676182 42254 
 9.096 10.241 6718438 0 0 6439900 211266 6718438 42256 
 9.119 10.241 6760692 0 0 6735688 295788 6760692 42254 
 9.131 10.241 6802946 0 0 6735688 295788 6802946 42254 
 9.085 10.183 6845198 0 0 6735688 295788 6845198 42252 
 9.119 10.241 6887452 0 0 6735688 295788 6887452 42254 
 9.096 10.286 6929706 0 0 6735688 295788 6929706 42254 
 9.142 10.241 6971960 0 0 6946956 211268 6971960 42254 
 9.085 10.241 7014216 0 0 6946956 211268 7014216 42256 
 9.085 10.241 7056472 0 0 6946956 211268 7056472 42256 
 9.062 10.183 7098726 0 0 6946956 211268 7098726 42254 
 9.005 10.263 7140980 0 0 6946956 211268 7140980 42254 
 9.039 10.183 7183236 0 0 7158232 211276 7183236 42256 
 9.039 10.275 7225492 0 0 7158232 211276 7225492 42256 
 9.051 10.241 7267744 0 0 7158232 211276 7267744 42252 
 9.051 10.229 7309998 0 0 7158232 211276 7309998 42254 
 9.062 10.218 7352252 0 0 7158232 211276 7352252 42254 
 9.051 10.195 7394504 0 0 7158232 211276 7394504 42252 
 9.039 10.172 7436758 0 0 7158232 211276 7436758 42254 
 9.062 10.241 7479012 0 0 7454008 295776 7479012 42254 
 9.039 10.263 7521268 0 0 7454008 295776 7521268 42256 
 9.051 10.229 7563522 0 0 7454008 295776 7563522 42254 
 9.062 10.275 7605776 0 0 7454008 295776 7605776 42254 
 9.096 10.229 7648032 0 0 7454008 295776 7648032 42256 
 9.085 10.229 7690288 0 0 7454008 295776 7690288 42256 
 9.108 10.286 7732542 0 0 7707538 253530 7732542 42254 
 9.051 10.229 7774796 0 0 7707538 253530 7774796 42254 
 9.096 10.241 7817050 0 0 7707538 253530 7817050 42254 
 9.096 10.195 7859304 0 0 7707538 253530 7859304 42254 
 9.096 10.241 7901558 0 0 7707538 253530 7901558 42254 
 9.051 10.321 7943812 0 0 7707538 253530 7943812 42254 
 9.096 10.241 7986066 0 0 7961064 253526 7986066 42254 
 9.085 10.206 8028320 0 0 7961064 253526 8028320 42254 
 9.085 10.275 8070574 0 0 7961064 253526 8070574 42254 
 9.096 10.241 8112828 0 0 7961064 253526 8112828 42254 
 9.028 10.252 8155084 0 0 7961064 253526 8155084 42256 
 9.016 10.252 8197340 0 0 7961064 253526 8197340 42256 
 9.085 10.275 8239596 0 0 8214592 253528 8239596 42256 
 9.051 10.183 8281848 0 0 8214592 253528 8281848 42252 
 9.039 10.183 8324104 0 0 8214592 253528 8324104 42256 
 9.039 10.229 8366358 0 0 8214592 253528 8366358 42254 
 9.039 10.229 8408612 0 0 8214592 253528 8408612 42254 
 9.382 10.286 8450866 0 0 8214592 253528 8450866 42254 
 9.794 10.309 8493120 0 0 8214592 253528 8493120 42254 
 10.057 10.321 8535372 0 0 8214592 253528 8535372 42252 
 10.401 10.412 8577626 0 0 8214592 253528 8577626 42254 
 10.744 10.469 8619880 0 0 8214592 253528 8619880 42254 
 11.053 10.515 8662136 0 0 8637130 422538 8662136 42256 
 11.053 10.481 8704390 0 0 8679386 42256 8704390 42254 
 10.801 10.595 8746644 0 0 8679386 42256 8746644 42254 
 10.515 10.572 8788896 0 0 8679386 42256 8788896 42252 
 10.275 10.664 8831154 0 0 8679386 42256 8831154 42258 
 10.023 10.641 8873406 0 0 8679386 42256 8873406 42252 
 9.771 10.733 8915660 0 0 8679386 42256 8915660 42254 
 9.554 10.653 8957914 0 0 8932910 253524 8957914 42254 
 9.428 10.733 9000170 0 0 8932910 253524 9000170 42256 
 9.245 10.698 9042424 0 0 9017422 84512 9042424 42254 
 9.142 10.698 9084680 0 0 9017422 84512 9084680 42256 
 9.016 10.595 9126934 0 0 9101932 84510 9126934 42254 
 8.913 10.653 9169190 0 0 9101932 84510 9169190 42256 
 8.810 10.595 9211444 0 0 9186442 84510 9211444 42254 
 8.764 10.595 9253698 0 0 9186442 84510 9253698 42254 
 8.719 10.607 9295954 0 0 9270950 84508 9295954 42256 
 8.673 10.550 9338208 0 0 9270950 84508 9338208 42254 
 8.604 10.527 9380460 0 0 9355458 84508 9380460 42252 
 8.639 10.550 9422716 0 0 9355458 84508 9422716 42256 
 8.604 10.458 9464972 0 0 9439966 84508 9464972 42256 
 8.627 10.515 9507228 0 0 9439966 84508 9507228 42256 
 8.570 10.458 9549482 0 0 9439966 84508 9549482 42254 
 8.581 10.458 9591736 0 0 9566732 126766 9591736 42254 
 8.593 10.424 9633990 0 0 9566732 126766 9633990 42254 
 8.593 10.458 9676244 0 0 9566732 126766 9676244 42254 
 8.639 10.355 9718498 0 0 9693494 126762 9718498 42254 
 8.581 10.332 9760752 0 0 9693494 126762 9760752 42254 
 8.604 10.355 9803006 0 0 9693494 126762 9803006 42254 
 8.616 10.321 9845258 0 0 9693494 126762 9845258 42252 
 8.639 10.332 9887512 0 0 9862510 169016 9887512 42254 
 8.673 10.298 9929766 0 0 9862510 169016 9929766 42254 
 8.673 10.321 9972020 0 0 9862510 169016 9972020 42254 
 8.719 10.298 10014276 0 0 9862510 169016 10014276 42256 
 8.684 10.275 10056532 0 0 10031528 169018 10056532 42256 
 8.810 10.241 10098788 0 0 10031528 169018 10098788 42256 
 8.753 10.183 10141042 0 0 10031528 169018 10141042 42254 
 8.799 10.321 10183298 0 0 10031528 169018 10183298 42256 
 8.833 10.252 10225554 0 0 10200550 169022 10225554 42256 
 8.810 10.195 10267804 0 0 10200550 169022 10267804 42250 
 8.902 10.206 10310060 0 0 10200550 169022 10310060 42256 
 8.845 10.241 10352314 0 0 10200550 169022 10352314 42254 
 8.867 10.229 10394568 0 0 10200550 169022 10394568 42254 
 8.879 10.229 10436824 0 0 10411818 211268 10436824 42256 
 8.902 10.206 10479078 0 0 10411818 211268 10479078 42254 
 8.948 10.195 10521332 0 0 10411818 211268 10521332 42254 
