Thread[Thread-1,5,main] 8.639 5.057 0 0 0 0 0 0 0 
 10.126 5.206 42254 0 0 13410 13410 0 0 
 11.293 5.389 84510 0 0 13410 13410 0 0 
 12.518 5.595 126768 0 0 13410 13410 0 0 
 13.753 5.812 169022 0 0 13410 13410 0 0 
 14.852 6.075 211280 0 0 13410 13410 0 0 
 16.179 6.316 253536 0 0 13410 13410 0 0 
 17.461 6.659 295794 0 0 13410 13410 0 0 
 18.971 6.808 338048 0 0 13410 13410 0 0 
 20.253 7.071 380304 0 0 13410 13410 0 0 
 21.180 7.346 422560 0 0 13410 13410 0 0 
 22.141 7.677 464814 0 0 13410 13410 0 0 
 23.377 7.998 507072 0 0 13410 13410 0 0 
 24.326 8.284 549328 0 0 13410 13410 0 0 
 25.150 8.696 591582 0 0 13410 13410 0 0 
 26.214 8.993 633840 0 0 13410 13410 633840 633840 
 25.711 9.211 676096 0 0 651092 637682 633840 633840 
 24.143 9.634 718350 0 0 651092 637682 633840 633840 
 23.228 9.966 760606 0 0 651092 637682 633840 633840 
 22.278 10.286 802862 0 0 651092 637682 633840 633840 
 21.397 10.550 845118 0 0 651092 637682 633840 633840 
 20.573 10.790 887374 0 0 651092 637682 633840 633840 
 19.715 10.984 929628 0 0 651092 637682 633840 633840 
 18.925 11.133 971886 0 0 651092 637682 633840 633840 
 18.113 11.236 1014142 0 0 651092 637682 633840 633840 
 17.381 11.362 1056400 0 0 651092 637682 633840 633840 
 16.637 11.431 1098656 0 0 651092 637682 633840 633840 
 15.928 11.511 1140914 0 0 651092 637682 633840 633840 
 15.230 11.522 1183170 0 0 651092 637682 633840 633840 
 14.577 11.522 1225424 0 0 651092 637682 633840 633840 
 13.937 11.488 1267682 0 0 651092 637682 1267682 633842 
 13.559 11.476 1309936 0 0 1284934 633842 1267682 633842 
 13.433 11.431 1352194 0 0 1284934 633842 1267682 633842 
 13.341 11.396 1394448 0 0 1284934 633842 1267682 633842 
 13.261 11.350 1436704 0 0 1284934 633842 1267682 633842 
 13.158 11.305 1478962 0 0 1284934 633842 1267682 633842 
 13.067 11.202 1521216 0 0 1284934 633842 1267682 633842 
 12.975 11.190 1563472 0 0 1284934 633842 1267682 633842 
 12.884 11.099 1605728 0 0 1284934 633842 1267682 633842 
 12.804 11.099 1647982 0 0 1284934 633842 1267682 633842 
 12.701 10.984 1690238 0 0 1284934 633842 1267682 633842 
 12.655 10.939 1732498 0 0 1284934 633842 1267682 633842 
 12.563 10.870 1774754 0 0 1284934 633842 1267682 633842 
 12.529 10.836 1817008 0 0 1284934 633842 1267682 633842 
 12.426 10.744 1859264 0 0 1284934 633842 1267682 633842 
 12.380 10.698 1901518 0 0 1284934 633842 1901518 633836 
 12.529 10.653 1943772 0 0 1918770 633836 1901518 633836 
 12.815 10.607 1986028 0 0 1918770 633836 1901518 633836 
 13.124 10.561 2028284 0 0 1918770 633836 1901518 633836 
 13.444 10.572 2070540 0 0 1918770 633836 1901518 633836 
 13.708 10.561 2112796 0 0 1918770 633836 1901518 633836 
 13.994 10.595 2155054 0 0 1918770 633836 1901518 633836 
 14.223 10.561 2197308 0 0 1918770 633836 1901518 633836 
 14.497 10.595 2239564 0 0 1918770 633836 1901518 633836 
 14.726 10.595 2281820 0 0 1918770 633836 1901518 633836 
 14.955 10.687 2324076 0 0 1918770 633836 1901518 633836 
 15.184 10.653 2366332 0 0 1918770 633836 1901518 633836 
 15.413 10.744 2408588 0 0 1918770 633836 1901518 633836 
 15.596 10.744 2450842 0 0 1918770 633836 1901518 633836 
 15.825 10.813 2493096 0 0 1918770 633836 1901518 633836 
 16.019 10.858 2535352 0 0 1918770 633836 2535352 633834 
 15.996 10.916 2577606 0 0 2552604 633834 2535352 633834 
 15.790 10.973 2619864 0 0 2552604 633834 2535352 633834 
 15.641 11.019 2662118 0 0 2552604 633834 2535352 633834 
 15.447 11.019 2704374 0 0 2552604 633834 2535352 633834 
 15.264 11.099 2746632 0 0 2552604 633834 2535352 633834 
 15.081 11.099 2788888 0 0 2552604 633834 2535352 633834 
 14.921 11.145 2831142 0 0 2552604 633834 2535352 633834 
 14.726 11.099 2873396 0 0 2552604 633834 2535352 633834 
 14.577 11.145 2915654 0 0 2552604 633834 2535352 633834 
 14.406 11.145 2957914 0 0 2552604 633834 2535352 633834 
 14.303 11.110 3000168 0 0 2552604 633834 2535352 633834 
 14.131 11.076 3042422 0 0 2552604 633834 2535352 633834 
 14.028 11.122 3084680 0 0 2552604 633834 2535352 633834 
 13.856 11.064 3126934 0 0 2552604 633834 2535352 633834 
 13.719 11.064 3169190 0 0 2552604 633834 3169190 633838 
 13.708 11.030 3211444 0 0 3186442 633838 3169190 633838 
 13.765 11.019 3253700 0 0 3186442 633838 3169190 633838 
 13.753 10.973 3295958 0 0 3186442 633838 3169190 633838 
 13.799 10.996 3338214 0 0 3186442 633838 3169190 633838 
 13.822 10.961 3380470 0 0 3186442 633838 3169190 633838 
 13.856 10.961 3422726 0 0 3186442 633838 3169190 633838 
 13.891 10.916 3464982 0 0 3186442 633838 3169190 633838 
 13.925 10.870 3507236 0 0 3186442 633838 3169190 633838 
 13.948 10.916 3549494 0 0 3186442 633838 3169190 633838 
 13.982 10.916 3591752 0 0 3186442 633838 3169190 633838 
 14.005 10.881 3634012 0 0 3186442 633838 3169190 633838 
 14.039 10.870 3676268 0 0 3186442 633838 3169190 633838 
 14.074 10.881 3718524 0 0 3186442 633838 3169190 633838 
 14.120 10.916 3760782 0 0 3186442 633838 3169190 633838 
 14.120 10.870 3803036 0 0 3186442 633838 3803036 633846 
 14.165 10.904 3845290 0 0 3820288 633846 3803036 633846 
 14.177 10.881 3887546 0 0 3820288 633846 3803036 633846 
 14.257 10.893 3929804 0 0 3820288 633846 3803036 633846 
 14.268 10.881 3972056 0 0 3820288 633846 3803036 633846 
 14.314 10.916 4014314 0 0 3820288 633846 3803036 633846 
 14.360 10.916 4056570 0 0 3820288 633846 3803036 633846 
 14.394 10.916 4098826 0 0 3820288 633846 3803036 633846 
 14.406 10.916 4141080 0 0 3820288 633846 3803036 633846 
 14.451 10.916 4183334 0 0 3820288 633846 3803036 633846 
 14.486 10.916 4225590 0 0 3820288 633846 3803036 633846 
 14.532 10.927 4267848 0 0 3820288 633846 3803036 633846 
 14.543 10.939 4310104 0 0 3820288 633846 3803036 633846 
 14.577 10.961 4352360 0 0 3820288 633846 3803036 633846 
 14.589 10.961 4394618 0 0 3820288 633846 3803036 633846 
 14.635 10.961 4436874 0 0 3820288 633846 4436874 633838 
 14.600 10.973 4479128 0 0 4454126 633838 4436874 633838 
 14.600 11.007 4521386 0 0 4454126 633838 4436874 633838 
 14.532 10.984 4563642 0 0 4454126 633838 4436874 633838 
 14.497 11.007 4605898 0 0 4454126 633838 4436874 633838 
 14.417 11.019 4648152 0 0 4454126 633838 4436874 633838 
 14.383 11.053 4690408 0 0 4454126 633838 4436874 633838 
 14.348 10.973 4732664 0 0 4454126 633838 4436874 633838 
 14.314 11.042 4774918 0 0 4454126 633838 4436874 633838 
 14.268 11.019 4817174 0 0 4454126 633838 4436874 633838 
 14.223 11.019 4859430 0 0 4454126 633838 4436874 633838 
 14.177 11.007 4901686 0 0 4454126 633838 4436874 633838 
 14.165 11.007 4943942 0 0 4454126 633838 4436874 633838 
 14.120 10.939 4986196 0 0 4454126 633838 4436874 633838 
 14.085 10.973 5028452 0 0 4454126 633838 4436874 633838 
 14.085 10.973 5070706 0 0 4454126 633838 5070706 633832 
 14.074 10.961 5112960 0 0 5087956 633830 5070706 633832 
 14.085 10.927 5155214 0 0 5087956 633830 5070706 633832 
 14.120 10.961 5197468 0 0 5087956 633830 5070706 633832 
 14.131 10.927 5239722 0 0 5087956 633830 5070706 633832 
 14.131 10.939 5281976 0 0 5087956 633830 5070706 633832 
 14.131 10.927 5324234 0 0 5087956 633830 5070706 633832 
 14.211 10.916 5366488 0 0 5087956 633830 5070706 633832 
 14.177 10.961 5408742 0 0 5087956 633830 5070706 633832 
 14.211 10.927 5450998 0 0 5087956 633830 5070706 633832 
 14.223 10.916 5493252 0 0 5087956 633830 5070706 633832 
 14.223 10.961 5535506 0 0 5087956 633830 5070706 633832 
 14.257 10.939 5577762 0 0 5087956 633830 5070706 633832 
 14.280 10.961 5620016 0 0 5087956 633830 5070706 633832 
 14.268 10.916 5662270 0 0 5087956 633830 5070706 633832 
 14.303 10.927 5704528 0 0 5087956 633830 5704528 633822 
 14.268 10.927 5746782 0 0 5721780 633824 5704528 633822 
 14.314 10.950 5789038 0 0 5721780 633824 5704528 633822 
 14.303 10.950 5831292 0 0 5721780 633824 5704528 633822 
 14.314 10.939 5873546 0 0 5721780 633824 5704528 633822 
 14.314 10.927 5915802 0 0 5721780 633824 5704528 633822 
 14.314 10.939 5958058 0 0 5721780 633824 5704528 633822 
 14.303 10.927 6000316 0 0 5721780 633824 5704528 633822 
 14.337 10.961 6042570 0 0 5721780 633824 5704528 633822 
 14.314 10.961 6084826 0 0 5721780 633824 5704528 633822 
 14.337 10.973 6127082 0 0 5721780 633824 5704528 633822 
 14.326 10.961 6169338 0 0 5721780 633824 5704528 633822 
 14.360 10.984 6211592 0 0 5721780 633824 5704528 633822 
 14.314 10.939 6253846 0 0 5721780 633824 5704528 633822 
 14.360 10.973 6296102 0 0 5721780 633824 5704528 633822 
 14.348 10.973 6338360 0 0 5721780 633824 6338360 633832 
 14.360 11.007 6380616 0 0 6355610 633830 6338360 633832 
 14.337 10.984 6422872 0 0 6355610 633830 6338360 633832 
 14.348 10.996 6465126 0 0 6355610 633830 6338360 633832 
 14.303 10.973 6507380 0 0 6355610 633830 6338360 633832 
 14.303 11.007 6549634 0 0 6355610 633830 6338360 633832 
 14.280 10.973 6591888 0 0 6355610 633830 6338360 633832 
 14.303 10.973 6634142 0 0 6355610 633830 6338360 633832 
 14.268 10.973 6676398 0 0 6355610 633830 6338360 633832 
 14.268 11.007 6718652 0 0 6355610 633830 6338360 633832 
 14.234 10.973 6760908 0 0 6355610 633830 6338360 633832 
 14.257 11.007 6803164 0 0 6355610 633830 6338360 633832 
 14.223 10.973 6845418 0 0 6355610 633830 6338360 633832 
 14.223 10.973 6887672 0 0 6355610 633830 6338360 633832 
 14.211 10.961 6929926 0 0 6355610 633830 6338360 633832 
 14.211 11.007 6972182 0 0 6355610 633830 6972182 633822 
 14.211 10.973 7014436 0 0 6989432 633822 6972182 633822 
 14.188 11.007 7056692 0 0 6989432 633822 6972182 633822 
 14.177 10.961 7098948 0 0 6989432 633822 6972182 633822 
 14.177 10.973 7141204 0 0 6989432 633822 6972182 633822 
 14.165 10.984 7183458 0 0 6989432 633822 6972182 633822 
 14.177 10.973 7225714 0 0 6989432 633822 6972182 633822 
 14.165 10.961 7267968 0 0 6989432 633822 6972182 633822 
 14.165 10.973 7310224 0 0 6989432 633822 6972182 633822 
 14.165 10.939 7352482 0 0 6989432 633822 6972182 633822 
 14.177 10.950 7394736 0 0 6989432 633822 6972182 633822 
 14.131 10.950 7436992 0 0 6989432 633822 6972182 633822 
 14.165 10.950 7479246 0 0 6989432 633822 6972182 633822 
 14.120 10.927 7521500 0 0 6989432 633822 6972182 633822 
 14.165 10.939 7563758 0 0 6989432 633822 6972182 633822 
 14.131 10.950 7606014 0 0 6989432 633822 7606014 633832 
 14.177 10.927 7648270 0 0 7623266 633834 7606014 633832 
 14.177 10.927 7690524 0 0 7623266 633834 7606014 633832 
 14.223 10.916 7732778 0 0 7623266 633834 7606014 633832 
 14.211 10.927 7775032 0 0 7623266 633834 7606014 633832 
 14.257 10.916 7817288 0 0 7623266 633834 7606014 633832 
 14.268 10.916 7859546 0 0 7623266 633834 7606014 633832 
 14.268 10.961 7901802 0 0 7623266 633834 7606014 633832 
 14.303 10.916 7944056 0 0 7623266 633834 7606014 633832 
 14.314 10.961 7986312 0 0 7623266 633834 7606014 633832 
 14.326 10.927 8028570 0 0 7623266 633834 7606014 633832 
 14.360 10.961 8070824 0 0 7623266 633834 7606014 633832 
 14.360 10.961 8113080 0 0 7623266 633834 7606014 633832 
 14.394 10.961 8155336 0 0 7623266 633834 7606014 633832 
 14.394 10.961 8197592 0 0 7623266 633834 7606014 633832 
 14.440 10.961 8239846 0 0 7623266 633834 8239846 633832 
 14.394 10.973 8282102 0 0 8257098 633832 8239846 633832 
 14.394 10.973 8324358 0 0 8257098 633832 8239846 633832 
 14.348 10.961 8366614 0 0 8257098 633832 8239846 633832 
 14.348 11.007 8408868 0 0 8257098 633832 8239846 633832 
 14.532 11.007 8451124 0 0 8257098 633832 8239846 633832 
 14.726 11.019 8493378 0 0 8257098 633832 8239846 633832 
 14.863 11.019 8535632 0 0 8257098 633832 8239846 633832 
 15.058 11.064 8577888 0 0 8257098 633832 8239846 633832 
 15.184 11.076 8620144 0 0 8257098 633832 8239846 633832 
 15.355 11.110 8662400 0 0 8257098 633832 8239846 633832 
 15.504 11.122 8704654 0 0 8257098 633832 8239846 633832 
 15.676 11.202 8746910 0 0 8257098 633832 8239846 633832 
 15.779 11.225 8789164 0 0 8257098 633832 8239846 633832 
 15.916 11.248 8831420 0 0 8257098 633832 8239846 633832 
 16.053 11.282 8873676 0 0 8257098 633832 8873676 633830 
 15.916 11.362 8915932 0 0 8890930 633832 8873676 633830 
 15.584 11.385 8958188 0 0 8890930 633832 8873676 633830 
 15.287 11.419 9000442 0 0 8890930 633832 8873676 633830 
 14.989 11.396 9042696 0 0 8890930 633832 8873676 633830 
 14.715 11.419 9084954 0 0 8890930 633832 8873676 633830 
 14.394 11.396 9127208 0 0 8890930 633832 8873676 633830 
 14.142 11.373 9169462 0 0 8890930 633832 8873676 633830 
 13.856 11.339 9211716 0 0 8890930 633832 8873676 633830 
 13.628 11.328 9253972 0 0 8890930 633832 8873676 633830 
 13.353 11.293 9296226 0 0 8890930 633832 8873676 633830 
 13.181 11.259 9338484 0 0 8890930 633832 8873676 633830 
 12.895 11.156 9380738 0 0 8890930 633832 8873676 633830 
 12.701 11.145 9422994 0 0 8890930 633832 8873676 633830 
 12.449 11.053 9465250 0 0 8890930 633832 8873676 633830 
 12.277 11.053 9507506 0 0 8890930 633832 9507506 633830 
 12.323 10.950 9549762 0 0 9524758 633828 9507506 633830 
 12.529 10.916 9592016 0 0 9524758 633828 9507506 633830 
 12.746 10.824 9634270 0 0 9524758 633828 9507506 633830 
 12.975 10.790 9676526 0 0 9524758 633828 9507506 633830 
 13.158 10.733 9718782 0 0 9524758 633828 9507506 633830 
 13.399 10.698 9761036 0 0 9524758 633828 9507506 633830 
 13.582 10.733 9803292 0 0 9524758 633828 9507506 633830 
 13.799 10.687 9845548 0 0 9524758 633828 9507506 633830 
 13.948 10.675 9887802 0 0 9524758 633828 9507506 633830 
 14.165 10.687 9930058 0 0 9524758 633828 9507506 633830 
 14.314 10.721 9972314 0 0 9524758 633828 9507506 633830 
 14.486 10.733 10014568 0 0 9524758 633828 9507506 633830 
 14.623 10.744 10056822 0 0 9524758 633828 9507506 633830 
 14.806 10.790 10099076 0 0 9524758 633828 9507506 633830 
 14.909 10.824 10141330 0 0 9524758 633828 10141330 633824 
 14.966 10.836 10183584 0 0 10158582 633824 10141330 633824 
 14.909 10.870 10225840 0 0 10158582 633824 10141330 633824 
 14.909 10.893 10268098 0 0 10158582 633824 10141330 633824 
 14.852 10.881 10310352 0 0 10158582 633824 10141330 633824 
 14.818 10.927 10352606 0 0 10158582 633824 10141330 633824 
 14.772 10.927 10394860 0 0 10158582 633824 10141330 633824 
 14.726 10.961 10437114 0 0 10158582 633824 10141330 633824 
 14.715 10.973 10479370 0 0 10158582 633824 10141330 633824 
 14.680 11.007 10521628 0 0 10158582 633824 10141330 633824 
 14.635 11.007 10563884 0 0 10158582 633824 10141330 633824 
 14.589 11.019 10606140 0 0 10158582 633824 10141330 633824 
 14.577 11.030 10648396 0 0 10158582 633824 10141330 633824 
 14.532 11.064 10690650 0 0 10158582 633824 10141330 633824 
 14.486 11.064 10732904 0 0 10158582 633824 10141330 633824 
 14.486 11.053 10775160 0 0 10158582 633824 10775160 633830 
 14.440 11.053 10817412 0 0 10792410 633828 10775160 633830 
 14.394 11.076 10859666 0 0 10792410 633828 10775160 633830 
 14.314 11.042 10901920 0 0 10792410 633828 10775160 633830 
 14.268 11.099 10944176 0 0 10792410 633828 10775160 633830 
 14.223 11.053 10986432 0 0 10792410 633828 10775160 633830 
 14.211 11.064 11028686 0 0 10792410 633828 10775160 633830 
 14.131 11.030 11070942 0 0 10792410 633828 10775160 633830 
 14.120 11.053 11113196 0 0 10792410 633828 10775160 633830 
 14.039 11.019 11155452 0 0 10792410 633828 10775160 633830 
 14.028 11.053 11197710 0 0 10792410 633828 10775160 633830 
 13.982 11.019 11239964 0 0 10792410 633828 10775160 633830 
 13.948 11.007 11282220 0 0 10792410 633828 10775160 633830 
 13.891 10.973 11324476 0 0 10792410 633828 10775160 633830 
 13.891 11.007 11366732 0 0 10792410 633828 10775160 633830 
 13.845 10.973 11408988 0 0 10792410 633828 11408988 633828 
 13.856 10.961 11451242 0 0 11426238 633828 11408988 633828 
 13.891 10.939 11493498 0 0 11426238 633828 11408988 633828 
 13.982 10.961 11535752 0 0 11426238 633828 11408988 633828 
 13.982 10.984 11578008 0 0 11426238 633828 11408988 633828 
 14.039 10.950 11620262 0 0 11426238 633828 11408988 633828 
 14.085 10.927 11662516 0 0 11426238 633828 11408988 633828 
 14.131 10.927 11704772 0 0 11426238 633828 11408988 633828 
 14.165 10.927 11747030 0 0 11426238 633828 11408988 633828 
 14.223 10.939 11789282 0 0 11426238 633828 11408988 633828 
 14.257 10.950 11831540 0 0 11426238 633828 11408988 633828 
 14.314 10.961 11873794 0 0 11426238 633828 11408988 633828 
 14.348 10.961 11916048 0 0 11426238 633828 11408988 633828 
 14.360 10.961 11958304 0 0 11426238 633828 11408988 633828 
 14.394 10.939 12000560 0 0 11426238 633828 11408988 633828 
 14.451 10.973 12042816 0 0 11426238 633828 12042816 633828 
 14.440 10.927 12085068 0 0 12060066 633828 12042816 633828 
 14.440 11.007 12127326 0 0 12060066 633828 12042816 633828 
 14.406 11.007 12169580 0 0 12060066 633828 12042816 633828 
 14.394 11.007 12211836 0 0 12060066 633828 12042816 633828 
 14.360 11.007 12254090 0 0 12060066 633828 12042816 633828 
 14.348 11.007 12296346 0 0 12060066 633828 12042816 633828 
 14.314 11.007 12338600 0 0 12060066 633828 12042816 633828 
 14.303 11.007 12380858 0 0 12060066 633828 12042816 633828 
 14.268 11.007 12423114 0 0 12060066 633828 12042816 633828 
 14.257 10.984 12465368 0 0 12060066 633828 12042816 633828 
 14.223 10.984 12507622 0 0 12060066 633828 12042816 633828 
 14.223 10.984 12549878 0 0 12060066 633828 12042816 633828 
 14.211 10.984 12592132 0 0 12060066 633828 12042816 633828 
 14.211 11.007 12634386 0 0 12060066 633828 12042816 633828 
 14.165 10.973 12676642 0 0 12060066 633828 12676642 633826 
 14.188 11.007 12718896 0 0 12693894 633828 12676642 633826 
 14.177 10.996 12761150 0 0 12693894 633828 12676642 633826 
 14.223 11.007 12803406 0 0 12693894 633828 12676642 633826 
 14.211 10.950 12845660 0 0 12693894 633828 12676642 633826 
 14.234 11.019 12887914 0 0 12693894 633828 12676642 633826 
 14.223 11.007 12930170 0 0 12693894 633828 12676642 633826 
 14.257 11.007 12972424 0 0 12693894 633828 12676642 633826 
 14.257 11.007 13014682 0 0 12693894 633828 12676642 633826 
 14.268 10.984 13056936 0 0 12693894 633828 12676642 633826 
 14.268 10.973 13099192 0 0 12693894 633828 12676642 633826 
 14.303 10.996 13141448 0 0 12693894 633828 12676642 633826 
 14.303 11.019 13183702 0 0 12693894 633828 12676642 633826 
 14.314 11.019 13225958 0 0 12693894 633828 12676642 633826 
 14.314 11.007 13268214 0 0 12693894 633828 12676642 633826 
 14.360 11.007 13310468 0 0 12693894 633828 13310468 633826 
 14.326 11.019 13352724 0 0 13327720 633826 13310468 633826 
 14.314 11.019 13394980 0 0 13327720 633826 13310468 633826 
 14.303 11.007 13437236 0 0 13327720 633826 13310468 633826 
 14.303 11.053 13479492 0 0 13327720 633826 13310468 633826 
 14.257 10.984 13521746 0 0 13327720 633826 13310468 633826 
 14.268 11.007 13564002 0 0 13327720 633826 13310468 633826 
 14.234 11.007 13606258 0 0 13327720 633826 13310468 633826 
 14.223 11.019 13648512 0 0 13327720 633826 13310468 633826 
 14.188 11.007 13690768 0 0 13327720 633826 13310468 633826 
 14.177 11.007 13733022 0 0 13327720 633826 13310468 633826 
 14.165 10.973 13775278 0 0 13327720 633826 13310468 633826 
 14.177 11.019 13817532 0 0 13327720 633826 13310468 633826 
 14.131 11.019 13859790 0 0 13327720 633826 13310468 633826 
 14.131 10.961 13902044 0 0 13327720 633826 13310468 633826 
 14.131 10.996 13944298 0 0 13327720 633826 13944298 633830 
 14.131 10.996 13986554 0 0 13961550 633830 13944298 633830 
 14.165 11.007 14028808 0 0 13961550 633830 13944298 633830 
 14.165 11.019 14071062 0 0 13961550 633830 13944298 633830 
 14.177 10.996 14113318 0 0 13961550 633830 13944298 633830 
 14.211 10.984 14155572 0 0 13961550 633830 13944298 633830 
 14.211 10.961 14197828 0 0 13961550 633830 13944298 633830 
 14.223 10.984 14240082 0 0 13961550 633830 13944298 633830 
 14.223 10.973 14282338 0 0 13961550 633830 13944298 633830 
 14.257 11.019 14324596 0 0 13961550 633830 13944298 633830 
 14.257 10.984 14366850 0 0 13961550 633830 13944298 633830 
 14.291 11.007 14409106 0 0 13961550 633830 13944298 633830 
 14.268 11.007 14451360 0 0 13961550 633830 13944298 633830 
 14.303 11.019 14493616 0 0 13961550 633830 13944298 633830 
 14.268 11.007 14535872 0 0 13961550 633830 13944298 633830 
 14.314 11.019 14578128 0 0 13961550 633830 14578128 633830 
 14.303 11.007 14620382 0 0 14595380 633830 14578128 633830 
 14.314 11.053 14662638 0 0 14595380 633830 14578128 633830 
 14.303 11.019 14704892 0 0 14595380 633830 14578128 633830 
 14.303 11.007 14747150 0 0 14595380 633830 14578128 633830 
