Thread[Thread-1,5,main] 4.611 4.977 0 0 0 0 0 0 0 
 5.618 5.057 42254 0 0 17252 17252 0 0 
 6.934 5.149 84508 0 0 17252 17252 0 0 
 8.215 5.297 126764 0 0 17252 17252 0 0 
 9.371 5.435 169020 0 0 17252 17252 0 0 
 10.515 5.664 211274 0 0 17252 17252 0 0 
 11.431 5.961 253528 0 0 17252 17252 0 0 
 12.335 6.247 295784 0 0 17252 17252 0 0 
 13.261 6.579 338040 0 0 17252 17252 338040 338040 
 13.662 6.796 380292 0 0 355290 338038 338040 338040 
 13.673 7.128 422548 0 0 355290 338038 338040 338040 
 13.719 7.437 464802 0 0 355290 338038 338040 338040 
 13.799 7.758 507056 0 0 355290 338038 338040 338040 
 13.902 8.066 549312 0 0 355290 338038 338040 338040 
 13.994 8.353 591566 0 0 355290 338038 338040 338040 
 14.028 8.673 633820 0 0 355290 338038 338040 338040 
 14.074 8.867 676074 0 0 355290 338038 338040 338040 
 14.165 9.096 718330 0 0 355290 338038 718330 380290 
 13.891 9.325 760584 0 0 735582 380292 718330 380290 
 13.399 9.520 802838 0 0 735582 380292 718330 380290 
 13.033 9.783 845094 0 0 735582 380292 718330 380290 
 12.609 9.874 887350 0 0 735582 380292 718330 380290 
 12.209 10.023 929606 0 0 735582 380292 718330 380290 
 11.831 10.195 971860 0 0 735582 380292 718330 380290 
 11.465 10.332 1014116 0 0 735582 380292 718330 380290 
 11.099 10.401 1056370 0 0 735582 380292 718330 380290 
 10.778 10.515 1098626 0 0 735582 380292 718330 380290 
 10.424 10.550 1140878 0 0 735582 380292 718330 380290 
 10.126 10.595 1183134 0 0 735582 380292 718330 380290 
 9.817 10.641 1225388 0 0 735582 380292 718330 380290 
 9.508 10.687 1267642 0 0 735582 380292 718330 380290 
 9.222 10.641 1309896 0 0 735582 380292 718330 380290 
 8.948 10.641 1352152 0 0 735582 380292 1352152 633822 
 8.776 10.641 1394402 0 0 1369402 633820 1352152 633822 
 8.650 10.607 1436656 0 0 1369402 633820 1352152 633822 
 8.478 10.630 1478910 0 0 1369402 633820 1352152 633822 
 8.353 10.584 1521164 0 0 1369402 633820 1352152 633822 
 8.238 10.561 1563420 0 0 1369402 633820 1352152 633822 
 8.135 10.481 1605676 0 0 1369402 633820 1352152 633822 
 8.032 10.458 1647934 0 0 1369402 633820 1647934 295782 
 7.986 10.469 1690188 0 0 1665186 295784 1647934 295782 
 7.952 10.401 1732444 0 0 1665186 295784 1647934 295782 
 7.952 10.309 1774700 0 0 1665186 295784 1647934 295782 
 7.952 10.321 1816952 0 0 1665186 295784 1647934 295782 
 7.975 10.206 1859206 0 0 1665186 295784 1647934 295782 
 7.952 10.183 1901462 0 0 1665186 295784 1647934 295782 
 7.941 10.172 1943718 0 0 1665186 295784 1647934 295782 
 7.906 10.138 1985970 0 0 1665186 295784 1647934 295782 
 7.952 10.057 2028228 0 0 1665186 295784 2028228 380294 
 7.998 10.057 2070482 0 0 2045480 380294 2028228 380294 
 8.032 10.057 2112736 0 0 2045480 380294 2028228 380294 
 8.101 10.057 2154992 0 0 2045480 380294 2028228 380294 
 8.169 9.955 2197246 0 0 2045480 380294 2028228 380294 
 8.227 10.000 2239502 0 0 2045480 380294 2028228 380294 
 8.318 9.966 2281758 0 0 2045480 380294 2028228 380294 
 8.341 9.977 2324012 0 0 2045480 380294 2028228 380294 
 8.410 9.909 2366268 0 0 2045480 380294 2028228 380294 
 8.421 9.955 2408522 0 0 2045480 380294 2028228 380294 
 8.490 9.966 2450776 0 0 2045480 380294 2028228 380294 
 8.581 9.920 2493030 0 0 2045480 380294 2028228 380294 
 8.581 9.955 2535286 0 0 2045480 380294 2028228 380294 
 8.662 9.955 2577540 0 0 2045480 380294 2028228 380294 
 8.662 9.955 2619794 0 0 2045480 380294 2028228 380294 
 8.719 9.989 2662048 0 0 2045480 380294 2662048 633820 
 8.730 9.966 2704304 0 0 2679302 633822 2662048 633820 
 8.696 9.955 2746560 0 0 2679302 633822 2662048 633820 
 8.742 9.920 2788812 0 0 2679302 633822 2662048 633820 
 8.730 9.977 2831068 0 0 2679302 633822 2662048 633820 
 8.742 9.989 2873324 0 0 2679302 633822 2662048 633820 
 8.707 9.955 2915582 0 0 2679302 633822 2662048 633820 
 8.696 10.000 2957836 0 0 2679302 633822 2662048 633820 
 8.730 9.966 3000092 0 0 2679302 633822 3000092 338044 
 8.684 9.955 3042346 0 0 3015424 336122 3000092 338044 
 8.730 10.000 3084600 0 0 3015424 336122 3000092 338044 
 8.696 10.012 3126854 0 0 3015424 336122 3000092 338044 
 8.719 10.000 3169108 0 0 3015424 336122 3000092 338044 
 8.719 10.012 3211364 0 0 3015424 336122 3000092 338044 
 8.719 9.989 3253618 0 0 3015424 336122 3000092 338044 
 8.696 10.000 3295872 0 0 3015424 336122 3000092 338044 
 8.696 10.012 3338128 0 0 3015424 336122 3000092 338044 
 8.673 10.000 3380384 0 0 3015424 336122 3380384 380292 
 8.684 10.000 3422636 0 0 3397634 382210 3380384 380292 
 8.684 10.012 3464890 0 0 3397634 382210 3380384 380292 
 8.673 10.000 3507144 0 0 3397634 382210 3380384 380292 
 8.684 10.023 3549400 0 0 3397634 382210 3380384 380292 
 8.639 10.046 3591654 0 0 3397634 382210 3380384 380292 
 8.627 10.046 3633910 0 0 3397634 382210 3380384 380292 
 8.662 10.012 3676164 0 0 3397634 382210 3380384 380292 
 8.650 10.046 3718418 0 0 3397634 382210 3380384 380292 
 8.673 10.000 3760676 0 0 3397634 382210 3760676 380292 
 8.639 10.000 3802928 0 0 3777928 380294 3760676 380292 
 8.684 10.012 3845186 0 0 3777928 380294 3760676 380292 
 8.662 10.057 3887440 0 0 3777928 380294 3760676 380292 
 8.593 10.000 3929696 0 0 3777928 380294 3760676 380292 
 8.662 10.069 3971952 0 0 3777928 380294 3760676 380292 
 8.639 10.092 4014208 0 0 3777928 380294 3760676 380292 
 8.627 10.012 4056460 0 0 3777928 380294 3760676 380292 
 8.627 9.989 4098718 0 0 3777928 380294 3760676 380292 
 8.627 10.046 4140972 0 0 3777928 380294 4140972 380296 
 8.639 10.057 4183226 0 0 4158224 380296 4140972 380296 
 8.627 10.057 4225480 0 0 4158224 380296 4140972 380296 
 8.581 10.092 4267736 0 0 4158224 380296 4140972 380296 
 8.593 10.069 4309990 0 0 4158224 380296 4140972 380296 
 8.593 10.057 4352244 0 0 4158224 380296 4140972 380296 
 8.547 10.046 4394498 0 0 4158224 380296 4140972 380296 
 8.547 10.046 4436752 0 0 4158224 380296 4140972 380296 
 8.513 10.069 4479006 0 0 4158224 380296 4140972 380296 
 8.467 9.977 4521264 0 0 4158224 380296 4521264 380292 
 8.536 10.000 4563518 0 0 4538516 380292 4521264 380292 
 8.547 10.057 4605772 0 0 4538516 380292 4521264 380292 
 8.547 10.046 4648026 0 0 4538516 380292 4521264 380292 
 8.593 10.012 4690284 0 0 4538516 380292 4521264 380292 
 8.616 10.012 4732536 0 0 4538516 380292 4521264 380292 
 8.581 10.012 4774794 0 0 4538516 380292 4521264 380292 
 8.581 10.012 4817050 0 0 4538516 380292 4521264 380292 
 8.650 10.012 4859304 0 0 4538516 380292 4521264 380292 
 8.604 10.012 4901558 0 0 4538516 380292 4521264 380292 
 8.627 10.000 4943814 0 0 4538516 380292 4521264 380292 
 8.673 10.046 4986070 0 0 4538516 380292 4521264 380292 
 8.662 10.035 5028324 0 0 4538516 380292 4521264 380292 
 8.673 10.023 5070580 0 0 4538516 380292 4521264 380292 
 8.650 10.035 5112836 0 0 4538516 380292 4521264 380292 
 8.696 9.955 5155090 0 0 4538516 380292 5155090 633826 
 8.707 10.012 5197344 0 0 5172342 633826 5155090 633826 
 8.673 10.046 5239598 0 0 5172342 633826 5155090 633826 
 8.639 9.989 5281852 0 0 5172342 633826 5155090 633826 
 8.673 10.046 5324106 0 0 5172342 633826 5155090 633826 
 8.673 10.012 5366360 0 0 5172342 633826 5155090 633826 
 8.707 10.012 5408614 0 0 5172342 633826 5155090 633826 
 8.650 10.046 5450870 0 0 5172342 633826 5155090 633826 
 8.673 10.046 5493126 0 0 5172342 633826 5155090 633826 
 8.639 10.000 5535382 0 0 5172342 633826 5155090 633826 
 8.662 10.057 5577640 0 0 5172342 633826 5577640 422550 
 8.627 10.012 5619894 0 0 5594892 422550 5577640 422550 
 8.627 10.046 5662152 0 0 5594892 422550 5577640 422550 
 8.627 10.057 5704404 0 0 5594892 422550 5577640 422550 
 8.627 10.046 5746658 0 0 5594892 422550 5577640 422550 
 8.581 10.080 5788914 0 0 5594892 422550 5577640 422550 
 8.593 10.012 5831170 0 0 5594892 422550 5577640 422550 
 8.570 10.046 5873424 0 0 5594892 422550 5577640 422550 
 8.536 10.069 5915678 0 0 5594892 422550 5915678 338038 
 8.604 10.057 5957934 0 0 5932930 338038 5915678 338038 
 8.536 10.023 6000190 0 0 5932930 338038 5915678 338038 
 8.524 10.103 6042444 0 0 5932930 338038 5915678 338038 
 8.513 10.046 6084698 0 0 5932930 338038 5915678 338038 
 8.536 10.046 6126952 0 0 5932930 338038 5915678 338038 
 8.536 10.035 6169206 0 0 5932930 338038 5915678 338038 
 8.513 10.012 6211460 0 0 5932930 338038 5915678 338038 
 8.490 10.012 6253714 0 0 5932930 338038 5915678 338038 
 8.478 9.989 6295970 0 0 5932930 338038 6295970 380292 
 8.490 10.046 6338224 0 0 6313222 380292 6295970 380292 
 8.524 9.977 6380480 0 0 6313222 380292 6295970 380292 
 8.581 10.023 6422734 0 0 6313222 380292 6295970 380292 
 8.547 10.000 6464990 0 0 6313222 380292 6295970 380292 
 8.536 10.000 6507244 0 0 6313222 380292 6295970 380292 
 8.593 10.069 6549500 0 0 6313222 380292 6295970 380292 
 8.570 10.012 6591754 0 0 6313222 380292 6295970 380292 
 8.547 10.000 6634008 0 0 6313222 380292 6295970 380292 
 8.547 10.092 6676262 0 0 6313222 380292 6295970 380292 
 8.547 10.012 6718518 0 0 6313222 380292 6295970 380292 
 8.593 9.966 6760776 0 0 6313222 380292 6295970 380292 
 8.581 10.000 6803030 0 0 6313222 380292 6295970 380292 
 8.627 10.012 6845286 0 0 6313222 380292 6845286 549316 
 8.593 10.000 6887542 0 0 6862538 549316 6845286 549316 
 8.593 10.000 6929796 0 0 6862538 549316 6845286 549316 
 8.593 10.012 6972050 0 0 6862538 549316 6845286 549316 
 8.581 10.057 7014306 0 0 6862538 549316 6845286 549316 
 8.581 10.046 7056560 0 0 6862538 549316 6845286 549316 
 8.570 10.023 7098814 0 0 6862538 549316 6845286 549316 
 8.536 10.046 7141070 0 0 6862538 549316 6845286 549316 
 8.616 10.012 7183326 0 0 6862538 549316 6845286 549316 
 8.627 10.000 7225582 0 0 6862538 549316 7225582 380296 
 8.570 10.000 7267836 0 0 7242834 380296 7225582 380296 
 8.547 9.977 7310090 0 0 7242834 380296 7225582 380296 
 8.547 10.057 7352344 0 0 7242834 380296 7225582 380296 
 8.547 10.000 7394600 0 0 7242834 380296 7225582 380296 
 8.536 9.989 7436856 0 0 7242834 380296 7225582 380296 
 8.559 10.012 7479112 0 0 7242834 380296 7225582 380296 
 8.536 10.046 7521366 0 0 7242834 380296 7225582 380296 
 8.536 10.000 7563620 0 0 7242834 380296 7225582 380296 
 8.547 9.977 7605874 0 0 7242834 380296 7225582 380296 
 8.547 10.000 7648130 0 0 7242834 380296 7648130 422548 
 8.536 10.057 7690384 0 0 7665382 422548 7648130 422548 
 8.547 9.955 7732640 0 0 7665382 422548 7648130 422548 
 8.501 10.000 7774896 0 0 7665382 422548 7648130 422548 
 8.536 10.000 7817152 0 0 7665382 422548 7648130 422548 
 8.513 10.012 7859406 0 0 7665382 422548 7648130 422548 
 8.536 9.989 7901660 0 0 7665382 422548 7648130 422548 
 8.536 10.012 7943916 0 0 7665382 422548 7648130 422548 
 8.501 10.092 7986170 0 0 7665382 422548 7648130 422548 
 8.536 10.012 8028426 0 0 7665382 422548 7648130 422548 
 8.513 10.012 8070682 0 0 7665382 422548 7648130 422548 
 8.536 10.000 8112936 0 0 7665382 422548 8112936 464806 
 8.593 9.989 8155190 0 0 8130188 464806 8112936 464806 
 8.581 10.000 8197446 0 0 8130188 464806 8112936 464806 
 8.547 10.000 8239700 0 0 8130188 464806 8112936 464806 
 8.581 10.000 8281956 0 0 8130188 464806 8112936 464806 
 8.547 10.023 8324210 0 0 8130188 464806 8112936 464806 
 8.547 10.000 8366464 0 0 8130188 464806 8112936 464806 
 8.581 10.000 8408718 0 0 8130188 464806 8112936 464806 
 9.005 10.172 8450974 0 0 8130188 464806 8112936 464806 
 9.279 10.092 8493228 0 0 8130188 464806 8112936 464806 
 9.634 10.138 8535484 0 0 8130188 464806 8112936 464806 
 9.966 10.149 8577738 0 0 8130188 464806 8577738 464802 
 10.286 10.241 8619994 0 0 8594990 464802 8577738 464802 
 10.607 10.252 8662248 0 0 8594990 464802 8577738 464802 
 10.961 10.321 8704502 0 0 8594990 464802 8577738 464802 
 11.293 10.412 8746760 0 0 8594990 464802 8577738 464802 
 11.568 10.515 8789012 0 0 8594990 464802 8577738 464802 
 11.865 10.527 8831270 0 0 8594990 464802 8577738 464802 
 12.151 10.653 8873524 0 0 8594990 464802 8577738 464802 
 12.380 10.733 8915780 0 0 8594990 464802 8577738 464802 
 12.586 10.881 8958034 0 0 8594990 464802 8577738 464802 
 12.849 11.042 9000292 0 0 8594990 464802 8577738 464802 
 13.055 11.133 9042548 0 0 8594990 464802 8577738 464802 
 13.296 11.202 9084802 0 0 8594990 464802 9084802 507064 
 12.975 11.328 9127058 0 0 9102054 507064 9084802 507064 
 12.197 11.350 9169314 0 0 9102054 507064 9084802 507064 
 11.511 11.373 9211570 0 0 9102054 507064 9084802 507064 
 10.778 11.511 9253826 0 0 9102054 507064 9084802 507064 
 10.092 11.511 9296082 0 0 9102054 507064 9084802 507064 
 9.451 11.511 9338336 0 0 9102054 507064 9084802 507064 
 8.822 11.442 9380590 0 0 9102054 507064 9084802 507064 
 8.250 11.408 9422846 0 0 9102054 507064 9084802 507064 
 7.666 11.328 9465102 0 0 9102054 507064 9084802 507064 
 7.117 11.259 9507358 0 0 9102054 507064 9084802 507064 
 6.590 11.145 9549614 0 0 9102054 507064 9084802 507064 
 6.110 10.984 9591870 0 0 9102054 507064 9591870 507068 
 5.835 10.870 9634122 0 0 9609122 507068 9591870 507068 
 5.927 10.710 9676378 0 0 9609122 507068 9591870 507068 
 6.075 10.572 9718634 0 0 9609122 507068 9591870 507068 
 6.156 10.458 9760888 0 0 9609122 507068 9591870 507068 
 6.293 10.321 9803142 0 0 9609122 507068 9591870 507068 
 6.430 10.149 9845398 0 0 9609122 507068 9591870 507068 
 6.533 10.115 9887652 0 0 9609122 507068 9591870 507068 
 6.659 10.057 9929906 0 0 9609122 507068 9591870 507068 
 6.751 9.874 9972160 0 0 9609122 507068 9591870 507068 
 6.865 9.829 10014416 0 0 9609122 507068 9591870 507068 
 6.934 9.749 10056672 0 0 9609122 507068 9591870 507068 
 7.037 9.680 10098928 0 0 9609122 507068 9591870 507068 
 7.094 9.680 10141184 0 0 9609122 507068 10141184 549314 
 7.266 9.588 10183438 0 0 10158436 549314 10141184 549314 
 7.449 9.588 10225694 0 0 10158436 549314 10141184 549314 
 7.632 9.543 10267948 0 0 10158436 549314 10141184 549314 
 7.826 9.543 10310202 0 0 10158436 549314 10141184 549314 
 8.032 9.543 10352456 0 0 10158436 549314 10141184 549314 
 8.192 9.497 10394710 0 0 10158436 549314 10141184 549314 
 8.456 9.508 10436966 0 0 10158436 549314 10141184 549314 
 8.501 9.554 10479220 0 0 10158436 549314 10141184 549314 
 8.719 9.588 10521474 0 0 10158436 549314 10141184 549314 
 8.913 9.543 10563728 0 0 10158436 549314 10141184 549314 
 9.039 9.611 10605984 0 0 10158436 549314 10141184 549314 
 9.165 9.646 10648238 0 0 10158436 549314 10141184 549314 
 9.279 9.634 10690490 0 0 10158436 549314 10141184 549314 
 9.451 9.691 10732746 0 0 10158436 549314 10141184 549314 
 9.600 9.726 10775004 0 0 10158436 549314 10775004 633820 
 9.577 9.771 10817256 0 0 10792256 633820 10775004 633820 
 9.543 9.771 10859510 0 0 10792256 633820 10775004 633820 
 9.462 9.829 10901766 0 0 10792256 633820 10775004 633820 
 9.428 9.874 10944022 0 0 10792256 633820 10775004 633820 
 9.325 9.909 10986276 0 0 10792256 633820 10775004 633820 
 9.371 9.909 11028532 0 0 10792256 633820 10775004 633820 
 9.268 9.966 11070786 0 0 10792256 633820 10775004 633820 
 9.211 10.000 11113040 0 0 10792256 633820 10775004 633820 
 9.176 10.000 11155296 0 0 10792256 633820 10775004 633820 
 9.154 10.092 11197552 0 0 10792256 633820 10775004 633820 
 9.039 10.023 11239806 0 0 10792256 633820 10775004 633820 
 9.051 10.103 11282060 0 0 10792256 633820 10775004 633820 
 9.028 10.092 11324316 0 0 10792256 633820 10775004 633820 
 8.948 10.183 11366570 0 0 10792256 633820 10775004 633820 
 8.948 10.069 11408826 0 0 10792256 633820 11408826 633822 
 8.856 10.103 11451080 0 0 11426076 633820 11408826 633822 
 8.787 10.138 11493336 0 0 11426076 633820 11408826 633822 
 8.764 10.103 11535590 0 0 11426076 633820 11408826 633822 
 8.719 10.103 11577844 0 0 11426076 633820 11408826 633822 
 8.673 10.115 11620100 0 0 11426076 633820 11408826 633822 
 8.581 10.138 11704612 0 0 11426076 633820 11704612 295786 
 8.536 10.126 11746866 0 0 11721864 295788 11704612 295786 
 8.570 10.092 11789120 0 0 11721864 295788 11704612 295786 
 8.501 10.103 11831378 0 0 11721864 295788 11704612 295786 
 8.524 10.046 11873634 0 0 11721864 295788 11704612 295786 
 8.456 10.092 11915886 0 0 11721864 295788 11704612 295786 
 8.421 10.057 11958142 0 0 11721864 295788 11704612 295786 
 8.433 10.046 12000398 0 0 11721864 295788 11704612 295786 
 8.398 10.092 12042652 0 0 11721864 295788 12042652 338040 
 8.364 10.092 12084908 0 0 12059904 338040 12042652 338040 
 8.364 10.012 12127164 0 0 12059904 338040 12042652 338040 
 8.444 10.023 12169418 0 0 12059904 338040 12042652 338040 
 8.433 10.012 12211672 0 0 12059904 338040 12042652 338040 
 8.364 10.012 12253926 0 0 12059904 338040 12042652 338040 
 8.375 10.000 12296180 0 0 12059904 338040 12042652 338040 
 8.398 10.000 12338436 0 0 12059904 338040 12042652 338040 
 8.375 9.966 12380692 0 0 12059904 338040 12042652 338040 
 8.410 10.012 12422946 0 0 12059904 338040 12042652 338040 
 8.353 9.966 12465200 0 0 12059904 338040 12042652 338040 
 8.398 9.932 12507456 0 0 12059904 338040 12507456 464804 
 8.398 9.943 12549708 0 0 12524706 464802 12507456 464804 
 8.410 9.955 12591962 0 0 12524706 464802 12507456 464804 
 8.490 9.943 12634220 0 0 12524706 464802 12507456 464804 
 8.513 9.955 12676472 0 0 12524706 464802 12507456 464804 
 8.490 9.920 12718728 0 0 12524706 464802 12507456 464804 
 8.547 9.977 12760984 0 0 12524706 464802 12507456 464804 
 8.604 9.920 12803240 0 0 12524706 464802 12507456 464804 
 8.570 9.977 12845498 0 0 12524706 464802 12507456 464804 
 8.581 10.046 12887752 0 0 12524706 464802 12507456 464804 
 8.627 9.955 12930008 0 0 12524706 464802 12507456 464804 
 8.627 9.966 12972266 0 0 12524706 464802 12507456 464804 
 8.650 9.955 13014522 0 0 12524706 464802 12507456 464804 
 8.673 10.000 13056776 0 0 12524706 464802 12507456 464804 
 8.742 9.955 13099030 0 0 12524706 464802 12507456 464804 
 8.719 10.000 13141286 0 0 12524706 464802 13141286 633830 
 8.707 10.023 13183540 0 0 13158538 633832 13141286 633830 
 8.684 10.023 13225796 0 0 13158538 633832 13141286 633830 
 8.684 10.012 13268052 0 0 13158538 633832 13141286 633830 
 8.662 10.046 13310308 0 0 13158538 633832 13141286 633830 
 8.684 10.012 13352562 0 0 13158538 633832 13141286 633830 
 8.650 10.000 13394818 0 0 13158538 633832 13141286 633830 
 8.673 10.000 13437074 0 0 13158538 633832 13141286 633830 
 8.684 9.966 13479328 0 0 13158538 633832 13479328 338042 
 8.604 10.000 13521582 0 0 13496580 338042 13479328 338042 
 8.639 10.046 13563838 0 0 13496580 338042 13479328 338042 
 8.593 10.000 13606094 0 0 13496580 338042 13479328 338042 
 8.581 10.012 13648348 0 0 13496580 338042 13479328 338042 
 8.581 10.000 13690604 0 0 13496580 338042 13479328 338042 
 8.581 10.012 13732860 0 0 13496580 338042 13479328 338042 
 8.593 9.977 13775114 0 0 13496580 338042 13479328 338042 
 8.627 9.966 13817368 0 0 13496580 338042 13479328 338042 
 8.559 10.000 13859624 0 0 13496580 338042 13859624 380296 
 8.570 9.977 13901878 0 0 13876876 380296 13859624 380296 
 8.581 10.012 13944132 0 0 13876876 380296 13859624 380296 
 8.581 10.012 13986384 0 0 13876876 380296 13859624 380296 
 8.547 9.966 14028640 0 0 13876876 380296 13859624 380296 
 8.536 10.000 14070898 0 0 13876876 380296 13859624 380296 
 8.604 10.046 14113154 0 0 13876876 380296 13859624 380296 
 8.547 10.012 14155410 0 0 13876876 380296 13859624 380296 
 8.547 10.023 14197664 0 0 13876876 380296 13859624 380296 
 8.581 9.966 14239920 0 0 13876876 380296 13859624 380296 
 8.547 10.012 14282174 0 0 13876876 380296 13859624 380296 
 8.547 9.966 14324432 0 0 13876876 380296 14324432 464808 
 8.559 10.046 14366684 0 0 14341682 464806 14324432 464808 
 8.547 10.046 14408940 0 0 14341682 464806 14324432 464808 
 8.627 9.966 14451196 0 0 14341682 464806 14324432 464808 
 8.570 10.012 14493450 0 0 14341682 464806 14324432 464808 
 8.593 10.012 14535706 0 0 14341682 464806 14324432 464808 
 8.593 10.012 14577960 0 0 14341682 464806 14324432 464808 
 8.639 10.035 14620214 0 0 14341682 464806 14324432 464808 
 8.593 10.012 14662470 0 0 14341682 464806 14324432 464808 
 8.616 10.012 14704724 0 0 14341682 464806 14324432 464808 
 8.604 10.000 14746980 0 0 14341682 464806 14324432 464808 
