Thread[Thread-1,5,main] 4.496 5.023 0 0 0 0 0 0 0  4.976 0 
 5.698 5.137 42258 0 0 17252 17252 42258 42258  9.839 1 
 6.957 5.194 84510 0 0 59508 42256 84510 42252  14.644 2 
 7.998 5.332 126766 0 0 101762 42254 126766 42256  19.311 3 
 8.993 5.492 169020 0 0 144018 42256 169020 42254  23.819 4 
 9.783 5.652 211274 0 0 186272 42254 211274 42254  28.166 5 
 10.447 5.881 253528 0 0 228530 42258 253528 42254  32.285 6 
 10.984 6.178 295786 0 0 270782 42252 295786 42258  36.106 7 
 11.419 6.419 338040 0 0 313038 42256 338040 42254  39.687 8 
 11.740 6.625 380294 0 0 355292 42254 380294 42254  43.061 9 
 11.980 6.934 422552 0 0 397550 42258 422552 42258  46.127 10 
 12.197 7.048 464806 0 0 439804 42254 464806 42254  49.079 11 
 12.243 7.346 507060 0 0 482058 42254 507060 42254  51.733 12 
 12.335 7.643 549314 0 0 524310 42252 549314 42254  54.089 13 
 12.346 7.895 591568 0 0 566568 42258 591568 42254  56.194 14 
 12.346 8.101 633822 0 0 608820 42252 633822 42254  58.092 15 
 12.243 8.330 676076 0 0 651074 42254 676076 42254  59.762 16 
 12.209 8.490 718332 0 0 693328 42254 718332 42256  61.272 17 
 12.071 8.730 760586 0 0 735584 42256 760586 42254  62.541 18 
 11.923 8.856 802840 0 0 777836 42252 802840 42254  63.685 19 
 11.774 9.016 845096 0 0 820092 42256 845096 42256  64.668 20 
 11.648 9.188 887350 0 0 862348 42256 887350 42254  65.479 21 
 11.442 9.325 929604 0 0 904602 42254 929604 42254  66.154 22 
 11.293 9.462 971860 0 0 946856 42254 971860 42256  66.691 23 
 11.076 9.611 1014116 0 0 989112 42256 1014116 42256  67.079 24 
 10.927 9.680 1056372 0 0 1031368 42256 1056372 42256  67.399 25 
 10.698 9.771 1098626 0 0 1073626 42258 1098626 42254  67.627 26 
 10.550 9.874 1140880 0 0 1115876 42250 1140880 42254  67.752 27 
 10.332 9.955 1183136 0 0 1158132 42256 1183136 42256  67.797 28 
 10.149 9.977 1225392 0 0 1200388 42256 1225392 42256  67.819 29 
 9.989 10.012 1267646 0 0 1242646 42258 1267646 42254  67.831 30 
 9.829 10.103 1309902 0 0 1284898 42252 1309902 42256  67.935 31 
 9.714 10.160 1352158 0 0 1327158 42260 1352158 42256  68.096 32 
 9.543 10.183 1394414 0 0 1369412 42254 1394414 42256  68.280 33 
 9.394 10.195 1436670 0 0 1411668 42256 1436670 42256  68.475 34 
 9.291 10.206 1478928 0 0 1453924 42256 1478928 42258  68.682 35 
 9.165 10.195 1521182 0 0 1496180 42256 1521182 42254  68.877 36 
 9.096 10.241 1563438 0 0 1538434 42254 1563438 42256  69.118 37 
 9.005 10.275 1605694 0 0 1580690 42256 1605694 42256  69.394 38 
 8.902 10.206 1647948 0 0 1622946 42256 1647948 42254  69.600 39 
 8.822 10.229 1690202 0 0 1665202 42256 1690202 42254  69.830 40 
 8.742 10.229 1732456 0 0 1707454 42252 1732456 42254  70.060 41 
 8.684 10.195 1774710 0 0 1749706 42252 1774710 42254  70.255 42 
 8.650 10.195 1816964 0 0 1791962 42256 1816964 42254  70.450 43 
 8.593 10.206 1859218 0 0 1834216 42254 1859218 42254  70.657 44 
 8.581 10.195 1901474 0 0 1876468 42252 1901474 42256  70.852 45 
 8.547 10.183 1943728 0 0 1918726 42258 1943728 42254  71.036 46 
 8.513 10.149 1985984 0 0 1960978 42252 1985984 42256  71.186 47 
 8.513 10.138 2028238 0 0 2003236 42258 2028238 42254  71.324 48 
 8.490 10.138 2070492 0 0 2045490 42254 2070492 42254  71.462 49 
 8.490 10.080 2112746 0 0 2087744 42254 2112746 42254  71.543 50 
 8.490 10.103 2155002 0 0 2129998 42254 2155002 42256  71.646 51 
 8.490 10.103 2197256 0 0 2172252 42254 2197256 42254  71.750 52 
 8.524 10.023 2239512 0 0 2214508 42256 2239512 42256  71.774 53 
 8.490 10.046 2281768 0 0 2256764 42256 2281768 42256  71.820 54 
 8.501 10.057 2324026 0 0 2299018 42254 2324026 42258  71.878 55 
 8.478 10.023 2366278 0 0 2341276 42258 2366278 42252  71.902 56 
 8.501 10.057 2408536 0 0 2383532 42256 2408536 42258  71.960 57 
 8.536 10.012 2450792 0 0 2425788 42256 2450792 42256  71.972 58 
 8.581 10.012 2493044 0 0 2468044 42256 2493044 42252  71.985 59 
 8.547 10.000 2535298 0 0 2510298 42254 2535298 42254  71.985 60 
 8.581 10.012 2577554 0 0 2552552 42254 2577554 42256  71.998 61 
 8.581 10.000 2619808 0 0 2594804 42252 2619808 42254  71.998 62 
 8.593 10.012 2662064 0 0 2637060 42256 2662064 42256  72.011 63 
 8.581 9.966 2704320 0 0 2679314 42254 2704320 42256  72.044 64 
 8.581 9.932 2746576 0 0 2721572 42258 2746576 42256  72.112 65 
 8.627 9.943 2788830 0 0 2763828 42256 2788830 42254  72.168 66 
 8.639 9.955 2831084 0 0 2806082 42254 2831084 42254  72.213 67 
 8.639 9.932 2873338 0 0 2848336 42254 2873338 42254  72.281 68 
 8.673 9.966 2915594 0 0 2890590 42254 2915594 42256  72.315 69 
 8.639 9.966 2957848 0 0 2932846 42256 2957848 42254  72.348 70 
 8.684 9.966 3000104 0 0 2975100 42254 3000104 42256  72.382 71 
 8.673 9.932 3042360 0 0 3017356 42256 3042360 42256  72.450 72 
 8.707 9.920 3084612 0 0 3059610 42254 3084612 42252  72.529 73 
 8.673 9.932 3126866 0 0 3101864 42254 3126866 42254  72.597 74 
 8.707 9.920 3169120 0 0 3144118 42254 3169120 42254  72.676 75 
 8.719 9.874 3211374 0 0 3186372 42254 3211374 42254  72.801 76 
 8.730 9.920 3253628 0 0 3228626 42254 3253628 42254  72.881 77 
 8.764 9.886 3295884 0 0 3270880 42254 3295884 42256  72.994 78 
 8.742 9.920 3338138 0 0 3313134 42254 3338138 42254  73.074 79 
 8.719 9.886 3380392 0 0 3355388 42254 3380392 42254  73.187 80 
 8.776 9.909 3422650 0 0 3397644 42256 3422650 42258  73.278 81 
 8.787 9.955 3464904 0 0 3439900 42256 3464904 42254  73.323 82 
 8.764 9.955 3507160 0 0 3482156 42256 3507160 42256  73.368 83 
 8.776 9.863 3549414 0 0 3524410 42254 3549414 42254  73.505 84 
 8.822 9.920 3591670 0 0 3566668 42258 3591670 42256  73.584 85 
 8.776 9.909 3633922 0 0 3608922 42254 3633922 42252  73.675 86 
 8.799 9.909 3676178 0 0 3651176 42254 3676178 42256  73.765 87 
 8.822 9.920 3718434 0 0 3693430 42254 3718434 42256  73.845 88 
 8.845 9.955 3760688 0 0 3735686 42256 3760688 42254  73.890 89 
 8.776 9.920 3802944 0 0 3777938 42252 3802944 42256  73.969 90 
 8.822 9.955 3845200 0 0 3820196 42258 3845200 42256  74.014 91 
 8.787 9.909 3887454 0 0 3862450 42254 3887454 42254  74.105 92 
 8.810 9.989 3929708 0 0 3904706 42256 3929708 42254  74.116 93 
 8.822 9.932 3971964 0 0 3946960 42254 3971964 42256  74.183 94 
 8.776 9.966 4014218 0 0 3989214 42254 4014218 42254  74.217 95 
 8.787 9.955 4056474 0 0 4031470 42256 4056474 42256  74.262 96 
 8.822 10.012 4098730 0 0 4073726 42256 4098730 42256  74.274 97 
 8.776 9.932 4140984 0 0 4115982 42256 4140984 42254  74.342 98 
 8.776 9.920 4183238 0 0 4158236 42254 4183238 42254  74.421 99 
 8.787 9.955 4225492 0 0 4200490 42254 4225492 42254  74.466 100 
 8.799 9.920 4267748 0 0 4242744 42254 4267748 42256  74.546 101 
 8.799 10.012 4310002 0 0 4285000 42256 4310002 42254  74.558 102 
 8.776 10.000 4352256 0 0 4327252 42252 4352256 42254  74.559 103 
 8.776 9.943 4394510 0 0 4369506 42254 4394510 42254  74.615 104 
 8.776 9.989 4436766 0 0 4411762 42256 4436766 42256  74.626 105 
 8.810 9.966 4479020 0 0 4454018 42256 4479020 42254  74.659 106 
 8.776 10.000 4521276 0 0 4496272 42254 4521276 42256  74.660 107 
 8.764 9.966 4563530 0 0 4538526 42254 4563530 42254  74.694 108 
 8.707 10.012 4605788 0 0 4580782 42256 4605788 42258  74.706 109 
 8.730 9.955 4648044 0 0 4623038 42256 4648044 42256  74.751 110 
 8.719 9.909 4690298 0 0 4665296 42258 4690298 42254  74.842 111 
 8.742 9.955 4732554 0 0 4707550 42254 4732554 42256  74.887 112 
 8.742 9.966 4774808 0 0 4749806 42256 4774808 42254  74.920 113 
 8.730 9.989 4817062 0 0 4792058 42252 4817062 42254  74.931 114 
 8.719 9.943 4859318 0 0 4834316 42258 4859318 42256  74.987 115 
 8.742 9.909 4901574 0 0 4876570 42254 4901574 42256  75.078 116 
 8.730 9.977 4943828 0 0 4918826 42256 4943828 42254  75.100 117 
 8.707 9.920 4986084 0 0 4961080 42254 4986084 42256  75.179 118 
 8.730 9.977 5028338 0 0 5003336 42256 5028338 42254  75.202 119 
 8.742 9.966 5070592 0 0 5045590 42254 5070592 42254  75.235 120 
 8.719 9.955 5112846 0 0 5087844 42254 5112846 42254  75.280 121 
 8.742 9.932 5155100 0 0 5130098 42254 5155100 42254  75.348 122 
 8.742 9.966 5197356 0 0 5172352 42254 5197356 42256  75.382 123 
 8.730 9.966 5239610 0 0 5214608 42256 5239610 42254  75.415 124 
 8.753 9.989 5281864 0 0 5256862 42254 5281864 42254  75.426 125 
 8.730 9.955 5324118 0 0 5299116 42254 5324118 42254  75.471 126 
 8.764 9.932 5366372 0 0 5341370 42254 5366372 42254  75.539 127 
 8.719 9.932 5408628 0 0 5383624 42254 5408628 42256  75.607 128 
 8.730 9.966 5450884 0 0 5425880 42256 5450884 42256  75.640 129 
 8.730 9.955 5493140 0 0 5468136 42256 5493140 42256  75.685 130 
 8.753 10.000 5535396 0 0 5510392 42256 5535396 42256  75.686 131 
 8.764 9.955 5577648 0 0 5552646 42254 5577648 42252  75.731 132 
 8.776 10.000 5619902 0 0 5594900 42254 5619902 42254  75.732 133 
 8.684 9.955 5662158 0 0 5637156 42256 5662158 42256  75.777 134 
 8.696 10.012 5704414 0 0 5679410 42254 5704414 42256  75.789 135 
 8.696 9.955 5746666 0 0 5721666 42256 5746666 42252  75.834 136 
 8.719 9.920 5788922 0 0 5763920 42254 5788922 42256  75.913 137 
 8.719 9.966 5831176 0 0 5806174 42254 5831176 42254  75.947 138 
 8.730 9.966 5873432 0 0 5848430 42256 5873432 42256  75.980 139 
 8.719 9.955 5915686 0 0 5890682 42252 5915686 42254  76.025 140 
 8.730 10.023 5957940 0 0 5932938 42256 5957940 42254  76.049 141 
 8.696 9.977 6000196 0 0 5975192 42254 6000196 42256  76.071 142 
 8.730 9.977 6042452 0 0 6017446 42254 6042452 42256  76.093 143 
 8.730 9.977 6084706 0 0 6059704 42258 6084706 42254  76.115 144 
 8.742 9.977 6126962 0 0 6101956 42252 6126962 42256  76.137 145 
 8.753 9.955 6169216 0 0 6144212 42256 6169216 42254  76.182 146 
 8.730 9.955 6211472 0 0 6186466 42254 6211472 42256  76.227 147 
 8.753 9.966 6253726 0 0 6228724 42258 6253726 42254  76.261 148 
 8.707 9.955 6295980 0 0 6270978 42254 6295980 42254  76.306 149 
 8.719 9.955 6338236 0 0 6313232 42254 6338236 42256  76.351 150 
 8.719 10.000 6380492 0 0 6355488 42256 6380492 42256  76.352 151 
 8.719 9.955 6422746 0 0 6397744 42256 6422746 42254  76.397 152 
 8.730 9.943 6465000 0 0 6439998 42254 6465000 42254  76.453 153 
 8.764 9.920 6507256 0 0 6482252 42254 6507256 42256  76.532 154 
 8.753 9.966 6549510 0 0 6524508 42256 6549510 42254  76.566 155 
 8.730 9.977 6591764 0 0 6566762 42254 6591764 42254  76.588 156 
 8.753 9.920 6634018 0 0 6609016 42254 6634018 42254  76.667 157 
 8.730 9.966 6676272 0 0 6651272 42256 6676272 42254  76.701 158 
 8.730 9.966 6718526 0 0 6693522 42250 6718526 42254  76.734 159 
 8.730 9.955 6760784 0 0 6735780 42258 6760784 42258  76.779 160 
 8.764 9.977 6803038 0 0 6778036 42256 6803038 42254  76.802 161 
 8.776 9.955 6845296 0 0 6820290 42254 6845296 42258  76.847 162 
 8.742 9.966 6887550 0 0 6862546 42256 6887550 42254  76.880 163 
 8.730 9.966 6929804 0 0 6904800 42254 6929804 42254  76.914 164 
 8.730 9.966 6972058 0 0 6947056 42256 6972058 42254  76.947 165 
 8.764 9.920 7014310 0 0 6989310 42254 7014310 42252  77.027 166 
 8.719 9.955 7056566 0 0 7031564 42254 7056566 42256  77.072 167 
 8.753 9.943 7098822 0 0 7073818 42254 7098822 42256  77.128 168 
 8.730 10.012 7141076 0 0 7116074 42256 7141076 42254  77.140 169 
 8.730 9.920 7183332 0 0 7158326 42252 7183332 42256  77.219 170 
 8.776 9.966 7225586 0 0 7200584 42258 7225586 42254  77.253 171 
 8.719 9.943 7267840 0 0 7242838 42254 7267840 42254  77.309 172 
 8.719 10.000 7310096 0 0 7285092 42254 7310096 42256  77.310 173 
 8.719 9.955 7352350 0 0 7327348 42256 7352350 42254  77.355 174 
 8.719 10.000 7394604 0 0 7369602 42254 7394604 42254  77.356 175 
 8.707 9.932 7436860 0 0 7411856 42254 7436860 42256  77.424 176 
 8.696 9.966 7479114 0 0 7454112 42256 7479114 42254  77.457 177 
 8.684 10.012 7521370 0 0 7496366 42254 7521370 42256  77.470 178 
 8.719 9.920 7563624 0 0 7538622 42256 7563624 42254  77.549 179 
 8.684 9.955 7605878 0 0 7580876 42254 7605878 42254  77.594 180 
 8.707 9.955 7648132 0 0 7623130 42254 7648132 42254  77.639 181 
 8.673 9.920 7690386 0 0 7665384 42254 7690386 42254  77.718 182 
 8.696 9.977 7732642 0 0 7707638 42254 7732642 42256  77.740 183 
 8.707 9.955 7774898 0 0 7749894 42256 7774898 42256  77.785 184 
 8.662 9.977 7817156 0 0 7792150 42256 7817156 42258  77.808 185 
 8.696 9.943 7859408 0 0 7834408 42258 7859408 42252  77.864 186 
 8.696 9.977 7901664 0 0 7876662 42254 7901664 42256  77.886 187 
 8.673 9.874 7943922 0 0 7918916 42254 7943922 42258  78.011 188 
 8.696 9.966 7986178 0 0 7961172 42256 7986178 42256  78.045 189 
 8.684 9.920 8028432 0 0 8003430 42258 8028432 42254  78.124 190 
 8.684 9.943 8070686 0 0 8045684 42254 8070686 42254  78.180 191 
 8.696 9.989 8112938 0 0 8087938 42254 8112938 42252  78.191 192 
 8.730 9.909 8155194 0 0 8130192 42254 8155194 42256  78.282 193 
 8.719 9.966 8197448 0 0 8172446 42254 8197448 42254  78.315 194 
 8.707 9.920 8239704 0 0 8214700 42254 8239704 42256  78.395 195 
 8.684 9.932 8281958 0 0 8256956 42256 8281958 42254  78.463 196 
 8.719 9.955 8324212 0 0 8299210 42254 8324212 42254  78.508 197 
 8.696 9.920 8366466 0 0 8341462 42252 8366466 42254  78.587 198 
 8.742 9.955 8408720 0 0 8383718 42256 8408720 42254  0.044 199 
 9.085 10.012 8450976 0 0 8425970 42252 8450976 42256  0.057 200 
 9.417 10.057 8493232 0 0 8468228 42258 8493232 42256  0.115 201 
 9.817 10.092 8535488 0 0 8510482 42254 8535488 42256  0.207 202 
 10.103 10.103 8577744 0 0 8552740 42258 8577744 42256  0.311 203 
 10.424 10.195 8620000 0 0 8594994 42254 8620000 42256  0.506 204 
 10.813 10.195 8662254 0 0 8637252 42258 8662254 42254  0.701 205 
 10.778 10.241 8704510 0 0 8679506 42254 8704510 42256  0.942 206 
 10.561 10.241 8746766 0 0 8721762 42256 8746766 42256  1.184 207 
 10.275 10.355 8789022 0 0 8764018 42256 8789022 42256  1.539 208 
 10.046 10.332 8831278 0 0 8806274 42256 8831278 42256  1.872 209 
 9.817 10.355 8873534 0 0 8848530 42256 8873534 42256  2.227 210 
 9.646 10.469 8915790 0 0 8890786 42256 8915790 42256  2.697 211 
 9.451 10.447 8958046 0 0 8933042 42256 8958046 42256  3.144 212 
 9.279 10.481 9000300 0 0 8975298 42256 9000300 42254  3.625 213 
 9.131 10.504 9042554 0 0 9017552 42254 9042554 42254  4.130 214 
 9.016 10.469 9084812 0 0 9059808 42256 9084812 42258  4.600 215 
 8.822 10.435 9127064 0 0 9102062 42254 9127064 42252  5.035 216 
 8.753 10.469 9169320 0 0 9144318 42256 9169320 42256  5.505 217 
 8.627 10.412 9211576 0 0 9186570 42252 9211576 42256  5.918 218 
 8.593 10.389 9253830 0 0 9228828 42258 9253830 42254  6.308 219 
 8.490 10.366 9296084 0 0 9271082 42254 9296084 42254  6.675 220 
 8.456 10.366 9338338 0 0 9313334 42252 9338338 42254  7.042 221 
 8.364 10.332 9380594 0 0 9355590 42256 9380594 42256  7.374 222 
 8.398 10.275 9422848 0 0 9397846 42256 9422848 42254  7.650 223 
 8.341 10.286 9465104 0 0 9440098 42252 9465104 42256  7.936 224 
 8.330 10.241 9507358 0 0 9482356 42258 9507358 42254  8.177 225 
 8.295 10.195 9549614 0 0 9524608 42252 9549614 42256  8.373 226 
 8.330 10.206 9591870 0 0 9566866 42258 9591870 42256  8.580 227 
 8.318 10.195 9634126 0 0 9609122 42256 9634126 42256  8.775 228 
 8.307 10.195 9676380 0 0 9651378 42256 9676380 42254  8.970 229 
 8.353 10.138 9718634 0 0 9693632 42254 9718634 42254  9.108 230 
 8.318 10.195 9760888 0 0 9735886 42254 9760888 42254  9.304 231 
 8.364 10.103 9803144 0 0 9778140 42254 9803144 42256  9.407 232 
 8.353 10.057 9845398 0 0 9820396 42256 9845398 42254  9.465 233 
 8.353 10.046 9887654 0 0 9862650 42254 9887654 42256  9.512 234 
 8.375 10.046 9929910 0 0 9904906 42256 9929910 42256  9.558 235 
 8.387 10.012 9972162 0 0 9947162 42256 9972162 42252  9.571 236 
 8.456 10.035 10014420 0 0 9989414 42252 10014420 42258  9.606 237 
 8.410 10.012 10056674 0 0 10031670 42256 10056674 42254  9.618 238 
 8.524 10.000 10098928 0 0 10073926 42256 10098928 42254  9.619 239 
 8.456 10.000 10141184 0 0 10116182 42256 10141184 42256  9.619 240 
 8.547 9.977 10183440 0 0 10158438 42256 10183440 42256  9.642 241 
 8.547 9.955 10225696 0 0 10200692 42254 10225696 42256  9.687 242 
 8.547 10.035 10267952 0 0 10242948 42256 10267952 42256  9.722 243 
 8.559 9.955 10310206 0 0 10285202 42254 10310206 42254  9.767 244 
 8.593 9.989 10352462 0 0 10327458 42256 10352462 42256  9.777 245 
 8.593 9.897 10394716 0 0 10369714 42256 10394716 42254  9.880 246 
 8.593 9.932 10436972 0 0 10411968 42254 10436972 42256  9.947 247 
 8.650 9.955 10479228 0 0 10454222 42254 10479228 42256  9.992 248 
 8.673 9.932 10521482 0 0 10496480 42258 10521482 42254  10.060 249 
 8.684 9.920 10563736 0 0 10538734 42254 10563736 42254  10.140 250 
 8.684 9.920 10605990 0 0 10580988 42254 10605990 42254  10.219 251 
 8.707 9.955 10648244 0 0 10623242 42254 10648244 42254  10.264 252 
 8.719 9.943 10690500 0 0 10665496 42254 10690500 42256  10.320 253 
 8.730 9.874 10732754 0 0 10707752 42256 10732754 42254  10.445 254 
 8.719 9.955 10775008 0 0 10750006 42254 10775008 42254  10.490 255 
 8.730 9.909 10817264 0 0 10792260 42254 10817264 42256  10.581 0 
 8.730 9.955 10859520 0 0 10834516 42256 10859520 42256  10.626 1 
 8.764 9.909 10901776 0 0 10876770 42254 10901776 42256  10.717 2 
 8.776 9.920 10944032 0 0 10919026 42256 10944032 42256  10.796 3 
 8.764 9.909 10986286 0 0 10961282 42256 10986286 42254  10.887 4 
 8.764 9.955 11028544 0 0 11003536 42254 11028544 42258  10.932 5 
 8.730 9.920 11070796 0 0 11045794 42258 11070796 42252  11.011 6 
 8.719 9.920 11113052 0 0 11088048 42254 11113052 42256  11.091 7 
 8.730 9.943 11155306 0 0 11130304 42256 11155306 42254  11.147 8 
 8.764 9.966 11197562 0 0 11172560 42256 11197562 42256  11.181 9 
 8.707 9.955 11239814 0 0 11214812 42252 11239814 42252  11.226 10 
 8.764 9.932 11282072 0 0 11257068 42256 11282072 42258  11.294 11 
 8.742 9.909 11324326 0 0 11299322 42254 11324326 42254  11.384 12 
 8.764 9.909 11366580 0 0 11341578 42256 11366580 42254  11.475 13 
 8.753 9.989 11408836 0 0 11383834 42256 11408836 42256  11.486 14 
 8.730 9.955 11451092 0 0 11426088 42254 11451092 42256  11.531 15 
 8.719 9.920 11493348 0 0 11468344 42256 11493348 42256  11.610 16 
 8.719 9.955 11535604 0 0 11510600 42256 11535604 42256  11.655 17 
 8.719 9.920 11577860 0 0 11552854 42254 11577860 42256  11.734 18 
 8.742 9.955 11620116 0 0 11595112 42258 11620116 42256  11.779 19 
 8.764 9.920 11662372 0 0 11637368 42256 11662372 42256  11.859 20 
 8.753 9.966 11704626 0 0 11679624 42256 11704626 42254  11.892 21 
 8.719 9.966 11746880 0 0 11721878 42254 11746880 42254  11.926 22 
 8.776 10.000 11789134 0 0 11764132 42254 11789134 42254  11.927 23 
 8.719 9.943 11831388 0 0 11806384 42252 11831388 42254  11.983 24 
 8.684 9.955 11873642 0 0 11848640 42256 11873642 42254  12.028 25 
 8.696 9.955 11915896 0 0 11890892 42252 11915896 42254  12.073 26 
 8.696 9.920 11958150 0 0 11933150 42258 11958150 42254  12.152 27 
 8.696 9.966 12000406 0 0 11975400 42250 12000406 42256  12.186 28 
 8.730 9.966 12042662 0 0 12017658 42258 12042662 42256  12.219 29 
 8.707 9.955 12084918 0 0 12059912 42254 12084918 42256  12.264 30 
 8.719 9.966 12127174 0 0 12102170 42258 12127174 42256  12.298 31 
 8.719 9.897 12169428 0 0 12144426 42256 12169428 42254  12.400 32 
 8.719 9.955 12211686 0 0 12186680 42254 12211686 42258  12.445 33 
 8.719 9.989 12253938 0 0 12228938 42258 12253938 42252  12.456 34 
 8.719 9.966 12296192 0 0 12271192 42254 12296192 42254  12.489 35 
 8.673 9.966 12338446 0 0 12313444 42252 12338446 42254  12.523 36 
 8.639 9.966 12380702 0 0 12355700 42256 12380702 42256  12.556 37 
 8.650 9.920 12422958 0 0 12397956 42256 12422958 42256  12.636 38 
 8.673 9.966 12465212 0 0 12440210 42254 12465212 42254  12.669 39 
 8.684 9.920 12507466 0 0 12482464 42254 12507466 42254  12.749 40 
 8.719 9.955 12549724 0 0 12524720 42256 12549724 42258  12.794 41 
 8.730 9.909 12591980 0 0 12566976 42256 12591980 42256  12.884 42 
 8.719 9.955 12634234 0 0 12609234 42258 12634234 42254  12.929 43 
 8.742 9.920 12676490 0 0 12651486 42252 12676490 42256  13.009 44 
 8.730 9.966 12718744 0 0 12693740 42254 12718744 42254  13.042 45 
 8.730 9.920 12760998 0 0 12735996 42256 12760998 42254  13.122 46 
 8.719 9.955 12803254 0 0 12778250 42254 12803254 42256  13.167 47 
 8.719 9.943 12845510 0 0 12820506 42256 12845510 42256  13.223 48 
 8.719 9.920 12887766 0 0 12862762 42256 12887766 42256  13.302 49 
 8.719 9.943 12930020 0 0 12905016 42254 12930020 42254  13.359 50 
 8.730 9.966 12972274 0 0 12947272 42256 12972274 42254  13.392 51 
 8.730 9.932 13014528 0 0 12989526 42254 13014528 42254  13.460 52 
 8.719 10.000 13056784 0 0 13031780 42254 13056784 42256  13.461 53 
 8.707 9.955 13099038 0 0 13074034 42254 13099038 42254  13.506 54 
 8.730 9.977 13141294 0 0 13116290 42256 13141294 42256  13.528 55 
 8.764 9.932 13183550 0 0 13158544 42254 13183550 42256  13.596 56 
 8.719 9.920 13225804 0 0 13200802 42258 13225804 42254  13.675 57 
 8.719 9.932 13268058 0 0 13243054 42252 13268058 42254  13.743 58 
 8.719 9.966 13310314 0 0 13285310 42256 13310314 42256  13.777 59 
 8.696 9.920 13352568 0 0 13327566 42256 13352568 42254  13.856 60 
 8.742 9.966 13394824 0 0 13369820 42254 13394824 42256  13.890 61 
 8.719 9.920 13437078 0 0 13412076 42256 13437078 42254  13.969 62 
 8.719 9.966 13479334 0 0 13454332 42256 13479334 42256  14.002 63 
 8.696 10.000 13521590 0 0 13496586 42254 13521590 42256  14.003 64 
 8.696 9.966 13563844 0 0 13538842 42256 13563844 42254  14.037 65 
 8.707 10.000 13606100 0 0 13581094 42252 13606100 42256  14.037 66 
 8.707 9.966 13648354 0 0 13623352 42258 13648354 42254  14.071 67 
 8.673 9.966 13690608 0 0 13665606 42254 13690608 42254  14.105 68 
 8.696 9.966 13732862 0 0 13707860 42254 13732862 42254  14.138 69 
 8.684 9.955 13775116 0 0 13750112 42252 13775116 42254  14.183 70 
 8.730 10.000 13817370 0 0 13792368 42256 13817370 42254  14.184 71 
 8.684 9.955 13859624 0 0 13834620 42252 13859624 42254  14.229 72 
 8.673 9.955 13901878 0 0 13876876 42256 13901878 42254  14.274 73 
 8.639 9.897 13944134 0 0 13919130 42254 13944134 42256  14.376 74 
 8.719 9.989 13986388 0 0 13961386 42256 13986388 42254  14.387 75 
 8.673 9.920 14028642 0 0 14003640 42254 14028642 42254  14.466 76 
 8.673 9.955 14070896 0 0 14045894 42254 14070896 42254  14.511 77 
 8.650 9.966 14113152 0 0 14088148 42254 14113152 42256  14.545 78 
 8.650 9.966 14155406 0 0 14130404 42256 14155406 42254  14.578 79 
 8.627 9.955 14197660 0 0 14172658 42254 14197660 42254  14.623 80 
 8.662 9.955 14239916 0 0 14214912 42254 14239916 42256  14.668 81 
 8.627 9.909 14282170 0 0 14257166 42254 14282170 42254  14.759 82 
 8.639 9.955 14324426 0 0 14299422 42256 14324426 42256  14.804 83 
 8.707 9.897 14366678 0 0 14299422 42256 14366678 42252  14.906 83 
 8.684 9.989 14408934 0 0 14383928 84506 14408934 42256  14.917 84 
 8.639 10.012 14451190 0 0 14426184 42256 14451190 42256  14.929 85 
 8.650 9.955 14493446 0 0 14468442 42258 14493446 42256  14.974 86 
 8.639 9.909 14535700 0 0 14510698 42256 14535700 42254  15.065 87 
 8.684 9.955 14577954 0 0 14552954 42256 14577954 42254  15.110 88 
 8.627 9.966 14620210 0 0 14595208 42254 14620210 42256  15.143 89 
 8.650 9.909 14662464 0 0 14637462 42254 14662464 42254  15.234 90 
 8.627 9.920 14704720 0 0 14679716 42254 14704720 42256  15.313 91 
 8.673 9.920 14746976 0 0 14721970 42254 14746976 42256  15.393 92 
