Thread[Thread-1,5,main] 4.691 4.977 0 0 0 0 0 0 0  5.022 0 
 5.904 5.069 42254 0 0 17252 17252 42254 42254  9.953 1 
 7.071 5.160 84508 0 0 59506 42254 84508 42254  14.792 2 
 8.135 5.286 126762 0 0 101762 42256 126762 42254  19.506 3 
 9.154 5.423 169016 0 0 144016 42254 169016 42254  24.082 4 
 9.852 5.618 211270 0 0 186270 42254 211270 42254  28.464 5 
 10.527 5.858 253526 0 0 228524 42254 253526 42256  32.605 6 
 11.110 6.110 295778 0 0 270778 42254 295778 42252  36.495 7 
 11.556 6.327 338032 0 0 313030 42252 338032 42254  40.167 8 
 11.831 6.625 380290 0 0 355286 42256 380290 42258  43.542 9 
 12.071 6.831 422544 0 0 397542 42256 422544 42254  46.711 10 
 12.300 7.140 464800 0 0 439796 42254 464800 42256  49.571 11 
 12.438 7.368 507054 0 0 482052 42256 507054 42254  52.202 12 
 12.483 7.586 549308 0 0 524306 42254 549308 42254  54.615 13 
 12.518 7.849 591562 0 0 566560 42254 591562 42254  56.766 14 
 12.518 8.135 633816 0 0 608814 42254 633816 42254  58.630 15 
 12.426 8.318 676070 0 0 651068 42254 676070 42254  60.311 16 
 12.380 8.456 718324 0 0 693322 42254 718324 42254  61.855 17 
 12.243 8.719 760578 0 0 735576 42254 760578 42254  63.136 18 
 12.071 8.902 802832 0 0 777830 42254 802832 42254  64.234 19 
 11.934 9.005 845088 0 0 820084 42254 845088 42256  65.229 20 
 11.751 9.234 887342 0 0 862340 42256 887342 42254  65.994 21 
 11.591 9.325 929596 0 0 904594 42254 929596 42254  66.669 22 
 11.419 9.462 971850 0 0 946848 42254 971850 42254  67.206 23 
 11.225 9.554 1014104 0 0 989102 42254 1014104 42254  67.651 24 
 11.019 9.680 1056358 0 0 1031358 42256 1056358 42254  67.971 25 
 10.847 9.817 1098614 0 0 1073610 42252 1098614 42256  68.153 26 
 10.664 9.874 1140868 0 0 1115866 42256 1140868 42254  68.278 27 
 10.469 9.966 1183122 0 0 1158120 42254 1183122 42254  68.312 28 
 10.286 10.023 1225376 0 0 1200374 42254 1225376 42254  68.335 29 
 10.115 10.092 1267630 0 0 1242628 42254 1267630 42254  68.428 30 
 9.955 10.069 1309884 0 0 1284882 42254 1309884 42254  68.497 31 
 9.817 10.149 1352140 0 0 1327136 42254 1352140 42256  68.647 32 
 9.680 10.195 1394394 0 0 1369392 42256 1394394 42254  68.842 33 
 9.543 10.206 1436650 0 0 1411648 42256 1436650 42256  69.049 34 
 9.428 10.229 1478906 0 0 1453904 42256 1478906 42256  69.278 35 
 9.279 10.275 1521160 0 0 1496158 42254 1521160 42254  69.554 36 
 9.154 10.241 1563414 0 0 1538412 42254 1563414 42254  69.795 37 
 9.051 10.241 1605666 0 0 1580666 42254 1605666 42252  70.036 38 
 8.959 10.286 1647922 0 0 1622920 42254 1647922 42256  70.323 39 
 8.879 10.275 1690176 0 0 1665174 42254 1690176 42254  70.598 40 
 8.845 10.286 1732428 0 0 1707428 42254 1732428 42252  70.885 41 
 8.787 10.309 1774682 0 0 1749680 42252 1774682 42254  71.195 42 
 8.696 10.241 1816938 0 0 1791934 42254 1816938 42256  71.436 43 
 8.662 10.263 1859192 0 0 1834190 42256 1859192 42254  71.700 44 
 8.604 10.195 1901446 0 0 1876444 42254 1901446 42254  71.895 45 
 8.559 10.241 1943700 0 0 1918698 42254 1943700 42254  72.136 46 
 8.536 10.183 1985954 0 0 1960952 42254 1985954 42254  72.320 47 
 8.536 10.229 2028208 0 0 2003206 42254 2028208 42254  72.550 48 
 8.536 10.149 2070462 0 0 2045460 42254 2070462 42254  72.699 49 
 8.501 10.138 2112716 0 0 2087714 42254 2112716 42254  72.837 50 
 8.467 10.138 2154970 0 0 2129966 42252 2154970 42254  72.975 51 
 8.490 10.149 2197224 0 0 2172222 42256 2197224 42254  73.125 52 
 8.444 10.069 2239478 0 0 2214476 42254 2239478 42254  73.194 53 
 8.467 10.092 2281734 0 0 2256730 42254 2281734 42256  73.287 54 
 8.490 10.092 2323990 0 0 2298986 42256 2323990 42256  73.379 55 
 8.467 10.080 2366244 0 0 2341242 42256 2366244 42254  73.460 56 
 8.444 10.069 2408500 0 0 2383496 42254 2408500 42256  73.529 57 
 8.490 10.046 2450756 0 0 2425752 42256 2450756 42256  73.576 58 
 8.501 10.012 2493010 0 0 2468008 42256 2493010 42254  73.588 59 
 8.501 10.046 2535264 0 0 2510262 42254 2535264 42254  73.635 60 
 8.536 10.012 2577518 0 0 2552516 42254 2577518 42254  73.647 61 
 8.536 10.012 2619772 0 0 2594770 42254 2619772 42254  73.659 62 
 8.536 10.000 2662028 0 0 2637026 42256 2662028 42256  73.660 63 
 8.547 9.977 2704284 0 0 2679282 42256 2704284 42256  73.682 64 
 8.559 9.955 2746536 0 0 2721536 42254 2746536 42252  73.727 65 
 8.581 9.932 2788792 0 0 2763790 42254 2788792 42256  73.795 66 
 8.604 9.966 2831046 0 0 2806044 42254 2831046 42254  73.828 67 
 8.650 9.989 2873300 0 0 2848298 42254 2873300 42254  73.839 68 
 8.662 9.955 2915552 0 0 2890552 42254 2915552 42252  73.884 69 
 8.650 9.955 2957808 0 0 2932806 42254 2957808 42256  73.929 70 
 8.627 10.000 3000060 0 0 2975060 42254 3000060 42252  73.930 71 
 8.719 9.955 3042316 0 0 3017314 42254 3042316 42256  73.975 72 
 8.707 9.920 3084570 0 0 3059568 42254 3084570 42254  74.054 73 
 8.719 9.909 3126824 0 0 3101822 42254 3126824 42254  74.145 74 
 8.730 9.932 3169080 0 0 3144076 42254 3169080 42256  74.213 75 
 8.730 9.920 3211334 0 0 3186332 42256 3211334 42254  74.292 76 
 8.730 9.966 3253588 0 0 3228586 42254 3253588 42254  74.326 77 
 8.742 9.955 3295842 0 0 3270840 42254 3295842 42254  74.371 78 
 8.764 9.966 3338098 0 0 3313094 42254 3338098 42256  74.404 79 
 8.764 9.943 3380352 0 0 3355350 42256 3380352 42254  74.461 80 
 8.764 9.943 3422606 0 0 3397602 42252 3422606 42254  74.517 81 
 8.810 9.955 3464860 0 0 3439858 42256 3464860 42254  74.562 82 
 8.776 9.920 3507114 0 0 3482112 42254 3507114 42254  74.641 83 
 8.730 9.955 3549368 0 0 3524366 42254 3549368 42254  74.686 84 
 8.822 9.955 3591622 0 0 3566618 42252 3591622 42254  74.731 85 
 8.810 9.955 3633878 0 0 3608874 42256 3633878 42256  74.776 86 
 8.822 9.943 3676132 0 0 3651128 42254 3676132 42254  74.833 87 
 8.810 10.012 3718386 0 0 3693384 42256 3718386 42254  74.845 88 
 8.822 9.955 3760642 0 0 3735638 42254 3760642 42256  74.890 89 
 8.810 9.955 3802896 0 0 3777894 42256 3802896 42254  74.935 90 
 8.810 9.955 3845148 0 0 3820148 42254 3845148 42252  74.980 91 
 8.776 9.966 3887404 0 0 3862400 42252 3887404 42256  75.013 92 
 8.776 9.932 3929660 0 0 3904656 42256 3929660 42256  75.081 93 
 8.787 9.966 3971912 0 0 3946912 42256 3971912 42252  75.115 94 
 8.810 9.955 4014168 0 0 3989166 42254 4014168 42256  75.160 95 
 8.764 9.966 4056422 0 0 4031420 42254 4056422 42254  75.193 96 
 8.776 9.966 4098676 0 0 4073674 42254 4098676 42254  75.227 97 
 8.810 9.977 4140930 0 0 4115928 42254 4140930 42254  75.249 98 
 8.787 9.943 4183184 0 0 4158182 42254 4183184 42254  75.305 99 
 8.776 9.955 4225438 0 0 4200436 42254 4225438 42254  75.350 100 
 8.764 9.966 4267694 0 0 4242690 42254 4267694 42256  75.384 101 
 8.764 9.932 4309948 0 0 4284946 42256 4309948 42254  75.452 102 
 8.776 9.955 4352202 0 0 4327200 42254 4352202 42254  75.497 103 
 8.753 9.943 4394454 0 0 4369454 42254 4394454 42252  75.553 104 
 8.776 9.955 4436710 0 0 4411706 42252 4436710 42256  75.598 105 
 8.799 9.955 4478966 0 0 4453962 42256 4478966 42256  75.643 106 
 8.799 9.909 4521220 0 0 4496218 42256 4521220 42254  75.734 107 
 8.845 9.955 4563474 0 0 4538472 42254 4563474 42254  75.779 108 
 8.822 9.932 4605728 0 0 4580726 42254 4605728 42254  75.847 109 
 8.776 9.909 4647982 0 0 4622980 42254 4647982 42254  75.938 110 
 8.764 9.909 4690236 0 0 4665232 42252 4690236 42254  76.028 111 
 8.822 9.955 4732490 0 0 4707488 42256 4732490 42254  76.073 112 
 8.810 9.909 4774744 0 0 4749744 42256 4774744 42254  76.164 113 
 8.810 9.966 4816998 0 0 4791996 42252 4816998 42254  76.198 114 
 8.810 9.966 4859252 0 0 4834252 42256 4859252 42254  76.231 115 
 8.822 9.886 4901508 0 0 4876504 42252 4901508 42256  76.345 116 
 8.787 9.920 4943762 0 0 4918760 42256 4943762 42254  76.424 117 
 8.833 9.966 4986014 0 0 4961014 42254 4986014 42252  76.458 118 
 8.822 9.909 5028268 0 0 5003268 42254 5028268 42254  76.549 119 
 8.810 9.932 5070524 0 0 5045522 42254 5070524 42256  76.616 120 
 8.799 9.955 5112776 0 0 5087776 42254 5112776 42252  76.661 121 
 8.810 9.943 5155030 0 0 5130028 42252 5155030 42254  76.718 122 
 8.822 9.989 5197284 0 0 5172282 42254 5197284 42254  76.729 123 
 8.799 9.909 5239538 0 0 5214538 42256 5239538 42254  76.819 124 
 8.742 9.909 5281792 0 0 5256792 42254 5281792 42254  76.910 125 
 8.799 9.955 5324048 0 0 5299046 42254 5324048 42256  76.955 126 
 8.776 9.897 5366300 0 0 5341300 42254 5366300 42252  77.057 127 
 8.810 9.955 5408556 0 0 5383554 42254 5408556 42256  77.102 128 
 8.787 9.955 5450810 0 0 5425808 42254 5450810 42254  77.147 129 
 8.822 9.966 5493064 0 0 5468062 42254 5493064 42254  77.181 130 
 8.730 10.000 5535318 0 0 5510316 42254 5535318 42254  77.182 131 
 8.776 9.977 5577572 0 0 5552570 42254 5577572 42254  77.204 132 
 8.810 9.955 5619826 0 0 5594824 42254 5619826 42254  77.249 133 
 8.810 9.966 5662080 0 0 5637078 42254 5662080 42254  77.282 134 
 8.719 9.955 5704334 0 0 5679332 42254 5704334 42254  77.327 135 
 8.764 9.966 5746588 0 0 5721586 42254 5746588 42254  77.361 136 
 8.730 9.920 5788842 0 0 5763838 42252 5788842 42254  77.440 137 
 8.776 9.955 5831096 0 0 5806094 42256 5831096 42254  77.485 138 
 8.730 10.023 5873350 0 0 5848348 42254 5873350 42254  77.509 139 
 8.673 9.955 5915604 0 0 5890602 42254 5915604 42254  77.554 140 
 8.696 9.966 5957858 0 0 5932856 42254 5957858 42254  77.587 141 
 8.673 9.955 6000110 0 0 5975110 42254 6000110 42252  77.632 142 
 8.719 9.966 6042364 0 0 6017362 42252 6042364 42254  77.666 143 
 8.684 9.955 6084618 0 0 6059616 42254 6084618 42254  77.711 144 
 8.696 9.920 6126872 0 0 6101870 42254 6126872 42254  77.790 145 
 8.719 9.955 6169126 0 0 6144124 42254 6169126 42254  77.835 146 
 8.730 9.955 6211382 0 0 6186378 42254 6211382 42256  77.880 147 
 8.730 9.955 6253634 0 0 6228634 42256 6253634 42252  77.925 148 
 8.696 9.909 6295890 0 0 6270886 42252 6295890 42256  78.016 149 
 8.730 9.932 6338144 0 0 6313142 42256 6338144 42254  78.084 150 
 8.742 9.955 6380396 0 0 6355396 42254 6380396 42252  78.129 151 
 8.730 9.966 6422650 0 0 6397648 42252 6422650 42254  78.162 152 
 8.719 9.920 6464904 0 0 6439904 42256 6464904 42254  78.242 153 
 8.730 9.966 6507160 0 0 6482158 42254 6507160 42256  78.275 154 
 8.730 9.966 6549412 0 0 6524412 42254 6549412 42252  78.309 155 
 8.742 9.909 6591666 0 0 6566666 42254 6591666 42254  78.400 156 
 8.730 9.966 6633922 0 0 6608920 42254 6633922 42256  78.433 157 
 8.810 9.966 6676174 0 0 6651174 42254 6676174 42252  78.467 158 
 8.810 9.943 6718430 0 0 6693428 42254 6718430 42256  78.523 159 
 8.764 10.000 6760682 0 0 6735682 42254 6760682 42252  78.524 160 
 8.776 9.966 6802938 0 0 6777936 42254 6802938 42256  78.557 161 
 8.742 9.955 6845192 0 0 6820190 42254 6845192 42254  78.602 162 
 8.776 9.966 6887446 0 0 6862444 42254 6887446 42254  78.636 163 
 8.776 9.955 6929700 0 0 6904698 42254 6929700 42254  78.681 164 
 8.776 9.920 6971954 0 0 6946952 42254 6971954 42254  78.760 165 
 8.753 9.966 7014208 0 0 6989206 42254 7014208 42254  78.794 166 
 8.764 9.955 7056462 0 0 7031460 42254 7056462 42254  78.839 167 
 8.742 9.977 7098716 0 0 7073714 42254 7098716 42254  78.861 168 
 8.764 9.920 7140972 0 0 7115968 42254 7140972 42256  78.940 169 
 8.730 9.955 7183226 0 0 7158224 42256 7183226 42254  78.985 170 
 8.730 10.000 7225480 0 0 7200478 42254 7225480 42254  78.986 171 
 8.764 9.977 7267734 0 0 7242732 42254 7267734 42254  79.008 172 
 8.730 9.966 7309990 0 0 7284986 42254 7309990 42256  79.042 173 
 8.742 9.920 7352244 0 0 7327242 42256 7352244 42254  79.121 174 
 8.764 9.966 7394498 0 0 7369496 42254 7394498 42254  79.154 175 
 8.719 9.966 7436752 0 0 7411750 42254 7436752 42254  79.188 176 
 8.719 9.943 7479008 0 0 7454006 42256 7479008 42256  79.244 177 
 8.753 9.966 7521264 0 0 7496260 42254 7521264 42256  79.278 178 
 8.764 9.966 7563518 0 0 7538516 42256 7563518 42254  79.312 179 
 8.730 9.955 7605770 0 0 7580770 42254 7605770 42252  79.357 180 
 8.753 9.977 7648024 0 0 7623022 42252 7648024 42254  79.379 181 
 8.753 10.000 7690280 0 0 7665276 42254 7690280 42256  79.379 182 
 8.742 9.966 7732534 0 0 7707532 42256 7732534 42254  79.413 183 
 8.707 9.977 7774788 0 0 7749786 42254 7774788 42254  79.435 184 
 8.742 9.955 7817042 0 0 7792042 42256 7817042 42254  79.480 185 
 8.776 9.955 7859296 0 0 7834296 42254 7859296 42254  79.525 186 
 8.742 9.955 7901550 0 0 7876550 42254 7901550 42254  79.570 187 
 8.742 9.989 7943806 0 0 7918804 42254 7943806 42256  79.581 188 
 8.719 9.989 7986062 0 0 7961058 42254 7986062 42256  79.591 189 
 8.719 10.000 8028316 0 0 8003314 42256 8028316 42254  79.592 190 
 8.730 9.955 8070570 0 0 8045568 42254 8070570 42254  79.637 191 
 8.719 9.920 8112822 0 0 8087822 42254 8112822 42252  79.717 192 
 8.730 9.966 8155078 0 0 8130076 42254 8155078 42256  79.750 193 
 8.719 9.966 8197332 0 0 8172330 42254 8197332 42254  79.784 194 
 8.730 10.000 8239586 0 0 8214584 42254 8239586 42254  79.784 195 
 8.764 10.000 8281840 0 0 8256836 42252 8281840 42254  79.785 196 
 8.719 9.955 8324092 0 0 8299092 42256 8324092 42252  79.830 197 
 8.730 9.966 8366346 0 0 8341344 42252 8366346 42254  79.864 198 
 8.730 9.966 8408600 0 0 8383598 42254 8408600 42254  0.033 199 
 9.142 10.046 8450854 0 0 8425852 42254 8450854 42254  0.080 200 
 9.428 10.069 8493110 0 0 8468106 42254 8493110 42256  0.149 201 
 9.771 10.092 8535364 0 0 8510362 42256 8535364 42254  0.241 202 
 10.069 10.138 8577620 0 0 8552616 42254 8577620 42256  0.379 203 
 10.412 10.195 8619874 0 0 8594872 42256 8619874 42254  0.575 204 
 10.778 10.241 8662128 0 0 8637126 42254 8662128 42254  0.816 205 
 10.733 10.195 8704382 0 0 8679380 42254 8704382 42254  1.011 206 
 10.469 10.275 8746636 0 0 8721634 42254 8746636 42254  1.287 207 
 10.229 10.332 8788890 0 0 8763888 42254 8788890 42254  1.619 208 
 10.000 10.366 8831144 0 0 8806142 42254 8831144 42254  1.986 209 
 9.771 10.424 8873400 0 0 8848396 42254 8873400 42256  2.410 210 
 9.543 10.458 8915654 0 0 8890652 42256 8915654 42254  2.869 211 
 9.359 10.458 8957908 0 0 8932906 42254 8957908 42254  3.327 212 
 9.154 10.469 9000164 0 0 8975160 42254 9000164 42256  3.797 213 
 9.085 10.424 9042420 0 0 9017416 42256 9042420 42256  4.221 214 
 8.902 10.424 9084676 0 0 9059672 42256 9084676 42256  4.645 215 
 8.822 10.458 9126932 0 0 9101930 42258 9126932 42256  5.104 216 
 8.684 10.424 9169188 0 0 9144186 42256 9169188 42256  5.528 217 
 8.581 10.378 9211442 0 0 9186442 42256 9211442 42254  5.906 218 
 8.501 10.378 9253698 0 0 9228696 42254 9253698 42256  6.285 219 
 8.490 10.378 9295950 0 0 9270950 42254 9295950 42252  6.663 220 
 8.410 10.378 9338206 0 0 9313204 42254 9338206 42256  7.042 221 
 8.364 10.378 9380460 0 0 9355458 42254 9380460 42254  7.420 222 
 8.318 10.321 9422714 0 0 9397712 42254 9422714 42254  7.741 223 
 8.272 10.286 9464970 0 0 9439968 42256 9464970 42256  8.028 224 
 8.261 10.275 9507224 0 0 9482222 42254 9507224 42254  8.303 225 
 8.250 10.229 9549476 0 0 9524476 42254 9549476 42252  8.533 226 
 8.261 10.195 9591734 0 0 9566730 42254 9591734 42258  8.728 227 
 8.307 10.183 9633988 0 0 9608986 42256 9633988 42254  8.912 228 
 8.261 10.195 9676242 0 0 9651240 42254 9676242 42254  9.107 229 
 8.295 10.149 9718496 0 0 9693494 42254 9718496 42254  9.257 230 
 8.307 10.138 9760750 0 0 9735748 42254 9760750 42254  9.395 231 
 8.307 10.115 9803004 0 0 9778002 42254 9803004 42254  9.510 232 
 8.307 10.057 9845260 0 0 9820256 42254 9845260 42256  9.568 233 
 8.330 10.057 9887514 0 0 9862512 42256 9887514 42254  9.626 234 
 8.353 10.046 9929768 0 0 9904766 42254 9929768 42254  9.673 235 
 8.398 10.000 9972022 0 0 9947020 42254 9972022 42254  9.674 236 
 8.410 10.012 10014276 0 0 9989274 42254 10014276 42254  9.686 237 
 8.490 9.966 10056532 0 0 10031528 42254 10056532 42256  9.719 238 
 8.478 10.057 10098786 0 0 10073784 42256 10098786 42254  9.777 239 
 8.456 10.000 10141040 0 0 10116040 42256 10141040 42254  9.778 240 
 8.467 10.012 10183296 0 0 10158294 42254 10183296 42256  9.790 241 
 8.501 10.000 10225548 0 0 10200548 42254 10225548 42252  9.791 242 
 8.513 10.000 10267800 0 0 10242802 42254 10267800 42252  9.792 243 
 8.524 9.955 10310054 0 0 10285052 42250 10310054 42254  9.837 244 
 8.547 9.966 10352308 0 0 10327306 42254 10352308 42254  9.870 245 
 8.547 9.955 10394562 0 0 10369560 42254 10394562 42254  9.915 246 
 8.570 9.943 10436816 0 0 10411814 42254 10436816 42254  9.972 247 
 8.616 9.977 10479070 0 0 10454070 42256 10479070 42254  9.994 248 
 8.639 9.989 10521326 0 0 10496324 42254 10521326 42256  10.005 249 
 8.639 9.977 10563580 0 0 10538580 42256 10563580 42254  10.027 250 
 8.627 9.966 10605838 0 0 10580834 42254 10605838 42258  10.060 251 
 8.593 9.955 10648094 0 0 10623090 42256 10648094 42256  10.105 252 
 8.639 9.932 10690348 0 0 10665346 42256 10690348 42254  10.173 253 
 8.639 10.000 10732602 0 0 10707600 42254 10732602 42254  10.174 254 
 8.684 9.966 10774856 0 0 10749854 42254 10774856 42254  10.207 255 
 8.696 10.000 10817110 0 0 10792108 42254 10817110 42254  10.208 0 
 8.662 9.966 10859362 0 0 10834362 42254 10859362 42252  10.242 1 
 8.673 9.920 10901618 0 0 10876616 42254 10901618 42256  10.321 2 
 8.684 9.955 10943874 0 0 10918870 42254 10943874 42256  10.366 3 
 8.673 9.909 10986128 0 0 10961126 42256 10986128 42254  10.457 4 
 8.719 9.920 11028384 0 0 11003380 42254 11028384 42256  10.536 5 
 8.719 9.955 11070638 0 0 11045636 42256 11070638 42254  10.581 6 
 8.707 9.920 11112892 0 0 11087890 42254 11112892 42254  10.661 7 
 8.719 9.943 11155146 0 0 11130144 42254 11155146 42254  10.717 8 
 8.719 9.955 11197400 0 0 11172398 42254 11197400 42254  10.762 9 
 8.696 9.966 11239656 0 0 11214652 42254 11239656 42256  10.795 10 
 8.673 9.955 11281910 0 0 11256908 42256 11281910 42254  10.840 11 
 8.684 9.966 11324164 0 0 11299162 42254 11324164 42254  10.874 12 
 8.753 9.955 11366420 0 0 11341416 42254 11366420 42256  10.919 13 
 8.719 9.955 11408674 0 0 11383672 42256 11408674 42254  10.964 14 
 8.730 9.932 11450928 0 0 11425926 42254 11450928 42254  11.032 15 
 8.730 9.966 11493182 0 0 11468180 42254 11493182 42254  11.065 16 
 8.684 9.966 11535436 0 0 11510436 42256 11535436 42254  11.099 17 
 8.696 9.977 11577692 0 0 11552688 42252 11577692 42256  11.121 18 
 8.684 10.012 11619946 0 0 11594944 42256 11619946 42254  11.133 19 
 8.684 10.000 11662202 0 0 11637198 42254 11662202 42256  11.134 20 
 8.684 9.955 11704456 0 0 11679454 42256 11704456 42254  11.179 21 
 8.764 9.966 11746710 0 0 11721708 42254 11746710 42254  11.213 22 
 8.719 9.966 11788964 0 0 11763964 42256 11788964 42254  11.246 23 
 8.673 10.023 11831218 0 0 11806218 42254 11831218 42254  11.270 24 
 8.673 9.955 11873472 0 0 11848472 42254 11873472 42254  11.315 25 
 8.673 9.966 11915728 0 0 11890726 42254 11915728 42256  11.348 26 
 8.639 9.966 11957980 0 0 11932980 42254 11957980 42252  11.382 27 
 8.650 10.000 12000234 0 0 11975234 42254 12000234 42254  11.383 28 
 8.627 10.000 12042488 0 0 12017488 42254 12042488 42254  11.383 29 
 8.604 9.966 12084742 0 0 12059742 42254 12084742 42254  11.417 30 
 8.639 9.977 12127000 0 0 12101996 42254 12127000 42258  11.439 31 
 8.593 9.966 12169254 0 0 12144252 42256 12169254 42254  11.473 32 
 8.627 9.966 12211510 0 0 12186506 42254 12211510 42256  11.506 33 
 8.616 9.966 12253764 0 0 12228762 42256 12253764 42254  11.540 34 
 8.616 9.989 12296020 0 0 12271016 42254 12296020 42256  11.550 35 
 8.593 10.012 12338272 0 0 12313272 42256 12338272 42252  11.563 36 
 8.627 9.955 12380528 0 0 12355524 42252 12380528 42256  11.608 37 
 8.639 9.966 12422784 0 0 12397778 42254 12422784 42256  11.641 38 
 8.581 10.057 12465038 0 0 12440036 42258 12465038 42254  11.699 39 
 8.593 9.966 12507292 0 0 12482290 42254 12507292 42254  11.733 40 
 8.581 9.966 12549546 0 0 12524544 42254 12549546 42254  11.766 41 
 8.581 9.955 12591800 0 0 12566798 42254 12591800 42254  11.811 42 
 8.616 9.955 12634054 0 0 12609052 42254 12634054 42254  11.856 43 
 8.593 9.977 12676308 0 0 12651306 42254 12676308 42254  11.878 44 
 8.593 9.977 12718562 0 0 12693560 42254 12718562 42254  11.901 45 
 8.604 9.955 12760816 0 0 12735814 42254 12760816 42254  11.946 46 
 8.581 9.955 12803070 0 0 12778068 42254 12803070 42254  11.991 47 
 8.547 10.023 12845326 0 0 12820322 42254 12845326 42256  12.014 48 
 8.559 9.932 12887578 0 0 12862578 42256 12887578 42252  12.082 49 
 8.593 9.955 12929832 0 0 12904830 42252 12929832 42254  12.127 50 
 8.639 10.000 12972088 0 0 12947084 42254 12972088 42256  12.128 51 
 8.593 10.012 13014344 0 0 12989340 42256 13014344 42256  12.140 52 
 8.581 9.943 13056596 0 0 13031596 42256 13056596 42252  12.196 53 
 8.593 9.966 13098852 0 0 13073850 42254 13098852 42256  12.230 54 
 8.593 9.966 13141106 0 0 13116104 42254 13141106 42254  12.264 55 
 8.639 9.955 13183360 0 0 13158358 42254 13183360 42254  12.309 56 
 8.627 9.966 13225612 0 0 13200612 42254 13225612 42252  12.342 57 
 8.639 9.955 13267868 0 0 13242866 42254 13267868 42256  12.387 58 
 8.673 9.920 13310122 0 0 13285120 42254 13310122 42254  12.466 59 
 8.639 9.955 13352376 0 0 13327376 42256 13352376 42254  12.511 60 
 8.650 9.955 13394632 0 0 13369630 42254 13394632 42256  12.556 61 
 8.673 9.977 13436886 0 0 13411884 42254 13436886 42254  12.579 62 
 8.639 9.932 13479142 0 0 13454138 42254 13479142 42256  12.646 63 
 8.684 9.955 13521396 0 0 13496394 42256 13521396 42254  12.691 64 
 8.662 9.966 13563650 0 0 13538648 42254 13563650 42254  12.725 65 
 8.639 10.000 13605904 0 0 13580902 42254 13605904 42254  12.726 66 
 8.662 9.955 13648158 0 0 13623156 42254 13648158 42254  12.771 67 
 8.639 9.955 13690412 0 0 13665410 42254 13690412 42254  12.816 68 
 8.627 9.966 13732666 0 0 13707664 42254 13732666 42254  12.849 69 
 8.639 9.966 13774920 0 0 13707664 42254 13774920 42254  12.883 69 
 8.593 10.000 13817176 0 0 13792172 84508 13817176 42256  12.884 70 
 8.627 9.955 13859430 0 0 13834428 42256 13859430 42254  12.929 71 
 8.639 9.966 13901684 0 0 13876682 42254 13901684 42254  12.962 72 
 8.650 9.989 13943938 0 0 13918936 42254 13943938 42254  12.973 73 
 8.639 9.955 13986192 0 0 13961190 42254 13986192 42254  13.018 74 
 8.639 9.977 14028446 0 0 14003444 42254 14028446 42254  13.040 75 
 8.627 9.932 14070700 0 0 14045698 42254 14070700 42254  13.108 76 
 8.627 9.955 14112954 0 0 14087954 42256 14112954 42254  13.153 77 
 8.627 9.966 14155210 0 0 14130208 42254 14155210 42256  13.186 78 
 8.673 9.966 14197464 0 0 14172462 42254 14197464 42254  13.220 79 
 8.673 9.966 14239718 0 0 14214716 42254 14239718 42254  13.253 80 
 8.639 9.966 14281972 0 0 14256970 42254 14281972 42254  13.287 81 
 8.627 10.000 14324228 0 0 14299224 42254 14324228 42256  13.288 82 
 8.662 9.977 14366484 0 0 14341480 42256 14366484 42256  13.310 83 
 8.719 10.000 14408736 0 0 14383736 42256 14408736 42252  13.311 84 
 8.684 9.966 14450990 0 0 14425988 42252 14450990 42254  13.344 85 
 8.627 9.955 14493244 0 0 14468244 42256 14493244 42254  13.389 86 
 8.639 9.955 14535500 0 0 14510498 42254 14535500 42256  13.434 87 
 8.639 9.977 14577752 0 0 14552752 42254 14577752 42252  13.456 88 
 8.684 9.977 14620008 0 0 14595006 42254 14620008 42256  13.478 89 
 8.696 9.977 14662258 0 0 14637260 42254 14662258 42250  13.500 90 
 8.662 9.955 14704512 0 0 14679512 42252 14704512 42254  13.545 91 
 8.673 10.012 14746766 0 0 14721766 42254 14746766 42254  13.558 92 
