Thread[Thread-1,5,main] 4.851 5.034 0 0 0 0 0 0 0  4.965 0 
 6.075 5.126 42252 0 0 17250 17250 0 0  9.839 1 
 7.254 5.252 84508 0 0 17250 17250 0 0  14.586 1 
 8.524 5.377 126766 0 0 17250 17250 0 0  19.208 1 
 9.691 5.549 169018 0 0 17250 17250 0 0  23.659 1 
 10.870 5.698 211274 0 0 17250 17250 0 0  27.960 1 
 11.831 6.041 253532 0 0 17250 17250 0 0  31.919 1 
 12.666 6.270 295786 0 0 17250 17250 0 0  35.648 1 
 13.628 6.716 338044 0 0 17250 17250 338044 338044  38.931 1 
 13.845 6.911 380298 0 0 355296 338046 338044 338044  42.020 2 
 13.937 7.208 422552 0 0 355296 338046 338044 338044  44.811 2 
 13.994 7.449 464808 0 0 355296 338046 338044 338044  47.362 2 
 14.028 7.792 507066 0 0 355296 338046 338044 338044  49.570 2 
 14.074 8.089 549318 0 0 355296 338046 338044 338044  51.480 2 
 14.120 8.330 591572 0 0 355296 338046 338044 338044  53.150 2 
 14.177 8.616 633830 0 0 355296 338046 338044 338044  54.534 2 
 14.188 8.856 676084 0 0 355296 338046 338044 338044  55.677 2 
 14.234 9.131 718338 0 0 355296 338046 718338 380294  56.546 2 
 13.948 9.268 760592 0 0 735590 380294 718338 380294  57.278 3 
 13.570 9.497 802848 0 0 735590 380294 718338 380294  57.780 3 
 12.792 9.852 887362 0 0 735590 380294 718338 380294  57.928 3 
 12.426 10.012 929620 0 0 735590 380294 718338 380294  57.940 3 
 12.014 10.149 971876 0 0 735590 380294 718338 380294  58.090 3 
 11.694 10.275 1014130 0 0 735590 380294 718338 380294  58.365 3 
 11.350 10.412 1056384 0 0 735590 380294 718338 380294  58.778 3 
 11.019 10.412 1098638 0 0 735590 380294 718338 380294  59.191 3 
 10.698 10.504 1140894 0 0 735590 380294 718338 380294  59.695 3 
 10.435 10.538 1183148 0 0 735590 380294 718338 380294  60.234 3 
 10.138 10.561 1225402 0 0 735590 380294 718338 380294  60.795 3 
 9.874 10.595 1267658 0 0 735590 380294 718338 380294  61.391 3 
 9.600 10.641 1309914 0 0 735590 380294 718338 380294  62.032 3 
 9.337 10.595 1352168 0 0 735590 380294 1352168 633830  62.628 3 
 9.142 10.607 1394422 0 0 1369420 633830 1352168 633830  63.235 4 
 9.039 10.561 1436676 0 0 1369420 633830 1352168 633830  63.797 4 
 8.913 10.527 1478932 0 0 1369420 633830 1352168 633830  64.324 4 
 8.764 10.572 1521186 0 0 1369420 633830 1352168 633830  64.897 4 
 8.639 10.515 1563442 0 0 1369420 633830 1352168 633830  65.413 4 
 8.536 10.458 1605696 0 0 1369420 633830 1352168 633830  65.871 4 
 8.444 10.458 1647954 0 0 1369420 633830 1647954 295786  66.330 4 
 8.353 10.515 1690208 0 0 1665208 295788 1647954 295786  66.845 5 
 8.318 10.366 1732464 0 0 1665208 295788 1647954 295786  67.212 5 
 8.307 10.321 1774724 0 0 1665208 295788 1647954 295786  67.533 5 
 8.284 10.286 1816976 0 0 1665208 295788 1647954 295786  67.820 5 
 8.318 10.252 1859236 0 0 1665208 295788 1647954 295786  68.073 5 
 8.307 10.195 1901492 0 0 1665208 295788 1647954 295786  68.268 5 
 8.284 10.229 1943748 0 0 1665208 295788 1647954 295786  68.498 5 
 8.261 10.149 1986002 0 0 1665208 295788 1647954 295786  68.647 5 
 8.295 10.138 2028258 0 0 1665208 295788 2028258 380304  68.785 5 
 8.318 10.138 2070514 0 0 2045510 380302 2028258 380304  68.923 6 
 8.353 10.080 2112770 0 0 2045510 380302 2028258 380304  69.004 6 
 8.433 10.057 2155024 0 0 2045510 380302 2028258 380304  69.062 6 
 8.501 10.057 2197280 0 0 2045510 380302 2028258 380304  69.120 6 
 8.513 10.012 2239534 0 0 2045510 380302 2028258 380304  69.132 6 
 8.581 10.046 2281788 0 0 2045510 380302 2028258 380304  69.179 6 
 8.627 9.966 2324044 0 0 2045510 380302 2028258 380304  69.213 6 
 8.673 9.966 2366298 0 0 2045510 380302 2028258 380304  69.246 6 
 8.730 9.966 2408552 0 0 2045510 380302 2028258 380304  69.280 6 
 8.810 9.920 2450808 0 0 2045510 380302 2028258 380304  69.359 6 
 8.799 9.955 2493062 0 0 2045510 380302 2028258 380304  69.404 6 
 8.879 9.955 2535318 0 0 2045510 380302 2028258 380304  69.449 6 
 8.925 9.909 2577574 0 0 2045510 380302 2028258 380304  69.540 6 
 8.925 9.966 2619830 0 0 2045510 380302 2028258 380304  69.573 6 
 8.959 9.943 2662088 0 0 2045510 380302 2662088 633830  69.630 6 
 8.993 9.955 2704340 0 0 2679338 633828 2662088 633830  69.675 7 
 8.959 9.920 2746598 0 0 2679338 633828 2662088 633830  69.754 7 
 9.005 9.897 2788850 0 0 2679338 633828 2662088 633830  69.856 7 
 9.039 9.909 2831104 0 0 2679338 633828 2662088 633830  69.947 7 
 9.051 9.920 2873360 0 0 2679338 633828 2662088 633830  70.026 7 
 9.096 9.909 2915612 0 0 2679338 633828 2662088 633830  70.117 7 
 9.085 9.920 2957868 0 0 2679338 633828 2662088 633830  70.196 7 
 9.131 9.955 3000124 0 0 2679338 633828 2662088 633830  70.241 7 
 9.119 10.000 3042382 0 0 2679338 633828 2662088 633830  70.242 7 
 9.108 9.909 3084638 0 0 2679338 633828 2662088 633830  70.333 7 
 9.142 9.943 3126896 0 0 2679338 633828 2662088 633830  70.389 7 
 9.142 9.943 3169150 0 0 2679338 633828 2662088 633830  70.446 7 
 9.154 9.966 3211406 0 0 2679338 633828 2662088 633830  70.479 7 
 9.188 9.977 3253660 0 0 2679338 633828 2662088 633830  70.501 7 
 9.188 9.966 3295916 0 0 2679338 633828 3295916 633828  70.535 7 
 9.176 9.966 3338172 0 0 3313168 633830 3295916 633828  70.569 8 
 9.176 9.966 3380426 0 0 3313168 633830 3295916 633828  70.602 8 
 9.188 9.955 3422680 0 0 3313168 633830 3295916 633828  70.647 8 
 9.165 9.977 3464934 0 0 3313168 633830 3295916 633828  70.669 8 
 9.176 9.955 3507190 0 0 3313168 633830 3295916 633828  70.714 8 
 9.131 10.012 3549446 0 0 3313168 633830 3295916 633828  70.726 8 
 9.142 10.012 3591700 0 0 3313168 633830 3295916 633828  70.739 8 
 9.119 9.966 3633956 0 0 3313168 633830 3295916 633828  70.772 8 
 9.131 9.989 3676208 0 0 3313168 633830 3676208 380292  70.783 8 
 9.096 10.000 3718464 0 0 3693458 380290 3676208 380292  70.784 9 
 9.096 9.977 3760718 0 0 3693458 380290 3676208 380292  70.806 9 
 9.096 9.955 3802974 0 0 3693458 380290 3676208 380292  70.851 9 
 9.085 9.966 3845230 0 0 3693458 380290 3676208 380292  70.884 9 
 9.096 10.000 3887486 0 0 3693458 380290 3676208 380292  70.885 9 
 9.085 9.989 3929740 0 0 3693458 380290 3676208 380292  70.896 9 
 9.028 9.955 3972000 0 0 3693458 380290 3972000 295792  70.941 9 
 9.085 10.023 4014254 0 0 3989252 295794 3972000 295792  70.964 10 
 9.051 10.000 4056506 0 0 3989252 295794 3972000 295792  70.965 10 
 9.085 10.000 4098760 0 0 3989252 295794 3972000 295792  70.966 10 
 9.096 9.989 4141014 0 0 3989252 295794 3972000 295792  70.977 10 
 9.016 10.023 4183270 0 0 3989252 295794 3972000 295792  71.000 10 
 9.073 10.023 4225526 0 0 3989252 295794 3972000 295792  71.024 10 
 9.096 9.966 4267782 0 0 3989252 295794 3972000 295792  71.057 10 
 9.108 10.000 4310038 0 0 3989252 295794 3972000 295792  71.058 10 
 9.131 10.000 4352292 0 0 3989252 295794 3972000 295792  71.059 10 
 9.119 10.023 4394548 0 0 3989252 295794 3972000 295792  71.083 10 
 9.131 9.977 4436802 0 0 3989252 295794 3972000 295792  71.105 10 
 9.142 10.057 4479058 0 0 3989252 295794 3972000 295792  71.163 10 
 9.131 10.023 4521312 0 0 3989252 295794 3972000 295792  71.186 10 
 9.131 10.000 4563568 0 0 3989252 295794 3972000 295792  71.187 10 
 9.176 10.035 4605822 0 0 3989252 295794 4605822 633822  71.222 10 
 9.142 10.046 4648078 0 0 4623074 633822 4605822 633822  71.269 11 
 9.131 10.046 4690332 0 0 4623074 633822 4605822 633822  71.315 11 
 9.085 9.989 4732586 0 0 4623074 633822 4605822 633822  71.326 11 
 9.051 10.023 4774840 0 0 4623074 633822 4605822 633822  71.350 11 
 8.959 10.012 4817096 0 0 4623074 633822 4605822 633822  71.362 11 
 9.028 10.023 4859352 0 0 4623074 633822 4605822 633822  71.386 11 
 8.993 10.012 4901612 0 0 4623074 633822 4901612 295790  71.398 11 
 8.982 10.012 4943866 0 0 4918862 295788 4901612 295790  71.410 12 
 8.948 10.080 4986122 0 0 4918862 295788 4901612 295790  71.491 12 
 8.948 10.080 5028378 0 0 4918862 295788 4901612 295790  71.572 12 
 9.005 9.989 5070634 0 0 4918862 295788 4901612 295790  71.583 12 
 8.936 9.966 5112890 0 0 4918862 295788 4901612 295790  71.616 12 
 8.948 10.057 5155148 0 0 4918862 295788 4901612 295790  71.674 12 
 8.993 9.966 5197404 0 0 4918862 295788 4901612 295790  71.708 12 
 8.959 9.955 5239658 0 0 4918862 295788 4901612 295790  71.753 12 
 8.970 10.046 5281912 0 0 4918862 295788 4901612 295790  71.799 12 
 8.948 10.046 5324168 0 0 4918862 295788 4901612 295790  71.846 12 
 8.959 9.989 5366424 0 0 4918862 295788 5366424 464812  71.856 12 
 8.982 10.023 5408678 0 0 5383676 464814 5366424 464812  71.880 13 
 8.959 10.057 5450932 0 0 5383676 464814 5366424 464812  71.938 13 
 8.959 10.057 5493192 0 0 5383676 464814 5366424 464812  71.996 13 
 9.016 10.000 5535448 0 0 5383676 464814 5366424 464812  71.997 13 
 8.948 10.000 5577704 0 0 5383676 464814 5366424 464812  71.998 13 
 9.005 10.023 5619960 0 0 5383676 464814 5366424 464812  72.021 13 
 9.051 10.012 5662216 0 0 5383676 464814 5366424 464812  72.033 13 
 9.005 10.012 5704470 0 0 5383676 464814 5366424 464812  72.046 13 
 9.005 10.057 5746726 0 0 5383676 464814 5366424 464812  72.104 13 
 9.016 10.046 5788980 0 0 5383676 464814 5366424 464812  72.150 13 
 9.039 10.046 5831236 0 0 5383676 464814 5366424 464812  72.197 13 
 9.039 10.035 5873490 0 0 5383676 464814 5366424 464812  72.232 13 
 9.016 10.000 5915744 0 0 5383676 464814 5366424 464812  72.233 13 
 9.039 10.046 5957998 0 0 5383676 464814 5366424 464812  72.279 13 
 9.051 10.023 6000252 0 0 5383676 464814 6000252 633828  72.303 13 
 9.051 10.057 6042506 0 0 6017504 633828 6000252 633828  72.361 14 
 9.073 10.138 6084760 0 0 6017504 633828 6000252 633828  72.499 14 
 9.039 10.069 6127014 0 0 6017504 633828 6000252 633828  72.568 14 
 9.005 10.080 6169268 0 0 6017504 633828 6000252 633828  72.649 14 
 9.039 10.092 6211524 0 0 6017504 633828 6000252 633828  72.742 14 
 9.005 10.046 6253778 0 0 6017504 633828 6000252 633828  72.788 14 
 9.005 10.046 6296032 0 0 6017504 633828 6000252 633828  72.835 14 
 8.982 10.057 6338290 0 0 6017504 633828 6338290 338038  72.893 14 
 8.970 10.057 6380544 0 0 6353620 336116 6338290 338038  72.951 15 
 9.005 10.046 6422800 0 0 6353620 336116 6338290 338038  72.997 15 
 8.948 10.057 6465052 0 0 6353620 336116 6338290 338038  73.055 15 
 8.993 10.069 6507310 0 0 6353620 336116 6338290 338038  73.125 15 
 8.959 10.012 6549568 0 0 6353620 336116 6338290 338038  73.137 15 
 8.936 9.989 6591822 0 0 6353620 336116 6338290 338038  73.147 15 
 8.913 10.057 6634074 0 0 6353620 336116 6338290 338038  73.205 15 
 8.948 10.046 6676330 0 0 6353620 336116 6338290 338038  73.252 15 
 8.948 10.092 6718586 0 0 6353620 336116 6338290 338038  73.344 15 
 8.913 10.092 6760842 0 0 6353620 336116 6760842 422552  73.437 15 
 8.902 10.000 6803098 0 0 6778094 424474 6760842 422552  73.437 16 
 8.913 10.057 6845354 0 0 6778094 424474 6760842 422552  73.495 16 
 8.902 10.057 6887608 0 0 6778094 424474 6760842 422552  73.553 16 
 8.867 10.069 6929864 0 0 6778094 424474 6760842 422552  73.623 16 
 8.867 10.012 6972118 0 0 6778094 424474 6760842 422552  73.635 16 
 8.867 10.046 7014374 0 0 6778094 424474 6760842 422552  73.682 16 
 8.879 10.057 7056628 0 0 6778094 424474 6760842 422552  73.740 16 
 8.867 10.046 7098882 0 0 6778094 424474 6760842 422552  73.786 16 
 8.856 10.012 7141138 0 0 6778094 424474 7141138 380296  73.798 16 
 8.867 10.057 7183392 0 0 7158390 380296 7141138 380296  73.856 17 
 8.867 10.035 7225646 0 0 7158390 380296 7141138 380296  73.891 17 
 8.890 10.092 7267902 0 0 7158390 380296 7141138 380296  73.984 17 
 8.913 10.057 7310158 0 0 7158390 380296 7141138 380296  74.042 17 
 8.913 10.092 7352416 0 0 7158390 380296 7141138 380296  74.134 17 
 8.913 10.092 7394670 0 0 7158390 380296 7141138 380296  74.226 17 
 8.948 10.046 7436924 0 0 7158390 380296 7141138 380296  74.273 17 
 8.993 10.057 7479178 0 0 7158390 380296 7141138 380296  74.331 17 
 8.936 10.057 7521436 0 0 7158390 380296 7141138 380296  74.389 17 
 8.948 10.057 7563690 0 0 7158390 380296 7141138 380296  74.447 17 
 8.970 10.057 7605948 0 0 7158390 380296 7141138 380296  74.505 17 
 8.982 10.046 7648202 0 0 7158390 380296 7141138 380296  74.551 17 
 8.993 10.069 7690458 0 0 7158390 380296 7141138 380296  74.621 17 
 8.993 10.103 7732712 0 0 7158390 380296 7141138 380296  74.725 17 
 9.016 10.092 7774968 0 0 7158390 380296 7774968 633830  74.817 17 
 9.016 10.138 7817222 0 0 7792220 633830 7774968 633830  74.955 18 
 8.970 10.103 7859476 0 0 7792220 633830 7774968 633830  75.059 18 
 8.982 10.149 7901730 0 0 7792220 633830 7774968 633830  75.208 18 
 8.993 10.057 7943984 0 0 7792220 633830 7774968 633830  75.266 18 
 8.959 10.057 7986240 0 0 7792220 633830 7774968 633830  75.324 18 
 9.005 10.115 8028496 0 0 7792220 633830 7774968 633830  75.440 18 
 8.948 10.069 8070750 0 0 7792220 633830 7774968 633830  75.509 18 
 8.913 10.126 8113006 0 0 7792220 633830 8113006 338038  75.636 18 
 8.913 10.103 8155260 0 0 8130258 338038 8113006 338038  75.739 19 
 8.902 10.103 8197514 0 0 8130258 338038 8113006 338038  75.843 19 
 8.890 10.103 8239770 0 0 8130258 338038 8113006 338038  75.947 19 
 8.913 10.092 8282024 0 0 8130258 338038 8113006 338038  76.039 19 
 8.948 10.092 8324280 0 0 8130258 338038 8113006 338038  76.132 19 
 8.867 10.115 8366538 0 0 8130258 338038 8113006 338038  76.247 19 
 8.867 10.138 8408792 0 0 8130258 338038 8113006 338038  76.385 19 
 9.234 10.160 8451048 0 0 8130258 338038 8451048 338042  0.160 19 
 9.600 10.195 8493302 0 0 8466380 336122 8451048 338042  0.356 20 
 9.886 10.229 8535558 0 0 8466380 336122 8451048 338042  0.585 20 
 10.195 10.229 8577812 0 0 8466380 336122 8451048 338042  0.815 20 
 10.550 10.366 8620068 0 0 8466380 336122 8451048 338042  1.182 20 
 10.858 10.332 8662324 0 0 8466380 336122 8451048 338042  1.515 20 
 11.179 10.424 8704580 0 0 8466380 336122 8451048 338042  1.939 20 
 11.419 10.504 8746836 0 0 8466380 336122 8451048 338042  2.443 20 
 11.705 10.584 8789094 0 0 8466380 336122 8789094 338046  3.027 20 
 11.637 10.607 8831348 0 0 8806344 339964 8789094 338046  3.635 21 
 11.248 10.641 8873608 0 0 8806344 339964 8789094 338046  4.276 21 
 10.836 10.767 8915860 0 0 8806344 339964 8789094 338046  5.044 21 
 10.469 10.698 8958116 0 0 8806344 339964 8789094 338046  5.742 21 
 10.057 10.778 9000372 0 0 8806344 339964 8789094 338046  6.521 21 
 9.726 10.801 9042628 0 0 8806344 339964 8789094 338046  7.323 21 
 9.394 10.824 9084884 0 0 8806344 339964 8789094 338046  8.148 21 
 9.073 10.790 9127142 0 0 8806344 339964 8789094 338046  8.938 21 
 8.776 10.778 9169398 0 0 8806344 339964 8789094 338046  9.717 21 
 8.490 10.744 9211654 0 0 8806344 339964 8789094 338046  10.461 21 
 8.227 10.698 9253912 0 0 8806344 339964 8789094 338046  11.160 21 
 7.952 10.653 9296168 0 0 8806344 339964 8789094 338046  11.813 21 
 7.689 10.607 9338424 0 0 8806344 339964 9338424 549330  12.420 21 
 7.574 10.561 9380678 0 0 9355676 549332 9338424 549330  12.982 22 
 7.574 10.424 9422934 0 0 9355676 549332 9338424 549330  13.406 22 
 7.632 10.378 9465190 0 0 9355676 549332 9338424 549330  13.784 22 
 7.689 10.332 9507446 0 0 9355676 549332 9338424 549330  14.117 22 
 7.723 10.275 9549702 0 0 9355676 549332 9338424 549330  14.392 22 
 7.758 10.241 9591956 0 0 9355676 549332 9338424 549330  14.633 22 
 7.815 10.206 9634210 0 0 9355676 549332 9338424 549330  14.840 22 
 7.861 10.160 9676466 0 0 9355676 549332 9338424 549330  15.001 22 
 7.895 10.149 9718720 0 0 9355676 549332 9338424 549330  15.151 22 
 7.906 10.103 9760976 0 0 9355676 549332 9338424 549330  15.254 22 
 7.952 10.012 9803232 0 0 9355676 549332 9338424 549330  15.267 22 
 7.975 10.046 9845488 0 0 9355676 549332 9845488 507064  15.313 22 
 8.055 9.943 9887742 0 0 9862738 507062 9845488 507064  15.370 23 
 8.135 9.955 9929998 0 0 9862738 507062 9845488 507064  15.415 23 
 8.250 9.920 9972252 0 0 9862738 507062 9845488 507064  15.494 23 
 8.410 9.932 10014510 0 0 9862738 507062 9845488 507064  15.562 23 
 8.410 9.909 10056764 0 0 9862738 507062 9845488 507064  15.653 23 
 8.536 9.874 10099020 0 0 9862738 507062 9845488 507064  15.778 23 
 8.627 9.863 10141280 0 0 9862738 507062 9845488 507064  15.914 23 
 8.684 9.863 10183536 0 0 9862738 507062 9845488 507064  16.051 23 
 8.776 9.920 10225790 0 0 9862738 507062 9845488 507064  16.130 23 
 8.845 9.863 10268048 0 0 9862738 507062 9845488 507064  16.267 23 
 8.902 9.909 10310304 0 0 9862738 507062 9845488 507064  16.357 23 
 9.028 9.874 10352558 0 0 9862738 507062 9845488 507064  16.482 23 
 9.051 9.920 10394812 0 0 9862738 507062 9845488 507064  16.562 23 
 9.096 9.909 10437072 0 0 9862738 507062 9845488 507064  16.653 23 
 9.176 9.966 10479326 0 0 9862738 507062 10479326 633838  16.686 23 
 9.222 9.932 10521580 0 0 10496578 633840 10479326 633838  16.754 24 
 9.188 9.955 10563834 0 0 10496578 633840 10479326 633838  16.799 24 
 9.142 10.046 10606088 0 0 10496578 633840 10479326 633838  16.845 24 
 9.176 9.966 10648342 0 0 10496578 633840 10479326 633838  16.879 24 
 9.176 9.966 10690598 0 0 10496578 633840 10479326 633838  16.913 24 
 9.131 10.000 10732852 0 0 10496578 633840 10479326 633838  16.913 24 
 9.096 10.000 10775108 0 0 10496578 633840 10479326 633838  16.914 24 
 9.142 10.023 10817364 0 0 10496578 633840 10817364 338038  16.938 24 
 9.108 10.057 10859620 0 0 10834616 338038 10817364 338038  16.996 25 
 9.108 10.057 10901878 0 0 10834616 338038 10817364 338038  17.054 25 
 9.085 10.092 10944134 0 0 10834616 338038 10817364 338038  17.146 25 
 9.073 10.057 10986390 0 0 10834616 338038 10817364 338038  17.204 25 
 9.039 10.057 11028646 0 0 10834616 338038 10817364 338038  17.262 25 
 9.051 10.069 11070902 0 0 10834616 338038 10817364 338038  17.332 25 
 9.005 10.138 11113160 0 0 10834616 338038 11113160 295796  17.470 25 
 9.005 10.092 11155414 0 0 11130410 295794 11113160 295796  17.562 26 
 8.959 10.103 11197668 0 0 11130410 295794 11113160 295796  17.666 26 
 8.948 10.057 11239924 0 0 11130410 295794 11113160 295796  17.724 26 
 8.902 10.126 11282180 0 0 11130410 295794 11113160 295796  17.850 26 
 8.959 10.092 11324438 0 0 11130410 295794 11113160 295796  17.943 26 
 8.879 10.103 11366692 0 0 11130410 295794 11113160 295796  18.046 26 
 8.867 10.092 11408950 0 0 11130410 295794 11408950 295790  18.139 26 
 8.879 10.046 11451202 0 0 11426202 295792 11408950 295790  18.185 27 
 8.856 10.103 11493460 0 0 11426202 295792 11408950 295790  18.289 27 
 8.867 10.138 11535714 0 0 11426202 295792 11408950 295790  18.427 27 
 8.810 10.115 11577972 0 0 11426202 295792 11408950 295790  18.542 27 
 8.867 10.092 11620228 0 0 11426202 295792 11408950 295790  18.635 27 
 8.822 10.057 11662482 0 0 11426202 295792 11408950 295790  18.693 27 
 8.890 10.057 11704738 0 0 11426202 295792 11408950 295790  18.751 27 
 8.879 10.103 11746992 0 0 11426202 295792 11408950 295790  18.854 27 
 8.867 10.103 11789248 0 0 11426202 295792 11408950 295790  18.958 27 
 8.867 10.046 11831506 0 0 11426202 295792 11831506 422556  19.005 27 
 8.845 10.057 11873758 0 0 11848756 422554 11831506 422556  19.063 28 
 8.902 10.069 11916016 0 0 11848756 422554 11831506 422556  19.132 28 
 8.879 10.103 11958270 0 0 11848756 422554 11831506 422556  19.236 28 
 8.879 10.103 12000526 0 0 11848756 422554 11831506 422556  19.340 28 
 8.902 10.103 12042780 0 0 11848756 422554 11831506 422556  19.443 28 
 8.879 10.069 12085036 0 0 11848756 422554 11831506 422556  19.513 28 
 8.959 10.138 12127292 0 0 11848756 422554 11831506 422556  19.651 28 
 8.959 10.057 12169548 0 0 11848756 422554 11831506 422556  19.709 28 
 8.925 10.138 12211802 0 0 11848756 422554 11831506 422556  19.847 28 
 8.959 10.126 12254060 0 0 11848756 422554 11831506 422556  19.974 28 
 8.959 10.115 12296316 0 0 11848756 422554 11831506 422556  20.089 28 
 9.016 10.092 12338572 0 0 11848756 422554 11831506 422556  20.181 28 
 8.948 10.103 12380830 0 0 11848756 422554 12380830 549324  20.285 28 
 9.028 10.092 12423082 0 0 12398080 549324 12380830 549324  20.377 29 
 8.993 10.103 12465336 0 0 12398080 549324 12380830 549324  20.481 29 
 8.959 10.103 12507592 0 0 12398080 549324 12380830 549324  20.585 29 
 8.936 10.138 12549846 0 0 12398080 549324 12380830 549324  20.723 29 
 8.948 10.183 12592106 0 0 12398080 549324 12380830 549324  20.907 29 
 8.993 10.138 12634364 0 0 12398080 549324 12380830 549324  21.045 29 
 8.913 10.149 12676620 0 0 12398080 549324 12380830 549324  21.194 29 
 8.879 10.138 12718878 0 0 12398080 549324 12718878 338048  21.332 29 
 8.902 10.138 12761132 0 0 12736128 338048 12718878 338048  21.470 30 
 8.925 10.138 12803384 0 0 12736128 338048 12718878 338048  21.609 30 
 8.902 10.138 12845642 0 0 12736128 338048 12718878 338048  21.747 30 
 8.902 10.138 12887898 0 0 12736128 338048 12718878 338048  21.885 30 
 8.867 10.195 12930156 0 0 12736128 338048 12718878 338048  22.080 30 
 8.856 10.080 12972410 0 0 12736128 338048 12718878 338048  22.161 30 
 8.867 10.149 13014664 0 0 12736128 338048 12718878 338048  22.310 30 
 8.810 10.103 13056918 0 0 12736128 338048 12718878 338048  22.414 30 
 8.856 10.115 13099172 0 0 12736128 338048 13099172 380294  22.529 30 
 8.822 10.057 13141426 0 0 13116424 380296 13099172 380294  22.587 31 
 8.902 10.057 13183680 0 0 13116424 380296 13099172 380294  22.645 31 
 8.822 10.126 13225938 0 0 13116424 380296 13099172 380294  22.772 31 
 8.856 10.138 13268194 0 0 13116424 380296 13099172 380294  22.910 31 
 8.856 10.069 13310448 0 0 13116424 380296 13099172 380294  22.980 31 
 8.856 10.080 13352702 0 0 13116424 380296 13099172 380294  23.060 31 
 8.856 10.057 13394956 0 0 13116424 380296 13099172 380294  23.118 31 
 8.799 10.103 13437214 0 0 13116424 380296 13099172 380294  23.222 31 
 8.810 10.092 13479470 0 0 13116424 380296 13099172 380294  23.315 31 
 8.822 10.103 13521726 0 0 13116424 380296 13521726 422554  23.418 31 
 8.822 10.103 13563982 0 0 13538978 422554 13521726 422554  23.522 32 
 8.810 10.080 13606238 0 0 13538978 422554 13521726 422554  23.603 32 
 8.833 10.092 13648496 0 0 13538978 422554 13521726 422554  23.695 32 
 8.822 10.080 13690750 0 0 13538978 422554 13521726 422554  23.776 32 
 8.856 10.103 13733006 0 0 13538978 422554 13521726 422554  23.880 32 
 8.867 10.069 13775262 0 0 13538978 422554 13521726 422554  23.949 32 
 8.902 10.092 13817516 0 0 13538978 422554 13521726 422554  24.042 32 
 8.913 10.080 13859772 0 0 13538978 422554 13521726 422554  24.122 32 
 8.867 10.057 13902026 0 0 13538978 422554 13521726 422554  24.180 32 
 8.856 10.080 13944284 0 0 13538978 422554 13521726 422554  24.261 32 
 8.890 10.069 13986538 0 0 13538978 422554 13986538 464812  24.331 32 
 8.833 10.057 14028792 0 0 14003790 464812 13986538 464812  24.389 33 
 8.902 10.057 14071050 0 0 14003790 464812 13986538 464812  24.447 33 
 8.902 10.046 14113306 0 0 14003790 464812 13986538 464812  24.493 33 
 8.890 10.012 14155564 0 0 14003790 464812 13986538 464812  24.506 33 
 8.902 10.046 14197822 0 0 14003790 464812 13986538 464812  24.552 33 
 8.902 10.046 14240078 0 0 14003790 464812 13986538 464812  24.599 33 
 8.913 10.023 14282334 0 0 14003790 464812 13986538 464812  24.622 33 
 8.867 10.046 14324588 0 0 14003790 464812 13986538 464812  24.669 33 
 8.902 10.046 14366842 0 0 14003790 464812 13986538 464812  24.715 33 
 8.913 10.023 14409098 0 0 14003790 464812 13986538 464812  24.739 33 
 8.902 10.057 14451356 0 0 14003790 464812 14451356 464818  24.797 33 
 8.902 10.057 14493612 0 0 14468608 464818 14451356 464818  24.855 34 
 8.913 10.092 14535866 0 0 14468608 464818 14451356 464818  24.947 34 
 8.867 10.046 14578120 0 0 14468608 464818 14451356 464818  24.994 34 
 8.867 10.046 14620376 0 0 14468608 464818 14451356 464818  25.040 34 
 8.902 10.092 14662632 0 0 14468608 464818 14451356 464818  25.133 34 
 8.902 10.149 14704888 0 0 14468608 464818 14451356 464818  25.282 34 
 8.902 10.046 14747142 0 0 14468608 464818 14451356 464818  25.329 34 
