Thread[Thread-1,5,main] 4.428 5.034 0 0 0 0 0 0 0  4.965 0 
 5.618 5.160 42252 0 0 17252 17252 0 0  9.804 1 
 6.842 5.194 84510 0 0 17252 17252 0 0  14.609 1 
 8.066 5.332 126764 0 0 17252 17252 0 0  19.277 1 
 9.279 5.526 169020 0 0 17252 17252 0 0  23.750 1 
 10.378 5.732 211274 0 0 17252 17252 0 0  28.018 1 
 11.419 5.973 253532 0 0 17252 17252 0 0  32.045 1 
 12.335 6.293 295788 0 0 17252 17252 0 0  35.751 1 
 13.296 6.602 338046 0 0 17252 17252 338046 338046  39.149 1 
 13.536 6.808 380302 0 0 355298 338046 338046 338046  42.341 2 
 13.536 7.163 422560 0 0 355298 338046 338046 338046  45.178 2 
 13.582 7.483 464816 0 0 355298 338046 338046 338046  47.694 2 
 13.582 7.758 507072 0 0 355298 338046 338046 338046  49.936 2 
 13.685 7.986 549328 0 0 355298 338046 338046 338046  51.949 2 
 13.708 8.318 591584 0 0 355298 338046 338046 338046  53.630 2 
 13.799 8.536 633838 0 0 355298 338046 338046 338046  55.094 2 
 13.811 8.833 676094 0 0 355298 338046 338046 338046  56.261 2 
 13.845 9.073 718354 0 0 355298 338046 718354 380308  57.187 2 
 13.570 9.234 760606 0 0 735604 380306 718354 380308  57.953 3 
 13.158 9.451 802860 0 0 735604 380306 718354 380308  58.501 3 
 12.746 9.588 845116 0 0 735604 380306 718354 380308  58.912 3 
 12.380 9.737 887374 0 0 735604 380306 718354 380308  59.175 3 
 11.968 9.955 929630 0 0 735604 380306 718354 380308  59.220 3 
 11.625 10.012 971888 0 0 735604 380306 718354 380308  59.232 3 
 11.236 10.183 1014146 0 0 735604 380306 718354 380308  59.416 3 
 10.950 10.286 1056402 0 0 735604 380306 718354 380308  59.703 3 
 10.607 10.286 1098654 0 0 735604 380306 718354 380308  59.989 3 
 10.332 10.412 1140910 0 0 735604 380306 718354 380308  60.402 3 
 10.012 10.447 1183166 0 0 735604 380306 718354 380308  60.849 3 
 9.737 10.504 1225426 0 0 735604 380306 718354 380308  61.353 3 
 9.428 10.492 1267678 0 0 735604 380306 718354 380308  61.846 3 
 9.188 10.561 1309934 0 0 735604 380306 718354 380308  62.408 3 
 8.913 10.469 1352190 0 0 735604 380306 1352190 633836  62.878 3 
 8.730 10.504 1394444 0 0 1369442 633838 1352190 633836  63.382 4 
 8.627 10.469 1436702 0 0 1369442 633838 1352190 633836  63.852 4 
 8.536 10.515 1478956 0 0 1369442 633838 1352190 633836  64.367 4 
 8.387 10.458 1521214 0 0 1369442 633838 1352190 633836  64.826 4 
 8.284 10.424 1563472 0 0 1369442 633838 1352190 633836  65.250 4 
 8.227 10.424 1605728 0 0 1369442 633838 1352190 633836  65.674 4 
 8.124 10.344 1647984 0 0 1369442 633838 1647984 295794  66.018 4 
 8.078 10.275 1690238 0 0 1665236 295794 1647984 295794  66.294 5 
 8.044 10.286 1732492 0 0 1665236 295794 1647984 295794  66.581 5 
 8.032 10.229 1774748 0 0 1665236 295794 1647984 295794  66.810 5 
 7.998 10.229 1817006 0 0 1665236 295794 1647984 295794  67.040 5 
 7.998 10.160 1859264 0 0 1665236 295794 1647984 295794  67.201 5 
 7.964 10.160 1901522 0 0 1665236 295794 1647984 295794  67.362 5 
 7.975 10.103 1943776 0 0 1665236 295794 1647984 295794  67.465 5 
 7.952 10.138 1986032 0 0 1665236 295794 1647984 295794  67.604 5 
 7.941 10.080 2028290 0 0 1665236 295794 2028290 380306  67.684 5 
 7.952 10.023 2070544 0 0 2045542 380306 2028290 380306  67.708 6 
 8.032 10.012 2112800 0 0 2045542 380306 2028290 380306  67.720 6 
 8.066 10.012 2155058 0 0 2045542 380306 2028290 380306  67.733 6 
 8.089 9.955 2197312 0 0 2045542 380306 2028290 380306  67.778 6 
 8.181 9.955 2239568 0 0 2045542 380306 2028290 380306  67.823 6 
 8.192 9.932 2281826 0 0 2045542 380306 2028290 380306  67.890 6 
 8.261 9.874 2324078 0 0 2045542 380306 2028290 380306  68.015 6 
 8.307 9.909 2366332 0 0 2045542 380306 2028290 380306  68.106 6 
 8.307 9.909 2408588 0 0 2045542 380306 2028290 380306  68.197 6 
 8.353 9.955 2450842 0 0 2045542 380306 2028290 380306  68.242 6 
 8.410 9.874 2493102 0 0 2045542 380306 2028290 380306  68.367 6 
 8.410 9.840 2535358 0 0 2045542 380306 2028290 380306  68.527 6 
 8.456 9.840 2577612 0 0 2045542 380306 2028290 380306  68.686 6 
 8.513 9.840 2619866 0 0 2045542 380306 2028290 380306  68.845 6 
 8.547 9.829 2662122 0 0 2045542 380306 2662122 633832  69.016 6 
 8.581 9.840 2704376 0 0 2679374 633832 2662122 633832  69.176 7 
 8.627 9.840 2746632 0 0 2679374 633832 2662122 633832  69.335 7 
 8.627 9.829 2788888 0 0 2679374 633832 2662122 633832  69.506 7 
 8.639 9.829 2831142 0 0 2679374 633832 2662122 633832  69.677 7 
 8.684 9.817 2873400 0 0 2679374 633832 2662122 633832  69.859 7 
 8.719 9.817 2915654 0 0 2679374 633832 2662122 633832  70.041 7 
 8.719 9.874 2957912 0 0 2679374 633832 2662122 633832  70.166 7 
 8.764 9.863 3000170 0 0 2679374 633832 2662122 633832  70.303 7 
 8.764 9.863 3042426 0 0 2679374 633832 2662122 633832  70.440 7 
 8.822 9.909 3084682 0 0 2679374 633832 3084682 422560  70.530 7 
 8.799 9.897 3126934 0 0 3101932 422558 3084682 422560  70.633 8 
 8.822 9.920 3169192 0 0 3101932 422558 3084682 422560  70.712 8 
 8.776 9.829 3211450 0 0 3101932 422558 3084682 422560  70.883 8 
 8.787 9.909 3253706 0 0 3101932 422558 3084682 422560  70.973 8 
 8.753 9.955 3295964 0 0 3101932 422558 3084682 422560  71.018 8 
 8.764 9.943 3338222 0 0 3101932 422558 3084682 422560  71.075 8 
 8.730 9.874 3380480 0 0 3101932 422558 3084682 422560  71.200 8 
 8.730 9.955 3422734 0 0 3101932 422558 3084682 422560  71.245 8 
 8.776 9.909 3464992 0 0 3101932 422558 3084682 422560  71.336 8 
 8.730 9.943 3507250 0 0 3101932 422558 3084682 422560  71.392 8 
 8.719 9.874 3549504 0 0 3101932 422558 3084682 422560  71.517 8 
 8.719 9.966 3591764 0 0 3101932 422558 3084682 422560  71.551 8 
 8.684 9.897 3634020 0 0 3101932 422558 3084682 422560  71.653 8 
 8.684 9.909 3676278 0 0 3101932 422558 3084682 422560  71.744 8 
 8.696 9.932 3718536 0 0 3101932 422558 3718536 633854  71.812 8 
 8.662 9.966 3760790 0 0 3735788 633856 3718536 633854  71.845 9 
 8.673 9.909 3803044 0 0 3735788 633856 3718536 633854  71.936 9 
 8.662 9.920 3845298 0 0 3735788 633856 3718536 633854  72.015 9 
 8.673 9.920 3887556 0 0 3735788 633856 3718536 633854  72.095 9 
 8.639 9.920 3929812 0 0 3735788 633856 3718536 633854  72.174 9 
 8.673 9.909 3972068 0 0 3735788 633856 3718536 633854  72.265 9 
 8.673 9.920 4014326 0 0 3735788 633856 3718536 633854  72.344 9 
 8.650 9.909 4056582 0 0 3735788 633856 3718536 633854  72.435 9 
 8.673 9.943 4098840 0 0 3735788 633856 3718536 633854  72.491 9 
 8.673 9.909 4141096 0 0 3735788 633856 3718536 633854  72.582 9 
 8.639 9.920 4183352 0 0 3735788 633856 3718536 633854  72.661 9 
 8.650 9.897 4225608 0 0 3735788 633856 3718536 633854  72.763 9 
 8.639 9.932 4267864 0 0 3735788 633856 3718536 633854  72.831 9 
 8.639 9.909 4310122 0 0 3735788 633856 3718536 633854  72.922 9 
 8.673 9.886 4352382 0 0 3735788 633856 4352382 633846  73.036 9 
 8.673 9.920 4394634 0 0 4369634 633846 4352382 633846  73.115 10 
 8.673 9.874 4436890 0 0 4369634 633846 4352382 633846  73.240 10 
 8.684 9.909 4479144 0 0 4369634 633846 4352382 633846  73.331 10 
 8.673 9.886 4521402 0 0 4369634 633846 4352382 633846  73.445 10 
 8.673 9.932 4563658 0 0 4369634 633846 4352382 633846  73.512 10 
 8.662 9.909 4605916 0 0 4369634 633846 4352382 633846  73.603 10 
 8.684 9.909 4648174 0 0 4369634 633846 4352382 633846  73.694 10 
 8.684 9.920 4690428 0 0 4369634 633846 4352382 633846  73.773 10 
 8.673 9.955 4732682 0 0 4369634 633846 4732682 380300  73.818 10 
 8.684 9.920 4774938 0 0 4749934 380300 4732682 380300  73.898 11 
 8.696 9.874 4817194 0 0 4749934 380300 4732682 380300  74.023 11 
 8.719 9.909 4859450 0 0 4749934 380300 4732682 380300  74.114 11 
 8.684 9.932 4901706 0 0 4749934 380300 4732682 380300  74.181 11 
 8.639 9.909 4943962 0 0 4749934 380300 4732682 380300  74.272 11 
 8.650 9.909 4986218 0 0 4749934 380300 4732682 380300  74.363 11 
 8.639 9.920 5028472 0 0 4749934 380300 4732682 380300  74.442 11 
 8.627 9.886 5070726 0 0 4749934 380300 4732682 380300  74.556 11 
 8.673 9.955 5112982 0 0 4749934 380300 4732682 380300  74.601 11 
 8.616 9.909 5155238 0 0 4749934 380300 4732682 380300  74.692 11 
 8.639 9.920 5197496 0 0 4749934 380300 4732682 380300  74.771 11 
 8.593 9.920 5239750 0 0 4749934 380300 4732682 380300  74.850 11 
 8.581 9.932 5282004 0 0 4749934 380300 4732682 380300  74.918 11 
 8.593 9.920 5324262 0 0 4749934 380300 5324262 591580  74.997 11 
 8.536 9.909 5366514 0 0 5341512 591578 5324262 591580  75.088 12 
 8.570 9.920 5408770 0 0 5341512 591578 5324262 591580  75.168 12 
 8.581 9.874 5451026 0 0 5341512 591578 5324262 591580  75.293 12 
 8.639 9.874 5493284 0 0 5341512 591578 5324262 591580  75.418 12 
 8.627 9.909 5535540 0 0 5341512 591578 5324262 591580  75.509 12 
 8.593 9.874 5577794 0 0 5341512 591578 5324262 591580  75.634 12 
 8.604 9.909 5620052 0 0 5341512 591578 5324262 591580  75.724 12 
 8.616 9.863 5662304 0 0 5341512 591578 5324262 591580  75.861 12 
 8.627 9.909 5704564 0 0 5341512 591578 5324262 591580  75.952 12 
 8.639 9.863 5746818 0 0 5341512 591578 5324262 591580  76.088 12 
 8.684 9.874 5789076 0 0 5341512 591578 5324262 591580  76.213 12 
 8.627 9.863 5831330 0 0 5341512 591578 5324262 591580  76.350 12 
 8.673 9.909 5873588 0 0 5341512 591578 5324262 591580  76.441 12 
 8.639 9.874 5915846 0 0 5341512 591578 5324262 591580  76.566 12 
 8.673 9.863 5958100 0 0 5341512 591578 5958100 633838  76.702 12 
 8.639 9.909 6000356 0 0 5975352 633840 5958100 633838  76.793 13 
 8.662 9.874 6042612 0 0 5975352 633840 5958100 633838  76.918 13 
 8.696 9.840 6084868 0 0 5975352 633840 5958100 633838  77.077 13 
 8.719 9.863 6127124 0 0 5975352 633840 5958100 633838  77.214 13 
 8.719 9.852 6169380 0 0 5975352 633840 5958100 633838  77.362 13 
 8.742 9.874 6211634 0 0 5975352 633840 5958100 633838  77.487 13 
 8.684 9.886 6253890 0 0 5975352 633840 5958100 633838  77.601 13 
 8.719 9.874 6296150 0 0 5975352 633840 6296150 338050  77.726 13 
 8.719 9.874 6338404 0 0 6311480 336128 6296150 338050  77.851 14 
 8.730 9.920 6380660 0 0 6311480 336128 6296150 338050  77.930 14 
 8.719 9.874 6422918 0 0 6311480 336128 6296150 338050  78.055 14 
 8.730 9.886 6465172 0 0 6311480 336128 6296150 338050  78.169 14 
 8.742 9.874 6507428 0 0 6311480 336128 6296150 338050  78.294 14 
 8.730 9.955 6549686 0 0 6311480 336128 6296150 338050  78.339 14 
 8.742 9.909 6591944 0 0 6311480 336128 6296150 338050  78.430 14 
 8.764 9.909 6634202 0 0 6311480 336128 6634202 338052  78.521 14 
 8.684 9.909 6676456 0 0 6651454 339974 6634202 338052  78.611 15 
 8.684 9.920 6718714 0 0 6651454 339974 6634202 338052  78.691 15 
 8.696 9.863 6760972 0 0 6651454 339974 6634202 338052  78.827 15 
 8.707 9.955 6803232 0 0 6651454 339974 6634202 338052  78.872 15 
 8.684 9.874 6845486 0 0 6651454 339974 6634202 338052  78.997 15 
 8.696 9.932 6887746 0 0 6651454 339974 6634202 338052  79.065 15 
 8.673 9.909 6930000 0 0 6651454 339974 6634202 338052  79.156 15 
 8.684 9.920 6972258 0 0 6651454 339974 6634202 338052  79.235 15 
 8.650 9.909 7014514 0 0 6651454 339974 7014514 380312  79.326 15 
 8.673 9.943 7056770 0 0 7031766 380312 7014514 380312  79.382 16 
 8.662 9.886 7099024 0 0 7031766 380312 7014514 380312  79.496 16 
 8.684 9.943 7141282 0 0 7031766 380312 7014514 380312  79.553 16 
 8.673 9.897 7183538 0 0 7031766 380312 7014514 380312  79.655 16 
 8.673 9.909 7225794 0 0 7031766 380312 7014514 380312  79.745 16 
 8.684 9.874 7268050 0 0 7031766 380312 7014514 380312  79.871 16 
 8.696 9.909 7310306 0 0 7031766 380312 7014514 380312  79.961 16 
 8.673 9.909 7352564 0 0 7031766 380312 7014514 380312  80.052 16 
 8.684 9.920 7394818 0 0 7031766 380312 7014514 380312  80.131 16 
 8.673 9.920 7437076 0 0 7031766 380312 7014514 380312  80.211 16 
 8.673 9.943 7479334 0 0 7031766 380312 7014514 380312  80.267 16 
 8.673 9.932 7521590 0 0 7031766 380312 7014514 380312  80.335 16 
 8.684 9.977 7563850 0 0 7031766 380312 7563850 549336  80.357 16 
 8.684 9.909 7606102 0 0 7581102 549336 7563850 549336  80.448 17 
 8.627 9.897 7648360 0 0 7581102 549336 7563850 549336  80.550 17 
 8.593 9.909 7690614 0 0 7581102 549336 7563850 549336  80.641 17 
 8.627 9.920 7732870 0 0 7581102 549336 7563850 549336  80.720 17 
 8.593 9.955 7775124 0 0 7581102 549336 7563850 549336  80.765 17 
 8.593 9.966 7817382 0 0 7581102 549336 7563850 549336  80.799 17 
 8.547 9.909 7859638 0 0 7581102 549336 7563850 549336  80.890 17 
 8.593 9.955 7901894 0 0 7581102 549336 7901894 338044  80.935 17 
 8.581 9.932 7944148 0 0 7919146 338044 7901894 338044  81.002 18 
 8.547 9.932 7986408 0 0 7919146 338044 7901894 338044  81.070 18 
 8.559 9.874 8028664 0 0 7919146 338044 7901894 338044  81.195 18 
 8.559 9.897 8070922 0 0 7919146 338044 7901894 338044  81.298 18 
 8.547 9.863 8113180 0 0 7919146 338044 7901894 338044  81.434 18 
 8.570 9.909 8155438 0 0 7919146 338044 7901894 338044  81.525 18 
 8.581 9.920 8197692 0 0 7919146 338044 7901894 338044  81.604 18 
 8.593 9.920 8239950 0 0 7919146 338044 7901894 338044  81.684 18 
 8.570 9.863 8282206 0 0 7919146 338044 7901894 338044  81.820 18 
 8.547 9.863 8324462 0 0 7919146 338044 7901894 338044  81.957 18 
 8.581 9.840 8366718 0 0 7919146 338044 7901894 338044  82.116 18 
 8.581 9.874 8408974 0 0 7919146 338044 7901894 338044  0.125 18 
 8.959 9.852 8451230 0 0 7919146 338044 7901894 338044  0.273 18 
 9.268 9.920 8493488 0 0 7919146 338044 7901894 338044  0.352 18 
 9.577 9.977 8535746 0 0 7919146 338044 8535746 633852  0.374 18 
 9.955 10.012 8577998 0 0 8552996 633850 8535746 633852  0.386 19 
 10.229 10.057 8620254 0 0 8552996 633850 8535746 633852  0.444 19 
 10.515 10.138 8662510 0 0 8552996 633850 8535746 633852  0.582 19 
 10.824 10.149 8704766 0 0 8552996 633850 8535746 633852  0.732 19 
 11.167 10.263 8747022 0 0 8552996 633850 8535746 633852  0.996 19 
 11.419 10.321 8789278 0 0 8552996 633850 8535746 633852  1.317 19 
 11.671 10.424 8831532 0 0 8552996 633850 8535746 633852  1.741 19 
 11.934 10.515 8873788 0 0 8552996 633850 8535746 633852  2.257 19 
 12.197 10.607 8916046 0 0 8552996 633850 8535746 633852  2.864 19 
 12.426 10.744 8958298 0 0 8552996 633850 8535746 633852  3.609 19 
 12.666 10.881 9000556 0 0 8552996 633850 8535746 633852  4.490 19 
 12.884 10.927 9042808 0 0 8552996 633850 8535746 633852  5.418 19 
 13.113 11.053 9085064 0 0 8552996 633850 8535746 633852  6.472 19 
 13.307 11.236 9127322 0 0 8552996 633850 8535746 633852  7.708 19 
 13.433 11.362 9169578 0 0 8552996 633850 9169578 633832  9.071 19 
 13.078 11.373 9211834 0 0 9186830 633834 9169578 633832  10.444 20 
 12.300 11.465 9254090 0 0 9186830 633834 9169578 633832  11.910 20 
 11.534 11.568 9296344 0 0 9186830 633834 9169578 633832  13.478 20 
 10.824 11.602 9338600 0 0 9186830 633834 9169578 633832  15.081 20 
 10.057 11.556 9380856 0 0 9186830 633834 9169578 633832  16.638 20 
 9.382 11.625 9423114 0 0 9186830 633834 9169578 633832  18.264 20 
 8.684 11.602 9465368 0 0 9186830 633834 9169578 633832  19.866 20 
 8.032 11.499 9507624 0 0 9186830 633834 9169578 633832  21.366 20 
 7.426 11.431 9549880 0 0 9186830 633834 9169578 633832  22.797 20 
 6.854 11.328 9592136 0 0 9186830 633834 9169578 633832  24.125 20 
 6.281 11.156 9634392 0 0 9186830 633834 9169578 633832  25.282 20 
 5.755 11.053 9676650 0 0 9186830 633834 9676650 507072  26.335 20 
 5.458 10.881 9718904 0 0 9693902 507072 9676650 507072  27.217 21 
 5.561 10.767 9761160 0 0 9693902 507072 9676650 507072  27.985 21 
 5.744 10.561 9803416 0 0 9693902 507072 9676650 507072  28.546 21 
 5.881 10.469 9845670 0 0 9693902 507072 9676650 507072  29.016 21 
 6.041 10.286 9887924 0 0 9693902 507072 9676650 507072  29.303 21 
 6.167 10.149 9930182 0 0 9693902 507072 9676650 507072  29.452 21 
 6.270 10.057 9972436 0 0 9693902 507072 9676650 507072  29.510 21 
 6.407 9.955 10014696 0 0 9693902 507072 9676650 507072  29.555 21 
 6.533 9.817 10056952 0 0 9693902 507072 9676650 507072  29.738 21 
 6.659 9.817 10099206 0 0 9693902 507072 9676650 507072  29.920 21 
 6.716 9.691 10141466 0 0 9693902 507072 9676650 507072  30.228 21 
 6.899 9.565 10183720 0 0 9693902 507072 9676650 507072  30.662 21 
 6.888 9.565 10225974 0 0 9693902 507072 9676650 507072  31.096 21 
 7.002 9.508 10268234 0 0 9693902 507072 10268234 591584  31.587 21 
 7.163 9.462 10310486 0 0 10285486 591584 10268234 591584  32.124 22 
 7.414 9.451 10352740 0 0 10285486 591584 10268234 591584  32.673 22 
 7.666 9.417 10394998 0 0 10285486 591584 10268234 591584  33.256 22 
 7.872 9.394 10437252 0 0 10285486 591584 10268234 591584  33.861 22 
 8.135 9.382 10479508 0 0 10285486 591584 10268234 591584  34.478 22 
 8.307 9.405 10521766 0 0 10285486 591584 10268234 591584  35.073 22 
 8.490 9.337 10564024 0 0 10285486 591584 10268234 591584  35.736 22 
 8.719 9.405 10606282 0 0 10285486 591584 10268234 591584  36.330 22 
 8.902 9.451 10648536 0 0 10285486 591584 10268234 591584  36.878 22 
 9.096 9.428 10690790 0 0 10285486 591584 10268234 591584  37.450 22 
 9.222 9.497 10733046 0 0 10285486 591584 10268234 591584  37.952 22 
 9.405 9.543 10775300 0 0 10285486 591584 10268234 591584  38.409 22 
 9.554 9.543 10817556 0 0 10285486 591584 10817556 549322  38.866 22 
 9.634 9.634 10859810 0 0 10834808 549322 10817556 549322  39.232 23 
 9.588 9.588 10902064 0 0 10834808 549322 10817556 549322  39.643 23 
 9.577 9.680 10944322 0 0 10834808 549322 10817556 549322  39.962 23 
 9.508 9.691 10986578 0 0 10834808 549322 10817556 549322  40.270 23 
 9.485 9.737 11028834 0 0 10834808 549322 10817556 549322  40.533 23 
 9.451 9.771 11071090 0 0 10834808 549322 10817556 549322  40.761 23 
 9.428 9.817 11113346 0 0 10834808 549322 10817556 549322  40.943 23 
 9.417 9.829 11155602 0 0 10834808 549322 10817556 549322  41.114 23 
 9.405 9.920 11197858 0 0 10834808 549322 10817556 549322  41.193 23 
 9.325 9.909 11240116 0 0 10834808 549322 10817556 549322  41.284 23 
 9.359 9.909 11282372 0 0 10834808 549322 11282372 464816  41.375 23 
 9.291 9.920 11324626 0 0 11299624 464816 11282372 464816  41.454 24 
 9.222 9.966 11366882 0 0 11299624 464816 11282372 464816  41.488 24 
 9.131 9.932 11409136 0 0 11299624 464816 11282372 464816  41.556 24 
 9.108 9.955 11451396 0 0 11299624 464816 11282372 464816  41.601 24 
 9.039 10.000 11493652 0 0 11299624 464816 11282372 464816  41.601 24 
 8.970 10.035 11535908 0 0 11299624 464816 11282372 464816  41.637 24 
 8.902 9.966 11578164 0 0 11299624 464816 11282372 464816  41.670 24 
 8.833 10.046 11620420 0 0 11299624 464816 11282372 464816  41.717 24 
 8.787 10.046 11662678 0 0 11299624 464816 11282372 464816  41.763 24 
 8.776 10.046 11704934 0 0 11299624 464816 11282372 464816  41.810 24 
 8.707 10.023 11747192 0 0 11299624 464816 11282372 464816  41.833 24 
 8.673 10.000 11789448 0 0 11299624 464816 11282372 464816  41.834 24 
 8.627 9.977 11831702 0 0 11299624 464816 11282372 464816  41.856 24 
 8.593 10.092 11873956 0 0 11299624 464816 11282372 464816  41.949 24 
 8.581 10.023 11916214 0 0 11299624 464816 11916214 633842  41.972 24 
 8.536 9.966 11958466 0 0 11933466 633842 11916214 633842  42.006 25 
 8.456 10.000 12000724 0 0 11933466 633842 11916214 633842  42.007 25 
 8.513 10.035 12042982 0 0 11933466 633842 11916214 633842  42.042 25 
 8.501 9.966 12085238 0 0 11933466 633842 11916214 633842  42.075 25 
 8.536 9.955 12127496 0 0 11933466 633842 11916214 633842  42.120 25 
 8.501 9.955 12169752 0 0 11933466 633842 11916214 633842  42.165 25 
 8.513 10.012 12212010 0 0 11933466 633842 11916214 633842  42.177 25 
 8.547 9.966 12254268 0 0 11933466 633842 11916214 633842  42.211 25 
 8.536 9.909 12296522 0 0 11933466 633842 11916214 633842  42.302 25 
 8.501 9.989 12338780 0 0 11933466 633842 12338780 422566  42.312 25 
 8.513 9.920 12381034 0 0 12356032 422566 12338780 422566  42.392 26 
 8.536 9.955 12423290 0 0 12356032 422566 12338780 422566  42.437 26 
 8.536 9.897 12465546 0 0 12356032 422566 12338780 422566  42.539 26 
 8.547 9.874 12507802 0 0 12356032 422566 12338780 422566  42.664 26 
 8.559 9.909 12550056 0 0 12356032 422566 12338780 422566  42.755 26 
 8.581 9.863 12592312 0 0 12356032 422566 12338780 422566  42.891 26 
 8.581 9.874 12634568 0 0 12356032 422566 12338780 422566  43.016 26 
 8.559 9.874 12676824 0 0 12356032 422566 12338780 422566  43.142 26 
 8.581 9.886 12719082 0 0 12356032 422566 12338780 422566  43.255 26 
 8.593 9.852 12761338 0 0 12356032 422566 12338780 422566  43.403 26 
 8.593 9.874 12803594 0 0 12356032 422566 12338780 422566  43.528 26 
 8.581 9.794 12845852 0 0 12356032 422566 12338780 422566  43.733 26 
 8.581 9.863 12888108 0 0 12356032 422566 12338780 422566  43.870 26 
 8.593 9.863 12930364 0 0 12356032 422566 12338780 422566  44.007 26 
 8.581 9.909 12972624 0 0 12356032 422566 12972624 633844  44.097 26 
 8.593 9.817 13014876 0 0 12989874 633842 12972624 633844  44.280 27 
 8.593 9.829 13057130 0 0 12989874 633842 12972624 633844  44.450 27 
 8.639 9.863 13099388 0 0 12989874 633842 12972624 633844  44.587 27 
 8.650 9.840 13141642 0 0 12989874 633842 12972624 633844  44.746 27 
 8.627 9.829 13183898 0 0 12989874 633842 12972624 633844  44.917 27 
 8.650 9.874 13226154 0 0 12989874 633842 12972624 633844  45.042 27 
 8.673 9.829 13268412 0 0 12989874 633842 12972624 633844  45.213 27 
 8.707 9.863 13310668 0 0 12989874 633842 12972624 633844  45.350 27 
 8.673 9.840 13352924 0 0 12989874 633842 12972624 633844  45.509 27 
 8.719 9.886 13395180 0 0 12989874 633842 12972624 633844  45.623 27 
 8.707 9.863 13437436 0 0 12989874 633842 12972624 633844  45.759 27 
 8.719 9.886 13479692 0 0 12989874 633842 12972624 633844  45.873 27 
 8.719 9.863 13521946 0 0 12989874 633842 12972624 633844  46.010 27 
 8.753 9.920 13564204 0 0 12989874 633842 12972624 633844  46.089 27 
 8.730 9.909 13606460 0 0 12989874 633842 13606460 633836  46.180 27 
 8.730 9.909 13648714 0 0 13623712 633838 13606460 633836  46.270 28 
 8.730 9.863 13690968 0 0 13623712 633838 13606460 633836  46.407 28 
 8.753 9.886 13733226 0 0 13623712 633838 13606460 633836  46.521 28 
 8.730 9.874 13775482 0 0 13623712 633838 13606460 633836  46.646 28 
 8.742 9.909 13817738 0 0 13623712 633838 13606460 633836  46.736 28 
 8.753 9.874 13859992 0 0 13623712 633838 13606460 633836  46.861 28 
 8.764 9.932 13902248 0 0 13623712 633838 13902248 295788  46.929 28 
 8.719 9.897 13944502 0 0 13919500 295788 13902248 295788  47.032 29 
 8.730 9.920 13986760 0 0 13919500 295788 13902248 295788  47.111 29 
 8.719 9.874 14029016 0 0 13919500 295788 13902248 295788  47.236 29 
 8.650 9.920 14071272 0 0 13919500 295788 13902248 295788  47.315 29 
 8.719 9.874 14113528 0 0 13919500 295788 13902248 295788  47.440 29 
 8.684 9.886 14155782 0 0 13919500 295788 13902248 295788  47.554 29 
 8.639 9.909 14198036 0 0 13919500 295788 13902248 295788  47.645 29 
 8.684 9.920 14240290 0 0 13919500 295788 13902248 295788  47.724 29 
 8.639 9.874 14282546 0 0 13919500 295788 13902248 295788  47.849 29 
 8.639 9.874 14324800 0 0 13919500 295788 13902248 295788  47.974 29 
 8.604 9.955 14367054 0 0 13919500 295788 13902248 295788  48.019 29 
 8.639 9.920 14409308 0 0 13919500 295788 13902248 295788  48.099 29 
 8.627 9.874 14451562 0 0 13919500 295788 13902248 295788  48.224 29 
 8.639 9.909 14493816 0 0 13919500 295788 13902248 295788  48.314 29 
 8.639 9.886 14536074 0 0 13919500 295788 14536074 633826  48.428 29 
 8.627 9.920 14578328 0 0 14553326 633826 14536074 633826  48.507 30 
 8.650 9.920 14620588 0 0 14553326 633826 14536074 633826  48.587 30 
 8.639 9.955 14662842 0 0 14553326 633826 14536074 633826  48.632 30 
 8.627 9.909 14705098 0 0 14553326 633826 14536074 633826  48.722 30 
 8.662 9.909 14747354 0 0 14553326 633826 14536074 633826  48.813 30 
