Thread[Thread-1,5,main] 4.508 4.920 0 0 0 0 0 0 0  5.079 0 
 5.709 5.023 42254 0 0 17250 17250 0 0  10.056 1 
 7.014 5.149 84508 0 0 17250 17250 0 0  14.907 1 
 8.261 5.275 126764 0 0 17250 17250 0 0  19.632 1 
 9.428 5.480 169020 0 0 17250 17250 0 0  24.151 1 
 10.458 5.664 211276 0 0 17250 17250 0 0  28.487 1 
 11.568 5.915 253532 0 0 17250 17250 0 0  32.571 1 
 12.541 6.213 295788 0 0 17250 17250 0 0  36.358 1 
 13.433 6.613 338046 0 0 17250 17250 338046 338046  39.744 1 
 13.685 6.819 380300 0 0 355296 338046 338046 338046  42.924 2 
 13.708 7.128 422556 0 0 355296 338046 338046 338046  45.795 2 
 13.719 7.426 464810 0 0 355296 338046 338046 338046  48.369 2 
 13.753 7.769 507064 0 0 355296 338046 338046 338046  50.600 2 
 13.799 7.975 549318 0 0 355296 338046 338046 338046  52.624 2 
 13.845 8.272 591574 0 0 355296 338046 338046 338046  54.351 2 
 13.891 8.559 633828 0 0 355296 338046 338046 338046  55.792 2 
 13.982 8.742 676082 0 0 355296 338046 338046 338046  57.050 2 
 13.937 8.993 718338 0 0 355296 338046 718338 380292  58.056 2 
 13.708 9.234 760594 0 0 735590 380294 718338 380292  58.822 3 
 13.216 9.371 802848 0 0 735590 380294 718338 380292  59.451 3 
 12.861 9.657 845102 0 0 735590 380294 718338 380292  59.793 3 
 12.472 9.840 887356 0 0 735590 380294 718338 380292  59.953 3 
 12.071 9.955 929610 0 0 735590 380294 718338 380292  59.998 3 
 11.751 10.092 971866 0 0 735590 380294 718338 380292  60.090 3 
 11.385 10.206 1014122 0 0 735590 380294 718338 380292  60.297 3 
 11.053 10.298 1056376 0 0 735590 380294 718338 380292  60.595 3 
 10.733 10.389 1098632 0 0 735590 380294 718338 380292  60.985 3 
 10.424 10.424 1140886 0 0 735590 380294 718338 380292  61.409 3 
 10.149 10.504 1183142 0 0 735590 380294 718338 380292  61.913 3 
 9.874 10.550 1225398 0 0 735590 380294 718338 380292  62.463 3 
 9.600 10.607 1267652 0 0 735590 380294 718338 380292  63.071 3 
 9.325 10.572 1309908 0 0 735590 380294 718338 380292  63.643 3 
 9.085 10.630 1352164 0 0 735590 380294 1352164 633826  64.274 3 
 8.856 10.550 1394420 0 0 1369414 633824 1352164 633826  64.824 4 
 8.684 10.572 1436674 0 0 1369414 633824 1352164 633826  65.396 4 
 8.524 10.527 1478928 0 0 1369414 633824 1352164 633826  65.924 4 
 8.364 10.527 1521184 0 0 1369414 633824 1352164 633826  66.451 4 
 8.238 10.435 1563436 0 0 1369414 633824 1352164 633826  66.886 4 
 8.124 10.469 1605694 0 0 1369414 633824 1352164 633826  67.356 4 
 7.964 10.401 1647948 0 0 1369414 633824 1647948 295784  67.758 4 
 7.906 10.332 1690204 0 0 1665198 295784 1647948 295784  68.090 5 
 7.872 10.275 1732460 0 0 1665198 295784 1647948 295784  68.366 5 
 7.861 10.355 1774714 0 0 1665198 295784 1647948 295784  68.721 5 
 7.872 10.252 1816966 0 0 1665198 295784 1647948 295784  68.974 5 
 7.883 10.195 1859222 0 0 1665198 295784 1647948 295784  69.169 5 
 7.872 10.172 1901476 0 0 1665198 295784 1647948 295784  69.341 5 
 7.895 10.103 1943732 0 0 1665198 295784 1647948 295784  69.445 5 
 7.872 10.092 1985988 0 0 1665198 295784 1647948 295784  69.537 5 
 7.895 10.092 2028246 0 0 1665198 295784 2028246 380298  69.630 5 
 7.906 10.012 2070498 0 0 2045496 380298 2028246 380298  69.642 6 
 7.986 9.977 2112752 0 0 2045496 380298 2028246 380298  69.664 6 
 7.986 9.977 2155008 0 0 2045496 380298 2028246 380298  69.686 6 
 8.044 9.932 2197262 0 0 2045496 380298 2028246 380298  69.754 6 
 8.135 9.874 2239516 0 0 2045496 380298 2028246 380298  69.879 6 
 8.204 9.874 2281772 0 0 2045496 380298 2028246 380298  70.004 6 
 8.238 9.874 2324028 0 0 2045496 380298 2028246 380298  70.129 6 
 8.250 9.874 2366282 0 0 2045496 380298 2028246 380298  70.254 6 
 8.284 9.829 2408538 0 0 2045496 380298 2028246 380298  70.425 6 
 8.330 9.817 2450794 0 0 2045496 380298 2028246 380298  70.608 6 
 8.444 9.817 2493050 0 0 2045496 380298 2028246 380298  70.790 6 
 8.456 9.829 2535306 0 0 2045496 380298 2028246 380298  70.961 6 
 8.456 9.829 2577562 0 0 2045496 380298 2028246 380298  71.132 6 
 8.513 9.852 2619816 0 0 2045496 380298 2028246 380298  71.280 6 
 8.547 9.749 2662072 0 0 2045496 380298 2662072 633826  71.530 6 
 8.593 9.817 2704328 0 0 2679322 633826 2662072 633826  71.713 7 
 8.639 9.829 2746584 0 0 2679322 633826 2662072 633826  71.884 7 
 8.719 9.817 2788840 0 0 2679322 633826 2662072 633826  72.066 7 
 8.719 9.817 2831096 0 0 2679322 633826 2662072 633826  72.248 7 
 8.776 9.829 2873352 0 0 2679322 633826 2662072 633826  72.419 7 
 8.776 9.829 2915606 0 0 2679322 633826 2662072 633826  72.590 7 
 8.856 9.863 2957862 0 0 2679322 633826 2662072 633826  72.727 7 
 8.867 9.817 3000118 0 0 2679322 633826 2662072 633826  72.909 7 
 8.902 9.874 3042372 0 0 2679322 633826 2662072 633826  73.034 7 
 8.925 9.874 3084626 0 0 2679322 633826 2662072 633826  73.159 7 
 8.948 9.863 3126880 0 0 2679322 633826 2662072 633826  73.296 7 
 9.005 9.863 3169136 0 0 2679322 633826 2662072 633826  73.432 7 
 9.016 9.909 3211390 0 0 2679322 633826 2662072 633826  73.523 7 
 9.051 9.886 3253644 0 0 2679322 633826 2662072 633826  73.636 7 
 9.051 9.920 3295900 0 0 2679322 633826 3295900 633828  73.716 7 
 9.028 9.920 3338152 0 0 3313150 633828 3295900 633828  73.795 8 
 9.005 9.955 3380408 0 0 3313150 633828 3295900 633828  73.840 8 
 8.982 9.955 3422662 0 0 3313150 633828 3295900 633828  73.885 8 
 8.936 9.943 3464916 0 0 3313150 633828 3295900 633828  73.942 8 
 8.902 9.977 3507170 0 0 3313150 633828 3295900 633828  73.964 8 
 8.833 9.966 3549424 0 0 3313150 633828 3295900 633828  73.997 8 
 8.810 9.966 3591676 0 0 3313150 633828 3295900 633828  74.031 8 
 8.776 9.977 3633930 0 0 3313150 633828 3295900 633828  74.053 8 
 8.764 9.966 3676186 0 0 3313150 633828 3295900 633828  74.086 8 
 8.742 9.955 3718440 0 0 3313150 633828 3718440 422540  74.131 8 
 8.673 10.012 3760696 0 0 3735690 422540 3718440 422540  74.144 9 
 8.639 9.955 3802952 0 0 3735690 422540 3718440 422540  74.189 9 
 8.684 9.966 3845208 0 0 3735690 422540 3718440 422540  74.222 9 
 8.627 9.955 3887462 0 0 3735690 422540 3718440 422540  74.267 9 
 8.616 9.943 3929718 0 0 3735690 422540 3718440 422540  74.324 9 
 8.627 9.955 3971972 0 0 3735690 422540 3718440 422540  74.369 9 
 8.627 10.046 4014228 0 0 3735690 422540 3718440 422540  74.415 9 
 8.627 9.955 4056482 0 0 3735690 422540 4056482 338042  74.460 9 
 8.547 9.955 4098738 0 0 4073734 338044 4056482 338042  74.505 10 
 8.581 9.966 4140992 0 0 4073734 338044 4056482 338042  74.539 10 
 8.559 9.955 4183248 0 0 4073734 338044 4056482 338042  74.584 10 
 8.581 9.943 4225502 0 0 4073734 338044 4056482 338042  74.640 10 
 8.536 9.955 4267758 0 0 4073734 338044 4056482 338042  74.685 10 
 8.559 9.966 4310012 0 0 4073734 338044 4056482 338042  74.719 10 
 8.536 9.943 4352266 0 0 4073734 338044 4056482 338042  74.775 10 
 8.536 9.920 4394520 0 0 4073734 338044 4056482 338042  74.854 10 
 8.559 9.955 4436774 0 0 4073734 338044 4436774 380292  74.899 10 
 8.536 9.966 4479028 0 0 4454026 380292 4436774 380292  74.933 11 
 8.547 9.932 4521284 0 0 4454026 380292 4436774 380292  75.001 11 
 8.547 9.920 4563538 0 0 4454026 380292 4436774 380292  75.080 11 
 8.547 9.920 4605794 0 0 4454026 380292 4436774 380292  75.159 11 
 8.536 9.966 4648050 0 0 4454026 380292 4436774 380292  75.193 11 
 8.559 9.932 4690304 0 0 4454026 380292 4436774 380292  75.261 11 
 8.581 9.955 4732558 0 0 4454026 380292 4436774 380292  75.306 11 
 8.581 9.932 4774814 0 0 4454026 380292 4436774 380292  75.374 11 
 8.524 9.874 4817068 0 0 4454026 380292 4436774 380292  75.499 11 
 8.547 9.920 4859322 0 0 4454026 380292 4436774 380292  75.578 11 
 8.536 9.909 4901578 0 0 4454026 380292 4901578 464804  75.669 11 
 8.593 9.932 4943832 0 0 4918828 464802 4901578 464804  75.737 12 
 8.581 9.920 4986090 0 0 4918828 464802 4901578 464804  75.816 12 
 8.604 9.874 5028346 0 0 4918828 464802 4901578 464804  75.941 12 
 8.593 9.897 5070602 0 0 4918828 464802 4901578 464804  76.043 12 
 8.604 9.863 5112856 0 0 4918828 464802 4901578 464804  76.180 12 
 8.616 9.909 5155112 0 0 4918828 464802 4901578 464804  76.271 12 
 8.650 9.943 5197366 0 0 4918828 464802 4901578 464804  76.327 12 
 8.639 9.863 5239620 0 0 4918828 464802 4901578 464804  76.464 12 
 8.639 9.966 5281874 0 0 4918828 464802 4901578 464804  76.497 12 
 8.673 9.840 5324128 0 0 4918828 464802 4901578 464804  76.657 12 
 8.673 9.886 5366382 0 0 4918828 464802 4901578 464804  76.770 12 
 8.684 9.874 5408636 0 0 4918828 464802 4901578 464804  76.895 12 
 8.684 9.932 5450890 0 0 4918828 464802 4901578 464804  76.963 12 
 8.684 9.943 5493146 0 0 4918828 464802 4901578 464804  77.020 12 
 8.684 9.874 5535400 0 0 4918828 464802 5535400 633822  77.145 12 
 8.684 9.909 5577654 0 0 5552652 633824 5535400 633822  77.236 13 
 8.730 9.897 5619910 0 0 5552652 633824 5535400 633822  77.338 13 
 8.764 9.909 5662166 0 0 5552652 633824 5535400 633822  77.429 13 
 8.730 9.932 5704422 0 0 5552652 633824 5535400 633822  77.496 13 
 8.764 9.932 5746678 0 0 5552652 633824 5535400 633822  77.564 13 
 8.719 9.909 5788934 0 0 5552652 633824 5535400 633822  77.655 13 
 8.730 9.955 5831190 0 0 5552652 633824 5535400 633822  77.700 13 
 8.742 9.886 5873446 0 0 5552652 633824 5535400 633822  77.814 13 
 8.707 9.955 5915700 0 0 5552652 633824 5535400 633822  77.859 13 
 8.730 9.932 5957954 0 0 5552652 633824 5535400 633822  77.927 13 
 8.764 9.966 6000208 0 0 5552652 633824 5535400 633822  77.960 13 
 8.742 9.943 6042462 0 0 5552652 633824 6042462 507062  78.017 13 
 8.742 9.897 6084718 0 0 6059712 507060 6042462 507062  78.119 14 
 8.719 9.920 6126972 0 0 6059712 507060 6042462 507062  78.198 14 
 8.730 9.920 6169226 0 0 6059712 507060 6042462 507062  78.277 14 
 8.719 9.920 6211482 0 0 6059712 507060 6042462 507062  78.357 14 
 8.684 9.909 6253738 0 0 6059712 507060 6042462 507062  78.447 14 
 8.650 9.932 6295992 0 0 6059712 507060 6042462 507062  78.515 14 
 8.650 9.909 6338248 0 0 6059712 507060 6042462 507062  78.606 14 
 8.650 9.920 6380504 0 0 6059712 507060 6380504 338042  78.685 14 
 8.639 9.909 6422758 0 0 6397756 338044 6380504 338042  78.776 15 
 8.673 9.932 6465012 0 0 6397756 338044 6380504 338042  78.844 15 
 8.650 9.920 6507266 0 0 6397756 338044 6380504 338042  78.923 15 
 8.650 9.886 6549522 0 0 6397756 338044 6380504 338042  79.037 15 
 8.627 9.874 6591776 0 0 6397756 338044 6380504 338042  79.162 15 
 8.604 9.886 6634030 0 0 6397756 338044 6380504 338042  79.276 15 
 8.673 9.909 6676284 0 0 6397756 338044 6380504 338042  79.367 15 
 8.627 9.955 6718538 0 0 6397756 338044 6380504 338042  79.412 15 
 8.639 9.897 6760794 0 0 6397756 338044 6380504 338042  79.514 15 
 8.627 9.863 6803050 0 0 6397756 338044 6803050 422546  79.650 15 
 8.639 9.909 6845304 0 0 6820300 422544 6803050 422546  79.741 16 
 8.662 9.909 6887558 0 0 6820300 422544 6803050 422546  79.832 16 
 8.639 9.874 6929812 0 0 6820300 422544 6803050 422546  79.957 16 
 8.662 9.886 6972068 0 0 6820300 422544 6803050 422546  80.071 16 
 8.684 9.909 7014322 0 0 6820300 422544 6803050 422546  80.161 16 
 8.673 9.909 7056578 0 0 6820300 422544 6803050 422546  80.252 16 
 8.673 9.829 7098830 0 0 6820300 422544 6803050 422546  80.423 16 
 8.730 9.920 7141086 0 0 6820300 422544 6803050 422546  80.502 16 
 8.753 9.874 7183342 0 0 6820300 422544 6803050 422546  80.627 16 
 8.730 9.897 7225596 0 0 6820300 422544 6803050 422546  80.730 16 
 8.719 10.012 7267852 0 0 6820300 422544 6803050 422546  80.742 16 
 8.742 9.909 7310106 0 0 6820300 422544 6803050 422546  80.833 16 
 8.742 9.955 7352360 0 0 6820300 422544 6803050 422546  80.878 16 
 8.730 9.909 7394616 0 0 6820300 422544 6803050 422546  80.968 16 
 8.742 9.977 7436872 0 0 6820300 422544 7436872 633822  80.990 16 
 8.730 9.897 7479126 0 0 7454124 633824 7436872 633822  81.093 17 
 8.730 9.966 7521380 0 0 7454124 633824 7436872 633822  81.126 17 
 8.719 9.909 7563636 0 0 7454124 633824 7436872 633822  81.217 17 
 8.684 9.955 7605890 0 0 7454124 633824 7436872 633822  81.262 17 
 8.639 9.955 7648144 0 0 7454124 633824 7436872 633822  81.307 17 
 8.627 9.909 7690398 0 0 7454124 633824 7436872 633822  81.398 17 
 8.604 9.932 7732654 0 0 7454124 633824 7732654 295782  81.466 17 
 8.604 9.886 7774908 0 0 7749906 295782 7732654 295782  81.579 18 
 8.627 9.920 7817160 0 0 7749906 295782 7732654 295782  81.658 18 
 8.616 9.920 7859414 0 0 7749906 295782 7732654 295782  81.738 18 
 8.593 9.932 7901670 0 0 7749906 295782 7732654 295782  81.806 18 
 8.604 9.966 7943924 0 0 7749906 295782 7732654 295782  81.839 18 
 8.627 9.909 7986180 0 0 7749906 295782 7732654 295782  81.930 18 
 8.627 9.943 8028438 0 0 7749906 295782 7732654 295782  81.986 18 
 8.627 9.909 8070690 0 0 7749906 295782 7732654 295782  82.077 18 
 8.639 9.920 8112944 0 0 7749906 295782 7732654 295782  82.157 18 
 8.639 9.909 8155200 0 0 7749906 295782 7732654 295782  82.247 18 
 8.627 9.909 8197454 0 0 7749906 295782 8197454 464800  82.338 18 
 8.639 9.874 8239708 0 0 8214704 464798 8197454 464800  82.463 19 
 8.627 9.874 8281964 0 0 8214704 464798 8197454 464800  82.588 19 
 8.684 9.909 8324220 0 0 8214704 464798 8197454 464800  82.679 19 
 8.639 10.000 8366474 0 0 8214704 464798 8197454 464800  82.680 19 
 8.684 9.886 8408730 0 0 8214704 464798 8197454 464800  0.113 19 
 9.085 10.000 8450986 0 0 8214704 464798 8197454 464800  0.114 19 
 9.371 9.966 8493242 0 0 8214704 464798 8197454 464800  0.147 19 
 9.726 10.057 8535498 0 0 8214704 464798 8197454 464800  0.205 19 
 10.092 10.057 8577752 0 0 8214704 464798 8197454 464800  0.263 19 
 10.412 10.149 8620008 0 0 8214704 464798 8197454 464800  0.413 19 
 10.744 10.149 8662260 0 0 8214704 464798 8197454 464800  0.563 19 
 11.064 10.229 8704518 0 0 8214704 464798 8704518 507064  0.792 19 
 10.996 10.252 8746772 0 0 8721768 507064 8704518 507064  1.045 20 
 10.698 10.298 8789028 0 0 8721768 507064 8704518 507064  1.343 20 
 10.412 10.366 8831284 0 0 8721768 507064 8704518 507064  1.710 20 
 10.092 10.378 8873538 0 0 8721768 507064 8704518 507064  2.088 20 
 9.783 10.389 8915794 0 0 8721768 507064 8704518 507064  2.478 20 
 9.543 10.469 8958050 0 0 8721768 507064 8704518 507064  2.948 20 
 9.245 10.584 9000306 0 0 8721768 507064 8704518 507064  3.532 20 
 9.005 10.504 9042560 0 0 8721768 507064 8704518 507064  4.037 20 
 8.742 10.458 9084816 0 0 8721768 507064 8704518 507064  4.495 20 
 8.490 10.481 9127070 0 0 8721768 507064 8704518 507064  4.976 20 
 8.272 10.424 9169326 0 0 8721768 507064 8704518 507064  5.401 20 
 8.032 10.424 9211580 0 0 8721768 507064 8704518 507064  5.825 20 
 7.826 10.366 9253834 0 0 8721768 507064 8704518 507064  6.192 20 
 7.597 10.321 9296092 0 0 8721768 507064 9296092 591574  6.513 20 
 7.529 10.275 9338348 0 0 9313342 591574 9296092 591574  6.788 21 
 7.529 10.218 9380604 0 0 9313342 591574 9296092 591574  7.006 21 
 7.586 10.149 9422858 0 0 9313342 591574 9296092 591574  7.156 21 
 7.677 10.138 9465114 0 0 9313342 591574 9296092 591574  7.294 21 
 7.712 10.046 9507370 0 0 9313342 591574 9296092 591574  7.341 21 
 7.735 10.000 9549626 0 0 9313342 591574 9296092 591574  7.341 21 
 7.758 10.000 9591882 0 0 9313342 591574 9296092 591574  7.342 21 
 7.803 10.046 9634136 0 0 9313342 591574 9296092 591574  7.389 21 
 7.861 9.920 9676392 0 0 9313342 591574 9296092 591574  7.468 21 
 7.906 9.909 9718648 0 0 9313342 591574 9296092 591574  7.559 21 
 7.952 9.932 9760902 0 0 9313342 591574 9296092 591574  7.627 21 
 7.952 9.897 9803158 0 0 9313342 591574 9296092 591574  7.729 21 
 7.998 9.817 9845416 0 0 9313342 591574 9845416 549324  7.911 21 
 8.066 9.783 9887670 0 0 9862666 549324 9845416 549324  8.128 22 
 8.158 9.783 9929924 0 0 9862666 549324 9845416 549324  8.344 22 
 8.215 9.794 9972180 0 0 9862666 549324 9845416 549324  8.550 22 
 8.318 9.714 10014436 0 0 9862666 549324 9845416 549324  8.835 22 
 8.398 9.829 10056690 0 0 9862666 549324 9845416 549324  9.006 22 
 8.456 9.783 10098944 0 0 9862666 549324 9845416 549324  9.222 22 
 8.547 9.771 10141200 0 0 9862666 549324 9845416 549324  9.450 22 
 8.616 9.783 10183458 0 0 9862666 549324 9845416 549324  9.667 22 
 8.673 9.737 10225712 0 0 9862666 549324 9845416 549324  9.930 22 
 8.719 9.771 10267968 0 0 9862666 549324 9845416 549324  10.158 22 
 8.822 9.726 10310222 0 0 9862666 549324 9845416 549324  10.431 22 
 8.822 9.771 10352478 0 0 9862666 549324 9845416 549324  10.659 22 
 8.936 9.829 10394732 0 0 9862666 549324 9845416 549324  10.830 22 
 8.959 9.817 10436984 0 0 9862666 549324 9845416 549324  11.013 22 
 9.051 9.817 10479242 0 0 9862666 549324 10479242 633826  11.195 22 
 9.051 9.829 10521498 0 0 10496492 633826 10479242 633826  11.366 23 
 9.005 9.829 10563752 0 0 10496492 633826 10479242 633826  11.537 23 
 9.028 9.874 10606006 0 0 10496492 633826 10479242 633826  11.662 23 
 8.970 9.874 10648260 0 0 10496492 633826 10479242 633826  11.787 23 
 8.948 9.874 10690514 0 0 10496492 633826 10479242 633826  11.912 23 
 8.948 9.920 10732768 0 0 10496492 633826 10479242 633826  11.991 23 
 8.913 9.886 10775022 0 0 10496492 633826 10479242 633826  12.105 23 
 8.867 9.943 10817278 0 0 10496492 633826 10479242 633826  12.161 23 
 8.856 9.909 10859532 0 0 10496492 633826 10479242 633826  12.252 23 
 8.856 9.966 10901786 0 0 10496492 633826 10479242 633826  12.286 23 
 8.833 9.966 10944040 0 0 10496492 633826 10479242 633826  12.319 23 
 8.822 9.955 10986296 0 0 10496492 633826 10479242 633826  12.364 23 
 8.776 9.955 11028552 0 0 10496492 633826 10479242 633826  12.409 23 
 8.742 9.966 11070806 0 0 10496492 633826 10479242 633826  12.443 23 
 8.764 9.955 11113060 0 0 10496492 633826 11113060 633818  12.488 23 
 8.742 9.966 11155316 0 0 11130312 633820 11113060 633818  12.521 24 
 8.719 9.955 11197570 0 0 11130312 633820 11113060 633818  12.566 24 
 8.696 9.966 11239824 0 0 11130312 633820 11113060 633818  12.600 24 
 8.719 10.012 11282080 0 0 11130312 633820 11113060 633818  12.612 24 
 8.650 9.955 11324334 0 0 11130312 633820 11113060 633818  12.657 24 
 8.627 10.046 11366588 0 0 11130312 633820 11113060 633818  12.704 24 
 8.673 10.023 11408844 0 0 11130312 633820 11408844 295784  12.727 24 
 8.593 9.977 11451100 0 0 11426094 295782 11408844 295784  12.749 25 
 8.581 9.955 11493354 0 0 11426094 295782 11408844 295784  12.794 25 
 8.593 10.012 11535610 0 0 11426094 295782 11408844 295784  12.807 25 
 8.559 9.955 11577864 0 0 11426094 295782 11408844 295784  12.852 25 
 8.478 9.932 11620120 0 0 11426094 295782 11408844 295784  12.919 25 
 8.524 9.977 11662374 0 0 11426094 295782 11408844 295784  12.942 25 
 8.501 9.966 11704630 0 0 11426094 295782 11408844 295784  12.975 25 
 8.490 9.955 11746886 0 0 11426094 295782 11746886 338042  13.020 25 
 8.421 9.966 11789142 0 0 11764136 338042 11746886 338042  13.054 26 
 8.490 9.966 11831396 0 0 11764136 338042 11746886 338042  13.087 26 
 8.536 9.955 11873650 0 0 11764136 338042 11746886 338042  13.132 26 
 8.536 9.955 11915904 0 0 11764136 338042 11746886 338042  13.177 26 
 8.501 10.000 11958158 0 0 11764136 338042 11746886 338042  13.178 26 
 8.536 9.920 12000414 0 0 11764136 338042 11746886 338042  13.257 26 
 8.536 9.886 12042668 0 0 11764136 338042 11746886 338042  13.371 26 
 8.536 9.955 12084924 0 0 11764136 338042 11746886 338042  13.416 26 
 8.581 9.909 12127178 0 0 11764136 338042 11746886 338042  13.507 26 
 8.581 9.920 12169430 0 0 11764136 338042 11746886 338042  13.586 26 
 8.593 9.920 12211684 0 0 11764136 338042 11746886 338042  13.665 26 
 8.593 9.909 12253940 0 0 11764136 338042 12253940 507054  13.756 26 
 8.639 9.920 12296194 0 0 12271190 507054 12253940 507054  13.835 27 
 8.719 9.909 12338448 0 0 12271190 507054 12253940 507054  13.926 27 
 8.639 9.874 12380702 0 0 12271190 507054 12253940 507054  14.051 27 
 8.627 9.955 12422960 0 0 12271190 507054 12253940 507054  14.096 27 
 8.684 9.943 12465212 0 0 12271190 507054 12253940 507054  14.153 27 
 8.684 9.909 12507466 0 0 12271190 507054 12253940 507054  14.243 27 
 8.684 9.920 12549722 0 0 12271190 507054 12253940 507054  14.323 27 
 8.684 9.920 12591978 0 0 12271190 507054 12253940 507054  14.402 27 
 8.673 9.955 12634234 0 0 12271190 507054 12253940 507054  14.447 27 
 8.684 9.920 12676490 0 0 12271190 507054 12253940 507054  14.526 27 
 8.719 9.932 12718744 0 0 12271190 507054 12253940 507054  14.594 27 
 8.719 9.909 12760998 0 0 12271190 507054 12253940 507054  14.685 27 
 8.719 9.955 12803254 0 0 12271190 507054 12803254 549314  14.730 27 
 8.742 9.920 12845508 0 0 12820504 549314 12803254 549314  14.809 28 
 8.753 9.932 12887764 0 0 12820504 549314 12803254 549314  14.877 28 
 8.730 9.920 12930018 0 0 12820504 549314 12803254 549314  14.957 28 
 8.707 9.955 12972272 0 0 12820504 549314 12803254 549314  15.002 28 
 8.684 9.909 13014526 0 0 12820504 549314 12803254 549314  15.092 28 
 8.696 9.920 13056782 0 0 12820504 549314 12803254 549314  15.172 28 
 8.719 9.920 13099036 0 0 12820504 549314 12803254 549314  15.251 28 
 8.684 9.920 13141290 0 0 12820504 549314 13141290 338036  15.330 28 
 8.684 9.955 13183546 0 0 13158542 338038 13141290 338036  15.375 29 
 8.730 9.909 13225802 0 0 13158542 338038 13141290 338036  15.466 29 
 8.764 9.909 13268058 0 0 13158542 338038 13141290 338036  15.557 29 
 8.696 9.932 13310312 0 0 13158542 338038 13141290 338036  15.625 29 
 8.719 9.966 13352568 0 0 13158542 338038 13141290 338036  15.658 29 
 8.684 9.943 13394824 0 0 13158542 338038 13141290 338036  15.715 29 
 8.673 9.874 13437080 0 0 13158542 338038 13141290 338036  15.840 29 
 8.707 9.966 13479334 0 0 13158542 338038 13141290 338036  15.873 29 
 8.707 9.966 13521590 0 0 13158542 338038 13521590 380300  15.907 29 
 8.684 9.966 13563846 0 0 13538842 380300 13521590 380300  15.940 30 
 8.684 9.920 13606102 0 0 13538842 380300 13521590 380300  16.020 30 
 8.684 9.932 13648358 0 0 13538842 380300 13521590 380300  16.088 30 
 8.639 9.932 13690612 0 0 13538842 380300 13521590 380300  16.155 30 
 8.673 9.920 13732868 0 0 13538842 380300 13521590 380300  16.235 30 
 8.639 9.909 13775124 0 0 13538842 380300 13521590 380300  16.326 30 
 8.604 9.920 13817376 0 0 13538842 380300 13521590 380300  16.405 30 
 8.639 9.920 13859632 0 0 13538842 380300 13859632 338042  16.484 30 
 8.581 9.955 13901888 0 0 13876882 338040 13859632 338042  16.529 31 
 8.639 9.909 13944144 0 0 13876882 338040 13859632 338042  16.620 31 
 8.639 9.932 13986400 0 0 13876882 338040 13859632 338042  16.688 31 
 8.627 9.920 14028654 0 0 13876882 338040 13859632 338042  16.767 31 
 8.581 9.909 14070908 0 0 13876882 338040 13859632 338042  16.858 31 
 8.639 9.909 14113164 0 0 13876882 338040 13859632 338042  16.949 31 
 8.593 9.909 14155418 0 0 13876882 338040 13859632 338042  17.039 31 
 8.593 9.932 14197672 0 0 13876882 338040 13859632 338042  17.107 31 
 8.581 9.909 14239926 0 0 13876882 338040 13859632 338042  17.198 31 
 8.593 9.955 14282182 0 0 13876882 338040 14282182 422550  17.243 31 
 8.593 9.909 14324438 0 0 14299432 422550 14282182 422550  17.334 32 
 8.627 9.955 14366692 0 0 14299432 422550 14282182 422550  17.379 32 
 8.604 9.874 14408948 0 0 14299432 422550 14282182 422550  17.504 32 
 8.650 9.874 14451202 0 0 14299432 422550 14282182 422550  17.629 32 
 8.593 9.863 14493458 0 0 14299432 422550 14282182 422550  17.766 32 
 8.581 9.874 14535712 0 0 14299432 422550 14282182 422550  17.891 32 
 8.627 9.909 14577966 0 0 14299432 422550 14282182 422550  17.981 32 
 8.581 9.863 14620222 0 0 14299432 422550 14282182 422550  18.118 32 
 8.627 9.817 14662476 0 0 14299432 422550 14282182 422550  18.300 32 
 8.593 9.909 14704734 0 0 14299432 422550 14704734 422552  18.391 32 
 8.639 9.874 14746988 0 0 14721984 422552 14704734 422552  18.516 33 
