Thread[Thread-1,5,main] 8.295 5.160 0 0 0 0 0 0 0  4.839 0 
 9.600 5.423 42256 0 0 13410 13410 0 0  9.415 1 
 10.561 5.709 84510 0 0 13410 13410 0 0  13.705 1 
 12.071 5.995 126766 0 0 13410 13410 0 0  17.709 1 
 13.250 6.293 169020 0 0 13410 13410 0 0  21.416 1 
 14.463 6.602 211278 0 0 13410 13410 211278 211278  24.814 1 
 15.550 6.808 253530 0 0 228528 215118 211278 211278  28.005 2 
 16.740 7.048 295786 0 0 228528 215118 211278 211278  30.957 2 
 17.873 7.266 338042 0 0 228528 215118 338042 126764  33.691 2 
 18.376 7.460 380298 0 0 351454 122926 338042 126764  36.230 3 
 18.651 7.689 422552 0 0 351454 122926 338042 126764  38.541 3 
 19.395 7.941 464808 0 0 351454 122926 338042 126764  40.600 3 
 19.795 8.135 507064 0 0 351454 122926 338042 126764  42.464 3 
 20.161 8.456 549320 0 0 351454 122926 338042 126764  44.008 3 
 20.665 8.730 591574 0 0 351454 122926 338042 126764  45.277 3 
 21.077 8.993 633830 0 0 351454 122926 633830 295788  46.284 3 
 21.031 9.199 676086 0 0 651082 299628 633830 295788  47.084 4 
 20.218 9.417 718340 0 0 651082 299628 633830 295788  47.667 4 
 19.852 9.646 760594 0 0 651082 299628 633830 295788  48.020 4 
 19.532 9.955 802850 0 0 651082 299628 633830 295788  48.065 4 
 19.154 10.160 845104 0 0 651082 299628 633830 295788  48.226 4 
 18.845 10.321 887360 0 0 651082 299628 633830 295788  48.548 4 
 18.479 10.527 929614 0 0 651082 299628 633830 295788  49.075 4 
 18.205 10.698 971872 0 0 651082 299628 633830 295788  49.774 4 
 17.873 10.847 1014126 0 0 651082 299628 633830 295788  50.621 4 
 17.598 10.973 1056382 0 0 651082 299628 633830 295788  51.594 4 
 17.278 11.110 1098636 0 0 651082 299628 633830 295788  52.705 4 
 16.969 11.213 1140892 0 0 651082 299628 633830 295788  53.919 4 
 16.683 11.305 1183146 0 0 651082 299628 633830 295788  55.224 4 
 16.420 11.442 1225400 0 0 651082 299628 633830 295788  56.667 4 
 16.156 11.511 1267656 0 0 651082 299628 1267656 633826  58.178 4 
 15.767 11.568 1309910 0 0 1284908 633826 1267656 633826  59.746 5 
 15.241 11.625 1352164 0 0 1284908 633826 1267656 633826  61.372 5 
 14.772 11.614 1394418 0 0 1284908 633826 1267656 633826  62.986 5 
 14.268 11.659 1436676 0 0 1284908 633826 1267656 633826  64.646 5 
 13.811 11.637 1478930 0 0 1284908 633826 1267656 633826  66.283 5 
 13.353 11.614 1521188 0 0 1284908 633826 1521188 253532  67.897 5 
 13.067 11.648 1563444 0 0 1538438 253530 1521188 253532  69.546 6 
 12.895 11.591 1605696 0 0 1538438 253530 1521188 253532  71.137 6 
 12.758 11.556 1647954 0 0 1538438 253530 1647954 126766  72.694 6 
 12.655 11.431 1690206 0 0 1665204 126766 1647954 126766  74.125 7 
 12.609 11.431 1732462 0 0 1665204 126766 1647954 126766  75.556 7 
 12.518 11.350 1774718 0 0 1665204 126766 1647954 126766  76.907 7 
 12.460 11.305 1816974 0 0 1665204 126766 1816974 169020  78.212 7 
 12.426 11.236 1859228 0 0 1834224 169020 1816974 169020  79.449 8 
 12.483 11.190 1901482 0 0 1834224 169020 1816974 169020  80.640 8 
 12.518 11.110 1943738 0 0 1834224 169020 1816974 169020  81.750 8 
 12.575 11.076 1985992 0 0 1834224 169020 1816974 169020  82.827 8 
 12.609 11.019 2028248 0 0 1834224 169020 2028248 211274  83.846 8 
 12.701 11.042 2070504 0 0 2045498 211274 2028248 211274  84.888 9 
 12.781 10.984 2112760 0 0 2045498 211274 2028248 211274  85.873 9 
 12.895 10.961 2155016 0 0 2045498 211274 2028248 211274  86.835 9 
 12.975 10.961 2197272 0 0 2045498 211274 2028248 211274  87.797 9 
 13.078 10.916 2239528 0 0 2045498 211274 2239528 211280  88.713 9 
 13.158 10.881 2281782 0 0 2252938 207440 2239528 211280  89.595 10 
 13.250 10.893 2324036 0 0 2252938 207440 2239528 211280  90.488 10 
 13.296 10.870 2366290 0 0 2252938 207440 2239528 211280  91.358 10 
 13.387 10.847 2408546 0 0 2252938 207440 2239528 211280  92.206 10 
 13.433 10.870 2450800 0 0 2252938 207440 2450800 211272  93.076 10 
 13.490 10.881 2493054 0 0 2468054 215116 2450800 211272  93.958 11 
 13.570 10.870 2535308 0 0 2468054 215116 2450800 211272  94.829 11 
 13.593 10.836 2577566 0 0 2468054 215116 2577566 126766  95.665 11 
 13.582 10.870 2619820 0 0 2594816 126762 2577566 126766  96.535 12 
 13.662 10.904 2662074 0 0 2594816 126762 2577566 126766  97.440 12 
 13.662 10.858 2704328 0 0 2594816 126762 2704328 126762  98.299 12 
 13.719 10.904 2746584 0 0 2721580 126764 2704328 126762  99.204 13 
 13.719 10.881 2788840 0 0 2721580 126764 2704328 126762  100.085 13 
 13.753 10.881 2831096 0 0 2721580 126764 2831096 126768  100.967 13 
 13.753 10.881 2873348 0 0 2848346 126766 2831096 126768  101.849 14 
 13.753 10.916 2915606 0 0 2848346 126766 2831096 126768  102.765 14 
 13.753 10.916 2957862 0 0 2848346 126766 2957862 126766  103.682 14 
 13.753 10.950 3000114 0 0 2973192 124846 2957862 126766  104.632 15 
 13.753 10.916 3042368 0 0 2973192 124846 2957862 126766  105.548 15 
 13.753 10.927 3084622 0 0 2973192 124846 2957862 126766  106.476 15 
 13.719 10.916 3126880 0 0 2973192 124846 3126880 169018  107.392 15 
 13.753 10.927 3169132 0 0 3144130 170938 3126880 169018  108.320 16 
 13.742 10.916 3211388 0 0 3144130 170938 3126880 169018  109.236 16 
 13.719 10.927 3253648 0 0 3144130 170938 3253648 126768  110.163 16 
 13.708 10.939 3295900 0 0 3268976 124846 3253648 126768  111.103 17 
 13.708 10.961 3338154 0 0 3268976 124846 3253648 126768  112.064 17 
 13.719 10.961 3380408 0 0 3268976 124846 3253648 126768  113.026 17 
 13.696 10.961 3422664 0 0 3268976 124846 3422664 169016  113.988 17 
 13.673 10.916 3464916 0 0 3439914 170938 3422664 169016  114.905 18 
 13.685 10.927 3507172 0 0 3439914 170938 3422664 169016  115.832 18 
 13.673 10.927 3549430 0 0 3439914 170938 3549430 126766  116.760 18 
 13.662 10.961 3591684 0 0 3564760 124846 3549430 126766  117.722 19 
 13.662 10.927 3633938 0 0 3564760 124846 3549430 126766  118.649 19 
 13.719 10.961 3676194 0 0 3564760 124846 3549430 126766  119.611 19 
 13.685 10.961 3718450 0 0 3564760 124846 3718450 169020  120.573 19 
 13.708 10.927 3760704 0 0 3735700 170940 3718450 169020  121.501 20 
 13.673 10.939 3802958 0 0 3735700 170940 3718450 169020  122.440 20 
 13.662 10.961 3845212 0 0 3735700 170940 3845212 126762  123.402 20 
 13.628 10.916 3887466 0 0 3860544 124844 3845212 126762  124.318 21 
 13.662 10.961 3929722 0 0 3860544 124844 3845212 126762  125.280 21 
 13.616 10.939 3971976 0 0 3860544 124844 3845212 126762  126.219 21 
 13.628 10.927 4014234 0 0 3860544 124844 4014234 169022  127.147 21 
 13.628 10.939 4056486 0 0 4031484 170940 4014234 169022  128.086 22 
 13.662 10.961 4098742 0 0 4031484 170940 4014234 169022  129.048 22 
 13.628 10.950 4140998 0 0 4031484 170940 4140998 126764  129.998 22 
 13.662 10.927 4183252 0 0 4156330 124846 4140998 126764  130.926 23 
 13.662 10.939 4225506 0 0 4156330 124846 4140998 126764  131.865 23 
 13.662 10.961 4267762 0 0 4156330 124846 4140998 126764  132.827 23 
 13.662 10.927 4310018 0 0 4156330 124846 4310018 169020  133.755 23 
 13.662 10.961 4352270 0 0 4327268 170938 4310018 169020  134.716 24 
 13.662 10.916 4394524 0 0 4327268 170938 4310018 169020  135.633 24 
 13.673 10.939 4436780 0 0 4327268 170938 4436780 126762  136.572 24 
 13.673 10.927 4479036 0 0 4452112 124844 4436780 126762  137.499 25 
 13.673 10.927 4521292 0 0 4452112 124844 4436780 126762  138.427 25 
 13.662 10.904 4563546 0 0 4452112 124844 4436780 126762  139.332 25 
 13.673 10.927 4605804 0 0 4452112 124844 4605804 169024  140.259 25 
 13.662 10.916 4648056 0 0 4623054 170942 4605804 169024  141.176 26 
 13.673 10.961 4690310 0 0 4623054 170942 4605804 169024  142.138 26 
 13.662 10.927 4732566 0 0 4623054 170942 4732566 126762  143.065 26 
 13.685 10.927 4774822 0 0 4747898 124844 4732566 126762  143.993 27 
 13.685 10.881 4817076 0 0 4747898 124844 4732566 126762  144.875 27 
 13.708 10.927 4859332 0 0 4747898 124844 4732566 126762  145.802 27 
 13.708 10.881 4901588 0 0 4747898 124844 4901588 169022  146.684 27 
 13.719 10.939 4943842 0 0 4918838 170940 4901588 169022  147.623 28 
 13.719 10.916 4986098 0 0 4918838 170940 4901588 169022  148.539 28 
 13.753 10.939 5028354 0 0 4918838 170940 5028354 126766  149.478 28 
 13.719 10.927 5070608 0 0 5039846 121008 5028354 126766  150.406 29 
 13.742 10.927 5112860 0 0 5039846 121008 5028354 126766  151.334 29 
 13.708 10.893 5155114 0 0 5039846 121008 5028354 126766  152.227 29 
 13.719 10.927 5197370 0 0 5039846 121008 5197370 169016  153.155 29 
 13.685 10.881 5239624 0 0 5214620 174774 5197370 169016  154.036 30 
 13.719 10.893 5281882 0 0 5214620 174774 5197370 169016  154.930 30 
 13.708 10.893 5324136 0 0 5214620 174774 5324136 126766  155.823 30 
 13.719 10.927 5366390 0 0 5341388 126768 5324136 126766  156.751 31 
 13.708 10.916 5408644 0 0 5341388 126768 5324136 126766  157.667 31 
 13.753 10.916 5450898 0 0 5341388 126768 5450898 126762  158.583 31 
 13.731 10.870 5493154 0 0 5468150 126762 5450898 126762  159.453 32 
 13.753 10.916 5535408 0 0 5468150 126762 5450898 126762  160.370 32 
 13.753 10.916 5577662 0 0 5468150 126762 5577662 126764  161.286 32 
 13.719 10.916 5619918 0 0 5594914 126764 5577662 126764  162.202 33 
 13.708 10.916 5662172 0 0 5594914 126764 5577662 126764  163.118 33 
 13.719 10.881 5704430 0 0 5594914 126764 5704430 126768  164.000 33 
 13.719 10.916 5746682 0 0 5721680 126766 5704430 126768  164.916 34 
 13.765 10.916 5788936 0 0 5721680 126766 5704430 126768  165.832 34 
 13.765 10.881 5831190 0 0 5721680 126766 5831190 126760  166.714 34 
 13.776 10.893 5873444 0 0 5848442 126762 5831190 126760  167.608 35 
 13.765 10.881 5915698 0 0 5848442 126762 5831190 126760  168.489 35 
 13.799 10.927 5957954 0 0 5848442 126762 5957954 126764  169.417 35 
 13.765 10.916 6000208 0 0 5975206 126764 5957954 126764  170.333 36 
 13.765 10.916 6042462 0 0 5975206 126764 5957954 126764  171.249 36 
 13.753 10.916 6084718 0 0 5975206 126764 6084718 126764  172.166 36 
 13.799 10.927 6126972 0 0 6101968 126762 6084718 126764  173.093 37 
 13.765 10.881 6169226 0 0 6101968 126762 6084718 126764  173.975 37 
 13.776 10.927 6211482 0 0 6101968 126762 6211482 126764  174.903 37 
 13.753 10.927 6253738 0 0 6228734 126766 6211482 126764  175.830 38 
 13.753 10.950 6295994 0 0 6228734 126766 6211482 126764  176.781 38 
 13.776 10.916 6338252 0 0 6228734 126766 6338252 126770  177.697 38 
 13.811 10.961 6380508 0 0 6355502 126768 6338252 126770  178.659 39 
 13.753 10.939 6422760 0 0 6355502 126768 6338252 126770  179.598 39 
 13.753 10.916 6465018 0 0 6355502 126768 6465018 126766  180.514 39 
 13.753 10.881 6507272 0 0 6482268 126766 6465018 126766  181.396 40 
 13.765 10.916 6549528 0 0 6482268 126766 6465018 126766  182.312 40 
 13.753 10.904 6591782 0 0 6482268 126766 6591782 126764  183.217 40 
 13.765 10.916 6634038 0 0 6603274 121006 6591782 126764  184.133 41 
 13.742 10.881 6676292 0 0 6603274 121006 6591782 126764  185.015 41 
 13.753 10.916 6718550 0 0 6603274 121006 6591782 126764  185.931 41 
 13.753 10.870 6760804 0 0 6603274 121006 6760804 169022  186.802 41 
 13.765 10.916 6803060 0 0 6778054 174780 6760804 169022  187.718 42 
 13.765 10.916 6845316 0 0 6778054 174780 6760804 169022  188.634 42 
 13.845 10.916 6887574 0 0 6778054 174780 6887574 126770  189.550 42 
 13.765 10.916 6929826 0 0 6904824 126770 6887574 126770  190.466 43 
 13.799 10.916 6972080 0 0 6904824 126770 6887574 126770  191.383 43 
 13.765 10.881 7014336 0 0 6904824 126770 7014336 126762  192.264 43 
 13.776 10.916 7056592 0 0 7027746 122922 7014336 126762  193.181 44 
 13.753 10.870 7098846 0 0 7027746 122922 7014336 126762  194.051 44 
 13.799 10.927 7141100 0 0 7027746 122922 7014336 126762  194.979 44 
 13.845 10.881 7183356 0 0 7027746 122922 7183356 169020  195.860 44 
 13.811 10.881 7225608 0 0 7200606 172860 7183356 169020  196.742 45 
 13.765 10.847 7267860 0 0 7200606 172860 7183356 169020  197.590 45 
 13.799 10.881 7310118 0 0 7200606 172860 7310118 126762  198.472 45 
 13.799 10.881 7352372 0 0 7327368 126762 7310118 126762  199.354 46 
 13.799 10.881 7394626 0 0 7327368 126762 7310118 126762  200.235 46 
 13.799 10.881 7436880 0 0 7327368 126762 7436880 126762  201.117 46 
 13.811 10.881 7479134 0 0 7454132 126764 7436880 126762  201.999 47 
 13.799 10.881 7521388 0 0 7454132 126764 7436880 126762  202.881 47 
 13.811 10.916 7563646 0 0 7454132 126764 7563646 126766  203.797 47 
 13.834 10.870 7605898 0 0 7578976 124844 7563646 126766  204.667 48 
 13.811 10.881 7648156 0 0 7578976 124844 7563646 126766  205.549 48 
 13.799 10.870 7690410 0 0 7578976 124844 7563646 126766  206.420 48 
 13.799 10.870 7732666 0 0 7578976 124844 7732666 169020  207.290 48 
 13.799 10.881 7774918 0 0 7749916 170940 7732666 169020  208.172 49 
 13.799 10.881 7817172 0 0 7749916 170940 7732666 169020  209.054 49 
 13.776 10.881 7859430 0 0 7749916 170940 7859430 126764  209.936 49 
 13.811 10.870 7901680 0 0 7870918 121002 7859430 126764  210.806 50 
 13.799 10.870 7943936 0 0 7870918 121002 7859430 126764  211.677 50 
 13.799 10.870 7986190 0 0 7870918 121002 7859430 126764  212.547 50 
 13.788 10.858 8028444 0 0 7870918 121002 8028444 169014  213.406 50 
 13.811 10.881 8070700 0 0 8045696 174778 8028444 169014  214.288 51 
 13.811 10.881 8112956 0 0 8045696 174778 8028444 169014  215.170 51 
 13.856 10.870 8155212 0 0 8045696 174778 8155212 126768  216.040 51 
 13.845 10.847 8197468 0 0 8172464 126768 8155212 126768  216.888 52 
 13.845 10.881 8239722 0 0 8172464 126768 8155212 126768  217.769 52 
 13.845 10.881 8281976 0 0 8172464 126768 8281976 126764  218.651 52 
 13.845 10.881 8324232 0 0 8295388 122924 8281976 126764  219.533 53 
 13.845 10.870 8366486 0 0 8295388 122924 8281976 126764  220.403 53 
 13.856 10.870 8408742 0 0 8295388 122924 8281976 126764  0.870 53 
 14.039 10.881 8450998 0 0 8295388 122924 8450998 169022  1.752 53 
 14.223 10.916 8493252 0 0 8468248 172860 8450998 169022  2.668 54 
 14.371 10.927 8535506 0 0 8468248 172860 8450998 169022  3.596 54 
 14.554 10.961 8577762 0 0 8468248 172860 8577762 126764  4.558 54 
 14.715 10.927 8620014 0 0 8595014 126766 8577762 126764  5.485 55 
 14.909 11.007 8662270 0 0 8595014 126766 8577762 126764  6.493 55 
 15.046 11.007 8704526 0 0 8595014 126766 8577762 126764  7.501 55 
 15.230 11.053 8746780 0 0 8595014 126766 8746780 169018  8.554 55 
 15.138 11.053 8789034 0 0 8764030 169016 8746780 169018  9.608 56 
 14.943 11.133 8831290 0 0 8764030 169016 8746780 169018  10.741 56 
 14.737 11.145 8873544 0 0 8764030 169016 8746780 169018  11.886 56 
 14.497 11.122 8915800 0 0 8764030 169016 8746780 169018  13.008 56 
 14.280 11.156 8958056 0 0 8764030 169016 8958056 211276  14.165 56 
 14.085 11.190 9000308 0 0 8975306 211276 8958056 211276  15.356 57 
 13.982 11.156 9042564 0 0 8975306 211276 8958056 211276  16.512 57 
 13.856 11.156 9084820 0 0 8975306 211276 9084820 126764  17.669 57 
 13.765 11.145 9127074 0 0 9096310 121004 9084820 126764  18.814 58 
 13.719 11.156 9169330 0 0 9096310 121004 9084820 126764  19.970 58 
 13.582 11.110 9211584 0 0 9096310 121004 9084820 126764  21.081 58 
 13.536 11.145 9253840 0 0 9096310 121004 9253840 169020  22.226 58 
 13.479 11.099 9296092 0 0 9271090 174780 9253840 169020  23.325 59 
 13.444 11.064 9338350 0 0 9271090 174780 9253840 169020  24.390 59 
 13.399 11.064 9380606 0 0 9271090 174780 9380606 126766  25.455 59 
 13.387 11.019 9422860 0 0 9395936 124846 9380606 126766  26.474 60 
 13.353 11.007 9465116 0 0 9395936 124846 9380606 126766  27.482 60 
 13.387 10.973 9507372 0 0 9395936 124846 9380606 126766  28.455 60 
 13.387 10.961 9549630 0 0 9395936 124846 9549630 169024  29.417 60 
 13.410 10.961 9591884 0 0 9566880 170944 9549630 169024  30.379 61 
 13.433 10.950 9634138 0 0 9566880 170944 9549630 169024  31.330 61 
 13.479 10.927 9676394 0 0 9566880 170944 9676394 126764  32.257 61 
 13.479 10.904 9718648 0 0 9691724 124844 9676394 126764  33.162 62 
 13.525 10.961 9760904 0 0 9691724 124844 9676394 126764  34.124 62 
 13.536 10.870 9803158 0 0 9691724 124844 9676394 126764  34.994 62 
 13.582 10.881 9845416 0 0 9691724 124844 9845416 169022  35.876 62 
 13.593 10.870 9887668 0 0 9862666 170942 9845416 169022  36.747 63 
 13.628 10.881 9929922 0 0 9862666 170942 9845416 169022  37.628 63 
 13.708 10.847 9972178 0 0 9862666 170942 9972178 126762  38.476 63 
 13.685 10.870 10014432 0 0 9987508 124842 9972178 126762  39.346 64 
 13.719 10.836 10056686 0 0 9987508 124842 9972178 126762  40.182 64 
 13.719 10.836 10098942 0 0 9987508 124842 9972178 126762  41.019 64 
 13.753 10.824 10141198 0 0 9987508 124842 10141198 169020  41.843 64 
 13.799 10.836 10183452 0 0 10158448 170940 10141198 169020  42.679 65 
 13.799 10.847 10225710 0 0 10158448 170940 10141198 169020  43.527 65 
 13.822 10.870 10267964 0 0 10158448 170940 10267964 126766  44.397 65 
 13.845 10.790 10310218 0 0 10283294 124846 10267964 126766  45.188 66 
 13.868 10.836 10352474 0 0 10283294 124846 10267964 126766  46.024 66 
 13.845 10.824 10394728 0 0 10283294 124846 10267964 126766  46.848 66 
 13.891 10.870 10436986 0 0 10283294 124846 10436986 169022  47.719 66 
 13.868 10.824 10479238 0 0 10454236 170942 10436986 169022  48.543 67 
 13.891 10.824 10521496 0 0 10454236 170942 10436986 169022  49.368 67 
 13.856 10.836 10563750 0 0 10454236 170942 10563750 126764  50.204 67 
 13.891 10.881 10606004 0 0 10579080 124844 10563750 126764  51.086 68 
 13.845 10.870 10648256 0 0 10579080 124844 10563750 126764  51.956 68 
 13.868 10.881 10690512 0 0 10579080 124844 10563750 126764  52.838 68 
 13.902 10.858 10732770 0 0 10579080 124844 10732770 169020  53.697 68 
 13.914 10.870 10775022 0 0 10750018 170938 10732770 169020  54.568 69 
 13.891 10.836 10817278 0 0 10750018 170938 10732770 169020  55.404 69 
 13.937 10.870 10859534 0 0 10750018 170938 10859534 126764  56.274 69 
 13.891 10.847 10901788 0 0 10874864 124846 10859534 126764  57.122 70 
 13.902 10.870 10944042 0 0 10874864 124846 10859534 126764  57.992 70 
 13.868 10.870 10986296 0 0 10874864 124846 10859534 126764  58.862 70 
 13.902 10.881 11028554 0 0 10874864 124846 11028554 169020  59.744 70 
 13.891 10.847 11070806 0 0 11045804 170940 11028554 169020  60.592 71 
 13.902 10.870 11113062 0 0 11045804 170940 11028554 169020  61.462 71 
 13.856 10.870 11155316 0 0 11045804 170940 11155316 126762  62.333 71 
 13.868 10.881 11197570 0 0 11170648 124844 11155316 126762  63.214 72 
 13.856 10.904 11239824 0 0 11170648 124844 11155316 126762  64.119 72 
 13.856 10.881 11282078 0 0 11170648 124844 11155316 126762  65.001 72 
 13.891 10.881 11324334 0 0 11170648 124844 11324334 169018  65.883 72 
 13.902 10.881 11366586 0 0 11341584 170936 11324334 169018  66.765 73 
 13.856 10.881 11408842 0 0 11341584 170936 11324334 169018  67.647 73 
 13.868 10.881 11451098 0 0 11341584 170936 11451098 126764  68.528 73 
 13.856 10.870 11493352 0 0 11466428 124844 11451098 126764  69.399 74 
 13.856 10.881 11535608 0 0 11466428 124844 11451098 126764  70.281 74 
 13.845 10.870 11577864 0 0 11466428 124844 11451098 126764  71.151 74 
 13.856 10.927 11620122 0 0 11466428 124844 11620122 169024  72.079 74 
 13.822 10.904 11662376 0 0 11637372 170944 11620122 169024  72.983 75 
 13.845 10.881 11704630 0 0 11637372 170944 11620122 169024  73.865 75 
 13.845 10.881 11746884 0 0 11637372 170944 11746884 126762  74.747 75 
 13.822 10.881 11789140 0 0 11762214 124842 11746884 126762  75.629 76 
 13.811 10.881 11831394 0 0 11762214 124842 11746884 126762  76.511 76 
 13.811 10.881 11873648 0 0 11762214 124842 11746884 126762  77.393 76 
 13.845 10.870 11915904 0 0 11762214 124842 11915904 169020  78.263 76 
 13.845 10.881 11958160 0 0 11933154 170940 11915904 169020  79.145 77 
 13.856 10.870 12000412 0 0 11933154 170940 11915904 169020  80.015 77 
 13.845 10.881 12042668 0 0 11933154 170940 12042668 126764  80.897 77 
 13.845 10.893 12084924 0 0 12057998 124844 12042668 126764  81.791 78 
 13.856 10.916 12127178 0 0 12057998 124844 12042668 126764  82.707 78 
 13.856 10.870 12169432 0 0 12057998 124844 12042668 126764  83.577 78 
 13.856 10.881 12211690 0 0 12057998 124844 12211690 169022  84.459 78 
 13.845 10.870 12253944 0 0 12228940 170942 12211690 169022  85.329 79 
 13.845 10.881 12296198 0 0 12228940 170942 12211690 169022  86.211 79 
 13.856 10.870 12338454 0 0 12228940 170942 12338454 126764  87.082 79 
 13.856 10.870 12380710 0 0 12349946 121006 12338454 126764  87.952 80 
 13.845 10.824 12422964 0 0 12349946 121006 12338454 126764  88.777 80 
 13.856 10.881 12465220 0 0 12349946 121006 12338454 126764  89.659 80 
 13.856 10.870 12507476 0 0 12349946 121006 12507476 169022  90.529 80 
 13.902 10.881 12549730 0 0 12524726 174780 12507476 169022  91.411 81 
 13.891 10.870 12591986 0 0 12524726 174780 12507476 169022  92.281 81 
 13.937 10.881 12634242 0 0 12524726 174780 12634242 126766  93.163 81 
 13.902 10.836 12676496 0 0 12651492 126766 12634242 126766  93.999 82 
 13.914 10.870 12718750 0 0 12651492 126766 12634242 126766  94.870 82 
 13.856 10.870 12761008 0 0 12651492 126766 12761008 126766  95.740 82 
 13.891 10.881 12803262 0 0 12778258 126766 12761008 126766  96.622 83 
 13.891 10.881 12845518 0 0 12778258 126766 12761008 126766  97.504 83 
 13.891 10.870 12887772 0 0 12778258 126766 12887772 126764  98.374 83 
 13.891 10.870 12930026 0 0 12905022 126764 12887772 126764  99.244 84 
 13.902 10.881 12972282 0 0 12905022 126764 12887772 126764  100.126 84 
 13.891 10.870 13014540 0 0 12905022 126764 13014540 126768  100.997 84 
 13.902 10.904 13056794 0 0 13031790 126768 13014540 126768  101.901 85 
 13.868 10.870 13099048 0 0 13031790 126768 13014540 126768  102.772 85 
 13.891 10.973 13141304 0 0 13031790 126768 13141304 126764  103.745 85 
 13.856 10.870 13183558 0 0 13158554 126764 13141304 126764  104.616 86 
 13.845 10.916 13225812 0 0 13158554 126764 13141304 126764  105.532 86 
 13.811 10.881 13268068 0 0 13158554 126764 13268068 126764  106.414 86 
 13.845 10.881 13310324 0 0 13283400 124846 13268068 126764  107.296 87 
 13.811 10.881 13352580 0 0 13283400 124846 13268068 126764  108.177 87 
 13.845 10.870 13394832 0 0 13283400 124846 13268068 126764  109.048 87 
 13.834 10.893 13437088 0 0 13283400 124846 13437088 169020  109.941 87 
 13.856 10.870 13479342 0 0 13454340 170940 13437088 169020  110.812 88 
 13.845 10.870 13521596 0 0 13454340 170940 13437088 169020  111.682 88 
 13.868 10.904 13563850 0 0 13454340 170940 13563850 126762  112.587 88 
 13.845 10.858 13606104 0 0 13575342 121002 13563850 126762  113.446 89 
 13.856 10.847 13648358 0 0 13575342 121002 13563850 126762  114.293 89 
 13.856 10.870 13690614 0 0 13575342 121002 13563850 126762  115.164 89 
 13.856 10.870 13732872 0 0 13575342 121002 13732872 169022  116.034 89 
 13.856 10.824 13775126 0 0 13750122 174780 13732872 169022  116.859 90 
 13.891 10.836 13817382 0 0 13750122 174780 13732872 169022  117.695 90 
 13.845 10.824 13859636 0 0 13750122 174780 13859636 126764  118.519 90 
 13.856 10.847 13901890 0 0 13876888 126766 13859636 126764  119.367 91 
 13.891 10.858 13944144 0 0 13876888 126766 13859636 126764  120.226 91 
 13.937 10.858 13986402 0 0 13876888 126766 13986402 126766  121.085 91 
 13.902 10.836 14028656 0 0 14003652 126764 13986402 126766  121.921 92 
 13.902 10.870 14070910 0 0 14003652 126764 13986402 126766  122.791 92 
 13.902 10.836 14113166 0 0 14003652 126764 14113166 126764  123.627 92 
 13.937 10.847 14155422 0 0 14130416 126764 14113166 126764  124.475 93 
 13.937 10.858 14197678 0 0 14130416 126764 14113166 126764  125.334 93 
 13.959 10.870 14239932 0 0 14130416 126764 14239932 126766  126.204 93 
 13.937 10.858 14282188 0 0 14257184 126768 14239932 126766  127.063 94 
 13.937 10.881 14324446 0 0 14257184 126768 14239932 126766  127.945 94 
 13.925 10.881 14366700 0 0 14257184 126768 14366700 126768  128.827 94 
 13.937 10.881 14408956 0 0 14383952 126768 14366700 126768  129.709 95 
 13.914 10.847 14451212 0 0 14383952 126768 14366700 126768  130.556 95 
 13.948 10.870 14493470 0 0 14383952 126768 14493470 126770  131.427 95 
 13.902 10.870 14535722 0 0 14510720 126768 14493470 126770  132.297 96 
 13.937 10.881 14577974 0 0 14510720 126768 14493470 126770  133.179 96 
 13.902 10.870 14620230 0 0 14510720 126768 14620230 126760  134.049 96 
 13.914 10.881 14662486 0 0 14633640 122920 14620230 126760  134.931 97 
 13.891 10.881 14704740 0 0 14633640 122920 14620230 126760  135.813 97 
 13.937 10.916 14746994 0 0 14633640 122920 14620230 126760  136.729 97 
