Thread[Thread-1,5,main] 4.462 5.023 0 0 0 0 0 0 0  4.976 0 
 5.652 5.137 42256 0 0 17250 17250 0 0  9.839 1 
 6.854 5.206 84510 0 0 17250 17250 0 0  14.632 1 
 8.101 5.332 126766 0 0 17250 17250 0 0  19.300 1 
 9.279 5.458 169020 0 0 17250 17250 0 0  23.842 1 
 10.286 5.698 211276 0 0 17250 17250 0 0  28.143 1 
 11.293 5.950 253530 0 0 17250 17250 0 0  32.193 1 
 12.243 6.224 295786 0 0 17250 17250 0 0  35.969 1 
 13.113 6.533 338042 0 0 17250 17250 338042 338042  39.435 1 
 13.353 6.796 380296 0 0 355292 338042 338042 338042  42.638 2 
 13.502 7.037 422550 0 0 355292 338042 338042 338042  45.601 2 
 13.490 7.357 464806 0 0 355292 338042 338042 338042  48.243 2 
 13.593 7.655 507062 0 0 355292 338042 338042 338042  50.588 2 
 13.673 8.032 549316 0 0 355292 338042 338042 338042  52.556 2 
 13.731 8.204 591572 0 0 355292 338042 338042 338042  54.351 2 
 13.799 8.490 633826 0 0 355292 338042 338042 338042  55.861 2 
 13.856 8.753 676084 0 0 355292 338042 338042 338042  57.107 2 
 13.902 9.005 718338 0 0 355292 338042 718338 380296  58.102 2 
 13.616 9.234 760590 0 0 735588 380296 718338 380296  58.868 3 
 13.227 9.405 802846 0 0 735588 380296 718338 380296  59.462 3 
 12.838 9.565 845100 0 0 735588 380296 718338 380296  59.896 3 
 12.483 9.749 887358 0 0 735588 380296 718338 380296  60.147 3 
 12.060 9.829 929612 0 0 735588 380296 718338 380296  60.318 3 
 11.705 10.092 971866 0 0 735588 380296 718338 380296  60.410 3 
 11.385 10.126 1014120 0 0 735588 380296 718338 380296  60.537 3 
 11.053 10.252 1056378 0 0 735588 380296 718338 380296  60.790 3 
 10.744 10.332 1098630 0 0 735588 380296 718338 380296  61.122 3 
 10.447 10.378 1140886 0 0 735588 380296 718338 380296  61.501 3 
 10.126 10.458 1183140 0 0 735588 380296 718338 380296  61.959 3 
 9.829 10.481 1225394 0 0 735588 380296 718338 380296  62.440 3 
 9.543 10.469 1267650 0 0 735588 380296 718338 380296  62.910 3 
 9.279 10.561 1309904 0 0 735588 380296 718338 380296  63.472 3 
 9.051 10.550 1352160 0 0 735588 380296 1352160 633822  64.022 3 
 8.822 10.515 1394412 0 0 1369410 633822 1352160 633822  64.538 4 
 8.627 10.469 1436668 0 0 1369410 633822 1352160 633822  65.007 4 
 8.501 10.469 1478924 0 0 1369410 633822 1352160 633822  65.477 4 
 8.398 10.435 1521180 0 0 1369410 633822 1352160 633822  65.913 4 
 8.227 10.424 1563436 0 0 1369410 633822 1352160 633822  66.337 4 
 8.078 10.412 1605688 0 0 1369410 633822 1352160 633822  66.750 4 
 7.952 10.332 1647944 0 0 1369410 633822 1352160 633822  67.082 4 
 7.849 10.286 1690200 0 0 1369410 633822 1690200 338040  67.369 4 
 7.769 10.286 1732454 0 0 1707450 338040 1690200 338040  67.656 5 
 7.803 10.263 1774708 0 0 1707450 338040 1690200 338040  67.920 5 
 7.838 10.229 1816966 0 0 1707450 338040 1690200 338040  68.150 5 
 7.815 10.126 1859218 0 0 1707450 338040 1690200 338040  68.276 5 
 7.826 10.160 1901474 0 0 1707450 338040 1690200 338040  68.437 5 
 7.849 10.103 1943728 0 0 1707450 338040 1690200 338040  68.541 5 
 7.883 10.138 1985982 0 0 1707450 338040 1690200 338040  68.679 5 
 7.941 10.012 2028238 0 0 1707450 338040 1690200 338040  68.691 5 
 7.883 9.977 2070494 0 0 1707450 338040 1690200 338040  68.714 5 
 7.941 9.955 2112750 0 0 1707450 338040 1690200 338040  68.759 5 
 7.906 9.909 2155006 0 0 1707450 338040 1690200 338040  68.849 5 
 7.929 9.909 2197262 0 0 1707450 338040 1690200 338040  68.940 5 
 7.964 9.909 2239516 0 0 1707450 338040 2239516 549316  69.031 5 
 7.952 9.897 2281772 0 0 2256768 549318 2239516 549316  69.133 6 
 7.986 9.817 2324026 0 0 2256768 549318 2239516 549316  69.315 6 
 8.078 9.829 2366280 0 0 2256768 549318 2239516 549316  69.486 6 
 8.135 9.829 2408534 0 0 2256768 549318 2239516 549316  69.657 6 
 8.169 9.806 2450788 0 0 2256768 549318 2239516 549316  69.851 6 
 8.227 9.829 2493042 0 0 2256768 549318 2239516 549316  70.022 6 
 8.318 9.829 2535296 0 0 2256768 549318 2239516 549316  70.192 6 
 8.353 9.783 2577552 0 0 2256768 549318 2239516 549316  70.409 6 
 8.364 9.771 2619806 0 0 2256768 549318 2239516 549316  70.637 6 
 8.421 9.806 2662060 0 0 2256768 549318 2239516 549316  70.831 6 
 8.456 9.794 2704316 0 0 2256768 549318 2239516 549316  71.036 6 
 8.501 9.817 2746570 0 0 2256768 549318 2239516 549316  71.218 6 
 8.570 9.771 2788826 0 0 2256768 549318 2239516 549316  71.447 6 
 8.581 9.783 2831080 0 0 2256768 549318 2239516 549316  71.663 6 
 8.604 9.874 2873336 0 0 2256768 549318 2873336 633820  71.788 6 
 8.627 9.806 2915590 0 0 2890588 633820 2873336 633820  71.982 7 
 8.639 9.817 2957846 0 0 2890588 633820 2873336 633820  72.164 7 
 8.673 9.863 3000100 0 0 2890588 633820 2873336 633820  72.301 7 
 8.627 9.863 3042354 0 0 2890588 633820 2873336 633820  72.437 7 
 8.627 9.794 3084608 0 0 2890588 633820 2873336 633820  72.643 7 
 8.627 9.829 3126864 0 0 2890588 633820 2873336 633820  72.813 7 
 8.627 9.897 3169118 0 0 2890588 633820 2873336 633820  72.916 7 
 8.639 9.863 3211374 0 0 2890588 633820 2873336 633820  73.052 7 
 8.593 9.829 3253630 0 0 2890588 633820 2873336 633820  73.223 7 
 8.639 9.863 3295884 0 0 2890588 633820 2873336 633820  73.360 7 
 8.581 9.909 3338138 0 0 2890588 633820 3338138 464802  73.450 7 
 8.627 9.886 3380392 0 0 3355390 464802 3338138 464802  73.564 8 
 8.627 9.886 3422646 0 0 3355390 464802 3338138 464802  73.678 8 
 8.627 9.863 3464900 0 0 3355390 464802 3338138 464802  73.814 8 
 8.581 9.909 3507156 0 0 3355390 464802 3338138 464802  73.905 8 
 8.593 9.909 3549412 0 0 3355390 464802 3338138 464802  73.996 8 
 8.627 9.886 3591666 0 0 3355390 464802 3338138 464802  74.109 8 
 8.593 9.874 3633922 0 0 3355390 464802 3338138 464802  74.234 8 
 8.627 9.966 3676176 0 0 3355390 464802 3338138 464802  74.268 8 
 8.593 9.909 3718430 0 0 3355390 464802 3338138 464802  74.359 8 
 8.593 9.874 3760684 0 0 3355390 464802 3338138 464802  74.484 8 
 8.593 9.920 3802938 0 0 3355390 464802 3338138 464802  74.563 8 
 8.627 9.909 3845194 0 0 3355390 464802 3338138 464802  74.654 8 
 8.593 9.897 3887448 0 0 3355390 464802 3338138 464802  74.756 8 
 8.593 9.909 3929704 0 0 3355390 464802 3338138 464802  74.847 8 
 8.593 9.874 3971958 0 0 3355390 464802 3971958 633820  74.972 8 
 8.593 9.886 4014214 0 0 3989210 633820 3971958 633820  75.086 9 
 8.581 9.874 4056468 0 0 3989210 633820 3971958 633820  75.211 9 
 8.604 9.909 4098722 0 0 3989210 633820 3971958 633820  75.301 9 
 8.593 9.943 4140978 0 0 3989210 633820 3971958 633820  75.358 9 
 8.593 9.897 4183232 0 0 3989210 633820 3971958 633820  75.460 9 
 8.616 9.909 4225486 0 0 3989210 633820 3971958 633820  75.551 9 
 8.627 9.943 4267742 0 0 3989210 633820 3971958 633820  75.607 9 
 8.581 9.943 4309996 0 0 3989210 633820 3971958 633820  75.664 9 
 8.627 9.874 4352250 0 0 3989210 633820 3971958 633820  75.789 9 
 8.627 9.909 4394504 0 0 3989210 633820 3971958 633820  75.880 9 
 8.650 9.920 4436758 0 0 3989210 633820 3971958 633820  75.959 9 
 8.593 9.932 4479014 0 0 3989210 633820 4479014 507056  76.027 9 
 8.559 9.897 4521270 0 0 4496268 507058 4479014 507056  76.129 10 
 8.604 9.955 4563524 0 0 4496268 507058 4479014 507056  76.174 10 
 8.593 9.966 4605780 0 0 4496268 507058 4479014 507056  76.207 10 
 8.536 9.909 4648034 0 0 4496268 507058 4479014 507056  76.298 10 
 8.559 9.989 4690288 0 0 4496268 507058 4479014 507056  76.309 10 
 8.593 9.897 4732542 0 0 4496268 507058 4479014 507056  76.411 10 
 8.559 9.920 4774800 0 0 4496268 507058 4479014 507056  76.490 10 
 8.536 9.932 4817052 0 0 4496268 507058 4479014 507056  76.558 10 
 8.559 9.932 4859308 0 0 4496268 507058 4479014 507056  76.626 10 
 8.559 9.920 4901562 0 0 4496268 507058 4479014 507056  76.706 10 
 8.547 9.943 4943818 0 0 4496268 507058 4479014 507056  76.762 10 
 8.536 9.920 4986074 0 0 4496268 507058 4479014 507056  76.841 10 
 8.536 9.955 5028330 0 0 4496268 507058 4479014 507056  76.886 10 
 8.536 9.909 5070584 0 0 4496268 507058 4479014 507056  76.977 10 
 8.536 9.920 5112838 0 0 4496268 507058 5112838 633824  77.056 10 
 8.536 9.909 5155090 0 0 5130088 633820 5112838 633824  77.147 11 
 8.536 9.909 5197344 0 0 5130088 633820 5112838 633824  77.238 11 
 8.547 9.886 5239600 0 0 5130088 633820 5112838 633824  77.352 11 
 8.581 9.955 5281856 0 0 5130088 633820 5112838 633824  77.397 11 
 8.547 9.920 5324110 0 0 5130088 633820 5112838 633824  77.476 11 
 8.559 9.966 5366364 0 0 5130088 633820 5112838 633824  77.509 11 
 8.559 9.920 5408618 0 0 5130088 633820 5112838 633824  77.589 11 
 8.581 9.955 5450872 0 0 5130088 633820 5112838 633824  77.634 11 
 8.547 9.874 5493128 0 0 5130088 633820 5112838 633824  77.759 11 
 8.547 9.897 5535380 0 0 5130088 633820 5112838 633824  77.861 11 
 8.581 9.920 5577636 0 0 5130088 633820 5112838 633824  77.940 11 
 8.581 9.932 5619890 0 0 5130088 633820 5112838 633824  78.008 11 
 8.570 9.909 5662144 0 0 5130088 633820 5112838 633824  78.099 11 
 8.570 9.920 5704400 0 0 5130088 633820 5112838 633824  78.178 11 
 8.581 9.920 5746656 0 0 5130088 633820 5746656 633818  78.258 11 
 8.547 9.909 5788908 0 0 5763906 633818 5746656 633818  78.348 12 
 8.581 9.920 5831162 0 0 5763906 633818 5746656 633818  78.428 12 
 8.570 9.920 5873414 0 0 5763906 633818 5746656 633818  78.507 12 
 8.559 9.955 5915670 0 0 5763906 633818 5746656 633818  78.552 12 
 8.593 9.932 5957926 0 0 5763906 633818 5746656 633818  78.620 12 
 8.616 9.920 6000180 0 0 5763906 633818 5746656 633818  78.699 12 
 8.547 9.920 6042434 0 0 5763906 633818 5746656 633818  78.779 12 
 8.593 9.943 6084688 0 0 5763906 633818 5746656 633818  78.835 12 
 8.627 9.909 6126942 0 0 5763906 633818 5746656 633818  78.926 12 
 8.536 9.909 6169196 0 0 5763906 633818 5746656 633818  79.016 12 
 8.627 9.943 6211452 0 0 5763906 633818 5746656 633818  79.073 12 
 8.536 9.966 6253708 0 0 5763906 633818 5746656 633818  79.106 12 
 8.593 9.966 6295964 0 0 5763906 633818 5746656 633818  79.140 12 
 8.547 9.932 6338220 0 0 5763906 633818 5746656 633818  79.208 12 
 8.581 9.932 6380476 0 0 5763906 633818 6380476 633820  79.276 12 
 8.559 9.886 6422730 0 0 6397728 633822 6380476 633820  79.389 13 
 8.570 9.932 6464986 0 0 6397728 633822 6380476 633820  79.457 13 
 8.536 9.874 6507242 0 0 6397728 633822 6380476 633820  79.582 13 
 8.581 9.920 6549496 0 0 6397728 633822 6380476 633820  79.662 13 
 8.536 9.955 6591750 0 0 6397728 633822 6380476 633820  79.707 13 
 8.547 9.932 6634006 0 0 6397728 633822 6380476 633820  79.775 13 
 8.536 9.955 6676260 0 0 6397728 633822 6380476 633820  79.820 13 
 8.524 9.920 6718516 0 0 6397728 633822 6380476 633820  79.899 13 
 8.524 9.955 6760770 0 0 6397728 633822 6380476 633820  79.944 13 
 8.547 9.966 6803026 0 0 6397728 633822 6380476 633820  79.977 13 
 8.536 9.955 6845284 0 0 6397728 633822 6380476 633820  80.022 13 
 8.559 9.966 6887540 0 0 6397728 633822 6380476 633820  80.056 13 
 8.536 9.920 6929794 0 0 6397728 633822 6380476 633820  80.135 13 
 8.536 9.955 6972048 0 0 6397728 633822 6380476 633820  80.180 13 
 8.536 9.920 7014302 0 0 6397728 633822 7014302 633826  80.260 13 
 8.581 9.920 7056558 0 0 7031552 633824 7014302 633826  80.339 14 
 8.559 9.920 7098812 0 0 7031552 633824 7014302 633826  80.418 14 
 8.581 9.909 7141066 0 0 7031552 633824 7014302 633826  80.509 14 
 8.547 10.000 7183320 0 0 7031552 633824 7014302 633826  80.510 14 
 8.536 9.966 7225574 0 0 7031552 633824 7014302 633826  80.543 14 
 8.593 9.943 7267826 0 0 7031552 633824 7014302 633826  80.600 14 
 8.581 9.909 7310082 0 0 7031552 633824 7014302 633826  80.691 14 
 8.581 9.909 7352336 0 0 7031552 633824 7014302 633826  80.781 14 
 8.684 9.932 7394592 0 0 7031552 633824 7014302 633826  80.849 14 
 8.581 9.920 7436844 0 0 7031552 633824 7014302 633826  80.929 14 
 8.616 9.909 7479098 0 0 7031552 633824 7014302 633826  81.019 14 
 8.673 9.909 7521354 0 0 7031552 633824 7014302 633826  81.110 14 
 8.616 9.886 7563608 0 0 7031552 633824 7014302 633826  81.224 14 
 8.627 9.920 7605862 0 0 7031552 633824 7014302 633826  81.303 14 
 8.627 9.920 7648120 0 0 7031552 633824 7648120 633818  81.382 14 
 8.593 9.920 7690372 0 0 7665370 633818 7648120 633818  81.462 15 
 8.639 9.955 7732626 0 0 7665370 633818 7648120 633818  81.507 15 
 8.593 9.909 7774882 0 0 7665370 633818 7648120 633818  81.597 15 
 8.593 9.909 7817136 0 0 7665370 633818 7648120 633818  81.688 15 
 8.547 9.920 7859390 0 0 7665370 633818 7648120 633818  81.767 15 
 8.604 9.920 7901644 0 0 7665370 633818 7648120 633818  81.847 15 
 8.570 9.920 7943898 0 0 7665370 633818 7648120 633818  81.926 15 
 8.581 9.909 7986152 0 0 7665370 633818 7648120 633818  82.017 15 
 8.593 9.897 8028406 0 0 7665370 633818 7648120 633818  82.119 15 
 8.559 9.874 8070662 0 0 7665370 633818 7648120 633818  82.244 15 
 8.547 9.886 8112918 0 0 7665370 633818 7648120 633818  82.358 15 
 8.559 9.955 8155174 0 0 7665370 633818 7648120 633818  82.403 15 
 8.547 9.920 8197428 0 0 7665370 633818 7648120 633818  82.482 15 
 8.513 9.943 8239682 0 0 7665370 633818 7648120 633818  82.539 15 
 8.536 9.874 8281938 0 0 7665370 633818 8281938 633818  82.664 15 
 8.593 9.920 8324192 0 0 8299188 633818 8281938 633818  82.743 16 
 8.536 9.909 8366446 0 0 8299188 633818 8281938 633818  82.834 16 
 8.593 9.977 8408700 0 0 8299188 633818 8281938 633818  0.022 16 
 8.913 9.955 8450956 0 0 8299188 633818 8281938 633818  0.067 16 
 9.222 10.000 8493210 0 0 8299188 633818 8281938 633818  0.067 16 
 9.600 10.012 8535464 0 0 8299188 633818 8281938 633818  0.080 16 
 9.863 10.057 8577720 0 0 8299188 633818 8281938 633818  0.138 16 
 10.138 10.103 8619972 0 0 8299188 633818 8281938 633818  0.241 16 
 10.401 10.183 8662228 0 0 8299188 633818 8281938 633818  0.425 16 
 10.698 10.195 8704482 0 0 8299188 633818 8281938 633818  0.621 16 
 11.019 10.321 8746736 0 0 8299188 633818 8281938 633818  0.942 16 
 11.248 10.389 8788994 0 0 8299188 633818 8281938 633818  1.331 16 
 11.511 10.412 8831248 0 0 8299188 633818 8831248 549310  1.744 16 
 11.419 10.424 8873502 0 0 8848498 549310 8831248 549310  2.168 17 
 11.053 10.550 8915758 0 0 8848498 549310 8831248 549310  2.718 17 
 10.653 10.607 8958012 0 0 8848498 549310 8831248 549310  3.326 17 
 10.286 10.698 9000266 0 0 8848498 549310 8831248 549310  4.024 17 
 9.874 10.698 9042520 0 0 8848498 549310 8831248 549310  4.723 17 
 9.577 10.733 9084776 0 0 8848498 549310 8831248 549310  5.456 17 
 9.222 10.687 9127030 0 0 8848498 549310 8831248 549310  6.144 17 
 8.913 10.687 9169286 0 0 8848498 549310 8831248 549310  6.831 17 
 8.593 10.618 9211540 0 0 8848498 549310 8831248 549310  7.450 17 
 8.307 10.641 9253794 0 0 8848498 549310 8831248 549310  8.091 17 
 8.032 10.561 9296048 0 0 8848498 549310 8831248 549310  8.653 17 
 7.758 10.550 9338304 0 0 8848498 549310 8831248 549310  9.203 17 
 7.494 10.469 9380560 0 0 8848498 549310 8831248 549310  9.673 17 
 7.254 10.458 9422814 0 0 8848498 549310 9422814 591566  10.131 17 
 7.117 10.389 9465070 0 0 9440066 591568 9422814 591566  10.521 18 
 7.208 10.332 9507326 0 0 9440066 591568 9422814 591566  10.853 18 
 7.231 10.206 9549582 0 0 9440066 591568 9422814 591566  11.060 18 
 7.323 10.149 9591838 0 0 9440066 591568 9422814 591566  11.210 18 
 7.357 10.103 9634092 0 0 9440066 591568 9422814 591566  11.314 18 
 7.403 10.069 9676348 0 0 9440066 591568 9422814 591566  11.383 18 
 7.517 9.989 9718602 0 0 9440066 591568 9422814 591566  11.394 18 
 7.529 9.966 9760856 0 0 9440066 591568 9422814 591566  11.427 18 
 7.563 9.920 9803112 0 0 9440066 591568 9422814 591566  11.506 18 
 7.620 9.932 9845368 0 0 9440066 591568 9422814 591566  11.574 18 
 7.655 9.840 9887622 0 0 9440066 591568 9422814 591566  11.734 18 
 7.712 9.829 9929876 0 0 9440066 591568 9422814 591566  11.905 18 
 7.735 9.771 9972130 0 0 9440066 591568 9422814 591566  12.133 18 
 7.815 9.749 10014382 0 0 9440066 591568 9422814 591566  12.384 18 
 7.815 9.703 10056638 0 0 9440066 591568 10056638 633824  12.680 18 
 7.918 9.749 10098894 0 0 10073892 633826 10056638 633824  12.931 19 
 7.975 9.726 10141148 0 0 10073892 633826 10056638 633824  13.205 19 
 8.124 9.691 10183404 0 0 10073892 633826 10056638 633824  13.513 19 
 8.227 9.680 10225660 0 0 10073892 633826 10056638 633824  13.833 19 
 8.330 9.680 10267914 0 0 10073892 633826 10056638 633824  14.153 19 
 8.410 9.726 10310168 0 0 10073892 633826 10056638 633824  14.426 19 
 8.513 9.714 10352424 0 0 10073892 633826 10056638 633824  14.712 19 
 8.639 9.703 10394678 0 0 10073892 633826 10056638 633824  15.008 19 
 8.764 9.703 10436934 0 0 10073892 633826 10056638 633824  15.305 19 
 8.845 9.737 10479188 0 0 10073892 633826 10056638 633824  15.568 19 
 8.936 9.749 10521444 0 0 10073892 633826 10056638 633824  15.819 19 
 8.948 9.760 10563698 0 0 10073892 633826 10056638 633824  16.058 19 
 9.085 9.783 10605954 0 0 10073892 633826 10605954 549316  16.275 19 
 9.073 9.817 10648206 0 0 10623204 549312 10605954 549316  16.457 20 
 9.096 9.897 10690460 0 0 10623204 549312 10605954 549316  16.559 20 
 9.085 9.840 10732716 0 0 10623204 549312 10605954 549316  16.719 20 
 9.039 9.920 10774970 0 0 10623204 549312 10605954 549316  16.798 20 
 8.959 9.909 10817226 0 0 10623204 549312 10605954 549316  16.889 20 
 8.993 9.955 10859482 0 0 10623204 549312 10605954 549316  16.934 20 
 8.948 9.909 10901736 0 0 10623204 549312 10605954 549316  17.024 20 
 8.959 10.000 10943990 0 0 10623204 549312 10605954 549316  17.025 20 
 8.902 9.977 10986244 0 0 10623204 549312 10605954 549316  17.047 20 
 8.925 10.000 11028500 0 0 10623204 549312 10605954 549316  17.048 20 
 8.890 10.012 11070754 0 0 10623204 549312 10605954 549316  17.060 20 
 8.902 10.035 11113008 0 0 10623204 549312 11113008 507054  17.095 20 
 8.867 10.046 11155262 0 0 11130260 507056 11113008 507054  17.142 21 
 8.799 10.057 11197516 0 0 11130260 507056 11113008 507054  17.200 21 
 8.730 10.092 11239770 0 0 11130260 507056 11113008 507054  17.292 21 
 8.787 10.057 11282024 0 0 11130260 507056 11113008 507054  17.350 21 
 8.684 10.035 11324278 0 0 11130260 507056 11113008 507054  17.385 21 
 8.673 10.057 11366532 0 0 11130260 507056 11113008 507054  17.443 21 
 8.627 10.012 11408786 0 0 11130260 507056 11113008 507054  17.456 21 
 8.604 10.046 11451044 0 0 11130260 507056 11113008 507054  17.502 21 
 8.536 10.012 11493296 0 0 11130260 507056 11113008 507054  17.514 21 
 8.547 10.080 11535554 0 0 11130260 507056 11535554 422546  17.595 21 
 8.501 10.046 11577808 0 0 11552804 422544 11535554 422546  17.642 22 
 8.490 10.046 11620066 0 0 11552804 422544 11535554 422546  17.688 22 
 8.456 9.989 11662320 0 0 11552804 422544 11535554 422546  17.699 22 
 8.501 10.000 11704572 0 0 11552804 422544 11535554 422546  17.700 22 
 8.467 10.012 11746826 0 0 11552804 422544 11535554 422546  17.712 22 
 8.467 10.012 11789084 0 0 11552804 422544 11535554 422546  17.724 22 
 8.410 9.943 11831338 0 0 11552804 422544 11535554 422546  17.781 22 
 8.444 10.000 11873592 0 0 11552804 422544 11535554 422546  17.781 22 
 8.398 9.955 11915846 0 0 11552804 422544 11915846 380292  17.826 22 
 8.444 9.966 11958102 0 0 11929258 376454 11915846 380292  17.860 23 
 8.398 9.966 12000356 0 0 11929258 376454 11915846 380292  17.894 23 
 8.456 9.955 12042610 0 0 11929258 376454 11915846 380292  17.939 23 
 8.490 9.920 12084866 0 0 11929258 376454 11915846 380292  18.018 23 
 8.456 9.966 12127120 0 0 11929258 376454 11915846 380292  18.051 23 
 8.490 9.943 12169374 0 0 11929258 376454 11915846 380292  18.108 23 
 8.501 10.023 12211630 0 0 11929258 376454 11915846 380292  18.131 23 
 8.501 9.955 12253884 0 0 11929258 376454 11915846 380292  18.176 23 
 8.559 9.955 12296140 0 0 11929258 376454 11915846 380292  18.221 23 
 8.559 9.920 12338394 0 0 11929258 376454 11915846 380292  18.301 23 
 8.581 9.966 12380650 0 0 11929258 376454 11915846 380292  18.334 23 
 8.581 9.966 12422904 0 0 11929258 376454 11915846 380292  18.368 23 
 8.639 10.057 12465160 0 0 11929258 376454 11915846 380292  18.426 23 
 8.593 9.977 12507416 0 0 11929258 376454 11915846 380292  18.448 23 
 8.627 10.012 12549672 0 0 11929258 376454 12549672 633826  18.460 23 
 8.604 9.955 12591926 0 0 12566922 637664 12549672 633826  18.505 24 
 8.604 9.955 12634182 0 0 12566922 637664 12549672 633826  18.550 24 
 8.593 9.966 12676436 0 0 12566922 637664 12549672 633826  18.584 24 
 8.593 10.000 12718690 0 0 12566922 637664 12549672 633826  18.585 24 
 8.593 9.955 12760944 0 0 12566922 637664 12549672 633826  18.630 24 
 8.547 10.000 12803202 0 0 12566922 637664 12549672 633826  18.630 24 
 8.536 9.966 12845456 0 0 12566922 637664 12549672 633826  18.664 24 
 8.536 9.955 12887710 0 0 12566922 637664 12549672 633826  18.709 24 
 8.547 9.966 12929964 0 0 12566922 637664 12929964 380292  18.742 24 
 8.501 10.046 12972220 0 0 12947214 380292 12929964 380292  18.789 25 
 8.501 9.932 13014476 0 0 12947214 380292 12929964 380292  18.857 25 
 8.536 9.955 13056732 0 0 12947214 380292 12929964 380292  18.902 25 
 8.524 9.955 13098986 0 0 12947214 380292 12929964 380292  18.947 25 
 8.547 9.909 13141240 0 0 12947214 380292 12929964 380292  19.038 25 
 8.536 9.966 13183496 0 0 12947214 380292 12929964 380292  19.071 25 
 8.547 9.920 13225750 0 0 12947214 380292 12929964 380292  19.150 25 
 8.559 9.955 13268004 0 0 12947214 380292 12929964 380292  19.195 25 
 8.559 9.966 13310260 0 0 12947214 380292 12929964 380292  19.229 25 
 8.547 9.966 13352516 0 0 12947214 380292 12929964 380292  19.263 25 
 8.570 10.012 13394768 0 0 12947214 380292 12929964 380292  19.275 25 
 8.547 9.943 13437022 0 0 12947214 380292 12929964 380292  19.331 25 
 8.559 10.000 13479276 0 0 12947214 380292 12929964 380292  19.332 25 
 8.547 9.966 13521530 0 0 12947214 380292 12929964 380292  19.365 25 
 8.581 9.989 13563786 0 0 12947214 380292 13563786 633822  19.376 25 
 8.581 9.955 13606038 0 0 13581036 633822 13563786 633822  19.421 26 
 8.627 10.000 13648294 0 0 13581036 633822 13563786 633822  19.422 26 
 8.559 9.966 13690548 0 0 13581036 633822 13563786 633822  19.455 26 
 8.627 10.000 13732806 0 0 13581036 633822 13563786 633822  19.456 26 
 8.604 9.920 13775060 0 0 13581036 633822 13563786 633822  19.536 26 
 8.581 9.977 13817316 0 0 13581036 633822 13563786 633822  19.558 26 
 8.581 9.966 13859570 0 0 13581036 633822 13563786 633822  19.591 26 
 8.639 9.909 13901824 0 0 13581036 633822 13563786 633822  19.682 26 
 8.547 9.966 13944078 0 0 13581036 633822 13563786 633822  19.716 26 
 8.547 9.966 13986334 0 0 13581036 633822 13563786 633822  19.749 26 
 8.547 9.977 14028588 0 0 13581036 633822 13563786 633822  19.771 26 
 8.536 9.920 14070842 0 0 13581036 633822 13563786 633822  19.851 26 
 8.559 9.966 14113098 0 0 13581036 633822 13563786 633822  19.884 26 
 8.547 10.000 14155354 0 0 13581036 633822 13563786 633822  19.885 26 
 8.536 9.943 14197612 0 0 13581036 633822 14197612 633826  19.941 26 
 8.616 9.966 14239864 0 0 14214862 633826 14197612 633826  19.975 27 
 8.536 9.955 14282120 0 0 14214862 633826 14197612 633826  20.020 27 
 8.559 9.966 14324376 0 0 14214862 633826 14197612 633826  20.053 27 
 8.547 9.989 14366630 0 0 14214862 633826 14197612 633826  20.064 27 
 8.593 10.000 14408886 0 0 14214862 633826 14197612 633826  20.065 27 
 8.581 9.966 14451142 0 0 14214862 633826 14197612 633826  20.098 27 
 8.581 9.966 14493398 0 0 14214862 633826 14197612 633826  20.132 27 
 8.616 10.035 14535654 0 0 14214862 633826 14197612 633826  20.167 27 
 8.593 10.000 14577906 0 0 14214862 633826 14197612 633826  20.168 27 
 8.581 9.966 14620160 0 0 14214862 633826 14197612 633826  20.201 27 
 8.604 10.000 14662416 0 0 14214862 633826 14197612 633826  20.202 27 
 8.604 9.966 14704670 0 0 14214862 633826 14197612 633826  20.236 27 
 8.627 10.012 14746924 0 0 14214862 633826 14197612 633826  20.248 27 
