Thread[Thread-1,5,main] 8.867 5.206 0 0 0 0 0 0 0  4.793 0 
 10.195 5.423 42256 0 0 13410 13410 42256 42256  9.369 1 
 11.453 5.675 84512 0 0 55666 42256 84512 42256  13.694 2 
 12.518 5.904 126766 0 0 97922 42256 126766 42254  17.790 3 
 13.856 6.167 169022 0 0 140178 42256 169022 42256  21.622 4 
 15.092 6.487 211278 0 0 182434 42256 211278 42256  25.134 5 
 16.133 6.716 253536 0 0 224692 42258 253536 42258  28.417 6 
 17.507 6.934 295792 0 0 266946 42254 295792 42256  31.483 7 
 18.193 7.117 338046 0 0 309202 42256 338046 42254  34.366 8 
 18.605 7.323 380302 0 0 347618 38416 380302 42256  37.043 9 
 19.063 7.483 422560 0 0 389874 42256 422560 42258  39.559 10 
 19.520 7.666 464814 0 0 432132 42258 464814 42254  41.893 11 
 19.623 7.941 507070 0 0 474386 42254 507070 42256  43.952 12 
 19.841 8.147 549324 0 0 516640 42254 549324 42254  45.805 13 
 19.978 8.353 591582 0 0 558898 42258 591582 42258  47.451 14 
 19.978 8.604 633838 0 0 601152 42254 633838 42256  48.847 15 
 19.932 8.810 676096 0 0 643408 42256 676096 42258  50.036 16 
 19.795 9.039 718350 0 0 685666 42258 718350 42254  50.996 17 
 19.623 9.245 760606 0 0 727920 42254 760606 42256  51.751 18 
 19.395 9.474 802860 0 0 770176 42256 802860 42254  52.276 19 
 19.200 9.646 845116 0 0 812432 42256 845116 42256  52.630 20 
 18.845 9.886 887370 0 0 854686 42254 887370 42254  52.744 21 
 18.559 10.012 929626 0 0 896942 42256 929626 42256  52.756 22 
 18.250 10.183 971880 0 0 939196 42254 971880 42254  52.940 23 
 17.919 10.309 1014134 0 0 981450 42254 1014134 42254  53.250 24 
 17.610 10.469 1056388 0 0 1023704 42254 1056388 42254  53.720 25 
 17.278 10.607 1098644 0 0 1065958 42254 1098644 42256  54.327 26 
 16.957 10.698 1140900 0 0 1108216 42258 1140900 42256  55.026 27 
 16.648 10.836 1183156 0 0 1150474 42258 1183156 42256  55.862 28 
 16.328 10.881 1225410 0 0 1192726 42252 1225410 42254  56.744 29 
 16.053 10.973 1267664 0 0 1234980 42254 1267664 42254  57.717 30 
 15.813 11.030 1309920 0 0 1277236 42256 1309920 42256  58.748 31 
 15.538 11.099 1352174 0 0 1319490 42254 1352174 42254  59.847 32 
 15.310 11.156 1394430 0 0 1361744 42254 1394430 42256  61.003 33 
 15.092 11.202 1436684 0 0 1404000 42256 1436684 42254  62.206 34 
 14.898 11.236 1478942 0 0 1446256 42256 1478942 42258  63.442 35 
 14.703 11.236 1521196 0 0 1488512 42256 1521196 42254  64.679 36 
 14.532 11.236 1563452 0 0 1530770 42258 1563452 42256  65.915 37 
 14.360 11.236 1605706 0 0 1573022 42252 1605706 42254  67.152 38 
 14.245 11.236 1647960 0 0 1615278 42256 1647960 42254  68.388 39 
 14.165 11.236 1690218 0 0 1657530 42252 1690218 42258  69.625 40 
 14.085 11.225 1732472 0 0 1699786 42256 1732472 42254  70.850 41 
 14.005 11.213 1774728 0 0 1742044 42258 1774728 42256  72.064 42 
 13.948 11.202 1816982 0 0 1784302 42258 1816982 42254  73.266 43 
 13.891 11.213 1859240 0 0 1826554 42252 1859240 42258  74.480 44 
 13.845 11.190 1901496 0 0 1868810 42256 1901496 42256  75.671 45 
 13.811 11.167 1943752 0 0 1911066 42256 1943752 42256  76.838 46 
 13.765 11.110 1986006 0 0 1953324 42258 1986006 42254  77.949 47 
 13.811 11.099 2028260 0 0 1995576 42252 2028260 42254  79.048 48 
 13.799 11.099 2070514 0 0 2037830 42254 2070514 42254  80.148 49 
 13.811 11.099 2112770 0 0 2080086 42256 2112770 42256  81.247 50 
 13.811 11.064 2155026 0 0 2122342 42256 2155026 42256  82.312 51 
 13.822 11.064 2197280 0 0 2164596 42254 2197280 42254  83.377 52 
 13.822 11.064 2239536 0 0 2206852 42256 2239536 42256  84.442 53 
 13.856 11.030 2281792 0 0 2249108 42256 2281792 42256  85.472 54 
 13.845 10.961 2324048 0 0 2291362 42254 2324048 42256  86.434 55 
 13.902 10.973 2366302 0 0 2333618 42256 2366302 42254  87.408 56 
 13.948 10.996 2408556 0 0 2375874 42256 2408556 42254  88.404 57 
 13.948 11.007 2450814 0 0 2418128 42254 2450814 42258  89.412 58 
 13.982 11.007 2493068 0 0 2460386 42258 2493068 42254  90.419 59 
 13.994 10.984 2535322 0 0 2502638 42252 2535322 42254  91.404 60 
 14.005 10.973 2577576 0 0 2544892 42254 2577576 42254  92.378 61 
 14.039 10.973 2619834 0 0 2587146 42254 2619834 42258  93.351 62 
 14.039 10.973 2662088 0 0 2629402 42256 2662088 42254  94.324 63 
 14.074 10.984 2704344 0 0 2671660 42258 2704344 42256  95.309 64 
 14.074 10.973 2746598 0 0 2713916 42256 2746598 42254  96.283 65 
 14.085 10.984 2788854 0 0 2756170 42254 2788854 42256  97.268 66 
 14.074 10.973 2831108 0 0 2798424 42254 2831108 42254  98.241 67 
 14.097 10.996 2873362 0 0 2840678 42254 2873362 42254  99.237 68 
 14.120 10.973 2915618 0 0 2882934 42256 2915618 42256  100.211 69 
 14.097 10.973 2957872 0 0 2925190 42256 2957872 42254  101.184 70 
 14.120 11.007 3000126 0 0 2967442 42252 3000126 42254  102.192 71 
 14.131 10.973 3042382 0 0 3009698 42256 3042382 42256  103.165 72 
 14.131 10.973 3084638 0 0 3051954 42256 3084638 42256  104.138 73 
 14.165 10.984 3126896 0 0 3094210 42256 3126896 42258  105.123 74 
 14.120 10.973 3169150 0 0 3136466 42256 3169150 42254  106.097 75 
 14.142 10.973 3211408 0 0 3178722 42256 3211408 42258  107.070 76 
 14.165 10.984 3253664 0 0 3220978 42256 3253664 42256  108.055 77 
 14.142 11.007 3295920 0 0 3263234 42256 3295920 42256  109.063 78 
 14.120 10.973 3338174 0 0 3305490 42256 3338174 42254  110.036 79 
 14.131 10.984 3380428 0 0 3347748 42258 3380428 42254  111.021 80 
 14.131 10.996 3422684 0 0 3390000 42252 3422684 42256  112.017 81 
 14.165 11.007 3464942 0 0 3432258 42258 3464942 42258  113.025 82 
 14.131 10.973 3507196 0 0 3474512 42254 3507196 42254  113.998 83 
 14.131 10.996 3549450 0 0 3516768 42256 3549450 42254  114.995 84 
 14.154 11.007 3591708 0 0 3559022 42254 3591708 42258  116.002 85 
 14.177 10.961 3633964 0 0 3601280 42258 3633964 42256  116.964 86 
 14.131 10.961 3676220 0 0 3643534 42254 3676220 42256  117.926 87 
 14.165 11.019 3718480 0 0 3685792 42258 3718480 42260  118.945 88 
 14.131 11.007 3760732 0 0 3728050 42258 3760732 42252  119.953 89 
 14.165 11.007 3802990 0 0 3770306 42256 3802990 42258  120.961 90 
 14.131 11.019 3845246 0 0 3812560 42254 3845246 42256  121.980 91 
 14.131 10.973 3887502 0 0 3854816 42256 3887502 42256  122.953 92 
 14.131 10.984 3929756 0 0 3897072 42256 3929756 42254  123.938 93 
 14.131 11.007 3972010 0 0 3939326 42254 3972010 42254  124.946 94 
 14.142 11.019 4014266 0 0 3981582 42256 4014266 42256  125.965 95 
 14.131 11.019 4056520 0 0 4023840 42258 4056520 42254  126.984 96 
 14.131 11.019 4098778 0 0 4066092 42252 4098778 42258  128.003 97 
 14.142 11.019 4141034 0 0 4108350 42258 4141034 42256  129.023 98 
 14.120 11.007 4183290 0 0 4150604 42254 4183290 42256  130.030 99 
 14.120 10.984 4225546 0 0 4192860 42256 4225546 42256  131.015 100 
 14.120 10.984 4267804 0 0 4235116 42256 4267804 42258  132.000 101 
 14.131 11.007 4310058 0 0 4277376 42260 4310058 42254  133.008 102 
 14.131 11.019 4352316 0 0 4319630 42254 4352316 42258  134.027 103 
 14.142 10.996 4394568 0 0 4361886 42256 4394568 42252  135.023 104 
 14.131 11.007 4436826 0 0 4404140 42254 4436826 42258  136.031 105 
 14.131 11.007 4479082 0 0 4446398 42258 4479082 42256  137.039 106 
 14.131 10.996 4521336 0 0 4488652 42254 4521336 42254  138.035 107 
 14.131 10.984 4563594 0 0 4530908 42256 4563594 42258  139.020 108 
 14.131 10.996 4605850 0 0 4573164 42256 4605850 42256  140.016 109 
 14.154 11.007 4648108 0 0 4615424 42260 4648108 42258  141.024 110 
 14.165 11.019 4690366 0 0 4657680 42256 4690366 42258  142.043 111 
 14.165 11.007 4732624 0 0 4699936 42256 4732624 42258  143.051 112 
 14.165 10.996 4774880 0 0 4742194 42258 4774880 42256  144.047 113 
 14.142 11.019 4817136 0 0 4784452 42258 4817136 42256  145.066 114 
 14.131 11.019 4859390 0 0 4826706 42254 4859390 42254  146.085 115 
 14.165 11.019 4901644 0 0 4868962 42256 4901644 42254  147.104 116 
 14.120 10.973 4943900 0 0 4911214 42252 4943900 42256  148.078 117 
 14.131 11.019 4986156 0 0 4953472 42258 4986156 42256  149.097 118 
 14.131 10.984 5028414 0 0 4995728 42256 5028414 42258  150.082 119 
 14.165 11.007 5070670 0 0 5037984 42256 5070670 42256  151.089 120 
 14.131 11.007 5112924 0 0 5080240 42256 5112924 42254  152.097 121 
 14.131 11.019 5155178 0 0 5122496 42256 5155178 42254  153.116 122 
 14.165 11.019 5197434 0 0 5164748 42252 5197434 42256  154.135 123 
 14.165 10.996 5239690 0 0 5207006 42258 5239690 42256  155.132 124 
 14.154 11.007 5281946 0 0 5249262 42256 5281946 42256  156.139 125 
 14.165 11.019 5324200 0 0 5291520 42258 5324200 42254  157.159 126 
 14.120 11.007 5366458 0 0 5333772 42252 5366458 42258  158.166 127 
 14.142 11.019 5408714 0 0 5376028 42256 5408714 42256  159.186 128 
 14.131 11.007 5450968 0 0 5418284 42256 5450968 42254  160.193 129 
 14.131 11.019 5493222 0 0 5460538 42254 5493222 42254  161.212 130 
 14.142 11.019 5535476 0 0 5502792 42254 5535476 42254  162.232 131 
 14.131 11.053 5577730 0 0 5545046 42254 5577730 42254  163.285 132 
 14.120 11.019 5619984 0 0 5587302 42256 5619984 42254  164.304 133 
 14.131 11.007 5662242 0 0 5629558 42256 5662242 42258  165.312 134 
 14.120 11.030 5704498 0 0 5671812 42254 5704498 42256  166.343 135 
 14.131 10.973 5746752 0 0 5714070 42258 5746752 42254  167.316 136 
 14.120 11.019 5789006 0 0 5756322 42252 5789006 42254  168.335 137 
 14.131 11.007 5831262 0 0 5798576 42254 5831262 42256  169.343 138 
 14.120 11.007 5873516 0 0 5840832 42256 5873516 42254  170.351 139 
 14.131 11.030 5915774 0 0 5883086 42254 5915774 42258  171.381 140 
 14.120 11.030 5958030 0 0 5925346 42260 5958030 42256  172.412 141 
 14.120 11.019 6000284 0 0 5967604 42258 6000284 42254  173.431 142 
 14.120 11.053 6042540 0 0 6009856 42252 6042540 42256  174.484 143 
 14.131 11.064 6084798 0 0 6052112 42256 6084798 42258  175.549 144 
 14.097 11.007 6127054 0 0 6094368 42256 6127054 42256  176.557 145 
 14.085 11.019 6169310 0 0 6136626 42258 6169310 42256  177.576 146 
 14.120 11.019 6211564 0 0 6178880 42254 6211564 42254  178.595 147 
 14.120 11.053 6253820 0 0 6221138 42258 6253820 42256  179.649 148 
 14.120 11.030 6296076 0 0 6263392 42254 6296076 42256  180.680 149 
 14.120 11.030 6338330 0 0 6305646 42254 6338330 42254  181.710 150 
 14.085 11.007 6380584 0 0 6347900 42254 6380584 42254  182.718 151 
 14.120 11.007 6422840 0 0 6390154 42254 6422840 42256  183.726 152 
 14.120 11.019 6465096 0 0 6432410 42256 6465096 42256  184.745 153 
 14.131 11.019 6507350 0 0 6474668 42258 6507350 42254  185.764 154 
 14.120 11.019 6549606 0 0 6516920 42252 6549606 42256  186.783 155 
 14.120 11.019 6591862 0 0 6559178 42258 6591862 42256  187.802 156 
 14.108 11.019 6634116 0 0 6601434 42256 6634116 42254  188.821 157 
 14.131 10.996 6676372 0 0 6643690 42256 6676372 42256  189.818 158 
 14.120 11.019 6718628 0 0 6685942 42252 6718628 42256  190.837 159 
 14.131 11.019 6760884 0 0 6728198 42256 6760884 42256  191.856 160 
 14.131 10.973 6803138 0 0 6770454 42256 6803138 42254  192.829 161 
 14.131 11.019 6845396 0 0 6812708 42254 6845396 42258  193.849 162 
 14.131 11.019 6887648 0 0 6854966 42258 6887648 42252  194.868 163 
 14.131 11.007 6929902 0 0 6897222 42256 6929902 42254  195.875 164 
 14.165 11.019 6972158 0 0 6939474 42252 6972158 42256  196.895 165 
 14.131 11.019 7014416 0 0 6981730 42256 7014416 42258  197.914 166 
 14.120 11.007 7056670 0 0 7023986 42256 7056670 42254  198.922 167 
 14.120 11.019 7098924 0 0 7066240 42254 7098924 42254  199.941 168 
 14.131 11.007 7141180 0 0 7108494 42254 7141180 42256  200.948 169 
 14.120 11.007 7183436 0 0 7150750 42256 7183436 42256  201.956 170 
 14.165 11.019 7225692 0 0 7193008 42258 7225692 42256  202.975 171 
 14.131 11.019 7267948 0 0 7235264 42256 7267948 42256  203.994 172 
 14.131 11.007 7310202 0 0 7277520 42256 7310202 42254  205.002 173 
 14.131 11.019 7352460 0 0 7319776 42256 7352460 42258  206.021 174 
 14.131 10.984 7394714 0 0 7362030 42254 7394714 42254  207.006 175 
 14.165 11.007 7436968 0 0 7404284 42254 7436968 42254  208.014 176 
 14.165 11.019 7479226 0 0 7446538 42254 7479226 42258  209.033 177 
 14.165 11.019 7521482 0 0 7488798 42260 7521482 42256  210.052 178 
 14.165 11.019 7563736 0 0 7531054 42256 7563736 42254  211.071 179 
 14.131 11.053 7605992 0 0 7573308 42254 7605992 42256  212.125 180 
 14.131 11.019 7648248 0 0 7615564 42256 7648248 42256  213.144 181 
 14.131 11.007 7690504 0 0 7657818 42254 7690504 42256  214.152 182 
 14.131 11.007 7732760 0 0 7700076 42258 7732760 42256  215.160 183 
 14.142 11.053 7775014 0 0 7742330 42254 7775014 42254  216.213 184 
 14.131 11.019 7817270 0 0 7784586 42256 7817270 42256  217.232 185 
 14.120 11.064 7859524 0 0 7826842 42256 7859524 42254  218.297 186 
 14.120 11.019 7901778 0 0 7869096 42254 7901778 42254  219.316 187 
 14.120 11.019 7944036 0 0 7911350 42254 7944036 42258  220.335 188 
 14.120 10.973 7986292 0 0 7953606 42256 7986292 42256  221.309 189 
 14.142 11.019 8028548 0 0 7995862 42256 8028548 42256  222.328 190 
 14.131 11.007 8070802 0 0 8038118 42256 8070802 42254  223.336 191 
 14.177 11.007 8113056 0 0 8080372 42254 8113056 42254  224.343 192 
 14.177 11.007 8155310 0 0 8122626 42254 8155310 42254  225.351 193 
 14.177 11.019 8197566 0 0 8164882 42256 8197566 42256  226.370 194 
 14.165 11.064 8239820 0 0 8207138 42256 8239820 42254  227.435 195 
 14.131 11.007 8282078 0 0 8249392 42254 8282078 42258  228.443 196 
 14.142 11.019 8324332 0 0 8291648 42256 8324332 42254  229.462 197 
 14.131 11.019 8366590 0 0 8333904 42256 8366590 42258  230.481 198 
 14.142 11.007 8408846 0 0 8376162 42258 8408846 42256  1.007 199 
 14.394 11.053 8451100 0 0 8418416 42254 8451100 42254  2.061 200 
 14.543 11.019 8493354 0 0 8460672 42256 8493354 42254  3.080 201 
 14.760 11.064 8535610 0 0 8502926 42254 8535610 42256  4.145 202 
 14.909 11.087 8577862 0 0 8545180 42254 8577862 42252  5.233 203 
 15.138 11.110 8620120 0 0 8587434 42254 8620120 42258  6.343 204 
 15.275 11.145 8662374 0 0 8629692 42258 8662374 42254  7.488 205 
 15.184 11.122 8704630 0 0 8671944 42252 8704630 42256  8.611 206 
 15.046 11.145 8746886 0 0 8714200 42256 8746886 42256  9.756 207 
 14.898 11.167 8789142 0 0 8756456 42256 8789142 42256  10.923 208 
 14.760 11.156 8831398 0 0 8798714 42258 8831398 42256  12.080 209 
 14.680 11.202 8873656 0 0 8840970 42256 8873656 42258  13.282 210 
 14.532 11.236 8915910 0 0 8883228 42258 8915910 42254  14.519 211 
 14.440 11.225 8958164 0 0 8925480 42252 8958164 42254  15.744 212 
 14.360 11.202 9000422 0 0 8967734 42254 9000422 42258  16.946 213 
 14.223 11.213 9042678 0 0 9009992 42258 9042678 42256  18.160 214 
 14.211 11.156 9084932 0 0 9052248 42256 9084932 42254  19.316 215 
 14.131 11.213 9127188 0 0 9094502 42254 9127188 42256  20.530 216 
 14.085 11.145 9169442 0 0 9136762 42260 9169442 42254  21.675 217 
 14.039 11.190 9211696 0 0 9179014 42252 9211696 42254  22.866 218 
 14.017 11.133 9253954 0 0 9221268 42254 9253954 42258  23.999 219 
 14.039 11.145 9296208 0 0 9263524 42256 9296208 42254  25.144 220 
 14.017 11.133 9338462 0 0 9305780 42256 9338462 42254  26.278 221 
 14.039 11.110 9380718 0 0 9348032 42252 9380718 42256  27.389 222 
 13.994 11.110 9422972 0 0 9390288 42256 9422972 42254  28.499 223 
 13.994 11.064 9465228 0 0 9432544 42256 9465228 42256  29.564 224 
 14.005 11.064 9507488 0 0 9474800 42256 9507488 42260  30.629 225 
 14.028 11.030 9549744 0 0 9517058 42258 9549744 42256  31.660 226 
 14.028 11.019 9592000 0 0 9559314 42256 9592000 42256  32.679 227 
 14.062 11.064 9634256 0 0 9601570 42256 9634256 42256  33.744 228 
 14.039 11.019 9676514 0 0 9643828 42258 9676514 42258  34.763 229 
 14.074 11.019 9718770 0 0 9686086 42258 9718770 42256  35.782 230 
 14.085 11.019 9761026 0 0 9728340 42254 9761026 42256  36.801 231 
 14.085 11.019 9803280 0 0 9770598 42258 9803280 42254  37.821 232 
 14.085 11.019 9845538 0 0 9812854 42256 9845538 42258  38.840 233 
 14.120 11.007 9887794 0 0 9855110 42256 9887794 42256  39.848 234 
 14.120 11.007 9930050 0 0 9897366 42256 9930050 42256  40.855 235 
 14.120 11.019 9972306 0 0 9939620 42254 9972306 42256  41.874 236 
 14.120 11.007 10014562 0 0 9981878 42258 10014562 42256  42.882 237 
 14.131 11.019 10056816 0 0 10024132 42254 10056816 42254  43.901 238 
 14.142 11.007 10099070 0 0 10066390 42258 10099070 42254  44.909 239 
 14.165 11.007 10141326 0 0 10108642 42252 10141326 42256  45.917 240 
 14.120 11.019 10183580 0 0 10150900 42258 10183580 42254  46.936 241 
 14.165 11.053 10225838 0 0 10193152 42252 10225838 42258  47.989 242 
 14.131 11.019 10268092 0 0 10235408 42256 10268092 42254  49.009 243 
 14.165 11.019 10310348 0 0 10277662 42254 10310348 42256  50.028 244 
 14.131 11.019 10352602 0 0 10319918 42256 10352602 42254  51.047 245 
 14.165 11.019 10394860 0 0 10362172 42254 10394860 42258  52.066 246 
 14.165 11.019 10437112 0 0 10404430 42258 10437112 42252  53.085 247 
 14.165 11.064 10479368 0 0 10446684 42254 10479368 42256  54.150 248 
 14.131 11.053 10521626 0 0 10488938 42254 10521626 42258  55.204 249 
 14.131 11.019 10563880 0 0 10531196 42258 10563880 42254  56.223 250 
 14.120 11.019 10606136 0 0 10573450 42254 10606136 42256  57.242 251 
 14.120 11.007 10648392 0 0 10615706 42256 10648392 42256  58.250 252 
 14.131 10.984 10690650 0 0 10657964 42258 10690650 42258  59.235 253 
 14.154 11.007 10732906 0 0 10700222 42258 10732906 42256  60.242 254 
 14.165 11.019 10775160 0 0 10742478 42256 10775160 42254  61.261 255 
 14.165 11.019 10817416 0 0 10784732 42254 10817416 42256  62.281 0 
 14.177 11.019 10859676 0 0 10826990 42258 10859676 42260  63.300 1 
 14.177 11.007 10901930 0 0 10869246 42256 10901930 42254  64.307 2 
 14.165 11.007 10944186 0 0 10911500 42254 10944186 42256  65.315 3 
 14.177 11.042 10986442 0 0 10953756 42256 10986442 42256  66.357 4 
 14.165 11.019 11028700 0 0 10996012 42256 11028700 42258  67.376 5 
 14.165 11.053 11070956 0 0 11038274 42262 11070956 42256  68.430 6 
 14.165 11.053 11113214 0 0 11080530 42256 11113214 42258  69.483 7 
 14.131 11.007 11155468 0 0 11122784 42254 11155468 42254  70.491 8 
 14.131 10.984 11197724 0 0 11165040 42256 11197724 42256  71.476 9 
 14.165 11.053 11239982 0 0 11207296 42256 11239982 42258  72.529 10 
 14.177 11.019 11282240 0 0 11249554 42258 11282240 42258  73.549 11 
 14.165 11.019 11324496 0 0 11291812 42258 11324496 42256  74.568 12 
 14.142 11.019 11366752 0 0 11334068 42256 11366752 42256  75.587 13 
 14.177 11.019 11409008 0 0 11376324 42256 11409008 42256  76.606 14 
 14.165 11.053 11451262 0 0 11418580 42256 11451262 42254  77.660 15 
 14.177 11.019 11493522 0 0 11460834 42254 11493522 42260  78.679 16 
 14.131 11.019 11535778 0 0 11503094 42260 11535778 42256  79.698 17 
 14.165 11.042 11578034 0 0 11545350 42256 11578034 42256  80.740 18 
 14.142 11.007 11620290 0 0 11587604 42254 11620290 42256  81.748 19 
 14.131 11.019 11662548 0 0 11629860 42256 11662548 42258  82.767 20 
 14.154 11.019 11704806 0 0 11672120 42260 11704806 42258  83.786 21 
 14.165 11.007 11747066 0 0 11714378 42258 11747066 42260  84.794 22 
 14.165 10.984 11789320 0 0 11756636 42258 11789320 42254  85.779 23 
 14.177 11.019 11831578 0 0 11798892 42256 11831578 42258  86.798 24 
 14.177 11.019 11873834 0 0 11841148 42256 11873834 42256  87.817 25 
 14.177 11.030 11916088 0 0 11883406 42258 11916088 42254  88.847 26 
 14.165 11.007 11958346 0 0 11925658 42252 11958346 42258  89.855 27 
 14.188 11.007 12000602 0 0 11967916 42258 12000602 42256  90.863 28 
 14.177 11.030 12042860 0 0 12010174 42258 12042860 42258  91.894 29 
 14.188 11.019 12085118 0 0 12052434 42260 12085118 42258  92.913 30 
 14.177 11.030 12127374 0 0 12094690 42256 12127374 42256  93.943 31 
 14.200 11.030 12169628 0 0 12136944 42254 12169628 42254  94.974 32 
 14.177 11.053 12211886 0 0 12179198 42254 12211886 42258  96.027 33 
 14.211 11.053 12254142 0 0 12221456 42258 12254142 42256  97.081 34 
 14.177 11.019 12296400 0 0 12263712 42256 12296400 42258  98.100 35 
 14.177 11.064 12338658 0 0 12305972 42260 12338658 42258  99.165 36 
 14.165 11.030 12380918 0 0 12348230 42258 12380918 42260  100.196 37 
 14.165 11.053 12423174 0 0 12390488 42258 12423174 42256  101.249 38 
 14.131 11.042 12465430 0 0 12432746 42258 12465430 42256  102.291 39 
 14.165 11.064 12507686 0 0 12475002 42256 12507686 42256  103.356 40 
 14.131 11.064 12549940 0 0 12517258 42256 12549940 42254  104.421 41 
 14.165 11.053 12592196 0 0 12559510 42252 12592196 42256  105.475 42 
 14.131 11.064 12634452 0 0 12601768 42258 12634452 42256  106.539 43 
 14.131 11.042 12676706 0 0 12644024 42256 12676706 42254  107.581 44 
 14.131 11.019 12718962 0 0 12686278 42254 12718962 42256  108.601 45 
 14.154 11.030 12761220 0 0 12728534 42256 12761220 42258  109.631 46 
 14.131 11.007 12803476 0 0 12770790 42256 12803476 42256  110.639 47 
 14.165 11.019 12845732 0 0 12813046 42256 12845732 42256  111.658 48 
 14.142 11.053 12887988 0 0 12855302 42256 12887988 42256  112.712 49 
 14.165 11.053 12930244 0 0 12897558 42256 12930244 42256  113.765 50 
 14.131 11.019 12972502 0 0 12939816 42258 12972502 42258  114.784 51 
 14.142 11.019 13014758 0 0 12982074 42258 13014758 42256  115.803 52 
 14.165 11.019 13057016 0 0 13024330 42256 13057016 42258  116.823 53 
 14.165 11.053 13099272 0 0 13066588 42258 13099272 42256  117.876 54 
 14.142 11.053 13141526 0 0 13108844 42256 13141526 42254  118.930 55 
 14.165 11.019 13183782 0 0 13151096 42252 13183782 42256  119.949 56 
 14.177 11.053 13226036 0 0 13193352 42256 13226036 42254  121.002 57 
 14.177 11.053 13268292 0 0 13235606 42254 13268292 42256  122.056 58 
 14.142 11.042 13310548 0 0 13277866 42260 13310548 42256  123.098 59 
 14.154 11.019 13352802 0 0 13320122 42256 13352802 42254  124.117 60 
 14.142 11.053 13395058 0 0 13320122 42256 13395058 42256  125.170 60 
 14.165 11.030 13437316 0 0 13404630 84508 13437316 42258  126.201 61 
 14.142 11.019 13479574 0 0 13446888 42258 13479574 42258  127.220 62 
 14.165 11.042 13521828 0 0 13489144 42256 13521828 42254  128.262 63 
 14.177 11.007 13564086 0 0 13531398 42254 13564086 42258  129.270 64 
 14.177 11.030 13606342 0 0 13573656 42258 13606342 42256  130.301 65 
 14.177 11.019 13648596 0 0 13615914 42258 13648596 42254  131.320 66 
 14.211 11.019 13690852 0 0 13658168 42254 13690852 42256  132.339 67 
 14.200 11.019 13733112 0 0 13700424 42256 13733112 42260  133.358 68 
 14.177 11.030 13775368 0 0 13742682 42258 13775368 42256  134.389 69 
 14.188 11.042 13817624 0 0 13784938 42256 13817624 42256  135.431 70 
 14.177 11.053 13859878 0 0 13827194 42256 13859878 42254  136.484 71 
 14.177 11.019 13902136 0 0 13869448 42254 13902136 42258  137.503 72 
 14.200 11.064 13944392 0 0 13911710 42262 13944392 42256  138.568 73 
 14.165 11.019 13986652 0 0 13953964 42254 13986652 42260  139.588 74 
 14.200 11.064 14028906 0 0 13996222 42258 14028906 42254  140.652 75 
 14.211 11.042 14071166 0 0 14038478 42256 14071166 42260  141.695 76 
 14.165 11.064 14113420 0 0 14080736 42258 14113420 42254  142.759 77 
 14.165 11.030 14155676 0 0 14122990 42254 14155676 42256  143.790 78 
 14.177 11.099 14197934 0 0 14165246 42256 14197934 42258  144.889 79 
 14.165 11.076 14240190 0 0 14207504 42258 14240190 42256  145.966 80 
 14.165 11.053 14282446 0 0 14249762 42258 14282446 42256  147.019 81 
 14.165 11.064 14324704 0 0 14292018 42256 14324704 42258  148.084 82 
 14.142 11.087 14366962 0 0 14334276 42258 14366962 42258  149.172 83 
 14.120 11.099 14409220 0 0 14376532 42256 14409220 42258  150.271 84 
 14.165 11.099 14451476 0 0 14418790 42258 14451476 42256  151.370 85 
 14.131 11.064 14493732 0 0 14461048 42258 14493732 42256  152.435 86 
 14.131 11.099 14535988 0 0 14503302 42254 14535988 42256  153.535 87 
 14.131 11.064 14578244 0 0 14545562 42260 14578244 42256  154.600 88 
 14.131 11.053 14620504 0 0 14587816 42254 14620504 42260  155.653 89 
 14.131 11.099 14662758 0 0 14630074 42258 14662758 42254  156.752 90 
 14.120 11.064 14705016 0 0 14672330 42256 14705016 42258  157.817 91 
 14.120 11.087 14747272 0 0 14714588 42258 14747272 42256  158.905 92 
