Thread[Thread-1,5,main] 4.542 4.954 0 0 0 0 0 0 0  5.045 0 
 5.744 5.023 42254 0 0 0 0 42254 42254  10.022 0 
 7.117 5.149 84510 0 0 0 0 84510 42256  14.872 0 
 8.398 5.275 126764 0 0 0 0 126764 42254  19.597 0 
 9.657 5.435 169018 0 0 0 0 169018 42254  24.162 0 
 10.790 5.732 211274 0 0 0 0 211274 42256  28.430 0 
 11.843 5.961 253530 0 0 0 0 253530 42256  32.468 0 
 12.838 6.293 295786 0 0 0 0 295786 42256  36.175 0 
 13.673 6.602 338040 0 0 0 0 338040 42254  39.572 0 
 14.715 7.037 380296 0 0 0 0 380296 42256  42.535 0 
 14.852 7.266 422550 0 0 397546 397546 422550 42254  45.269 1 
 14.680 7.494 464806 0 0 397546 397546 464806 42256  47.774 1 
 14.497 7.849 507060 0 0 397546 397546 507060 42254  49.925 1 
 14.314 8.215 549316 0 0 397546 397546 549316 42256  51.709 1 
 14.165 8.490 591572 0 0 397546 397546 591572 42256  53.219 1 
 14.074 8.730 633826 0 0 397546 397546 633826 42254  54.488 1 
 13.937 8.970 676080 0 0 397546 397546 676080 42254  55.517 1 
 13.822 9.268 718334 0 0 397546 397546 718334 42254  56.248 1 
 13.673 9.497 760588 0 0 397546 397546 760588 42254  56.751 1 
 13.582 9.714 802844 0 0 397546 397546 802844 42256  57.036 1 
 13.479 9.909 845098 0 0 397546 397546 845098 42254  57.127 1 
 13.387 10.138 887352 0 0 397546 397546 887352 42254  57.265 1 
 13.261 10.252 929604 0 0 397546 397546 929604 42252  57.518 1 
 13.170 10.424 971862 0 0 397546 397546 971862 42258  57.942 1 
 12.838 10.504 1014116 0 0 989112 591566 1014116 42254  58.446 2 
 12.243 10.744 1056370 0 0 989112 591566 1056370 42254  59.191 2 
 11.682 10.790 1098628 0 0 989112 591566 1098628 42258  59.981 2 
 11.156 10.916 1140882 0 0 989112 591566 1140882 42254  60.897 2 
 10.607 10.996 1183136 0 0 989112 591566 1183136 42254  61.894 2 
 10.126 10.973 1225392 0 0 989112 591566 1225392 42256  62.867 2 
 9.646 11.019 1267648 0 0 989112 591566 1267648 42256  63.886 2 
 9.188 11.030 1309904 0 0 989112 591566 1309904 42256  64.917 2 
 8.753 11.007 1352158 0 0 989112 591566 1352158 42254  65.924 2 
 8.341 10.961 1394414 0 0 989112 591566 1394414 42256  66.886 2 
 8.032 10.916 1436666 0 0 1411664 422552 1436666 42252  67.803 3 
 7.918 10.916 1478922 0 0 1453916 42252 1478922 42256  68.719 4 
 7.815 10.790 1521176 0 0 1496172 42256 1521176 42254  69.509 5 
 7.769 10.790 1563430 0 0 1496172 42256 1563430 42254  70.299 5 
 7.689 10.710 1605684 0 0 1496172 42256 1605684 42254  71.010 5 
 7.689 10.641 1647940 0 0 1622934 126762 1647940 42256  71.651 6 
 7.677 10.550 1690194 0 0 1622934 126762 1690194 42254  72.201 6 
 7.666 10.515 1732450 0 0 1622934 126762 1732450 42256  72.717 6 
 7.620 10.424 1774706 0 0 1622934 126762 1774706 42256  73.141 6 
 7.712 10.424 1816960 0 0 1791956 169022 1816960 42254  73.565 7 
 7.712 10.366 1859216 0 0 1791956 169022 1859216 42256  73.932 7 
 7.769 10.332 1901470 0 0 1791956 169022 1901470 42254  74.265 7 
 7.803 10.298 1943726 0 0 1791956 169022 1943726 42256  74.563 7 
 7.849 10.229 1985980 0 0 1791956 169022 1985980 42254  74.793 7 
 7.849 10.206 2028236 0 0 1791956 169022 2028236 42256  74.999 7 
 7.906 10.160 2070488 0 0 2045486 253530 2070488 42252  75.160 8 
 7.941 10.092 2112744 0 0 2045486 253530 2112744 42256  75.253 8 
 8.021 10.092 2154994 0 0 2045486 253530 2154994 42250  75.345 8 
 8.089 10.046 2197250 0 0 2045486 253530 2197250 42256  75.391 8 
 8.169 10.069 2239508 0 0 2045486 253530 2239508 42258  75.461 8 
 8.169 9.977 2281764 0 0 2045486 253530 2281764 42256  75.483 8 
 8.238 10.057 2324018 0 0 2045486 253530 2324018 42254  75.541 8 
 8.261 10.000 2366272 0 0 2045486 253530 2366272 42254  75.542 8 
 8.330 10.012 2408526 0 0 2045486 253530 2408526 42254  75.554 8 
 8.318 9.955 2450782 0 0 2045486 253530 2450782 42256  75.599 8 
 8.387 10.000 2493036 0 0 2045486 253530 2493036 42254  75.600 8 
 8.410 9.955 2535290 0 0 2045486 253530 2535290 42254  75.645 8 
 8.501 9.932 2577544 0 0 2045486 253530 2577544 42254  75.713 8 
 8.536 9.955 2619800 0 0 2045486 253530 2619800 42256  75.758 8 
 8.536 9.966 2662056 0 0 2045486 253530 2662056 42256  75.791 8 
 8.547 9.955 2704308 0 0 2679306 633820 2704308 42252  75.836 9 
 8.581 9.955 2746564 0 0 2679306 633820 2746564 42256  75.881 9 
 8.627 9.955 2788818 0 0 2679306 633820 2788818 42254  75.926 9 
 8.639 9.966 2831072 0 0 2679306 633820 2831072 42254  75.960 9 
 8.650 9.955 2873326 0 0 2679306 633820 2873326 42254  76.005 9 
 8.673 10.012 2915580 0 0 2679306 633820 2915580 42254  76.017 9 
 8.673 9.966 2957834 0 0 2679306 633820 2957834 42254  76.050 9 
 8.719 10.000 3000090 0 0 2679306 633820 3000090 42256  76.051 9 
 8.719 9.966 3042342 0 0 2679306 633820 3042342 42252  76.085 9 
 8.730 10.012 3084596 0 0 2679306 633820 3084596 42254  76.097 9 
 8.742 10.000 3126852 0 0 2679306 633820 3126852 42256  76.098 9 
 8.822 10.035 3169104 0 0 2679306 633820 3169104 42252  76.133 9 
 8.764 10.035 3211360 0 0 2679306 633820 3211360 42256  76.168 9 
 8.822 10.000 3253612 0 0 2679306 633820 3253612 42252  76.169 9 
 8.787 9.989 3295868 0 0 2679306 633820 3295868 42256  76.179 9 
 8.867 9.977 3338122 0 0 3313118 633812 3338122 42254  76.202 10 
 8.810 9.989 3380378 0 0 3313118 633812 3380378 42256  76.212 10 
 8.787 10.012 3422630 0 0 3313118 633812 3422630 42252  76.224 10 
 8.787 10.023 3464888 0 0 3313118 633812 3464888 42258  76.248 10 
 8.799 10.046 3507142 0 0 3313118 633812 3507142 42254  76.295 10 
 8.787 10.046 3549398 0 0 3313118 633812 3549398 42256  76.341 10 
 8.776 10.057 3591654 0 0 3313118 633812 3591654 42256  76.399 10 
 8.764 10.046 3633908 0 0 3313118 633812 3633908 42254  76.446 10 
 8.719 10.069 3676162 0 0 3313118 633812 3676162 42254  76.515 10 
 8.764 10.057 3718416 0 0 3313118 633812 3718416 42254  76.573 10 
 8.764 10.092 3760672 0 0 3313118 633812 3760672 42256  76.665 10 
 8.730 10.080 3802926 0 0 3313118 633812 3802926 42254  76.746 10 
 8.764 10.092 3845180 0 0 3313118 633812 3845180 42254  76.839 10 
 8.730 10.046 3887432 0 0 3313118 633812 3887432 42252  76.885 10 
 8.719 10.103 3929688 0 0 3313118 633812 3929688 42256  76.989 10 
 8.673 10.092 3971942 0 0 3946938 633820 3971942 42254  77.081 11 
 8.684 10.103 4014194 0 0 3946938 633820 4014194 42252  77.185 11 
 8.639 10.103 4056446 0 0 3946938 633820 4056446 42252  77.289 11 
 8.673 10.103 4098700 0 0 3946938 633820 4098700 42254  77.393 11 
 8.627 10.057 4140954 0 0 3946938 633820 4140954 42254  77.451 11 
 8.581 10.092 4183210 0 0 3946938 633820 4183210 42256  77.543 11 
 8.581 10.046 4225466 0 0 4200460 253522 4225466 42256  77.589 12 
 8.581 10.138 4267722 0 0 4200460 253522 4267722 42256  77.728 12 
 8.581 10.080 4309978 0 0 4200460 253522 4309978 42256  77.808 12 
 8.593 10.103 4352234 0 0 4200460 253522 4352234 42256  77.912 12 
 8.581 10.046 4394488 0 0 4200460 253522 4394488 42254  77.959 12 
 8.547 10.092 4436744 0 0 4200460 253522 4436744 42256  78.051 12 
 8.536 10.115 4478998 0 0 4200460 253522 4478998 42254  78.166 12 
 8.536 10.103 4521256 0 0 4496248 295788 4521256 42258  78.270 13 
 8.513 10.057 4563510 0 0 4496248 295788 4563510 42254  78.328 13 
 8.536 10.057 4605766 0 0 4496248 295788 4605766 42256  78.386 13 
 8.501 10.069 4648020 0 0 4496248 295788 4648020 42254  78.455 13 
 8.501 10.057 4690274 0 0 4496248 295788 4690274 42254  78.513 13 
 8.501 10.057 4732528 0 0 4496248 295788 4732528 42254  78.571 13 
 8.524 10.057 4774782 0 0 4496248 295788 4774782 42254  78.629 13 
 8.478 10.057 4817036 0 0 4496248 295788 4817036 42254  78.687 13 
 8.524 10.046 4859292 0 0 4834288 338040 4859292 42256  78.734 14 
 8.513 10.092 4901546 0 0 4834288 338040 4901546 42254  78.826 14 
 8.536 10.046 4943802 0 0 4834288 338040 4943802 42256  78.873 14 
 8.536 10.012 4986058 0 0 4834288 338040 4986058 42256  78.885 14 
 8.501 10.012 5028314 0 0 4834288 338040 5028314 42256  78.897 14 
 8.547 10.046 5070570 0 0 4834288 338040 5070570 42256  78.944 14 
 8.581 10.046 5112824 0 0 4834288 338040 5112824 42254  78.990 14 
 8.593 10.046 5155078 0 0 4834288 338040 5155078 42254  79.037 14 
 8.559 10.057 5197332 0 0 4834288 338040 5197332 42254  79.095 14 
 8.570 10.023 5239586 0 0 4834288 338040 5239586 42254  79.119 14 
 8.581 10.057 5281840 0 0 4834288 338040 5281840 42254  79.176 14 
 8.616 10.012 5324094 0 0 5299090 464802 5324094 42254  79.189 15 
 8.627 10.046 5366348 0 0 5299090 464802 5366348 42254  79.235 15 
 8.547 10.046 5408600 0 0 5299090 464802 5408600 42252  79.282 15 
 8.581 10.023 5450856 0 0 5299090 464802 5450856 42256  79.305 15 
 8.570 10.057 5493110 0 0 5299090 464802 5493110 42254  79.363 15 
 8.593 10.000 5535366 0 0 5299090 464802 5535366 42256  79.364 15 
 8.581 10.046 5577620 0 0 5299090 464802 5577620 42254  79.411 15 
 8.559 10.012 5619876 0 0 5299090 464802 5619876 42256  79.423 15 
 8.559 10.046 5662128 0 0 5299090 464802 5662128 42252  79.470 15 
 8.536 10.000 5704382 0 0 5679378 380288 5704382 42254  79.470 16 
 8.581 10.046 5746636 0 0 5679378 380288 5746636 42254  79.517 16 
 8.581 10.046 5788892 0 0 5679378 380288 5788892 42256  79.563 16 
 8.593 10.035 5831148 0 0 5679378 380288 5831148 42256  79.599 16 
 8.559 10.046 5873404 0 0 5679378 380288 5873404 42256  79.645 16 
 8.570 9.977 5915658 0 0 5679378 380288 5915658 42254  79.667 16 
 8.581 10.057 5957912 0 0 5679378 380288 5957912 42254  79.725 16 
 8.547 10.057 6000166 0 0 5679378 380288 6000166 42254  79.783 16 
 8.536 10.000 6042422 0 0 6017416 338038 6042422 42256  79.784 17 
 8.547 10.046 6084678 0 0 6017416 338038 6084678 42256  79.830 17 
 8.559 10.046 6126932 0 0 6017416 338038 6126932 42254  79.877 17 
 8.593 10.023 6169188 0 0 6017416 338038 6169188 42256  79.901 17 
 8.559 10.000 6211442 0 0 6017416 338038 6211442 42254  79.901 17 
 8.627 10.000 6253696 0 0 6017416 338038 6253696 42254  79.902 17 
 8.547 10.035 6295952 0 0 6017416 338038 6295952 42256  79.937 17 
 8.570 10.069 6338204 0 0 6017416 338038 6338204 42252  80.007 17 
 8.627 10.092 6380458 0 0 6017416 338038 6380458 42254  80.099 17 
 8.547 10.012 6422712 0 0 6017416 338038 6422712 42254  80.111 17 
 8.547 10.012 6464968 0 0 6439962 422546 6464968 42256  80.124 18 
 8.570 10.069 6507222 0 0 6439962 422546 6507222 42254  80.193 18 
 8.593 10.046 6549478 0 0 6439962 422546 6549478 42256  80.240 18 
 8.581 10.046 6591732 0 0 6439962 422546 6591732 42254  80.286 18 
 8.581 10.000 6633986 0 0 6439962 422546 6633986 42254  80.287 18 
 8.581 10.000 6676242 0 0 6439962 422546 6676242 42256  80.288 18 
 8.593 10.012 6718498 0 0 6439962 422546 6718498 42256  80.300 18 
 8.593 9.989 6760752 0 0 6439962 422546 6760752 42254  80.311 18 
 8.616 10.012 6803006 0 0 6439962 422546 6803006 42254  80.323 18 
 8.639 10.057 6845262 0 0 6439962 422546 6845262 42256  80.381 18 
 8.673 10.012 6887518 0 0 6439962 422546 6887518 42256  80.393 18 
 8.627 10.012 6929772 0 0 6439962 422546 6929772 42254  80.405 18 
 8.639 10.046 6972026 0 0 6439962 422546 6972026 42254  80.452 18 
 8.662 10.035 7014280 0 0 6439962 422546 7014280 42254  80.487 18 
 8.662 10.012 7056536 0 0 6439962 422546 7056536 42256  80.499 18 
 8.627 10.000 7098790 0 0 7073786 633824 7098790 42254  80.500 19 
 8.684 10.012 7141046 0 0 7073786 633824 7141046 42256  80.512 19 
 8.639 10.057 7183300 0 0 7073786 633824 7183300 42254  80.570 19 
 8.662 10.000 7225556 0 0 7073786 633824 7225556 42256  80.571 19 
 8.650 10.000 7267810 0 0 7073786 633824 7267810 42254  80.572 19 
 8.604 10.012 7310062 0 0 7073786 633824 7310062 42252  80.584 19 
 8.627 9.989 7352318 0 0 7073786 633824 7352318 42256  80.594 19 
 8.627 10.012 7394574 0 0 7073786 633824 7394574 42256  80.607 19 
 8.639 10.000 7436826 0 0 7073786 633824 7436826 42252  80.607 19 
 8.593 10.012 7479082 0 0 7073786 633824 7479082 42256  80.620 19 
 8.593 10.057 7521338 0 0 7496332 422546 7521338 42256  80.678 20 
 8.627 10.023 7563592 0 0 7496332 422546 7563592 42254  80.701 20 
 8.581 10.000 7605846 0 0 7496332 422546 7605846 42254  80.702 20 
 8.616 10.012 7648100 0 0 7496332 422546 7648100 42254  80.714 20 
 8.581 9.977 7690354 0 0 7496332 422546 7690354 42254  80.736 20 
 8.604 9.966 7732610 0 0 7496332 422546 7732610 42256  80.770 20 
 8.581 10.012 7774864 0 0 7496332 422546 7774864 42254  80.782 20 
 8.604 10.057 7817118 0 0 7496332 422546 7817118 42254  80.840 20 
 8.627 10.023 7859370 0 0 7496332 422546 7859370 42252  80.864 20 
 8.593 10.080 7901626 0 0 7496332 422546 7901626 42256  80.945 20 
 8.593 10.035 7943880 0 0 7918876 422544 7943880 42254  80.980 21 
 8.616 10.012 7986134 0 0 7918876 422544 7986134 42254  80.992 21 
 8.627 10.000 8028388 0 0 7918876 422544 8028388 42254  80.993 21 
 8.581 10.012 8070642 0 0 7918876 422544 8070642 42254  81.005 21 
 8.593 9.966 8112894 0 0 7918876 422544 8112894 42252  81.039 21 
 8.524 10.000 8155150 0 0 7918876 422544 8155150 42256  81.039 21 
 8.513 10.012 8197402 0 0 7918876 422544 8197402 42252  81.052 21 
 8.536 10.023 8239658 0 0 8214652 295776 8239658 42256  81.075 22 
 8.524 10.000 8281914 0 0 8214652 295776 8281914 42256  81.076 22 
 8.547 10.012 8324168 0 0 8214652 295776 8324168 42254  81.088 22 
 8.570 9.955 8366424 0 0 8214652 295776 8366424 42256  81.133 22 
 8.616 10.023 8408678 0 0 8214652 295776 8408678 42254  0.023 22 
 9.005 10.057 8450932 0 0 8214652 295776 8450932 42254  0.081 22 
 9.348 10.103 8493188 0 0 8214652 295776 8493188 42256  0.185 22 
 9.703 10.115 8535442 0 0 8214652 295776 8535442 42254  0.300 22 
 10.057 10.183 8577698 0 0 8214652 295776 8577698 42256  0.484 22 
 10.378 10.195 8619954 0 0 8214652 295776 8619954 42256  0.679 22 
 11.053 10.321 8704462 0 0 8637202 422550 8704462 84508  1.000 23 
 10.973 10.332 8746716 0 0 8721710 84508 8746716 42254  1.333 24 
 10.378 10.424 8831226 0 0 8721710 84508 8831226 84510  1.757 24 
 10.092 10.458 8873482 0 0 8721710 84508 8873482 42256  2.216 24 
 9.771 10.550 8915734 0 0 8721710 84508 8915734 42252  2.766 24 
 9.497 10.550 8957988 0 0 8721710 84508 8957988 42254  3.316 24 
 9.234 10.550 9000242 0 0 8721710 84508 9000242 42254  3.866 24 
 8.948 10.515 9042496 0 0 8721710 84508 9042496 42254  4.381 24 
 8.684 10.550 9084750 0 0 8721710 84508 9084750 42254  4.931 24 
 8.547 10.527 9127004 0 0 9102000 380290 9127004 42254  5.459 25 
 8.421 10.481 9169258 0 0 9102000 380290 9169258 42254  5.940 25 
 8.318 10.504 9211510 0 0 9102000 380290 9211510 42252  6.444 25 
 8.238 10.469 9253764 0 0 9228760 126760 9253764 42254  6.914 26 
 8.181 10.412 9296018 0 0 9228760 126760 9296018 42254  7.327 26 
 8.158 10.435 9338272 0 0 9228760 126760 9338272 42254  7.762 26 
 8.101 10.378 9380526 0 0 9355522 126762 9380526 42254  8.141 27 
 8.101 10.309 9422780 0 0 9355522 126762 9422780 42254  8.451 27 
 8.044 10.241 9465032 0 0 9355522 126762 9465032 42252  8.692 27 
 8.044 10.263 9507288 0 0 9355522 126762 9507288 42256  8.956 27 
 8.078 10.183 9549542 0 0 9524536 169014 9549542 42254  9.139 28 
 8.055 10.195 9591796 0 0 9524536 169014 9591796 42254  9.335 28 
 8.044 10.172 9634050 0 0 9524536 169014 9634050 42254  9.507 28 
 8.112 10.103 9676306 0 0 9524536 169014 9676306 42256  9.611 28 
 8.101 10.103 9718562 0 0 9524536 169014 9718562 42256  9.715 28 
 8.158 10.080 9760818 0 0 9735812 211276 9760818 42256  9.796 29 
 8.181 10.115 9803070 0 0 9735812 211276 9803070 42252  9.911 29 
 8.215 10.023 9845326 0 0 9735812 211276 9845326 42256  9.934 29 
 8.238 10.035 9887580 0 0 9735812 211276 9887580 42254  9.970 29 
 8.318 10.012 9929834 0 0 9735812 211276 9929834 42254  9.982 29 
 8.353 10.035 9972086 0 0 9735812 211276 9972086 42252  10.017 29 
 8.364 10.012 10014342 0 0 9735812 211276 10014342 42256  10.029 29 
 8.364 9.955 10056596 0 0 9735812 211276 10056596 42254  10.074 29 
 8.456 10.000 10098850 0 0 9735812 211276 10098850 42254  10.075 29 
 8.456 9.989 10141102 0 0 9735812 211276 10141102 42252  10.085 29 
 8.490 10.000 10183358 0 0 9735812 211276 10183358 42256  10.086 29 
 8.536 9.955 10225612 0 0 9735812 211276 10225612 42254  10.131 29 
 8.536 9.966 10267868 0 0 9735812 211276 10267868 42256  10.165 29 
 8.547 10.012 10310122 0 0 9735812 211276 10310122 42254  10.177 29 
 8.627 9.943 10352376 0 0 9735812 211276 10352376 42254  10.233 29 
 8.627 9.955 10394630 0 0 10369626 633814 10394630 42254  10.278 30 
 8.639 9.955 10436884 0 0 10369626 633814 10436884 42254  10.323 30 
 8.627 9.966 10479138 0 0 10369626 633814 10479138 42254  10.357 30 
 8.662 9.932 10521392 0 0 10369626 633814 10521392 42254  10.425 30 
 8.673 9.966 10563646 0 0 10369626 633814 10563646 42254  10.458 30 
 8.673 10.000 10605900 0 0 10369626 633814 10605900 42254  10.459 30 
 8.684 9.955 10648154 0 0 10369626 633814 10648154 42254  10.504 30 
 8.673 10.000 10690408 0 0 10369626 633814 10690408 42254  10.505 30 
 8.684 9.909 10732660 0 0 10369626 633814 10732660 42252  10.596 30 
 8.742 9.955 10774916 0 0 10369626 633814 10774916 42256  10.641 30 
 8.707 9.955 10817170 0 0 10369626 633814 10817170 42254  10.686 30 
 8.707 10.057 10859426 0 0 10369626 633814 10859426 42256  10.744 30 
 8.673 9.966 10901682 0 0 10369626 633814 10901682 42256  10.777 30 
 8.730 10.046 10943936 0 0 10369626 633814 10943936 42254  10.824 30 
 8.776 10.012 10986192 0 0 10369626 633814 10986192 42256  10.836 30 
 8.730 10.012 11028448 0 0 11003444 633818 11028448 42256  10.848 31 
 8.684 10.012 11070702 0 0 11003444 633818 11070702 42254  10.860 31 
 8.673 10.012 11112958 0 0 11003444 633818 11112958 42256  10.873 31 
 8.684 10.046 11155212 0 0 11003444 633818 11155212 42254  10.919 31 
 8.673 10.012 11197468 0 0 11003444 633818 11197468 42256  10.931 31 
 8.627 10.000 11239722 0 0 11003444 633818 11239722 42254  10.932 31 
 8.662 10.000 11281976 0 0 11003444 633818 11281976 42254  10.933 31 
 8.604 10.012 11324230 0 0 11003444 633818 11324230 42254  10.945 31 
 8.604 10.012 11366486 0 0 11341480 338036 11366486 42256  10.957 32 
 8.581 10.000 11408740 0 0 11341480 338036 11408740 42254  10.958 32 
 8.604 10.046 11450992 0 0 11341480 338036 11450992 42252  11.005 32 
 8.650 10.000 11493248 0 0 11341480 338036 11493248 42256  11.006 32 
 8.593 10.000 11535502 0 0 11341480 338036 11535502 42254  11.006 32 
 8.604 10.012 11577756 0 0 11341480 338036 11577756 42254  11.019 32 
 8.604 10.000 11620012 0 0 11341480 338036 11620012 42256  11.019 32 
 8.581 9.966 11662266 0 0 11341480 338036 11662266 42254  11.053 32 
 8.639 10.000 11704520 0 0 11341480 338036 11704520 42254  11.054 32 
 8.581 10.012 11746774 0 0 11341480 338036 11746774 42254  11.066 32 
 8.604 10.046 11789028 0 0 11764026 422546 11789028 42254  11.112 33 
 8.593 10.035 11831282 0 0 11764026 422546 11831282 42254  11.148 33 
 8.604 9.989 11873536 0 0 11764026 422546 11873536 42254  11.158 33 
 8.581 9.966 11915790 0 0 11764026 422546 11915790 42254  11.192 33 
 8.604 10.000 11958044 0 0 11764026 422546 11958044 42254  11.193 33 
 8.581 9.966 12000298 0 0 11764026 422546 12000298 42254  11.226 33 
 8.593 10.080 12042554 0 0 11764026 422546 12042554 42256  11.307 33 
 8.547 9.966 12084808 0 0 11764026 422546 12084808 42254  11.340 33 
 8.593 9.955 12127062 0 0 11764026 422546 12127062 42254  11.385 33 
 8.559 10.000 12169316 0 0 11764026 422546 12169316 42254  11.386 33 
 8.593 9.989 12211572 0 0 12186566 422540 12211572 42256  11.397 34 
 8.604 9.955 12253826 0 0 12186566 422540 12253826 42254  11.442 34 
 8.581 10.012 12296082 0 0 12186566 422540 12296082 42256  11.454 34 
 8.616 9.966 12338336 0 0 12186566 422540 12338336 42254  11.488 34 
 8.593 10.035 12380592 0 0 12186566 422540 12380592 42256  11.523 34 
 8.559 10.000 12422846 0 0 12186566 422540 12422846 42254  11.524 34 
 8.593 9.977 12465100 0 0 12186566 422540 12465100 42254  11.546 34 
 8.616 9.977 12507354 0 0 12186566 422540 12507354 42254  11.568 34 
 8.593 10.012 12549608 0 0 12186566 422540 12549608 42254  11.580 34 
 8.616 10.000 12591864 0 0 12186566 422540 12591864 42256  11.581 34 
 8.639 10.012 12634120 0 0 12186566 422540 12634120 42256  11.593 34 
 8.639 9.966 12676372 0 0 12186566 422540 12676372 42252  11.627 34 
 8.627 10.000 12718628 0 0 12186566 422540 12718628 42256  11.627 34 
 8.627 10.000 12760882 0 0 12186566 422540 12760882 42254  11.628 34 
 8.707 10.000 12803138 0 0 12186566 422540 12803138 42256  11.629 34 
 8.627 9.966 12845392 0 0 12820386 633820 12845392 42254  11.662 35 
 8.650 9.977 12887648 0 0 12820386 633820 12887648 42256  11.685 35 
 8.627 10.000 12929902 0 0 12820386 633820 12929902 42254  11.685 35 
 8.639 10.012 12972156 0 0 12820386 633820 12972156 42254  11.698 35 
 8.627 10.000 13014410 0 0 12820386 633820 13014410 42254  11.698 35 
 8.593 10.046 13056666 0 0 12820386 633820 13056666 42256  11.745 35 
 8.639 9.966 13098920 0 0 12820386 633820 13098920 42254  11.778 35 
 8.627 10.057 13141176 0 0 12820386 633820 13141176 42256  11.836 35 
 8.639 9.977 13183430 0 0 12820386 633820 13183430 42254  11.859 35 
 8.581 10.012 13225684 0 0 12820386 633820 13225684 42254  11.871 35 
 8.581 10.000 13267940 0 0 13242934 422548 13267940 42256  11.872 36 
 8.627 10.023 13310194 0 0 13242934 422548 13310194 42254  11.895 36 
 8.593 9.977 13352448 0 0 13242934 422548 13352448 42254  11.917 36 
 8.627 9.966 13394702 0 0 13242934 422548 13394702 42254  11.951 36 
 8.627 10.000 13436956 0 0 13242934 422548 13436956 42254  11.952 36 
 8.593 9.966 13479212 0 0 13242934 422548 13479212 42256  11.985 36 
 8.581 9.966 13521466 0 0 13242934 422548 13521466 42254  12.019 36 
 8.627 10.092 13563722 0 0 13242934 422548 13563722 42256  12.111 36 
 8.581 10.023 13605976 0 0 13242934 422548 13605976 42254  12.135 36 
 8.593 10.000 13648232 0 0 13242934 422548 13648232 42256  12.135 36 
 8.616 10.000 13690486 0 0 13242934 422548 13690486 42254  12.136 36 
 8.593 10.000 13732740 0 0 13242934 422548 13732740 42254  12.137 36 
 8.616 9.955 13774994 0 0 13749990 507056 13774994 42254  12.182 37 
 8.593 10.046 13817248 0 0 13749990 507056 13817248 42254  12.229 37 
 8.627 9.920 13859502 0 0 13749990 507056 13859502 42254  12.308 37 
 8.616 10.000 13901756 0 0 13749990 507056 13901756 42254  12.309 37 
 8.581 10.000 13944010 0 0 13749990 507056 13944010 42254  12.309 37 
 8.627 9.966 13986264 0 0 13749990 507056 13986264 42254  12.343 37 
 8.616 9.966 14028518 0 0 13749990 507056 14028518 42254  12.377 37 
 8.616 9.955 14070772 0 0 13749990 507056 14070772 42254  12.422 37 
 8.604 9.966 14113026 0 0 13749990 507056 14113026 42254  12.455 37 
 8.616 9.966 14155280 0 0 13749990 507056 14155280 42254  12.489 37 
 8.593 9.989 14197534 0 0 13749990 507056 14197534 42254  12.499 37 
 8.627 9.989 14239792 0 0 14214784 464794 14239792 42258  12.510 38 
 8.593 9.966 14282044 0 0 14214784 464794 14282044 42252  12.544 38 
 8.627 10.000 14324302 0 0 14214784 464794 14324302 42258  12.544 38 
 8.616 9.966 14366556 0 0 14214784 464794 14366556 42254  12.578 38 
 8.639 9.966 14408810 0 0 14214784 464794 14408810 42254  12.611 38 
 8.627 10.012 14451066 0 0 14214784 464794 14451066 42256  12.624 38 
 8.639 9.955 14493322 0 0 14214784 464794 14493322 42256  12.669 38 
 8.627 10.000 14535576 0 0 14214784 464794 14535576 42254  12.669 38 
 8.616 9.977 14577832 0 0 14214784 464794 14577832 42256  12.691 38 
 8.639 10.000 14620084 0 0 14214784 464794 14620084 42252  12.692 38 
 8.639 9.955 14662338 0 0 14214784 464794 14662338 42254  12.737 38 
 8.639 10.012 14704592 0 0 14214784 464794 14704592 42254  12.749 38 
 8.639 9.966 14746848 0 0 14214784 464794 14746848 42256  12.783 38 
