12.804598 17.965517 0.000000
12.965517 18.160920 0.000000
12.977011 18.287356 0.000000
12.954023 18.195402 0.000000
12.954023 18.195402 0.000000
12.954023 18.195402 0.000000
12.954023 18.229885 0.000000
12.816092 18.000000 0.000000
12.954023 18.195402 0.000000
12.942529 18.195402 0.000000
12.954023 18.195402 0.000000
12.988506 18.287356 0.000000
12.816092 18.000000 0.000000
12.954023 18.206897 0.000000
12.804598 17.965517 0.000000
12.942529 18.195402 0.000000
12.954023 18.229885 0.000000
12.977011 18.287356 0.000000
12.954023 18.229885 0.000000
12.954023 18.195402 0.000000
12.954023 18.195402 0.000000
12.954023 18.229885 0.000000
12.954023 18.229885 0.000000
12.954023 18.206897 0.000000
12.942529 18.195402 0.000000
12.954023 18.229885 0.000000
12.954023 18.229885 0.000000
12.816092 18.000000 0.000000
12.954023 18.195402 0.000000
12.954023 18.195402 0.000000
12.954023 18.229885 0.000000
12.965517 18.172414 0.000000
12.804598 17.965517 0.000000
12.954023 18.195402 0.000000
12.954023 18.195402 0.000000
12.977011 18.287356 0.000000
12.954023 18.229885 0.000000
12.954023 18.195402 0.000000
12.781609 17.827586 0.000000
12.965517 18.333333 0.000000
12.804598 18.000000 0.000000
12.804598 18.000000 0.000000
12.781609 17.839080 0.000000
12.804598 17.965517 0.000000
12.954023 18.195402 0.000000
12.827586 17.965517 0.000000
12.816092 18.000000 0.000000
12.804598 17.977011 0.000000
12.942529 18.195402 0.000000
12.954023 18.229885 0.000000
12.965517 18.149425 0.000000
12.954023 18.229885 0.000000
12.804598 17.965517 0.000000
12.942529 18.195402 0.000000
12.954023 18.195402 0.000000
12.816092 18.000000 0.000000
12.954023 18.229885 0.000000
12.816092 18.000000 0.000000
12.942529 18.195402 0.000000
12.942529 18.195402 0.000000
12.954023 18.195402 0.000000
12.954023 18.229885 0.000000
12.804598 18.000000 0.000000
12.942529 18.195402 0.000000
12.942529 18.195402 0.000000
12.954023 18.195402 0.000000
12.816092 18.000000 0.000000
12.954023 18.229885 0.000000
12.942529 18.195402 0.000000
12.942529 18.195402 0.000000
12.942529 18.195402 0.000000
12.954023 18.229885 0.000000
12.954023 18.218391 0.000000
12.942529 18.195402 0.000000
12.942529 18.195402 0.000000
12.942529 18.195402 0.000000
12.954023 18.229885 0.000000
12.977011 18.287356 0.000000
12.954023 18.195402 0.000000
12.942529 18.195402 0.000000
12.954023 18.195402 0.000000
12.988506 18.287356 0.000000
12.954023 18.229885 0.000000
12.942529 18.206897 0.000000
12.942529 18.183908 0.000000
12.965517 18.137931 0.000000
12.977011 18.287356 0.000000
12.977011 18.287356 0.000000
12.954023 18.195402 0.000000
12.804598 17.965517 0.000000
12.954023 18.195402 0.000000
12.954023 18.229885 0.000000
12.954023 18.229885 0.000000
12.954023 18.195402 0.000000
12.942529 18.195402 0.000000
12.942529 18.195402 0.000000
12.988506 18.287356 0.000000
12.954023 18.229885 0.000000
12.942529 18.195402 0.000000
12.954023 18.195402 0.000000
12.954023 18.229885 0.000000
12.988506 18.287356 0.000000
12.954023 18.195402 0.000000
12.954023 18.195402 0.000000
12.954023 18.195402 0.000000
12.965517 18.149425 0.000000
12.954023 18.229885 0.000000
12.954023 18.195402 0.000000
12.942529 18.195402 0.000000
12.954023 18.229885 0.000000
