0 0 0 
0 0 1121753788 
0 0 -356778052 
0 0 -710268739 
42593 16955 -382645827 
44047 56635 -1483658819 
50466 13116 1638346173 
32409 31292 98751676 
2556 41276 -1012516676 
23857 50748 548260667 
42976 59964 -311836868 
64906 1853 -1517345731 
41698 6461 1376413757 
19709 11069 756061501 
61780 15933 812365117 
38572 20541 -502016707 
14401 25405 1108014141 
55509 30013 -14350018 
15413 33853 -1930684610 
36223 36157 -933747138 
23528 38461 -1301662658 
10577 41021 589382206 
64380 43325 444354366 
52904 45629 -394437570 
9398 47933 -1926862530 
30915 50237 846689598 
52688 52541 -340295618 
40956 54845 1032357438 
61510 57405 -97809346 
16785 59709 -1901948610 
4797 62013 -85223874 
57637 64573 -787964866 
38614 574 -336093122 
31657 1854 -1262967490 
40843 3134 -1739937218 
381 4414 61713982 
9567 5694 1625272894 
52002 6974 1138931262 
29158 7998 -709445058 
6058 9278 375242302 
64380 10558 114671934 
8287 11838 287229246 
17217 13118 -1573402562 
26403 14398 -1172190402 
35333 15678 1490865470 
28888 16702 2103955518 
21675 17982 -1128017346 
14718 19262 384947262 
56897 20542 -1947216322 
34053 21822 -1346381762 
44458 22846 -2107516354 
38464 24126 752278334 
50088 25150 1109318974 
61200 26430 -2143560130 
40538 27454 -433201346 
37238 28478 -1644765378 
17539 29502 1637343294 
64338 30526 -971972290 
63476 31294 509993278 
63321 32318 630645054 
24249 32830 732356926 
1304 33342 395895102 
20033 33598 1634722110 
56380 33854 389079358 
43079 34110 -1294081986 
63283 34366 175628350 
42520 34622 1878974270 
55262 34622 1987370814 
35718 34878 1876680254 
24599 35134 -1422533058 
46985 35134 -410723010 
12773 35134 1959517246 
52265 35390 252435518 
43584 35390 1950735166 
43584 35390 478075454 
2873 35390 -994649794 
4092 35134 15783998 
29879 35134 -567420866 
39523 35134 -227485890 
8456 35134 1689966142 
51861 34878 -922036674 
29219 34878 -580659906 
7089 34622 -1597647810 
33839 34622 305189950 
36277 34366 1554305854 
13635 34366 -383659202 
57040 34110 648598078 
34654 34110 305648190 
28411 33854 -1378954946 
46736 33854 -814886594 
56380 33854 202756414 
745 33598 -1480404930 
26532 33598 -1602826178 
52319 33598 -818950082 
28714 33598 888065854 
5365 33342 -1481584834 
22471 33342 662163262 
15009 33342 557961022 
48258 33342 970558 
7547 33342 819842622 
7547 33342 -190001602 
7547 33342 -1199780290 
48258 33342 2085408318 
31152 33342 -1407463874 
14046 33342 1659358526 
61963 33598 -1615868610 
20033 33598 1668599102 
19070 33598 422956350 
42675 33598 770821182 
41712 33598 883543102 
15413 33854 -1721971650 
14450 33854 -938816450 
13487 33854 1454689086 
53235 33854 1113180990 
51760 34110 -117913026 
50797 34110 211077694 
24754 34110 2133510718 
48359 34110 -1128543938 
30997 34366 -347551426 
38459 34366 -1580021698 
21353 34366 1918486590 
53383 34366 -908277954 
3991 34366 -799160514 
3991 34366 -1361197506 
3991 34366 -1940011458 
3991 34366 1792918846 
3991 34366 1214104894 
53383 34366 652067902 
62064 34366 761185342 
13635 34366 -253705410 
6173 34366 761774910 
23791 34110 1341178430 
24754 34110 -360922562 
1149 34110 655278654 
2368 34110 1906557246 
44298 34110 1564328254 
20949 33854 1457242174 
21912 33854 1568522302 
23131 33854 103071806 
24094 33854 1355792190 
25569 33598 1015004990 
1964 33598 -902578370 
43638 33598 1710014014 
44857 33598 246005310 
46076 33342 1483390526 
22471 33342 1144045118 
64401 33342 1056619838 
85 33342 1170783550 
42015 33342 -291848898 
59377 33086 -1536049858 
11204 33086 -733233858 
53134 33086 2099887422 
45416 33086 856407358 
62778 33086 -823149506 
55316 33086 -472400834 
47854 32830 -574440386 
56535 32830 -1129268162 
65216 32830 1470151742 
49073 32830 -1349403586 
57754 32830 814005310 
16787 32830 814005310 
16787 32830 814005310 
16787 32830 814005310 
16787 32830 814005310 
16787 32830 814005310 
16787 32830 814005310 
16787 32830 814005310 
16787 32830 814005310 
16787 32830 814005310 
16787 32830 814005310 
16787 32830 814005310 
16787 32830 814005310 
16787 32830 814005310 
16787 32830 814005310 
32930 32830 814005310 
8106 32830 814005310 
8106 32830 1165474878 
8106 32830 1516944446 
32930 32830 1868414014 
16787 32830 1868414014 
41611 32830 1868414014 
41611 32830 1868414014 
41611 32830 1868414014 
41611 32830 1868414014 
41611 32830 1868414014 
41611 32830 1868414014 
41611 32830 1868414014 
41611 32830 1868414014 
41611 32830 1868414014 
41611 32830 1868414014 
41611 32830 1868414014 
41611 32830 1868414014 
41611 32830 1868414014 
41611 32830 1868414014 
41611 32830 1868414014 
41611 32830 1868414014 
33893 32830 1868414014 
1863 32830 1868414014 
10288 32830 1868414014 
2826 32830 1868414014 
23270 32574 1868414014 
56519 32574 1868414014 
40376 32574 1868414014 
57482 32574 1868414014 
42558 32574 1868414014 
10272 32574 1868414014 
11747 32318 1868414014 
12710 32318 1868414014 
62102 32318 -1872053186 
45959 32318 1182317630 
63321 32318 -1870218178 
63321 32318 -1768506306 
63321 32318 -1666794434 
63321 32318 -1565082562 
47178 32318 -1463370690 
47178 32318 1138211902 
47178 32318 -555238338 
47178 32318 2046344254 
29816 32318 336182590 
28853 32318 -233325250 
11747 32318 2133114174 
59664 32574 2133114174 
43521 32574 2133114174 
43521 32574 2133114174 
43521 32574 2133114174 
43521 32574 2133114174 
43521 32574 2133114174 
59664 32574 2133114174 
26415 32574 2133114174 
9309 32574 2133114174 
9309 32574 2133114174 
9309 32574 2133114174 
9309 32574 2133114174 
9309 32574 2133114174 
9309 32574 2133114174 
58701 32574 2133114174 
42558 32574 2133114174 
10272 32574 2133114174 
11747 32318 2133114174 
28853 32318 2133114174 
62102 32318 204586302 
45959 32318 -1036075714 
47178 32318 206421310 
47178 32318 -1487028930 
47178 32318 1114553662 
47178 32318 -578896578 
47178 32318 2022686014 
47178 32318 329301310 
47178 32318 -1364148930 
47178 32318 1237433662 
47178 32318 -456016578 
47178 32318 2145566014 
47178 32318 452181310 
47178 32318 -1258045890 
47178 32318 1343536702 
47178 32318 -349913538 
47178 32318 -2043298242 
47178 32318 558284350 
47178 32318 -1135165890 
47178 32318 1466416702 
47178 32318 -227033538 
47178 32318 -1920418242 
47178 32318 681164350 
47178 32318 -1012285890 
47178 32318 1589296702 
47178 32318 -104153538 
47178 32318 -1797538242 
47178 32318 804044350 
47178 32318 -889405890 
47178 32318 1695399742 
47178 32318 2015038 
31035 32318 -1691435202 
48141 32318 -901791938 
48141 32318 -1236091074 
48141 32318 -1570390210 
48141 32318 -1904689346 
48141 32318 2055978814 
48141 32318 1721679678 
14892 32318 1387380542 
63321 32318 365150014 
29816 32318 466861886 
61139 32318 -102645954 
27634 32318 -102645954 
43521 32574 -102645954 
43521 32574 -102645954 
43521 32574 -102645954 
59664 32574 -102645954 
26415 32574 -102645954 
58701 32574 -102645954 
58701 32574 -102645954 
58701 32574 -102645954 
58701 32574 -102645954 
58701 32574 -102645954 
58701 32574 -102645954 
58701 32574 -102645954 
58701 32574 -102645954 
58701 32574 -102645954 
58701 32574 -102645954 
58701 32574 -102645954 
26415 32574 -102645954 
10272 32574 -102645954 
61139 32318 -102645954 
12710 32318 -102645954 
45959 32318 451919678 
62102 32318 1694351166 
62102 32318 436977726 
62102 32318 -803684290 
44996 32318 -2044280770 
11747 32318 -2044280770 
43521 32574 -2044280770 
43521 32574 -2044280770 
43521 32574 -2044280770 
43521 32574 -2044280770 
43521 32574 -2044280770 
43521 32574 -2044280770 
43521 32574 -2044280770 
44996 32318 -2044280770 
45959 32318 -2044280770 
13929 32318 -801849282 
47178 32318 1111801918 
47178 32318 -581648322 
47178 32318 2019934270 
47178 32318 326549566 
47178 32318 -1366900674 
47178 32318 1234681918 
47178 32318 -458768322 
47178 32318 2142814270 
47178 32318 449429566 
47178 32318 -1244020674 
14892 32318 1357561918 
48141 32318 335331390 
48141 32318 -15810242 
48141 32318 -350109378 
48141 32318 -684408514 
48141 32318 -1018707650 
48141 32318 -1353006786 
64284 32318 -1687305922 
64284 32318 -226508482 
64284 32318 1234354494 
64284 32318 -1599815362 
64284 32318 -139017922 
14892 32318 1321845054 
13929 32318 299614526 
12710 32318 -2081767106 
61139 32318 -1527267010 
43521 32574 -1527267010 
43521 32574 -1527267010 
43521 32574 -1527267010 
43521 32574 -1527267010 
43521 32574 -1527267010 
43521 32574 -1527267010 
43521 32574 -1527267010 
10272 32574 -1527267010 
9309 32574 -1527267010 
58701 32574 -1527267010 
58701 32574 -1527267010 
58701 32574 -1527267010 
58701 32574 -1527267010 
58701 32574 -1527267010 
58701 32574 -1527267010 
58701 32574 -1527267010 
58701 32574 -1527267010 
42558 32574 -1527267010 
42558 32574 -1527267010 
42558 32574 -1527267010 
42558 32574 -1527267010 
9309 32574 -1527267010 
9309 32574 -1527267010 
25452 32574 -1527267010 
8090 32574 -1527267010 
8090 32574 -1527267010 
8090 32574 -1527267010 
8090 32574 -1527267010 
8090 32574 -1527267010 
8090 32574 -1527267010 
8090 32574 -1527267010 
8090 32574 -1527267010 
8090 32574 -1527267010 
8090 32574 -1527267010 
8090 32574 -1527267010 
8090 32574 -1527267010 
8090 32574 -1527267010 
8090 32574 -1527267010 
8090 32574 -1527267010 
8090 32574 -1527267010 
57482 32574 -1527267010 
41339 32574 -1527267010 
26415 32574 -1527267010 
26415 32574 -1527267010 
26415 32574 -1527267010 
26415 32574 -1527267010 
26415 32574 -1527267010 
26415 32574 -1527267010 
26415 32574 -1527267010 
43521 32574 -1527267010 
11747 32318 -1527267010 
12710 32318 -1527267010 
62102 32318 -989543874 
62102 32318 2064826942 
45959 32318 824230462 
45959 32318 2066661950 
45959 32318 -985873858 
45959 32318 256623166 
12710 32318 1499054654 
11747 32318 2053554750 
43521 32574 2053554750 
43521 32574 2053554750 
43521 32574 2053554750 
43521 32574 2053554750 
43521 32574 2053554750 
43521 32574 2053554750 
43521 32574 2053554750 
61139 32318 2053554750 
45959 32318 2053554750 
45959 32318 -998981058 
45959 32318 243515966 
45959 32318 1485947454 
45959 32318 -1566588354 
62102 32318 -324156866 
11747 32318 -1564753346 
27634 32318 -1564753346 
43521 32574 -1564753346 
43521 32574 -1564753346 
43521 32574 -1564753346 
43521 32574 -1564753346 
43521 32574 -1564753346 
43521 32574 -1564753346 
43521 32574 -1564753346 
43521 32574 -1564753346 
43521 32574 -1564753346 
43521 32574 -1564753346 
43521 32574 -1564753346 
43521 32574 -1564753346 
43521 32574 -1564753346 
43521 32574 -1564753346 
43521 32574 -1564753346 
43521 32574 -1564753346 
43521 32574 -1564753346 
43521 32574 -1564753346 
43521 32574 -1564753346 
43521 32574 -1564753346 
43521 32574 -1564753346 
43521 32574 -1564753346 
43521 32574 -1564753346 
43521 32574 -1564753346 
43521 32574 -1564753346 
43521 32574 -1564753346 
43521 32574 -1564753346 
43521 32574 -1564753346 
43521 32574 -1564753346 
43521 32574 -1564753346 
43521 32574 -1564753346 
43521 32574 -1564753346 
43521 32574 -1564753346 
43521 32574 -1564753346 
43521 32574 -1564753346 
43521 32574 -1564753346 
43521 32574 -1564753346 
43521 32574 -1564753346 
43521 32574 -1564753346 
43521 32574 -1564753346 
43521 32574 -1564753346 
43521 32574 -1564753346 
43521 32574 -1564753346 
27634 32318 -1564753346 
44996 32318 -1564753346 
45959 32318 -1564753346 
62102 32318 -322321858 
62102 32318 -1562918338 
62102 32318 1491452478 
62102 32318 250855998 
62102 32318 -1006582978 
44996 32318 2047787838 
11747 32318 2047787838 
59664 32574 2047787838 
43521 32574 2047787838 
43521 32574 2047787838 
43521 32574 2047787838 
43521 32574 2047787838 
43521 32574 2047787838 
10272 32574 2047787838 
9309 32574 2047787838 
9309 32574 2047787838 
58701 32574 2047787838 
58701 32574 2047787838 
58701 32574 2047787838 
58701 32574 2047787838 
26415 32574 2047787838 
10272 32574 2047787838 
11747 32318 2047787838 
12710 32318 2047787838 
62102 32318 -1692679362 
62102 32318 1361691454 
62102 32318 121094974 
62102 32318 -1119567042 
62102 32318 1934803774 
28853 32318 694207294 
11747 32318 -1234386114 
59664 32574 -1234386114 
43521 32574 -1234386114 
43521 32574 -1234386114 
43521 32574 -1234386114 
43521 32574 -1234386114 
59664 32574 -1234386114 
42558 32574 -1234386114 
58701 32574 -1234386114 
58701 32574 -1234386114 
58701 32574 -1234386114 
58701 32574 -1234386114 
58701 32574 -1234386114 
58701 32574 -1234386114 
58701 32574 -1234386114 
26415 32574 -1234386114 
26415 32574 -1234386114 
11747 32318 -1234386114 
44996 32318 -1234386114 
62102 32318 -1234386114 
62102 32318 1819984702 
62102 32318 579388222 
62102 32318 -661273794 
62102 32318 -1901870274 
61139 32318 1152500542 
43521 32574 1152500542 
59664 32574 1152500542 
59664 32574 1152500542 
43521 32574 1152500542 
43521 32574 1152500542 
43521 32574 1152500542 
43521 32574 1152500542 
43521 32574 1152500542 
43521 32574 1152500542 
43521 32574 1152500542 
43521 32574 1152500542 
43521 32574 1152500542 
43521 32574 1152500542 
43521 32574 1152500542 
43521 32574 1152500542 
43521 32574 1152500542 
43521 32574 1152500542 
43521 32574 1152500542 
43521 32574 1152500542 
43521 32574 1152500542 
43521 32574 1152500542 
43521 32574 1152500542 
43521 32574 1152500542 
43521 32574 1152500542 
43521 32574 1152500542 
43521 32574 1152500542 
43521 32574 1152500542 
43521 32574 1152500542 
43521 32574 1152500542 
43521 32574 1152500542 
43521 32574 1152500542 
43521 32574 1152500542 
43521 32574 1152500542 
43521 32574 1152500542 
43521 32574 1152500542 
43521 32574 1152500542 
43521 32574 1152500542 
43521 32574 1152500542 
43521 32574 1152500542 
43521 32574 1152500542 
43521 32574 1152500542 
43521 32574 1152500542 
43521 32574 1152500542 
43521 32574 1152500542 
43521 32574 1152500542 
43521 32574 1152500542 
43521 32574 1152500542 
43521 32574 1152500542 
43521 32574 1152500542 
43521 32574 1152500542 
43521 32574 1152500542 
43521 32574 1152500542 
43521 32574 1152500542 
43521 32574 1152500542 
43521 32574 1152500542 
43521 32574 1152500542 
43521 32574 1152500542 
43521 32574 1152500542 
43521 32574 1152500542 
43521 32574 1152500542 
43521 32574 1152500542 
43521 32574 1152500542 
43521 32574 1152500542 
43521 32574 1152500542 
43521 32574 1152500542 
43521 32574 1152500542 
43521 32574 1152500542 
43521 32574 1152500542 
43521 32574 1152500542 
43521 32574 1152500542 
43521 32574 1152500542 
43521 32574 1152500542 
43521 32574 1152500542 
43521 32574 1152500542 
43521 32574 1152500542 
43521 32574 1152500542 
43521 32574 1152500542 
43521 32574 1152500542 
43521 32574 1152500542 
43521 32574 1152500542 
43521 32574 1152500542 
43521 32574 1152500542 
43521 32574 1152500542 
43521 32574 1152500542 
43521 32574 1152500542 
43521 32574 1152500542 
43521 32574 1152500542 
43521 32574 1152500542 
43521 32574 1152500542 
43521 32574 1152500542 
43521 32574 1152500542 
43521 32574 1152500542 
43521 32574 1152500542 
43521 32574 1152500542 
43521 32574 1152500542 
43521 32574 1152500542 
43521 32574 1152500542 
43521 32574 1152500542 
43521 32574 1152500542 
43521 32574 1152500542 
43521 32574 1152500542 
43521 32574 1152500542 
43521 32574 1152500542 
43521 32574 1152500542 
43521 32574 1152500542 
43521 32574 1152500542 
43521 32574 1152500542 
43521 32574 1152500542 
43521 32574 1152500542 
43521 32574 1152500542 
43521 32574 1152500542 
43521 32574 1152500542 
43521 32574 1152500542 
43521 32574 1152500542 
43521 32574 1152500542 
43521 32574 1152500542 
43521 32574 1152500542 
43521 32574 1152500542 
43521 32574 1152500542 
43521 32574 1152500542 
43521 32574 1152500542 
43521 32574 1152500542 
43521 32574 1152500542 
43521 32574 1152500542 
43521 32574 1152500542 
43521 32574 1152500542 
43521 32574 1152500542 
43521 32574 1152500542 
43521 32574 1152500542 
43521 32574 1152500542 
43521 32574 1152500542 
43521 32574 1152500542 
43521 32574 1152500542 
43521 32574 1152500542 
43521 32574 1152500542 
43521 32574 1152500542 
43521 32574 1152500542 
43521 32574 1152500542 
43521 32574 1152500542 
43521 32574 1152500542 
43521 32574 1152500542 
43521 32574 1152500542 
43521 32574 1152500542 
43521 32574 1152500542 
43521 32574 781240638 
43521 32574 409980734 
43521 32574 38720830 
43521 32574 -332604610 
43521 32574 -703864514 
43521 32574 -1058347458 
59664 32574 -1429607362 
9309 32574 11072062 
40376 32574 1904474174 
43793 32830 1750859326 
18006 32830 -1458109889 
57754 32830 67044415 
7143 32830 -1025308865 
62778 33086 -1664808385 
53134 33086 1201933631 
59377 33086 -1031860161 
24653 33342 2052526911 
6328 33342 -1188358593 
12571 33598 -352643009 
35213 33598 1489509183 
16888 33598 1854938687 
14450 33854 2002002239 
37092 33854 -569170881 
34654 34110 -305256897 
7648 34110 1535453503 
45921 34366 -583652289 
59882 34366 1944268351 
8052 34622 -745918145 
62724 34878 -47434689 
51861 34878 -1479985601 
15918 35134 -782223041 
21198 35134 837958463 
26478 35390 2105359935 
6678 35646 -1258143425 
52925 35646 -1904131265 
33125 35902 167396671 
54548 36158 644630591 
10436 36158 -1697166785 
31603 36414 1715227967 
28202 36670 -1986375873 
65512 36670 -1158590145 
37287 36926 -1371450305 
50029 37182 1703564863 
62515 37438 -1781835713 
9722 37438 1057315647 
63175 37694 1647795519 
51093 37950 -1268687041 
14187 38206 897868095 
42816 38462 -1684118721 
5910 38718 -424647361 
10227 38718 381380415 
14288 38974 -507745985 
59060 39230 1203137343 
38297 39486 -22647489 
58501 39742 110063423 
37738 39998 342782271 
57686 40254 1933865791 
36923 40510 -653167297 
56871 40766 -1864993217 
61188 41022 1301444671 
65249 41022 -1522173377 
3519 41278 -1729070273 
7836 41534 647200063 
11641 41790 1328381759 
40270 42046 -1990229953 
3620 42302 1562673471 
32505 42302 619020607 
20423 42558 -576617921 
32909 42814 -1369799873 
45651 43070 -1156611009 
17170 43326 96568383 
54992 43326 -1318156993 
10368 43582 -1105689025 
56359 43838 2009040447 
61639 43838 23299903 
1384 44094 -2130474945 
55800 44094 -140474305 
20113 44350 -1388607169 
9250 44606 2127792447 
47779 44606 -1905751489 
61484 44862 704350783 
59302 44862 697011007 
15897 45118 -669479873 
13715 45118 1537510463 
61181 45118 -1926394561 
18032 45374 -1196126913 
65242 45374 -1204187585 
21837 45630 -1313042881 
28080 45630 2117963583 
9499 45886 1773965119 
16254 45886 1312395327 
63464 45886 1370787903 
3916 46142 1294831935 
51126 46142 1738838335 
57625 46398 2065273407 
63868 46398 -1383296449 
4576 46398 -33713601 
10819 46654 1819120447 
17062 46654 -103115969 
64272 46910 -1538878401 
45947 46910 1219531839 
27622 46910 -434662081 
33865 47166 2105382207 
56251 47166 853644607 
62494 47422 -1153264065 
44169 47422 1671599679 
25844 47422 67147583 
48230 47678 -1638164673 
29905 47678 213227327 
11580 47934 1946982463 
33966 47934 -715024321 
15385 48190 179673151 
37771 48190 939956543 
44270 48190 995465535 
865 48446 1554159935 
48075 48446 1374525759 
54574 48702 1060543039 
36249 48702 1283299903 
42492 48702 1388485183 
48479 48958 1980078911 
55234 48958 -1186555073 
20510 49214 445029183 
26753 49214 -1094476993 
57820 49214 -2113955009 
23352 49470 -2026267585 
13708 49470 -797860801 
3808 49470 -2102879169 
34875 49726 -1663198145 
49799 49726 -116351681 
64979 49726 -465396417 
14112 49982 1551080767 
53604 49982 1654824255 
3249 49982 449879359 
42997 49982 1627168063 
16954 50238 1478991423 
15735 50238 55680575 
55739 50238 -2055627201 
54520 50238 -1163878849 
12334 50494 -943284673 
52338 50494 -789864897 
10152 50494 -1945133249 
58581 50494 1144168255 
57106 50750 508862271 
15176 50750 -797663425 
63349 50750 2123669311 
21675 50750 1320394559 
45280 50750 449945407 
3094 51006 -470966465 
51523 51006 -1458986945 
34417 51006 -1876647873 
17055 51006 -1723948993 
40660 51006 -1000890305 
23042 51262 -345006017 
30760 51262 881303615 
38222 51262 -996302785 
45940 51262 -1682726849 
28578 51262 -1194811329 
19897 51262 -136536001 
11472 51262 -940531649 
2791 51262 671392063 
9997 51518 420979007 
42027 51518 1361682751 
8778 51518 -180707009 
16496 51518 88908095 
48526 51518 1549574463 
39845 51518 510435647 
55988 51518 1903927615 
63706 51518 2055905599 
30457 51518 -895966913 
37407 51774 -2035900097 
28982 51774 -2001493697 
20301 51774 465609023 
36444 51774 1070375231 
2939 51774 433627455 
10657 51774 1608753471 
1976 51774 -336748225 
34262 51774 150511935 
41980 51774 -1862163905 
8219 52030 1628086847 
8219 52030 -1659723201 
40505 52030 -652565953 
7256 52030 -2145213889 
64110 52030 -1825988033 
30605 52030 925934143 
38323 52030 1194762815 
54466 52030 -1657036225 
21217 52030 -1455381953 
45785 52030 -1455381953 
45785 52030 -1455381953 
45785 52030 -1455381953 
45785 52030 -1455381953 
45785 52030 -1455381953 
45785 52030 -1455381953 
45785 52030 -1455381953 
45785 52030 -1455381953 
45785 52030 -1455381953 
45785 52030 -1455381953 
45785 52030 -1455381953 
45785 52030 -1455381953 
45785 52030 -1455381953 
45785 52030 -1455381953 
45785 52030 -1455381953 
45785 52030 -1455381953 
45785 52030 -1455381953 
45785 52030 -1455381953 
45785 52030 -1455381953 
45785 52030 -1455381953 
45785 52030 -1455381953 
45785 52030 -1455381953 
45785 52030 -1455381953 
5074 52030 -1455381953 
13499 52030 -1455381953 
13499 52030 -632970689 
13499 52030 189506111 
13499 52030 1011917375 
13499 52030 1834328639 
54466 52030 -1638227393 
21217 52030 -1436573121 
21217 52030 -1436573121 
21217 52030 -1436573121 
21217 52030 -1436573121 
21217 52030 -1436573121 
21217 52030 -1436573121 
21217 52030 -1436573121 
21217 52030 -1436573121 
21217 52030 -1436573121 
21217 52030 -1436573121 
21217 52030 -1436573121 
21217 52030 -1436573121 
21217 52030 -1436573121 
21217 52030 -1436573121 
21217 52030 -1436573121 
21217 52030 -1436573121 
21217 52030 -1436573121 
21217 52030 -1436573121 
21217 52030 -1436573121 
21217 52030 -1436573121 
21217 52030 -1436573121 
21217 52030 -1436573121 
21217 52030 -1436573121 
21217 52030 -1436573121 
21217 52030 -1436573121 
21217 52030 -1436573121 
21217 52030 -1436573121 
21217 52030 -1436573121 
21217 52030 -1436573121 
21217 52030 -1436573121 
21217 52030 -1436573121 
21217 52030 -1436573121 
21217 52030 -1436573121 
21217 52030 -1436573121 
21217 52030 -1436573121 
21217 52030 -1436573121 
21217 52030 -1436573121 
21217 52030 -1436573121 
21217 52030 -1436573121 
21217 52030 -1436573121 
21217 52030 -1436573121 
21217 52030 -1436573121 
21217 52030 -1436573121 
21217 52030 -1436573121 
21217 52030 -1436573121 
21217 52030 -1436573121 
21217 52030 -1436573121 
21217 52030 -1436573121 
21217 52030 -1436573121 
21217 52030 -1436573121 
21217 52030 -1436573121 
21217 52030 -1436573121 
21217 52030 -1436573121 
21217 52030 -1436573121 
21217 52030 -1436573121 
21217 52030 -1436573121 
21217 52030 -1436573121 
21217 52030 -1436573121 
21217 52030 -1436573121 
21217 52030 -1436573121 
21217 52030 -1436573121 
21217 52030 -1436573121 
21217 52030 -1436573121 
21217 52030 -1436573121 
21217 52030 -1436573121 
21217 52030 -1436573121 
21217 52030 -1436573121 
21217 52030 -1436573121 
21217 52030 -1436573121 
21217 52030 -1436573121 
21217 52030 -1436573121 
21217 52030 -1436573121 
21217 52030 -1436573121 
21217 52030 -1436573121 
21217 52030 -1436573121 
21217 52030 -1436573121 
21217 52030 -1436573121 
21217 52030 -1436573121 
21217 52030 -1436573121 
21217 52030 -1436573121 
21217 52030 -1436573121 
21217 52030 -1436573121 
21217 52030 -1436573121 
21217 52030 -1436573121 
21217 52030 -1436573121 
21217 52030 -1436573121 
21217 52030 -1436573121 
21217 52030 -1436573121 
21217 52030 -1436573121 
21217 52030 -1436573121 
21217 52030 -1436573121 
21217 52030 -1436573121 
21217 52030 -1436573121 
21217 52030 -1436573121 
21217 52030 -1436573121 
21217 52030 -1436573121 
21217 52030 -1436573121 
21217 52030 -1436573121 
21217 52030 -1436573121 
21217 52030 -1436573121 
21217 52030 -1436573121 
21217 52030 -1436573121 
21217 52030 -1436573121 
21217 52030 -1436573121 
21217 52030 -1436573121 
21217 52030 -1436573121 
21217 52030 -1436573121 
21217 52030 -1436573121 
21217 52030 -1436573121 
21217 52030 -1436573121 
21217 52030 -1436573121 
21217 52030 -1436573121 
21217 52030 -1436573121 
21217 52030 -1436573121 
21217 52030 -1436573121 
21217 52030 -1436573121 
21217 52030 -1436573121 
21217 52030 -1436573121 
21217 52030 -1436573121 
21217 52030 -1436573121 
21217 52030 -1436573121 
61928 52030 -1436573121 
53503 52030 -1436573121 
28167 52286 -1436573121 
28167 52286 -1436573121 
28167 52286 -1436573121 
28167 52286 -1436573121 
28167 52286 -1436573121 
28167 52286 -1436573121 
28167 52286 -1436573121 
28167 52286 -1436573121 
28167 52286 -1436573121 
28167 52286 -1436573121 
28167 52286 -1436573121 
28167 52286 -1436573121 
28167 52286 -1436573121 
28167 52286 -1436573121 
28167 52286 -1436573121 
28167 52286 -1436573121 
28167 52286 -1436573121 
28167 52286 -1436573121 
28167 52286 -1436573121 
28167 52286 -1436573121 
28167 52286 -1436573121 
28167 52286 -1436573121 
28167 52286 -1436573121 
28167 52286 -1436573121 
28167 52286 -1436573121 
28167 52286 -1436573121 
28167 52286 -1436573121 
28167 52286 -1436573121 
28167 52286 -1436573121 
28167 52286 -1436573121 
28167 52286 -1436573121 
28167 52286 -1436573121 
28167 52286 -1436573121 
28167 52286 -1436573121 
28167 52286 -1436573121 
28167 52286 -1436573121 
28167 52286 -1436573121 
28167 52286 -1436573121 
28167 52286 -1436573121 
28167 52286 -1436573121 
28167 52286 -1436573121 
28167 52286 -1436573121 
28167 52286 -1436573121 
28167 52286 -1436573121 
28167 52286 -1436573121 
28167 52286 -1436573121 
28167 52286 -1436573121 
28167 52286 -1436573121 
28167 52286 -1436573121 
28167 52286 -1436573121 
28167 52286 -1436573121 
28167 52286 -1436573121 
28167 52286 -1436573121 
28167 52286 -1436573121 
28167 52286 -1436573121 
28167 52286 -1436573121 
28167 52286 -1436573121 
28167 52286 -1436573121 
28167 52286 -1436573121 
28167 52286 -1436573121 
28167 52286 -1436573121 
28167 52286 -1436573121 
28167 52286 -1436573121 
28167 52286 -1436573121 
28167 52286 -1436573121 
28167 52286 -1436573121 
28167 52286 -1436573121 
28167 52286 -1436573121 
3855 52286 -1436573121 
35885 52286 -1436573121 
35885 52286 -1436573121 
35885 52286 -1436573121 
2636 52286 -1436573121 
59490 52286 -1436573121 
26241 52286 -1436573121 
42128 52286 -1436573121 
33447 52286 -1436573121 
33447 52286 -1436573121 
33447 52286 -1436573121 
33447 52286 -1436573121 
33447 52286 -1436573121 
33447 52286 -1436573121 
33447 52286 -1436573121 
33447 52286 -1436573121 
33447 52286 -1436573121 
33447 52286 -1436573121 
33447 52286 -1436573121 
33447 52286 -1436573121 
33447 52286 -1436573121 
33447 52286 -1436573121 
33447 52286 -1436573121 
33447 52286 -1436573121 
33447 52286 -1436573121 
33447 52286 -1436573121 
33447 52286 -1436573121 
33447 52286 -1436573121 
33447 52286 -1436573121 
33447 52286 -1436573121 
33447 52286 -1436573121 
33447 52286 -1436573121 
33447 52286 -1436573121 
33447 52286 -1436573121 
33447 52286 -1436573121 
33447 52286 -1436573121 
33447 52286 -1436573121 
33447 52286 -1436573121 
33447 52286 -1436573121 
33447 52286 -1436573121 
33447 52286 -1436573121 
33447 52286 -1436573121 
33447 52286 -1436573121 
33447 52286 -1436573121 
33447 52286 -1436573121 
33447 52286 -1436573121 
33447 52286 -1436573121 
33447 52286 -1436573121 
33447 52286 -1436573121 
33447 52286 -1436573121 
33447 52286 -1436573121 
33447 52286 -1436573121 
33447 52286 -1436573121 
33447 52286 -1436573121 
33447 52286 -1436573121 
33447 52286 -1436573121 
33447 52286 -1436573121 
33447 52286 -1436573121 
33447 52286 -1436573121 
33447 52286 -1436573121 
33447 52286 -1436573121 
33447 52286 -1436573121 
33447 52286 -1436573121 
33447 52286 -1436573121 
33447 52286 -1436573121 
33447 52286 -1436573121 
33447 52286 -1436573121 
33447 52286 -1436573121 
33447 52286 -1436573121 
33447 52286 -1436573121 
33447 52286 -1436573121 
33447 52286 -1436573121 
33447 52286 -1436573121 
33447 52286 -1436573121 
33447 52286 -1436573121 
33447 52286 -1436573121 
33447 52286 -1436573121 
33447 52286 -1436573121 
33447 52286 -1436573121 
33447 52286 -1436573121 
33447 52286 -1436573121 
33447 52286 -1436573121 
33447 52286 -1436573121 
33447 52286 -1436573121 
33447 52286 -1436573121 
33447 52286 -1436573121 
33447 52286 -1436573121 
33447 52286 -1436573121 
33447 52286 -1436573121 
33447 52286 -1436573121 
33447 52286 -1436573121 
33447 52286 -1436573121 
33447 52286 2137497919 
33447 52286 1416601663 
33447 52286 695705407 
33447 52286 -25256385 
33447 52286 -746152641 
33447 52286 -1467048897 
33447 52286 2107022143 
33447 52286 1386125887 
33447 52286 665229631 
17304 52286 -55732161 
34666 52286 481728319 
27204 52286 448763455 
3855 52286 -775383745 
45785 52030 -1932291009 
6037 52030 1256166207 
7256 52030 1441567295 
48930 52030 -1980067521 
9694 51774 -1073114817 
35225 51774 1159368767 
20301 51774 388796223 
5121 51774 1547669055 
55988 51518 324308287 
16496 51518 1030392895 
25884 51518 -1266578625 
11472 51262 -1013282241 
45940 51262 1152747839 
55328 51262 -2100197313 
65484 51006 1492092735 
34417 51006 -988903617 
3094 51006 -282098113 
62386 50750 -716012225 
6751 50750 -1653111745 
252 50494 -40008897 
59544 50494 1053196863 
12334 50494 1643151679 
6347 50238 -1961066177 
24672 50238 -1756725185 
42997 49982 1391820351 
20355 49982 -2074510017 
63504 49982 230849343 
41118 49726 -298943937 
43556 49726 648050751 
21170 49470 1472319 
64319 49470 848327999 
1222 49214 -1156680641 
3404 49214 -426675649 
21729 48958 -1290178241 
64622 48958 -1918537921 
42492 48702 -1087017409 
44674 48702 1221225535 
22288 48702 1935895359 
40869 48446 -167744961 
18227 48446 -2036176833 
11984 48190 1850238783 
30309 48190 435316031 
23810 48190 -761306049 
42647 47934 1313956671 
35892 47934 -670670273 
5081 47678 633364543 
39549 47678 -344170689 
57874 47678 725442111 
26807 47422 2013355327 
61275 47422 1053383487 
30208 47422 2123651647 
64676 47166 929257791 
58433 47166 1765103679 
52446 46910 1594578751 
21379 46910 417682751 
39704 46910 1254249535 
58029 46654 -1969007809 
51530 46654 -678931905 
45543 46398 -395226817 
63868 46398 -1134669761 
41482 46398 -1655746753 
18840 46142 -700166593 
61989 46142 1732136255 
39603 45886 1329351743 
41785 45886 -1891742913 
44223 45630 1900366399 
46405 45630 -196064961 
8132 45374 425805887 
10314 45374 712394559 
62144 45118 -577812929 
23615 45118 -978434753 
9910 44862 -1714273217 
61484 44862 -1543814337 
31636 44606 -483835073 
17675 44606 -312655297 
29050 44350 764887359 
39913 44094 -304791489 
50776 44094 756695103 
37071 43838 -312262849 
47934 43838 -474857921 
58797 43582 1493646911 
4125 43582 1331772735 
14988 43326 -977257409 
1027 43326 -1155187649 
12146 43070 -410043585 
23521 42814 -1811989953 
9560 42814 -1082901953 
20423 42558 569325887 
47429 42558 57620799 
33724 42302 -772589505 
19763 42302 -713213889 
47025 42046 252524607 
49207 42046 899757887 
51645 41790 -63359169 
4179 41790 1708602943 
47328 41534 -596101569 
24942 41534 -1440860609 
2556 41278 -792185537 
61848 41278 1299658047 
14638 41278 -1909902017 
49106 41022 -589351873 
59006 41022 -1533463489 
3115 41022 -1688849345 
13015 40766 -1055509441 
63626 40766 383398719 
48446 40766 1352676159 
33778 40510 1869165375 
18854 40510 1932866367 
19817 40510 1543779135 
45860 40510 -1764412865 
47079 40254 1806250559 
48298 40254 -1853935041 
49261 40254 139997759 
50224 40254 -802016705 
26875 39998 -384880065 
43981 39998 149893439 
61087 39998 -456183489 
62306 39998 2108830015 
13877 39998 1737961791 
15352 39742 226373951 
16315 39742 73871679 
58501 39742 1280454975 
10072 39742 -1690357441 
2610 39742 -1506922177 
19716 39742 606023999 
61902 39486 1578185023 
13473 39486 -1627049665 
55403 39486 -1644482497 
31798 39486 -1561120705 
8193 39486 -1561120705 
25811 39230 -1561120705 
42917 39230 -1561120705 
35455 39230 -1561120705 
11850 39230 -1561120705 
28956 39230 -1561120705 
46574 38974 -1561120705 
22969 38974 -1561120705 
40075 38974 654061631 
57181 38974 1711681855 
25151 38974 1662136639 
49719 38974 -2011221697 
49719 38974 -148098753 
49719 38974 1715089727 
49719 38974 -716754625 
49719 38974 1146433855 
49719 38974 -1285410497 
49719 38974 577777983 
49719 38974 -1854066369 
49719 38974 9122111 
49719 38974 1872245055 
49719 38974 -559599297 
49719 38974 1303589183 
49719 38974 -1128255169 
49719 38974 734933311 
49719 38974 -1696911041 
49719 38974 166277439 
49719 38974 2029400383 
49719 38974 -419220929 
49719 38974 1443967551 
49719 38974 -987876801 
49719 38974 875311679 
49719 38974 -1556532673 
49719 38974 306655807 
49719 38974 -2125188545 
49719 38974 -262065601 
49719 38974 1601122879 
49719 38974 -830721473 
49719 38974 1032467007 
49719 38974 -1399377345 
49719 38974 463811135 
49719 38974 -1968033217 
49719 38974 -104910273 
49719 38974 1758278207 
49719 38974 -673566145 
49719 38974 1189622335 
49719 38974 -1242222017 
49719 38974 604189503 
49719 38974 -1827654849 
49719 38974 35533631 
49719 38974 1898656575 
49719 38974 -533187777 
49719 38974 1330000703 
49719 38974 -1101843649 
49719 38974 761344831 
49719 38974 -1670499521 
49719 38974 192688959 
49719 38974 2055811903 
49719 38974 -376032449 
49719 38974 1487156031 
49719 38974 -944688321 
49719 38974 918500159 
49719 38974 -1513344193 
49719 38974 349844287 
49719 38974 -2082000065 
49719 38974 -218877121 
49719 38974 1627534399 
49719 38974 -804309953 
49719 38974 1058878527 
49719 38974 -1372965825 
49719 38974 490222655 
49719 38974 -1941621697 
49719 38974 -78498753 
49719 38974 1784689727 
49719 38974 -647154625 
49719 38974 1216033855 
49719 38974 -1215810497 
49719 38974 647377983 
49719 38974 -1784466369 
49719 38974 78722111 
49719 38974 1941845055 
49719 38974 -489999297 
49719 38974 1373189183 
49719 38974 -1058655169 
49719 38974 804533311 
49719 38974 -1644088001 
49719 38974 219100479 
49719 38974 2082223423 
49719 38974 -349620929 
49719 38974 1513567551 
49719 38974 -918276801 
49719 38974 944911679 
49719 38974 -1486932673 
49719 38974 376255807 
49719 38974 -2055588545 
49719 38974 -192465601 
49719 38974 1670722879 
49719 38974 -761121473 
49719 38974 1102067007 
49719 38974 -1329777345 
25151 38974 533411135 
327 38974 1155020095 
16470 38974 535115071 
7789 38974 1727083839 
40075 38974 -805554881 
56218 38974 252130879 
56218 38974 -1156565441 
56218 38974 1729771071 
31394 38974 321140287 
47537 38974 1965897279 
47537 38974 1127626303 
47537 38974 289355327 
47537 38974 -548981185 
6826 38974 -1387252161 
64899 38974 -984009153 
7789 38974 1331967551 
57181 38974 -1200671169 
41294 38974 -1250216385 
25151 38974 1183331903 
25151 38974 1804940863 
25151 38974 -1868417473 
25151 38974 -1246808513 
25151 38974 -625199553 
25151 38974 -3590593 
25151 38974 618083903 
25151 38974 1239692863 
25151 38974 1861301823 
25151 38974 -1812056513 
25151 38974 -1207224513 
25151 38974 -585615553 
25151 38974 36058943 
25151 38974 657667903 
25151 38974 1279276863 
25151 38974 1900885823 
25151 38974 -1772472513 
25151 38974 -1150863553 
25151 38974 -529254593 
25151 38974 92419903 
25151 38974 714028863 
25151 38974 1335637823 
25151 38974 1957246783 
25151 38974 -1716111553 
25151 38974 -1094502593 
25151 38974 -472893633 
25151 38974 148780863 
25151 38974 770389823 
25151 38974 1391998783 
25151 38974 1996830783 
25151 38974 -1676527553 
25151 38974 -1054918593 
25151 38974 -433309633 
25151 38974 188364863 
25151 38974 809973823 
25151 38974 1431582783 
25151 38974 2053191743 
25151 38974 -1620166593 
25151 38974 -998557633 
25151 38974 -376948673 
41294 38974 244725823 
7789 38974 -1616758721 
64899 38974 145635391 
31394 38974 -1833420737 
47537 38974 -188663745 
47537 38974 -1026934721 
47537 38974 -1865205697 
47537 38974 1591490623 
47537 38974 753219647 
47537 38974 -85116865 
47537 38974 -923387841 
31394 38974 -1761658817 
23932 38974 -133678785 
48756 38974 -854378177 
57181 38974 -333563585 
57181 38974 -383108801 
57181 38974 -432654017 
57181 38974 -482199233 
41294 38974 -531744449 
25151 38974 1901803839 
25151 38974 -1771554497 
25151 38974 -1149945537 
25151 38974 -528336577 
25151 38974 93337919 
25151 38974 714946879 
25151 38974 1336555839 
25151 38974 1958164799 
25151 38974 -1715193537 
25151 38974 -1093584577 
25151 38974 -471975617 
25151 38974 149698879 
25151 38974 771307839 
25151 38974 1376139839 
25151 38974 1997748799 
25151 38974 -1675609537 
25151 38974 -1054000577 
25151 38974 -432391617 
25151 38974 189282879 
25151 38974 810891839 
25151 38974 1432500799 
25151 38974 2054109759 
25151 38974 -1619248577 
25151 38974 -997639617 
25151 38974 -376030657 
25151 38974 245643839 
25151 38974 867252799 
25151 38974 1488861759 
25151 38974 2110470719 
25151 38974 -1562887617 
25151 38974 -941278657 
41294 38974 -319669697 
7789 38974 2113878591 
64899 38974 -435537089 
31394 38974 1880439615 
47537 38974 -769770689 
47537 38974 -1608041665 
47537 38974 1848654655 
47537 38974 1010383679 
47537 38974 172112703 
63680 38974 -666223809 
30431 38974 307444543 
30431 38974 307444543 
30431 38974 307444543 
30431 38974 307444543 
30431 38974 307444543 
30431 38974 307444543 
30431 38974 307444543 
30431 38974 307444543 
30431 38974 307444543 
30431 38974 307444543 
30431 38974 307444543 
30431 38974 307444543 
30431 38974 307444543 
30431 38974 307444543 
30431 38974 307444543 
30431 38974 307444543 
30431 38974 307444543 
30431 38974 307444543 
30431 38974 307444543 
30431 38974 307444543 
30431 38974 307444543 
55255 38974 307444543 
39112 38974 307444543 
6826 38974 22756159 
40075 38974 425999167 
64899 38974 1500396351 
64899 38974 -478659777 
64899 38974 1837316927 
64899 38974 -141739201 
48756 38974 -2120729793 
7789 38974 -1599915201 
32613 38974 162478911 
32613 38974 -1128645825 
32613 38974 1875262271 
32613 38974 584203071 
32613 38974 -706921665 
32613 38974 -1997980865 
32613 38974 1005927231 
32613 38974 -301974465 
32613 38974 -1593033665 
7789 38974 1410874431 
56218 38974 -1121764289 
6826 38974 1764572223 
47537 38974 -2127152065 
47537 38974 1329544255 
47537 38974 491273279 
47537 38974 -347063233 
47537 38974 -1185334209 
15507 38974 -2023605185 
64899 38974 2104245311 
32613 38974 125254719 
57181 38974 -1165870017 
57181 38974 -1215415233 
57181 38974 -1264960449 
57181 38974 -1314505665 
57181 38974 -1364050881 
57181 38974 -1413596097 
7789 38974 -1463141313 
15507 38974 299252799 
6826 38974 132135999 
22969 38974 535379007 
22969 38974 -1544471489 
22969 38974 670710847 
22969 38974 -1425916609 
22969 38974 789265727 
22969 38974 -1290584769 
22969 38974 924597567 
22969 38974 -1155252929 
22969 38974 1059929407 
22969 38974 -1019921089 
22969 38974 1195261247 
22969 38974 -884589249 
22969 38974 1330593087 
22969 38974 -749257409 
22969 38974 1465924927 
22969 38974 -613925569 
22969 38974 1601256767 
22969 38974 -478593729 
22969 38974 1736588607 
22969 38974 -343261889 
22969 38974 1871920447 
22969 38974 -207930049 
22969 38974 2007252287 
22969 38974 -72598209 
22969 38974 2142584127 
22969 38974 62799167 
22969 38974 -2017051329 
22969 38974 198131007 
22969 38974 -1881719489 
22969 38974 333462847 
22969 38974 -1746387649 
22969 38974 468794687 
22969 38974 -1611055809 
22969 38974 587349567 
22969 38974 -1492500929 
22969 38974 722681407 
22969 38974 -1357169089 
22969 38974 858013247 
22969 38974 -1221837249 
22969 38974 993345087 
22969 38974 -1086505409 
22969 38974 1128676927 
22969 38974 -951173569 
22969 38974 1264008767 
22969 38974 -815841729 
22969 38974 1399340607 
22969 38974 -680509889 
22969 38974 1534672447 
22969 38974 -545178049 
22969 38974 1670004287 
22969 38974 -409846209 
22969 38974 1805336127 
22969 38974 -274514369 
22969 38974 1940667967 
22969 38974 -139182529 
22969 38974 2075999807 
22969 38974 -3850689 
22969 38974 -2083635649 
22969 38974 131546687 
22969 38974 -1948303809 
22969 38974 266878527 
22969 38974 -1812971969 
22969 38974 402210367 
22969 38974 -1694417089 
22969 38974 520765247 
22969 38974 -1559085249 
22969 38974 656097087 
22969 38974 -1423753409 
22969 38974 791428927 
22969 38974 -1288421569 
22969 38974 926760767 
22969 38974 -1153089729 
22969 38974 1062092607 
22969 38974 -1017757889 
22969 38974 1197424447 
22969 38974 -882426049 
22969 38974 1332756287 
22969 38974 -747094209 
22969 38974 1468088127 
22969 38974 -611762369 
22969 38974 1603419967 
22969 38974 -476430529 
22969 38974 1738751807 
22969 38974 -341098689 
22969 38974 1874083647 
22969 38974 -205766849 
22969 38974 2009415487 
22969 38974 -70435009 
22969 38974 2144747327 
22969 38974 64962367 
22969 38974 -2014888129 
22969 38974 200294207 
22969 38974 -1879556289 
22969 38974 318849087 
22969 38974 -1761001409 
22969 38974 454180927 
22969 38974 -1625669569 
22969 38974 589512767 
22969 38974 -1490337729 
22969 38974 724844607 
22969 38974 -1355005889 
22969 38974 860176447 
22969 38974 -1219674049 
22969 38974 995508287 
22969 38974 -1084342209 
22969 38974 1130840127 
22969 38974 -949010369 
22969 38974 1266171967 
22969 38974 -813678529 
22969 38974 1401503807 
22969 38974 -678346689 
22969 38974 1536835647 
22969 38974 -543014849 
22969 38974 1672167487 
22969 38974 -407683009 
22969 38974 1807499327 
22969 38974 -272351169 
22969 38974 1942831167 
22969 38974 -137019329 
22969 38974 2078163007 
22969 38974 -1687489 
22969 38974 -2081472449 
22969 38974 133709887 
22969 38974 -1962917569 
22969 38974 252264767 
22969 38974 -1827585729 
22969 38974 387596607 
22969 38974 -1692253889 
22969 38974 522928447 
22969 38974 -1556922049 
22969 38974 658260287 
22969 38974 -1421590209 
22969 38974 793592127 
22969 38974 -1286258369 
22969 38974 928923967 
22969 38974 -1150926529 
14288 38974 1064255807 
5607 38974 -462012097 
21750 38974 -462012097 
37637 39230 -462012097 
37637 39230 -462012097 
37637 39230 -462012097 
37637 39230 -462012097 
37637 39230 -462012097 
37637 39230 -462012097 
37637 39230 -462012097 
37637 39230 -462012097 
37637 39230 -462012097 
37637 39230 -462012097 
37637 39230 -462012097 
37637 39230 -462012097 
37637 39230 -462012097 
37637 39230 -462012097 
37637 39230 -462012097 
37637 39230 -462012097 
37637 39230 -462012097 
37637 39230 -462012097 
37637 39230 -462012097 
37637 39230 -462012097 
37637 39230 -462012097 
37637 39230 -462012097 
37637 39230 -462012097 
37637 39230 -462012097 
37637 39230 -462012097 
37637 39230 -462012097 
37637 39230 -462012097 
37637 39230 -462012097 
37637 39230 -462012097 
37637 39230 -462012097 
37637 39230 -462012097 
37637 39230 -462012097 
37637 39230 -462012097 
37637 39230 -462012097 
37637 39230 -462012097 
37637 39230 -462012097 
37637 39230 -462012097 
37637 39230 -462012097 
37637 39230 -462012097 
37637 39230 -462012097 
37637 39230 -462012097 
37637 39230 -462012097 
37637 39230 -462012097 
37637 39230 -462012097 
37637 39230 -462012097 
37637 39230 -462012097 
37637 39230 -462012097 
37637 39230 -462012097 
37637 39230 -462012097 
37637 39230 -462012097 
37637 39230 -462012097 
37637 39230 -462012097 
37637 39230 -462012097 
37637 39230 -462012097 
37637 39230 -462012097 
37637 39230 -462012097 
37637 39230 -462012097 
37637 39230 -462012097 
37637 39230 -462012097 
37637 39230 -462012097 
37637 39230 -462012097 
37637 39230 -462012097 
37637 39230 -462012097 
37637 39230 -462012097 
37637 39230 -462012097 
37637 39230 -462012097 
37637 39230 -462012097 
37637 39230 -462012097 
37637 39230 -462012097 
37637 39230 -462012097 
37637 39230 -462012097 
37637 39230 -462012097 
37637 39230 -462012097 
37637 39230 -462012097 
37637 39230 -462012097 
37637 39230 -462012097 
37637 39230 -462012097 
37637 39230 -462012097 
37637 39230 -462012097 
37637 39230 -462012097 
37637 39230 -462012097 
37637 39230 -462012097 
37637 39230 -462012097 
37637 39230 -462012097 
37637 39230 -462012097 
37637 39230 -462012097 
37637 39230 -462012097 
37637 39230 -462012097 
37637 39230 -462012097 
37637 39230 -462012097 
37637 39230 -462012097 
37637 39230 -462012097 
37637 39230 -462012097 
37637 39230 -462012097 
37637 39230 -462012097 
37637 39230 -462012097 
37637 39230 -462012097 
37637 39230 -462012097 
37637 39230 -462012097 
37637 39230 -462012097 
37637 39230 -462012097 
37637 39230 -462012097 
37637 39230 -462012097 
37637 39230 -462012097 
37637 39230 -462012097 
37637 39230 -462012097 
37637 39230 -462012097 
37637 39230 -462012097 
37637 39230 -462012097 
37637 39230 -462012097 
37637 39230 -462012097 
37637 39230 -462012097 
37637 39230 -462012097 
37637 39230 -462012097 
37637 39230 -462012097 
37637 39230 -462012097 
37637 39230 -462012097 
37637 39230 -462012097 
37637 39230 -462012097 
37637 39230 -462012097 
37637 39230 -462012097 
37637 39230 -462012097 
37637 39230 -462012097 
37637 39230 -462012097 
37637 39230 -462012097 
37637 39230 -462012097 
37637 39230 -462012097 
37637 39230 -462012097 
37637 39230 -462012097 
37637 39230 -462012097 
37637 39230 -462012097 
37637 39230 -462012097 
37637 39230 -462012097 
37637 39230 -462012097 
37637 39230 -462012097 
37637 39230 -462012097 
37637 39230 -462012097 
37637 39230 -462012097 
37637 39230 -462012097 
37637 39230 -462012097 
37637 39230 -462012097 
37637 39230 -462012097 
37637 39230 -462012097 
37637 39230 -462012097 
37637 39230 -462012097 
37637 39230 -462012097 
37637 39230 -462012097 
37637 39230 -462012097 
37637 39230 -462012097 
37637 39230 -462012097 
37637 39230 -462012097 
37637 39230 -462012097 
37637 39230 -462012097 
37637 39230 -462012097 
37637 39230 -462012097 
37637 39230 -462012097 
37637 39230 -462012097 
37637 39230 -462012097 
37637 39230 -462012097 
37637 39230 -462012097 
37637 39230 -462012097 
37637 39230 -462012097 
37637 39230 -462012097 
37637 39230 -462012097 
37637 39230 -462012097 
37637 39230 -462012097 
37637 39230 -462012097 
37637 39230 -462012097 
62717 38974 -462012097 
46574 38974 -462012097 
14288 38974 -462012097 
39112 38974 -1988214465 
6826 38974 2022064447 
56218 38974 -1869659841 
64899 38974 1016676671 
64899 38974 -962379457 
64899 38974 1353597247 
64899 38974 -625458881 
15507 38974 1690517823 
6826 38974 1523401023 
22969 38974 1926644031 
22969 38974 -153206465 
22969 38974 2061975871 
22969 38974 -17874625 
22969 38974 -2097659585 
22969 38974 100745791 
22969 38974 -1979104705 
22969 38974 236077631 
22969 38974 -1843772865 
22969 38974 371409471 
22969 38974 -1708441025 
22969 38974 506741311 
22969 38974 -1573109185 
22969 38974 642073151 
22969 38974 -1437777345 
22969 38974 777404991 
22969 38974 -1302445505 
22969 38974 912736831 
22969 38974 -1167113665 
22969 38974 1048068671 
22969 38974 -1031781825 
22969 38974 1183400511 
22969 38974 -896449985 
22969 38974 1318732351 
22969 38974 -761118145 
22969 38974 1454064191 
22969 38974 -625786305 
22969 38974 1589396031 
22969 38974 -490454465 
22969 38974 1724727871 
22969 38974 -355122625 
22969 38974 1860059711 
22969 38974 -219790785 
22969 38974 1995391551 
22969 38974 -84458945 
22969 38974 2113946431 
22969 38974 34161471 
22969 38974 -2045689025 
22969 38974 169493311 
22969 38974 -1910357185 
22969 38974 304825151 
22969 38974 -1775025345 
22969 38974 440156991 
22969 38974 -1639693505 
22969 38974 575488831 
22969 38974 -1504361665 
22969 38974 710820671 
22969 38974 -1369029825 
22969 38974 846152511 
22969 38974 -1233697985 
63680 38974 981484351 
30431 38974 1955087167 
5607 38974 1955087167 
37637 39230 1955087167 
37637 39230 1955087167 
37637 39230 1955087167 
37637 39230 1955087167 
37637 39230 1955087167 
37637 39230 1955087167 
37637 39230 1955087167 
37637 39230 1955087167 
37637 39230 1955087167 
37637 39230 1955087167 
28956 39230 1955087167 
20531 39230 1955087167 
52561 39230 1955087167 
27737 39230 1955087167 
60023 39230 1955087167 
35455 39230 1955087167 
35455 39230 1955087167 
10631 39230 1955087167 
10631 39230 1955087167 
10631 39230 1955087167 
10631 39230 1955087167 
10631 39230 1955087167 
10631 39230 1955087167 
10631 39230 1955087167 
10631 39230 1955087167 
35455 39230 1955087167 
35455 39230 1955087167 
35455 39230 1955087167 
35455 39230 1955087167 
35455 39230 1955087167 
10631 39230 1955087167 
51598 39230 1955087167 
42917 39230 1955087167 
42917 39230 1955087167 
42917 39230 1955087167 
42917 39230 1955087167 
42917 39230 1955087167 
42917 39230 1955087167 
42917 39230 1955087167 
42917 39230 1955087167 
42917 39230 1955087167 
42917 39230 1955087167 
26774 39230 1955087167 
60023 39230 1955087167 
19312 39230 1955087167 
52561 39230 1955087167 
52561 39230 1955087167 
52561 39230 1955087167 
52561 39230 1955087167 
52561 39230 1955087167 
52561 39230 1955087167 
3169 39230 1955087167 
35455 39230 1955087167 
10631 39230 1955087167 
10631 39230 1955087167 
10631 39230 1955087167 
10631 39230 1955087167 
35455 39230 1955087167 
3169 39230 1955087167 
11850 39230 1955087167 
45099 39230 1955087167 
45099 39230 1955087167 
45099 39230 1955087167 
45099 39230 1955087167 
45099 39230 1955087167 
45099 39230 1955087167 
4388 39230 1955087167 
62717 38974 1955087167 
46574 38974 1955087167 
14288 38974 1955087167 
55255 38974 428884799 
55255 38974 428884799 
55255 38974 428884799 
55255 38974 428884799 
55255 38974 428884799 
55255 38974 428884799 
30431 38974 428884799 
5607 38974 428884799 
21750 38974 428884799 
13069 39230 428884799 
37637 39230 428884799 
37637 39230 428884799 
37637 39230 428884799 
37637 39230 428884799 
37637 39230 428884799 
37637 39230 428884799 
37637 39230 428884799 
30431 38974 428884799 
55255 38974 428884799 
55255 38974 428884799 
55255 38974 428884799 
55255 38974 428884799 
30431 38974 428884799 
46574 38974 428884799 
13069 39230 428884799 
13069 39230 428884799 
4388 39230 428884799 
61242 39230 428884799 
61242 39230 428884799 
61242 39230 428884799 
61242 39230 428884799 
36418 39230 428884799 
27737 39230 428884799 
27737 39230 428884799 
43880 39230 428884799 
3169 39230 428884799 
3169 39230 428884799 
3169 39230 428884799 
3169 39230 428884799 
52561 39230 428884799 
20531 39230 428884799 
4388 39230 428884799 
45099 39230 428884799 
45099 39230 428884799 
45099 39230 428884799 
45099 39230 428884799 
45099 39230 428884799 
28956 39230 428884799 
62717 38974 428884799 
46574 38974 428884799 
55255 38974 428884799 
55255 38974 428884799 
55255 38974 428884799 
55255 38974 428884799 
55255 38974 428884799 
55255 38974 428884799 
5607 38974 428884799 
5607 38974 428884799 
46574 38974 428884799 
13069 39230 428884799 
13069 39230 428884799 
45099 39230 428884799 
20531 39230 428884799 
20531 39230 428884799 
20531 39230 428884799 
20531 39230 428884799 
45099 39230 428884799 
28956 39230 428884799 
21750 38974 428884799 
55255 38974 428884799 
14288 38974 428884799 
14288 38974 -1097383105 
14288 38974 1671381823 
14288 38974 145179455 
39112 38974 -1381088449 
22969 38974 -1665776833 
47537 38974 549405503 
47537 38974 -288931009 
47537 38974 -1127201985 
47537 38974 -1965472961 
47537 38974 1491223359 
47537 38974 652952383 
47537 38974 -185384129 
22969 38974 -1023655105 
63680 38974 1174750271 
5607 38974 -2146614209 
5607 38974 -2146614209 
37637 39230 -2146614209 
37637 39230 -2146614209 
37637 39230 -2146614209 
37637 39230 -2146614209 
37637 39230 -2146614209 
37637 39230 -2146614209 
37637 39230 -2146614209 
37637 39230 -2146614209 
37637 39230 -2146614209 
37637 39230 -2146614209 
5607 38974 -2146614209 
14288 38974 -2146614209 
22969 38974 622150719 
6826 38974 -1457699777 
6826 38974 -1054456769 
6826 38974 -651213761 
6826 38974 -247970753 
6826 38974 155337791 
6826 38974 558580799 
6826 38974 961823807 
6826 38974 1365066815 
47537 38974 1768309823 
22969 38974 930038847 
55255 38974 -1149811649 
5607 38974 -1149811649 
62717 38974 -1149811649 
37637 39230 -1149811649 
37637 39230 -1149811649 
53780 39230 -1149811649 
53780 39230 -1149811649 
53780 39230 -1149811649 
53780 39230 -1149811649 
53780 39230 -1149811649 
53780 39230 -1149811649 
53780 39230 -1149811649 
53780 39230 -1149811649 
37637 39230 -1149811649 
5607 38974 -1149811649 
14288 38974 -1149811649 
14288 38974 1618953279 
14288 38974 92750911 
14288 38974 -1433516993 
14288 38974 1335247935 
14288 38974 -191019969 
14288 38974 -1717222337 
6826 38974 1051542591 
6826 38974 1454785599 
64899 38974 1858028607 
64899 38974 -121027521 
64899 38974 -2100018113 
64899 38974 215958591 
15507 38974 -1763097537 
6826 38974 -1930214337 
22969 38974 -1526971329 
22969 38974 671434047 
22969 38974 -1408416449 
22969 38974 806765887 
22969 38974 -1273084609 
22969 38974 942097727 
63680 38974 -1137752769 
30431 38974 -164149953 
5607 38974 -164149953 
5607 38974 -164149953 
5607 38974 -164149953 
5607 38974 -164149953 
5607 38974 -164149953 
30431 38974 -164149953 
14288 38974 -164149953 
6826 38974 -1690352321 
31394 38974 -1287109313 
64899 38974 357713215 
64899 38974 -1621342913 
64899 38974 694633791 
64899 38974 -1284422337 
64899 38974 1031554367 
64899 38974 -947501761 
31394 38974 1368474943 
22969 38974 -1281735361 
22969 38974 933446975 
22969 38974 -1146403521 
22969 38974 1068778815 
22969 38974 -1011071681 
22969 38974 1204110655 
22969 38974 -875739841 
22969 38974 1339442495 
22969 38974 -740408001 
22969 38974 1474774335 
22969 38974 -605076161 
22969 38974 1610106175 
22969 38974 -486521281 
22969 38974 1728661055 
22969 38974 -351189441 
22969 38974 1863992895 
22969 38974 -215857601 
22969 38974 1999324735 
22969 38974 -80525761 
22969 38974 2134656575 
22969 38974 54871615 
22969 38974 -2024978881 
22969 38974 190203455 
22969 38974 -1889647041 
22969 38974 325535295 
22969 38974 -1754315201 
22969 38974 460867135 
22969 38974 -1618983361 
22969 38974 596198975 
22969 38974 -1483651521 
22969 38974 731530815 
22969 38974 -1348319681 
22969 38974 866862655 
22969 38974 -1212987841 
22969 38974 1002194495 
22969 38974 -1077656001 
22969 38974 1137526335 
22969 38974 -942324161 
22969 38974 1272858175 
22969 38974 -806992321 
22969 38974 1408190015 
22969 38974 -671660481 
22969 38974 1526744895 
22969 38974 -553105601 
22969 38974 1662076735 
22969 38974 -417773761 
22969 38974 1797408575 
22969 38974 -282441921 
22969 38974 1932740415 
22969 38974 -147110081 
22969 38974 2068072255 
22969 38974 -11778241 
22969 38974 -2091563201 
22969 38974 123619135 
22969 38974 -1956231361 
22969 38974 258950975 
22969 38974 -1820899521 
22969 38974 394282815 
22969 38974 -1685567681 
22969 38974 529614655 
22969 38974 -1550235841 
22969 38974 664946495 
22969 38974 -1414904001 
22969 38974 800278335 
22969 38974 -1279572161 
22969 38974 935610175 
22969 38974 -1144240321 
22969 38974 1070942015 
22969 38974 -1008908481 
22969 38974 1206273855 
22969 38974 -873576641 
22969 38974 1341605695 
22969 38974 -738244801 
22969 38974 1460160575 
22969 38974 -619689921 
22969 38974 1595492415 
22969 38974 -484358081 
22969 38974 1730824255 
22969 38974 -349026241 
22969 38974 1866156095 
22969 38974 -213694401 
22969 38974 2001487935 
22969 38974 -78362561 
22969 38974 2136819775 
22969 38974 57034815 
22969 38974 -2022815681 
22969 38974 192366655 
22969 38974 -1887483841 
22969 38974 327698495 
22969 38974 -1752152001 
22969 38974 463030335 
22969 38974 -1616820161 
22969 38974 598362175 
22969 38974 -1481488321 
22969 38974 733694015 
22969 38974 -1346156481 
63680 38974 869025855 
5607 38974 1842628671 
46574 38974 1842628671 
37637 39230 1842628671 
13069 39230 1842628671 
20531 39230 1842628671 
52561 39230 1842628671 
3169 39230 1842628671 
10631 39230 1842628671 
10631 39230 1842628671 
10631 39230 1842628671 
10631 39230 1842628671 
10631 39230 1842628671 
10631 39230 1842628671 
10631 39230 1842628671 
10631 39230 1842628671 
10631 39230 1842628671 
10631 39230 1842628671 
10631 39230 1842628671 
10631 39230 1842628671 
10631 39230 1842628671 
10631 39230 1842628671 
10631 39230 1842628671 
10631 39230 1842628671 
10631 39230 1842628671 
10631 39230 1842628671 
10631 39230 1842628671 
10631 39230 1842628671 
10631 39230 1842628671 
10631 39230 1842628671 
10631 39230 1842628671 
10631 39230 1842628671 
10631 39230 1842628671 
10631 39230 1842628671 
10631 39230 1842628671 
10631 39230 1842628671 
10631 39230 1842628671 
10631 39230 1842628671 
10631 39230 1842628671 
10631 39230 1842628671 
10631 39230 1842628671 
10631 39230 1842628671 
10631 39230 1842628671 
10631 39230 1842628671 
10631 39230 1842628671 
10631 39230 1842628671 
10631 39230 1842628671 
10631 39230 1842628671 
10631 39230 1842628671 
10631 39230 1842628671 
10631 39230 1842628671 
10631 39230 1842628671 
10631 39230 1842628671 
10631 39230 1842628671 
10631 39230 1842628671 
10631 39230 1842628671 
10631 39230 1842628671 
10631 39230 1842628671 
10631 39230 1842628671 
10631 39230 1842628671 
10631 39230 1842628671 
10631 39230 1842628671 
10631 39230 1842628671 
10631 39230 1842628671 
10631 39230 1842628671 
35455 39230 1842628671 
60023 39230 1842628671 
19312 39230 1842628671 
52561 39230 1842628671 
11850 39230 1842628671 
45099 39230 1842628671 
45099 39230 1842628671 
45099 39230 1842628671 
45099 39230 1842628671 
61242 39230 1842628671 
3169 39230 1842628671 
35455 39230 1842628671 
10631 39230 1842628671 
10631 39230 1842628671 
10631 39230 1842628671 
10631 39230 1842628671 
10631 39230 1842628671 
10631 39230 1842628671 
10631 39230 1842628671 
10631 39230 1842628671 
10631 39230 1842628671 
10631 39230 1842628671 
10631 39230 1842628671 
10631 39230 1842628671 
10631 39230 1842628671 
10631 39230 1842628671 
10631 39230 1842628671 
10631 39230 1842628671 
10631 39230 1842628671 
10631 39230 1842628671 
10631 39230 1842628671 
10631 39230 1842628671 
10631 39230 1842628671 
10631 39230 1842628671 
10631 39230 1842628671 
10631 39230 1842628671 
10631 39230 1842628671 
10631 39230 1842628671 
10631 39230 1842628671 
10631 39230 1842628671 
10631 39230 1842628671 
10631 39230 1842628671 
10631 39230 1842628671 
10631 39230 1842628671 
10631 39230 1842628671 
10631 39230 1842628671 
10631 39230 1842628671 
10631 39230 1842628671 
10631 39230 1842628671 
10631 39230 1842628671 
10631 39230 1842628671 
35455 39230 1842628671 
35455 39230 1842628671 
35455 39230 1842628671 
35455 39230 1842628671 
35455 39230 1842628671 
35455 39230 1842628671 
35455 39230 1842628671 
35455 39230 1842628671 
35455 39230 1842628671 
19312 39230 1842628671 
52561 39230 1842628671 
52561 39230 1842628671 
20531 39230 1842628671 
20531 39230 1842628671 
20531 39230 1842628671 
20531 39230 1842628671 
20531 39230 1842628671 
20531 39230 1842628671 
61242 39230 1842628671 
3169 39230 1842628671 
35455 39230 1842628671 
51598 39230 1842628671 
10631 39230 1842628671 
10631 39230 1842628671 
10631 39230 1842628671 
51598 39230 1842628671 
51598 39230 1842628671 
51598 39230 1842628671 
51598 39230 1842628671 
51598 39230 1842628671 
51598 39230 1842628671 
51598 39230 1842628671 
42917 39230 1842628671 
42917 39230 1842628671 
42917 39230 1842628671 
42917 39230 1842628671 
42917 39230 1842628671 
18093 39230 1842628671 
18093 39230 1842628671 
18093 39230 1842628671 
18093 39230 1842628671 
18093 39230 1842628671 
25811 39230 1842628671 
25811 39230 1842628671 
25811 39230 1842628671 
25811 39230 1842628671 
25811 39230 1842628671 
25811 39230 1842628671 
25811 39230 1842628671 
50379 39230 1842628671 
50379 39230 1842628671 
50379 39230 1842628671 
50379 39230 1842628671 
50379 39230 1842628671 
50379 39230 1842628671 
50379 39230 1842628671 
50379 39230 1842628671 
50379 39230 1842628671 
50379 39230 1842628671 
50379 39230 1842628671 
50379 39230 1842628671 
50379 39230 1842628671 
50379 39230 1842628671 
50379 39230 1842628671 
50379 39230 1842628671 
50379 39230 1842628671 
50379 39230 1842628671 
50379 39230 1842628671 
50379 39230 1842628671 
50379 39230 1842628671 
50379 39230 1842628671 
50379 39230 1842628671 
50379 39230 1842628671 
50379 39230 1842628671 
50379 39230 1842628671 
50379 39230 1842628671 
50379 39230 1842628671 
50379 39230 1842628671 
50379 39230 1842628671 
50379 39230 1842628671 
50379 39230 1842628671 
50379 39230 1842628671 
50379 39230 1842628671 
50379 39230 1842628671 
50379 39230 1842628671 
50379 39230 1842628671 
50379 39230 1842628671 
50379 39230 1842628671 
50379 39230 1842628671 
50379 39230 1842628671 
50379 39230 1842628671 
50379 39230 1842628671 
50379 39230 1842628671 
50379 39230 1842628671 
50379 39230 1842628671 
50379 39230 1842628671 
50379 39230 1842628671 
50379 39230 1842628671 
50379 39230 1842628671 
50379 39230 1842628671 
50379 39230 1842628671 
50379 39230 1842628671 
50379 39230 1842628671 
50379 39230 1842628671 
50379 39230 1842628671 
50379 39230 1842628671 
50379 39230 1842628671 
50379 39230 1842628671 
50379 39230 1842628671 
50379 39230 1842628671 
50379 39230 1842628671 
50379 39230 1842628671 
50379 39230 1842628671 
50379 39230 1842628671 
50379 39230 1842628671 
50379 39230 1842628671 
50379 39230 1842628671 
50379 39230 1842628671 
50379 39230 1842628671 
50379 39230 1842628671 
50379 39230 1842628671 
50379 39230 1842628671 
50379 39230 1842628671 
50379 39230 1842628671 
50379 39230 1842628671 
50379 39230 1842628671 
50379 39230 1842628671 
50379 39230 1842628671 
50379 39230 1842628671 
50379 39230 1842628671 
50379 39230 1842628671 
50379 39230 1842628671 
50379 39230 1842628671 
50379 39230 1842628671 
50379 39230 1842628671 
50379 39230 1842628671 
50379 39230 1842628671 
50379 39230 1842628671 
50379 39230 1842628671 
50379 39230 1842628671 
50379 39230 1842628671 
50379 39230 1842628671 
50379 39230 1842628671 
50379 39230 1842628671 
50379 39230 1842628671 
50379 39230 1842628671 
50379 39230 1842628671 
50379 39230 1842628671 
50379 39230 1842628671 
50379 39230 1842628671 
50379 39230 1842628671 
50379 39230 1842628671 
50379 39230 1842628671 
50379 39230 1842628671 
50379 39230 1842628671 
50379 39230 1842628671 
50379 39230 1842628671 
50379 39230 1842628671 
50379 39230 1842628671 
50379 39230 1842628671 
50379 39230 1842628671 
50379 39230 1842628671 
50379 39230 1842628671 
50379 39230 1842628671 
50379 39230 1842628671 
50379 39230 1842628671 
50379 39230 1842628671 
50379 39230 1842628671 
50379 39230 1842628671 
50379 39230 1842628671 
50379 39230 1842628671 
50379 39230 1842628671 
50379 39230 1842628671 
50379 39230 1842628671 
50379 39230 1842628671 
50379 39230 1842628671 
50379 39230 1842628671 
50379 39230 1842628671 
50379 39230 1842628671 
50379 39230 1842628671 
50379 39230 1842628671 
50379 39230 1842628671 
50379 39230 1842628671 
50379 39230 1842628671 
50379 39230 1842628671 
50379 39230 1842628671 
50379 39230 1842628671 
50379 39230 1842628671 
50379 39230 1842628671 
50379 39230 1842628671 
50379 39230 1842628671 
50379 39230 1842628671 
50379 39230 1842628671 
50379 39230 1842628671 
50379 39230 1842628671 
50379 39230 1842628671 
50379 39230 1842628671 
50379 39230 1842628671 
50379 39230 1842628671 
50379 39230 1842628671 
50379 39230 1842628671 
50379 39230 1842628671 
50379 39230 1842628671 
50379 39230 1842628671 
50379 39230 1842628671 
50379 39230 1842628671 
50379 39230 1842628671 
50379 39230 1842628671 
50379 39230 1842628671 
50379 39230 1842628671 
50379 39230 1842628671 
50379 39230 1842628671 
50379 39230 1842628671 
50379 39230 1842628671 
50379 39230 1842628671 
50379 39230 1842628671 
50379 39230 1842628671 
50379 39230 1842628671 
50379 39230 1842628671 
50379 39230 1842628671 
50379 39230 1842628671 
50379 39230 1842628671 
50379 39230 1842628671 
50379 39230 1842628671 
50379 39230 1842628671 
50379 39230 1842628671 
50379 39230 1842628671 
50379 39230 1842628671 
50379 39230 1842628671 
50379 39230 1842628671 
50379 39230 1842628671 
50379 39230 1842628671 
50379 39230 1842628671 
50379 39230 1842628671 
50379 39230 1842628671 
50379 39230 1842628671 
50379 39230 1842628671 
50379 39230 1842628671 
50379 39230 1842628671 
50379 39230 1842628671 
50379 39230 1842628671 
50379 39230 1842628671 
50379 39230 1842628671 
50379 39230 1842628671 
50379 39230 1842628671 
50379 39230 1842628671 
50379 39230 1842628671 
50379 39230 1842628671 
50379 39230 1842628671 
50379 39230 1842628671 
50379 39230 1842628671 
50379 39230 1842628671 
50379 39230 1842628671 
50379 39230 1842628671 
50379 39230 1842628671 
50379 39230 1842628671 
50379 39230 1842628671 
50379 39230 1842628671 
50379 39230 1842628671 
50379 39230 1842628671 
50379 39230 1842628671 
50379 39230 1842628671 
50379 39230 1842628671 
50379 39230 1842628671 
50379 39230 1842628671 
50379 39230 1842628671 
50379 39230 1842628671 
50379 39230 1842628671 
50379 39230 1842628671 
50379 39230 1842628671 
50379 39230 1842628671 
50379 39230 1842628671 
50379 39230 1842628671 
50379 39230 1842628671 
50379 39230 1842628671 
50379 39230 1842628671 
50379 39230 1842628671 
50379 39230 1842628671 
50379 39230 1842628671 
50379 39230 1842628671 
50379 39230 1842628671 
50379 39230 1842628671 
50379 39230 1842628671 
50379 39230 1842628671 
50379 39230 1842628671 
50379 39230 1842628671 
50379 39230 1842628671 
50379 39230 1842628671 
50379 39230 1842628671 
9668 39230 1842628671 
1950 39230 1842628671 
35455 39230 1842628671 
19312 39230 1842628671 
11850 39230 1842628671 
36418 39230 1842628671 
45099 39230 1842628671 
45099 39230 1842628671 
45099 39230 1842628671 
45099 39230 1842628671 
45099 39230 1842628671 
45099 39230 1842628671 
45099 39230 1842628671 
45099 39230 1842628671 
45099 39230 1842628671 
45099 39230 1842628671 
45099 39230 1842628671 
45099 39230 1842628671 
45099 39230 1842628671 
45099 39230 1842628671 
45099 39230 1842628671 
45099 39230 1842628671 
45099 39230 1842628671 
45099 39230 1842628671 
45099 39230 1842628671 
45099 39230 1842628671 
45099 39230 1842628671 
45099 39230 1842628671 
45099 39230 1842628671 
45099 39230 1842628671 
45099 39230 1842628671 
45099 39230 1842628671 
45099 39230 1842628671 
45099 39230 1842628671 
