0 0 0 
0 0 0 
0 0 1765227835 
0 0 406959931 
64749 29496 -1839331524 
32242 46649 -1989530564 
48756 6202 -1663150020 
56885 35130 692679740 
32242 46650 498634300 
27789 64314 -1872847044 
58851 9019 -840717764 
33952 20795 -1248019652 
19070 33595 -95434692 
21036 40507 -186919620 
13762 47675 460316988 
53543 56123 1497230396 
18805 64827 1131542076 
20181 4156 575734077 
58851 9020 -1371797699 
27622 14140 -2014180547 
61928 19260 1549865021 
21459 24892 1925977405 
46269 30524 -1543169475 
590 34620 1042292797 
8247 37692 1044980797 
16416 40764 266348605 
21891 43836 1689529661 
25184 47164 1734226749 
26295 50492 -973326275 
27150 54076 -646234307 
26079 57404 1008813629 
20132 61244 -2056107203 
11747 65084 5525821 
1553 1853 553211453 
26727 3901 -210674627 
53376 5949 -159489475 
11796 8253 -1718196163 
34532 10301 -1219400131 
57524 12605 -1228835779 
12799 14909 1480424253 
31878 17469 487817277 
50250 20029 425100093 
2831 22589 -1223129539 
19021 25149 538609981 
33736 27709 1290963773 
47232 30525 1763872573 
62778 33085 -1489989315 
3028 34365 -1152150723 
40843 35901 -925919939 
45409 37437 1093244733 
49719 38973 -382756547 
54285 40509 -196633795 
25346 42045 -231367363 
62198 43325 1929354813 
32040 45117 1952816957 
2138 46653 763469885 
4522 48189 -1804427203 
38680 49981 -443047875 
7559 51517 814260029 
8468 53309 2049089085 
43138 54845 -1199530947 
12017 56381 -187262403 
14401 58173 -141715395 
50034 59709 462984509 
20132 61245 1820758589 
23479 62781 -447508931 
60075 64317 -1452242371 
15824 62 -903182787 
1964 830 1875607869 
53383 1598 2062973501 
7237 2366 1279553597 
10995 2878 -898275779 
47746 3646 -1877254851 
52211 4158 -1544728259 
40533 4926 -1649064387 
62616 5438 735984957 
2765 5950 713372221 
25811 6462 991635773 
48601 6974 -381018563 
39361 7486 1586172989 
63626 7998 -563802819 
6213 8510 -688520387 
47328 8766 -438634948 
7021 9278 803792956 
16362 9534 -926557380 
58952 10046 581357372 
19608 10302 1192609340 
30168 10558 620085052 
40216 11070 1469430332 
18490 11326 1619702076 
62299 11582 -587945156 
24430 11838 1470408508 
35697 12094 801415996 
47220 12350 1569825852 
42600 12606 -684744132 
37980 12862 1756930876 
17217 13118 384935228 
12597 13374 160081980 
7977 13630 1926670908 
3101 13886 -378556100 
64272 14142 -1822313412 
10260 14398 -1729775044 
5640 14654 561496380 
17163 14910 809945148 
44829 15166 210488892 
6448 15422 1635374140 
50257 15678 622189116 
28531 15934 -217325764 
6805 16190 1203036988 
1222 16446 -1032131524 
11270 16958 -870256324 
21574 17214 1099756604 
31878 17470 678623036 
58581 17726 -100861636 
3094 18238 -1120075715 
45940 18494 362545469 
22739 18750 -1185086915 
65073 19262 1892221501 
42128 19518 1610810173 
19439 19774 -1473379523 
61773 20286 -1172634819 
54715 20542 -354418627 
47657 21054 1728708669 
24968 21310 261028412 
2023 21566 1384117308 
44101 22078 -130159044 
21412 22334 1641735996 
47859 22590 358146364 
58163 23102 -1394877892 
19075 23358 -1736912836 
13492 23614 -1274165956 
7397 23870 -482427332 
50950 24382 1442231100 
13081 24638 594716988 
24604 24894 588554044 
19984 25150 -1005284036 
15364 25406 1472237372 
10744 25406 339576636 
39629 25662 701791036 
2723 25918 2075095612 
15465 26174 937714236 
27951 26430 -103001540 
24806 26430 -395623876 
5262 26686 205536060 
50997 26942 -1173803460 
15566 26942 -467720132 
45158 27198 1674320700 
59119 27198 -1628629444 
7289 27454 766579516 
20994 27710 833226812 
18812 27710 -995949508 
487 27710 19661372 
14192 27966 86507836 
12010 27966 -1823736261 
58964 28222 409795131 
40639 28222 24115003 
38201 28478 -937233093 
20132 28478 -1019547333 
1551 28734 1327492667 
48761 28734 -334632133 
12818 28990 1147004987 
26779 28990 2086794555 
40484 29246 -801443013 
54445 29246 827260988 
2615 29502 88931643 
48606 29502 434439228 
62311 29758 -330628804 
42767 30014 1053296188 
7336 30014 1500381756 
3679 30270 1980434236 
32564 30526 84148540 
28907 30526 1196421691 
41649 30782 -163257541 
5962 31038 1914824251 
2305 31294 -450438597 
48552 31294 -15676869 
29008 31550 -144655813 
57637 31806 -1323985349 
55455 31806 -548830661 
19768 32062 395078459 
17586 32062 373958459 
32254 32062 -739257542 
63321 32318 -915977158 
44996 32318 28375097 
27634 32318 387537722 
27634 32318 996552505 
27634 32318 -1652934599 
27634 32318 31550521 
27634 32318 1828098361 
27634 32318 2099489849 
27634 32318 -756825287 
27634 32318 -1673273543 
27634 32318 -1159988679 
27634 32318 -767882438 
27634 32318 -385279686 
27634 32318 -1774115014 
27634 32318 683620154 
27634 32318 164775738 
27634 32318 650335546 
27634 32318 -1562615238 
27634 32318 -668963270 
27634 32318 -1204651718 
27634 32318 -518094278 
27634 32318 -2119923910 
27634 32318 -955018950 
27634 32318 1597696058 
27634 32318 743042618 
27634 32318 -1701121478 
27634 32318 -987367366 
27634 32318 -1757151686 
27634 32318 998506811 
27634 32318 -1704066245 
27634 32318 989004859 
27634 32318 -691075781 
27634 32318 -1353401542 
27634 32318 -1516256454 
27634 32318 -340406726 
27634 32318 99736122 
27634 32318 1809114170 
27634 32318 1067840058 
27634 32318 490274875 
27634 32318 689964859 
27634 32318 906432059 
27634 32318 14554171 
27634 32318 -278586821 
27634 32318 398860091 
27634 32318 1003823931 
27634 32318 711796539 
27634 32318 -649647045 
27634 32318 -372418757 
27634 32318 1611947067 
27634 32318 66477371 
27634 32318 867327803 
27634 32318 -563388101 
27634 32318 -1608162501 
27634 32318 1658807355 
27634 32318 647587387 
27634 32318 1770415931 
27634 32318 -1686355653 
27634 32318 326058555 
27634 32318 -2089269701 
27634 32318 -911390149 
27634 32318 -511750341 
27634 32318 -564112325 
27634 32318 1859606843 
27634 32318 1322278203 
27634 32318 1396727867 
27634 32318 1828151867 
27634 32318 -685152965 
27634 32318 138569531 
27634 32318 1515546939 
27634 32318 -1771607237 
27634 32318 -1183224517 
27634 32318 -678727877 
27634 32318 -1274384069 
27634 32318 1174434619 
27634 32318 -1190365893 
27634 32318 -266504389 
27634 32318 -1905886917 
27634 32318 -1206158277 
27634 32318 1879277371 
27634 32318 1228374331 
27634 32318 -201489861 
27634 32318 -1542617797 
27634 32318 554731323 
27634 32318 834111547 
27634 32318 239503931 
27634 32318 -927364037 
27634 32318 444764219 
27634 32318 -1063742661 
27634 32318 825595451 
27634 32318 -1777166277 
27634 32318 1703320123 
27634 32318 1895472443 
27634 32318 -143810245 
27634 32318 -1529240517 
27634 32318 -1586059461 
27634 32318 189573435 
27634 32318 221424443 
27634 32318 -2004898757 
43521 32574 131706171 
43521 32574 -440553669 
43521 32574 1823977787 
43521 32574 487568187 
59664 32574 1431221307 
9309 32574 875017275 
8090 32574 -1640456645 
7127 32574 -1304652485 
18969 32830 793485371 
1863 32830 2103611707 
33893 32830 1860141371 
41611 32830 1122140475 
8106 32830 -1495176389 
15824 32830 -2138996421 
63997 32830 -1637792197 
55316 33086 -1047248325 
46635 33086 428161595 
37954 33086 -2107362757 
29529 33086 871124283 
20848 33086 -1977280709 
28310 33086 931543867 
35772 33086 -202304709 
2523 33086 -1506737349 
18666 33086 1263135546 
34809 33086 -4451781 
50696 33342 1245970747 
33334 33342 -1884343749 
7547 33342 -96056773 
55720 33342 -1617509830 
5365 33342 1074824762 
44857 33598 2138890554 
36176 33598 -100293830 
43638 33598 2032763450 
43638 33598 -1323399878 
35213 33598 -263835080 
10389 33598 16164409 
51356 33598 -392075719 
58818 33598 738052281 
17851 33598 1009924281 
9426 33598 368995001 
9426 33598 1229079609 
25569 33598 39882938 
25569 33598 -1357755974 
25569 33598 1862759354 
9426 33598 -1886397510 
9426 33598 106096570 
1964 33598 1354626490 
1964 33598 45673146 
1964 33598 -1761409861 
1964 33598 869938107 
1964 33598 -498647877 
1964 33598 -417108549 
1964 33598 1082094267 
1964 33598 98399931 
1964 33598 -1349485893 
1964 33598 -2017296965 
1964 33598 1063354555 
1964 33598 -994213445 
1964 33598 574260155 
1964 33598 362185915 
1964 33598 -1475180869 
1964 33598 -1569814597 
1964 33598 921405627 
1964 33598 808815291 
1964 33598 -1554746437 
1964 33598 391212987 
1964 33598 -1410830149 
1964 33598 865432507 
1964 33598 511145659 
1964 33598 1947236539 
1964 33598 1671910843 
1964 33598 -1980537925 
1964 33598 1698327227 
1964 33598 -1396281669 
1964 33598 136072891 
1964 33598 -1405136709 
1964 33598 -1760143685 
1964 33598 48060859 
1964 33598 530669243 
1964 33598 1895392443 
1964 33598 416901307 
1964 33598 966946235 
1964 33598 285051579 
1964 33598 -210071365 
1964 33598 203723707 
1964 33598 1027708347 
1964 33598 -1874618437 
1964 33598 -1490969925 
1964 33598 878096315 
1964 33598 -1251560517 
1964 33598 -541805125 
1964 33598 1049152443 
1964 33598 -432156741 
1964 33598 -286011205 
1964 33598 -1485450565 
1964 33598 -925051973 
1964 33598 -90712645 
1964 33598 905696955 
1964 33598 714725563 
1964 33598 510581435 
1964 33598 722721979 
1964 33598 1037098427 
1964 33598 -939401285 
1964 33598 -1459560261 
1964 33598 943317435 
1964 33598 -1422269765 
1964 33598 215013819 
1964 33598 -1163472709 
1964 33598 1142018235 
1964 33598 -1103113797 
1964 33598 1780405179 
1964 33598 457168059 
1964 33598 -168115525 
1964 33598 -669530693 
1964 33598 671140283 
1964 33598 1408748731 
1964 33598 1285476539 
1964 33598 -1172450373 
1964 33598 -80554565 
1964 33598 -1623992389 
1964 33598 -2110727749 
1964 33598 -1993548869 
1964 33598 1568398779 
1964 33598 968548539 
1964 33598 -46275397 
1964 33598 1261497275 
1964 33598 1755644348 
1964 33598 -1488780356 
10389 33598 388695228 
61000 33598 -1894054980 
21252 33598 -372049477 
47295 33342 -1063588421 
32115 33342 -1333866821 
49477 33342 -1799176261 
50696 33342 853259451 
43490 33086 2046536379 
44453 33086 -1193893189 
20848 33086 -1189640773 
13386 33086 906857403 
30492 33086 1339713211 
23286 32830 1262768827 
56535 32830 53953979 
56535 32830 -1747034437 
56535 32830 147874235 
56535 32830 253649851 
56535 32830 1453491387 
56535 32830 66029243 
56535 32830 1122998715 
56535 32830 -230974789 
57754 32830 -1166037829 
644 32830 1882764219 
18006 32830 314152635 
59680 32830 615029947 
57482 32574 -1431745861 
26415 32574 -623255878 
43521 32574 -3850565 
11747 32318 1769040826 
62102 32318 -1397042246 
45959 32318 -63678663 
13929 32318 1788395962 
31035 32318 391875641 
31035 32318 -134209482 
31035 32318 -52182601 
47178 32318 520900151 
47178 32318 -751299782 
47178 32318 1353791802 
29816 32318 1843015737 
61139 32318 -1595883465 
43521 32574 -1454555975 
43521 32574 -1455912775 
43521 32574 -1404215111 
27634 32318 1940004537 
62102 32318 -902693449 
45959 32318 832662842 
62102 32318 -292295879 
43521 32574 1799028281 
43521 32574 -2128701639 
43521 32574 -71905735 
43521 32574 -940178886 
43521 32574 710155834 
43521 32574 824586810 
59664 32574 -1574486470 
9309 32574 273825082 
9309 32574 1694044730 
9309 32574 -78171334 
9309 32574 -969847494 
9309 32574 -533001413 
9309 32574 430797371 
9309 32574 -208818629 
9309 32574 1292887099 
8090 32574 1624181820 
7127 32574 -1873337028 
59680 32830 1267940412 
58717 32830 -1933356484 
57754 32830 1835296572 
7143 32830 64321596 
21811 33086 994607932 
12167 33086 363562812 
43490 33086 -1445818564 
8510 33342 -377644996 
15009 33342 1244503868 
21252 33598 1347003708 
2927 33598 2143463996 
50137 33598 1664987708 
6988 33854 -1528514244 
29374 33854 1577040956 
27192 34110 -719208132 
24754 34110 1639368508 
22316 34366 1239731772 
36277 34366 -26356420 
9271 34622 -620569540 
23232 34622 -1847009476 
12113 34878 -749673156 
1250 34878 -719131332 
31098 35134 1358492732 
60690 35390 -1889863108 
691 35390 -517079236 
5715 35646 567804477 
51962 35646 1279395645 
32162 35902 1351223869 
12618 36158 -126874307 
34041 36158 2051805245 
30384 36414 956830525 
2159 36670 -1469376963 
64293 36926 954276157 
11500 36926 840440893 
48810 37182 685972797 
61552 37438 999563325 
8247 37694 1009263165 
61700 37950 -2037111747 
25306 37950 1608787261 
13224 38206 -1231673795 
41853 38462 1954294077 
4947 38718 -1988744387 
9008 38974 1543515197 
13069 39230 -1658508227 
57841 39230 101657917 
37334 39486 230894653 
41139 39742 -1084085187 
20632 39998 -37999811 
65404 40254 -1294063299 
44385 40510 -18667203 
23622 40766 1526343485 
27939 41022 599074109 
31744 41278 -1671355587 
60629 41278 721166397 
64690 41534 1739267645 
27784 41790 1241652029 
56413 42046 1599018813 
19763 42302 414389309 
7425 42558 -90501059 
20423 42558 687148349 
32909 42814 -931657411 
20571 43070 -842987971 
58137 43326 824902205 
54992 43326 -1071579332 
51335 43582 -407439812 
6967 43838 1390276924 
28134 43838 1639770428 
8590 44094 -1438325444 
13870 44350 -1014111940 
60117 44350 271833404 
65141 44606 916181564 
29198 44862 -403387332 
59302 44862 1033881916 
48183 45118 1476313660 
37576 45118 -809451716 
51281 45374 858569276 
65242 45374 -1741245124 
13156 45630 -1468878276 
10974 45630 -790254276 
49503 45886 606054972 
22497 45886 -1946770372 
20059 46142 -682385348 
17877 46142 -1551655364 
15439 46398 1630378044 
62649 46398 922129724 
19244 46654 616666172 
1175 46654 2137035580 
23561 46910 -2146725316 
29804 46910 240618556 
52446 46910 -425555396 
616 47166 1792968764 
14321 47166 1583449916 
60312 47422 1438221628 
15944 47678 -1328970948 
54473 47678 1634631996 
27467 47934 -562659524 
41428 47934 -1731755460 
38734 48190 -253855684 
19446 48190 103972412 
57975 48446 -906987460 
55793 48446 -1904184260 
20106 48702 -825263812 
49954 48958 -1090814660 
14267 48958 -1600686020 
11829 49214 618950972 
50614 49214 1473473340 
7209 49470 -1926732484 
5027 49470 1113612092 
27413 49726 1394238012 
41118 49726 -194880452 
30255 49982 1640191036 
11930 49982 1702448188 
25635 50238 -396933828 
48021 50238 2053258556 
54520 50238 -1213912004 
60763 50494 -1777064644 
26295 50494 1759059516 
57106 50750 457775420 
22638 50750 322767420 
12994 50750 -53932996 
3094 51006 217447739 
18274 51006 -1190530501 
33198 51006 1743710267 
48378 51006 -1863983301 
22079 51262 -1264789957 
61827 51262 278510395 
11472 51262 -819875525 
50708 51518 201172795 
353 51518 -685727429 
23702 51518 672700475 
22739 51518 930064187 
55025 51518 2135522363 
28982 51774 69372731 
11876 51774 1888791867 
19082 51774 -1619163589 
59086 51774 1470337339 
32787 52030 1825278523 
65073 52030 1075413563 
23399 52030 -292923845 
6037 52030 -99259333 
5074 52030 -435386821 
28167 52286 352745787 
11061 52286 -952615365 
42128 52286 1713537339 
198 52286 1876572731 
64258 52542 -903042758 
22584 52542 1555398714 
46189 52542 1840070714 
46189 52542 -1042371400 
46189 52542 1650270778 
46189 52542 -1654112198 
62332 52542 247552058 
28827 52542 1353866554 
28827 52542 -2147396806 
28827 52542 -614827974 
28827 52542 1893896250 
28827 52542 1032234298 
28827 52542 1546238010 
28827 52542 -724841926 
28827 52542 1381162298 
28827 52542 -1612255942 
28827 52542 1800339002 
28827 52542 273352251 
28827 52542 -442299333 
28827 52542 -792718533 
28827 52542 1171200315 
28827 52542 1429348155 
28827 52542 -111073989 
28827 52542 -2070467781 
28827 52542 -741527237 
28827 52542 721696827 
28827 52542 -2093334981 
28827 52542 2072724539 
28827 52542 -892974277 
28827 52542 1594250043 
28827 52542 -2126161349 
28827 52542 1050042683 
28827 52542 2110286139 
28827 52542 -1038257861 
28827 52542 -1586464453 
28827 52542 -966753989 
28827 52542 1661568571 
28827 52542 1252756027 
28827 52542 40013371 
28827 52542 1819054139 
28827 52542 360747579 
28827 52542 -668494789 
28827 52542 1723503931 
28827 52542 1272948027 
28827 52542 -18371525 
28827 52542 404533051 
28827 52542 1751101499 
4259 52542 852537403 
20402 52542 -1283346373 
11721 52542 408988987 
60150 52542 421173051 
42532 52798 2059502651 
50250 52798 2047247675 
41569 52798 -1907270597 
57712 52798 1202342971 
40350 52798 530605627 
31925 52798 -668918469 
48068 52798 -1430312901 
55530 52798 838870843 
22025 53054 1010375739 
22025 53054 1833297722 
22025 53054 577180219 
22025 53054 1713051195 
22025 53054 1580407355 
22025 53054 1606501435 
22025 53054 -1195937733 
22025 53054 1641836603 
22025 53054 -1671394501 
22025 53054 1890683451 
22025 53054 43883579 
22025 53054 1717082427 
22025 53054 -4091077 
22025 53054 -1691649221 
22025 53054 -1342542277 
22025 53054 556821051 
22025 53054 -836813509 
22025 53054 766130235 
22025 53054 1768428091 
22025 53054 1773669435 
22025 53054 1823526458 
22025 53054 1729874234 
22025 53054 191481914 
22025 53054 -528513222 
22025 53054 -889423302 
22025 53054 -1418297030 
22025 53054 2037614138 
22025 53054 2102430522 
22025 53054 -1997893574 
22025 53054 2040108602 
22025 53054 1251580986 
22025 53054 122200890 
22025 53054 18196794 
22025 53054 -674648518 
22025 53054 -356468934 
22025 53054 277349691 
22025 53054 -1186723013 
22025 53054 -726452677 
22025 53054 -1467139781 
22025 53054 -1268620485 
22025 53054 -937655237 
22025 53054 436113979 
22025 53054 426739771 
22025 53054 705585211 
22025 53054 2103325243 
22025 53054 -1626788549 
22025 53054 -266795717 
22025 53054 -1949695941 
22025 53054 -1322731974 
22025 53054 2098115898 
22025 53054 -2034677190 
22025 53054 -1503900102 
22025 53054 -151889094 
22025 53054 -124818886 
22025 53054 -619742406 
22025 53054 -1044937670 
22025 53054 1104579386 
22025 53054 -1997368774 
22025 53054 1169005882 
22025 53054 -1625361094 
22025 53054 1302462266 
22025 53054 1816276027 
22025 53054 1215190587 
22025 53054 1028028731 
22025 53054 1657761851 
22025 53054 -881555141 
22025 53054 -1408661445 
22025 53054 1494647611 
22025 53054 310466363 
22025 53054 1581076539 
22025 53054 -668851397 
22025 53054 1493101882 
22025 53054 1604184122 
22025 53054 -1627613382 
22025 53054 765172026 
22025 53054 -884106694 
22025 53054 561325114 
22025 53054 -1054267078 
22025 53054 1674852666 
22025 53054 585386554 
22025 53054 -604546246 
22025 53054 -1774029766 
22025 53054 -1882336710 
22025 53054 -1827152582 
22025 53054 -1242032325 
22025 53054 -1737548997 
22025 53054 -192986053 
22025 53054 -256480453 
22025 53054 799499835 
22025 53054 1951228219 
22025 53054 1274239803 
22025 53054 -1348905413 
22025 53054 -749973189 
22025 53054 1173295931 
22025 53054 -815686598 
22025 53054 -599508551 
22025 53054 -1453142342 
22025 53054 -956419653 
22025 53054 830896571 
22025 53054 1684515259 
22025 53054 -54602053 
46849 53054 -39584837 
39387 52798 875564732 
15782 52798 61610940 
57712 52798 -274651204 
58675 52798 -2121387076 
19439 52542 365772476 
20402 52542 490424764 
5478 52542 -827962692 
55833 52542 1318867644 
41165 52286 -1104586820 
26241 52286 1187929020 
11061 52286 -905288516 
21217 52030 698181820 
30605 52030 -1790350148 
15681 52030 1526559676 
1013 51774 -395872068 
35225 51774 1833663676 
45125 51774 -338132548 
14314 51518 -1814788676 
23702 51518 1188399548 
58170 51518 -2023257668 
27615 51262 -144339780 
61827 51262 -2063429444 
30760 51262 1639027644 
65484 51006 626497468 
34417 51006 -1410426180 
27662 51006 -495542596 
62386 50750 341090236 
56143 50750 -2073647940 
49644 50494 1264755644 
2690 50494 -1130650180 
21015 50494 1461364924 
14772 50238 -124278084 
57921 50238 -2144555588 
10967 49982 -1083461700 
29036 49982 582070716 
47361 49982 919974332 
24975 49726 892383676 
2589 49726 -1450921284 
45994 49470 -1530155076 
23352 49470 241675964 
1222 49214 175615420 
43859 49214 -631526212 
62440 48958 -1833784388 
40054 48958 -2033800516 
58379 48958 -886920516 
36249 48702 103589820 
54574 48702 825272508 
7620 48446 -1548113988 
25689 48446 -1387550788 
44270 48190 582592700 
37771 48190 935766716 
56096 48190 118140348 
9398 47934 503099068 
27467 47934 -741363524 
46048 47678 -580537668 
64373 47678 -1458981700 
41731 47678 2090972604 
60312 47422 -1906132036 
53813 47422 1049607612 
6859 47166 -2095005764 
9041 47166 -1315519300 
52446 46910 1140442556 
54628 46910 -185415492 
32242 46654 -2070164548 
34424 46654 -366752580 
36862 46398 1586876604 
39044 46398 -437595972 
515 46398 1944638652 
2953 46142 505141180 
29959 46142 717478076 
56965 45886 -1744381764 
18436 45886 -1825645892 
45186 45630 1680924348 
31993 45374 -1704534596 
58743 45374 -1674911812 
20470 45118 741990076 
6509 45118 1149493436 
58339 44862 -505159492 
44378 44862 1988944060 
30673 44606 438952124 
16712 44606 -994582084 
3007 44350 -1389502020 
54581 44350 -2019434308 
40876 44094 -663560260 
26915 44094 1139596220 
13210 43838 -1520510276 
65040 43838 292477116 
51335 43582 -1653680964 
12550 43582 -548023108 
23669 43326 -1080569668 
50675 43070 -605107268 
12146 43070 1498531772 
39408 42814 1151648444 
623 42814 -1221869636 
3061 42558 -1533429060 
30067 42558 571389628 
7425 42558 14920892 
50830 42302 -1300322372 
28188 42302 335717308 
47025 42046 1940037308 
65350 42046 2015073980 
58851 41790 -1321233988 
11641 41790 -1875997252 
46109 41790 1660126396 
56009 41534 882606268 
118 41534 213744316 
34586 41534 -859804740 
3519 41278 1985569724 
54386 41278 119102652 
39462 41278 -84324932 
24538 41022 -1777973316 
50325 41022 1522415804 
10577 41022 1168587452 
52507 41022 -439472452 
29158 40766 -2046022980 
30377 40766 -1449646404 
47483 40766 1387864764 
23622 40766 -615638340 
24841 40766 -1917969476 
1492 40510 999430332 
43422 40510 1814304188 
19817 40510 546836924 
61491 40510 1291259324 
38398 40254 709167804 
30936 40254 1691813564 
48298 40254 -1551102788 
40580 40254 1817185212 
41543 40254 1398147260 
18194 40254 2071268796 
2051 40254 1316752060 
60124 39998 -267906372 
52662 39998 -1110177860 
45200 39998 -1733619780 
21595 39998 181272764 
38701 39998 -428670020 
56319 39742 -17305925 
7890 39742 937485755 
49564 39742 -151982661 
42358 39742 282191547 
10072 39742 -132259909 
2610 39742 2026760379 
60683 39742 1161614523 
53221 39486 1609156795 
21191 39486 -1418346309 
21191 39486 -1545946693 
54440 39486 -589641285 
22154 39486 -187326277 
39260 39486 456763323 
31798 39486 1546821563 
40479 39486 1684182459 
49160 39486 1958776763 
57841 39230 130239675 
987 39230 -135033413 
987 39230 65681851 
987 39230 523266747 
987 39230 1055411131 
987 39230 -1591654725 
987 39230 822756283 
987 39230 1396588731 
987 39230 -1250280005 
987 39230 982596283 
987 39230 2133211067 
987 39230 -1850526789 
987 39230 1480601787 
987 39230 466431163 
987 39230 -1705432645 
987 39230 -1679415877 
987 39230 547692731 
987 39230 1871244218 
987 39230 284026042 
987 39230 41542074 
987 39230 732159674 
987 39230 1981865146 
987 39230 1821104570 
987 39230 692901306 
987 39230 1404423610 
987 39230 -254490950 
987 39230 -425213766 
987 39230 1590410938 
987 39230 1567816890 
987 39230 1736377019 
987 39230 1234174395 
987 39230 -1229324870 
987 39230 1317402298 
987 39230 1956441018 
987 39230 1017897914 
987 39230 122412730 
987 39230 -1177954118 
987 39230 -993471558 
987 39230 360370106 
987 39230 -548549702 
987 39230 -21313862 
987 39230 -1244544582 
987 39230 -1199063622 
987 39230 1935456698 
987 39230 1178056122 
987 39230 -619531846 
987 39230 200256698 
987 39230 -1213487686 
987 39230 -1197397062 
987 39230 1496782266 
987 39230 -321516102 
987 39230 1310591162 
987 39230 1914176442 
987 39230 -793838407 
987 39230 1742532793 
987 39230 237887673 
987 39230 527682745 
987 39230 -1437098567 
987 39230 1517514681 
987 39230 -294169671 
987 39230 -2008595015 
987 39230 -462427207 
987 39230 -913423430 
987 39230 -1880994886 
987 39230 2001225402 
987 39230 -1455080518 
987 39230 -1432146502 
987 39230 -93511750 
987 39230 1940459194 
987 39230 -899090503 
987 39230 -1281172551 
987 39230 -1830238023 
987 39230 1995290553 
987 39230 1196009401 
987 39230 1488361145 
987 39230 119899833 
987 39230 2126669241 
987 39230 1659514297 
987 39230 -238758472 
987 39230 236383927 
987 39230 -203013576 
987 39230 720961593 
987 39230 1496329017 
41698 39230 -1784716487 
57841 39230 -412860870 
8193 39486 968195641 
65047 39486 1371675706 
56622 39486 876310328 
7230 39486 679701562 
7230 39486 -1926687302 
7230 39486 1671448122 
7230 39486 -1604891208 
7230 39486 -2124688583 
7230 39486 -1070991559 
47941 39486 -2022440390 
47941 39486 -1953498567 
47941 39486 81592634 
47941 39486 -1723463622 
47941 39486 -1562112710 
47941 39486 1656361786 
47941 39486 -1077732806 
47941 39486 -584768710 
47941 39486 2013539642 
47941 39486 -1898427846 
47941 39486 1857982777 
47941 39486 -1612270791 
47941 39486 1466686265 
47941 39486 -474221511 
47941 39486 1484982330 
47941 39486 117315642 
47941 39486 -2016007878 
47941 39486 1062092090 
47941 39486 1115706170 
47941 39486 -1886296262 
47941 39486 -1541443014 
47941 39486 -271091142 
47941 39486 -694517446 
47941 39486 -1178565318 
47941 39486 -1185772998 
47941 39486 -871854022 
47941 39486 -757295558 
47941 39486 1765449274 
47941 39486 1055697722 
47941 39486 -51923910 
47941 39486 50051386 
47941 39486 1349762874 
47941 39486 -1863449541 
47941 39486 -1828516549 
47941 39486 -244641989 
47941 39486 -462483397 
47941 39486 -277409477 
47941 39486 -1870654917 
47941 39486 -1031204037 
47941 39486 -1634593733 
47941 39486 -55175877 
47941 39486 -1844373701 
47941 39486 829560891 
47941 39486 1137908027 
47941 39486 -1556866245 
47941 39486 177609787 
47941 39486 871832891 
47941 39486 2041313082 
47941 39486 903212090 
47941 39486 1720709178 
47941 39486 -672991942 
47941 39486 2058353466 
47941 39486 1078067515 
47941 39486 -1562442693 
47941 39486 1587153211 
47941 39486 767757627 
47941 39486 -1241968325 
47941 39486 -776595909 
47941 39486 -926934469 
47941 39486 -725672645 
47941 39486 -671146181 
47941 39486 1679434299 
47941 39486 774775867 
47941 39486 -1623185861 
47941 39486 -2088163269 
47941 39486 -1237439685 
47941 39486 -1241567941 
47941 39486 585707579 
47941 39486 -598526917 
47941 39486 1877030715 
47941 39486 1884896571 
47941 39486 1495362363 
47941 39486 -1025872581 
47941 39486 360148795 
47941 39486 -62033605 
47941 39486 -1549241541 
47941 39486 -578399429 
47941 39486 1619876411 
47941 39486 2011915323 
47941 39486 450784571 
47941 39486 -1409912005 
47941 39486 1875867195 
47941 39486 -620267205 
47941 39486 695827259 
47941 39486 -334594245 
47941 39486 -78544325 
47941 39486 -1417968069 
47941 39486 1732937787 
47941 39486 -1463056069 
47941 39486 1397001019 
47941 39486 -614298565 
47941 39486 1696370235 
47941 39486 -1509646277 
47941 39486 -1310481605 
47941 39486 -519199429 
47941 39486 1186112827 
47941 39486 894150203 
47941 39486 1761191483 
47941 39486 -743856325 
23373 39486 1582999611 
6011 39486 -717052101 
54440 39486 424255035 
12510 39486 2110226747 
35859 39742 -1788449477 
52002 39742 907817019 
10072 39742 1206004027 
17534 39742 -1487282630 
16315 39742 -185727685 
7890 39742 -1899324358 
24033 39742 1749798458 
24033 39742 -18937029 
24033 39742 -174929350 
24033 39742 1876298811 
24033 39742 642518075 
24033 39742 295185211 
24033 39742 -134926533 
24033 39742 -366923973 
24033 39742 -1569177797 
24033 39742 -275033797 
24033 39742 714756667 
24033 39742 -599175109 
24033 39742 1342721339 
24033 39742 -341620677 
24033 39742 -580763077 
24033 39742 2066234171 
24033 39742 -2050149573 
24033 39742 1271474747 
24033 39742 -1199102661 
24033 39742 -584572613 
24033 39742 -1860307142 
24033 39742 -1924799174 
24033 39742 1154145594 
24033 39742 -2083990470 
24033 39742 1010728506 
24033 39742 -2095420870 
24033 39742 156989241 
24033 39742 1212704057 
24033 39742 -1827422791 
24033 39742 293721273 
24033 39742 13946041 
24033 39742 593608633 
7890 39742 -1102466375 
172 39742 -1071816263 
172 39742 -1182787270 
172 39742 -1147585734 
172 39742 -1092994758 
172 39742 -613700294 
32458 39742 21474874 
24033 39742 294885434 
24033 39742 438424122 
24033 39742 2119290682 
24033 39742 882297402 
24033 39742 2128987450 
24033 39742 -852901062 
24033 39742 1626146107 
24033 39742 1276773179 
24033 39742 -548540614 
24033 39742 -687290054 
24033 39742 1649065530 
64744 39742 1870443834 
15352 39742 1121495354 
31239 39998 185080634 
31239 39998 989033018 
31239 39998 1772606777 
31239 39998 901030201 
31239 39998 -285046471 
31239 39998 364037305 
31239 39998 -1962674759 
31239 39998 -1803615302 
31239 39998 -766176582 
15352 39742 -2124179782 
32458 39742 -1353476934 
172 39742 -1960724038 
172 39742 1629706170 
172 39742 -976735302 
172 39742 1094724538 
172 39742 -604493638 
172 39742 -564254790 
172 39742 -187161158 
172 39742 708781242 
172 39742 -782294342 
172 39742 -1777787974 
172 39742 -446558408 
172 39742 1155532600 
172 39742 558370615 
16315 39742 -1963982665 
32458 39742 -1385648200 
24033 39742 -109551814 
24033 39742 -1732310599 
24033 39742 908539450 
24033 39742 2106091705 
24033 39742 1298929721 
24033 39742 1447828281 
24033 39742 -23336904 
15352 39742 74813752 
31239 39998 -1121209160 
31239 39998 -17322439 
31239 39998 -2122015303 
31239 39998 2008534969 
31239 39998 513470905 
31239 39998 -915143238 
40176 39742 1822560698 
172 39742 -1447939527 
24033 39742 -2026765766 
24033 39742 1466347962 
7890 39742 -1079657542 
49564 39742 -104136005 
58501 39742 -322005574 
58501 39742 -645659717 
58501 39742 -1145925446 
58501 39742 378586810 
26215 39742 -1169306438 
26215 39742 2089398458 
26215 39742 -1480640070 
26215 39742 43858618 
26215 39742 457260986 
26215 39742 887964602 
26215 39742 1537493690 
26215 39742 1043876282 
26215 39742 -1795466311 
26215 39742 58904505 
26215 39742 1486622394 
26215 39742 715399610 
26215 39742 -741889862 
26215 39742 1646898106 
26215 39742 -130110022 
26215 39742 1729278138 
26215 39742 -412568902 
26215 39742 -322718278 
26215 39742 -1244022598 
26215 39742 -1989428294 
26215 39742 1438629306 
26215 39742 -375406918 
26215 39742 1243436986 
26215 39742 -456692550 
26215 39742 -1160281926 
26215 39742 739741626 
26215 39742 2128585146 
26215 39742 1518925242 
26215 39742 -267059013 
26215 39742 -1376321349 
26215 39742 -1567817285 
26215 39742 -1791425861 
26215 39742 86246331 
26215 39742 -428931909 
26215 39742 1998194363 
26215 39742 -1841035333 
26215 39742 -795932485 
26215 39742 310381243 
26215 39742 -1819931973 
26215 39742 -955527494 
26215 39742 836294842 
26215 39742 1522721722 
26215 39742 5630138 
26215 39742 -1556747078 
26215 39742 755232954 
26215 39742 -1018497862 
26215 39742 2002780603 
26215 39742 -327275845 
26215 39742 -1166922309 
26215 39742 1078341307 
26215 39742 1340419771 
26215 39742 1231826875 
26215 39742 2045783995 
26215 39742 -697028421 
26215 39742 -1174916933 
26215 39742 42217915 
26215 39742 1713844923 
26215 39742 650916539 
26215 39742 -2072955973 
26215 39742 1629172923 
26215 39742 1793078459 
26215 39742 -358009413 
26215 39742 -1382926661 
26215 39742 -2053949509 
26215 39742 -581027653 
26215 39742 -62375493 
26215 39742 1651325115 
26215 39742 1232279483 
26215 39742 1639191995 
26215 39742 243537595 
26215 39742 181540795 
26215 39742 825760187 
26215 39742 -1731716421 
26215 39742 -1630724933 
26215 39742 -373940293 
26215 39742 -2012666181 
26215 39742 240407227 
26215 39742 982865083 
26215 39742 1319261627 
26215 39742 -1609738309 
26215 39742 2088327355 
26215 39742 1281841851 
26215 39742 -810460229 
26215 39742 -1676321349 
26215 39742 721575611 
26215 39742 -1038000197 
26215 39742 -405119045 
26215 39742 -1486593861 
26215 39742 1760125115 
26215 39742 1926782907 
26215 39742 -934332485 
26215 39742 238108603 
26215 39742 -2044575045 
26215 39742 1361396923 
26215 39742 940459707 
26215 39742 536102843 
26215 39742 787761595 
26215 39742 1496206523 
26215 39742 -415805765 
26215 39742 -1886302021 
26215 39742 435180219 
26215 39742 -129083973 
26215 39742 -329098821 
26215 39742 -234585413 
26215 39742 -1273265221 
26215 39742 1033077691 
26215 39742 -317225797 
26215 39742 -156793669 
26215 39742 1745651131 
26215 39742 963806651 
26215 39742 1056409019 
26215 39742 176850619 
26215 39742 -238188869 
26215 39742 -436041797 
26215 39742 976586683 
26215 39742 -312047685 
26215 39742 -1667397701 
26215 39742 -522090565 
26215 39742 -2076735301 
26215 39742 2091681979 
26215 39742 -280917573 
26215 39742 -369063237 
26215 39742 -765556037 
26215 39742 -2103604549 
26215 39742 -1949201733 
26215 39742 -1828484165 
26215 39742 1446677435 
26215 39742 108366779 
26215 39742 -1347580997 
26215 39742 821201851 
26215 39742 1766231227 
26215 39742 -1263825733 
26215 39742 858557883 
26215 39742 -1686139461 
26215 39742 -1531474501 
26215 39742 519605691 
26215 39742 -1607692613 
26215 39742 -28275013 
26215 39742 -343961925 
26215 39742 -256864581 
26215 39742 1608683195 
26215 39742 -468480069 
26215 39742 -2066182469 
26215 39742 1302952891 
26215 39742 -599886149 
26215 39742 2035906235 
26215 39742 1185118139 
26215 39742 -1032357445 
26215 39742 -1906607173 
26215 39742 -582976069 
26215 39742 1529249723 
26215 39742 -796557125 
26215 39742 -1367834181 
26215 39742 -1605074245 
26215 39742 -332364869 
26215 39742 1230734523 
26215 39742 -730167877 
26215 39742 865044155 
26215 39742 -1687254853 
26215 39742 504466107 
26215 39742 -460813381 
26215 39742 -1569878597 
26215 39742 -517959749 
26215 39742 -1373073221 
26215 39742 -1665686853 
26215 39742 -93083973 
26215 39742 1817487291 
26215 39742 -1448630341 
26215 39742 1927653307 
26215 39742 539470011 
26215 39742 610904251 
26215 39742 -458184517 
26215 39742 118729147 
26215 39742 -428365381 
26215 39742 1273735611 
26215 39742 -430724421 
26215 39742 10398395 
26215 39742 -487871813 
26215 39742 1294969787 
26215 39742 1970908091 
26215 39742 386903227 
26215 39742 1944497339 
26215 39742 -821317957 
26215 39742 -1183863109 
26215 39742 669101755 
26215 39742 1548136379 
26215 39742 -424038469 
26215 39742 2100146363 
26215 39742 916631739 
26215 39742 1076277691 
27178 39742 -1126584133 
13473 39486 1382852027 
65047 39486 1090469819 
987 39230 -394129733 
987 39230 -142326853 
987 39230 2110873531 
987 39230 -1473358661 
987 39230 -720145733 
987 39230 1030516155 
987 39230 -464165189 
987 39230 635460795 
987 39230 2076649659 
987 39230 -176218437 
987 39230 1539035578 
987 39230 2130334138 
987 39230 485035705 
987 39230 -332641350 
987 39230 -1691701318 
987 39230 430372538 
987 39230 -626073158 
987 39230 -1359885638 
987 39230 -1840204102 
987 39230 1553900474 
987 39230 841387450 
987 39230 -1741728071 
15655 39486 -598858950 
23373 39486 -896584135 
23373 39486 -1222462152 
23373 39486 -2552519 
23373 39486 1489549497 
7230 39486 311528121 
65047 39486 200222138 
65047 39486 1923057081 
65047 39486 -1340468040 
23373 39486 -605206470 
6011 39486 502537018 
6011 39486 -1615726535 
6011 39486 -665808838 
6011 39486 -1014264774 
6011 39486 -404059590 
38297 39486 1406976313 
38297 39486 -1554480327 
38297 39486 1681302073 
38297 39486 565361721 
38297 39486 -919480519 
38297 39486 -524881607 
38297 39486 -1743973830 
38297 39486 -331047110 
38297 39486 -790849222 
38297 39486 -1784704454 
38297 39486 16247609 
38297 39486 1245315386 
38297 39486 1568542266 
38297 39486 868096826 
38297 39486 1207970106 
38297 39486 -1354615238 
38297 39486 -1487253958 
38297 39486 1024442426 
38297 39486 245545530 
38297 39486 -116017606 
38297 39486 1390914874 
38297 39486 2141994298 
38297 39486 1359432506 
38297 39486 1263032378 
38297 39486 1065968954 
38297 39486 1691054650 
38297 39486 -1342603206 
38297 39486 -1312104134 
38297 39486 -1843864518 
38297 39486 160290618 
38297 39486 1211223866 
38297 39486 -1140884678 
38297 39486 -1129282502 
38297 39486 944868154 
38297 39486 -1292791494 
38297 39486 -980248518 
38297 39486 -819552198 
38297 39486 1933421882 
38297 39486 2083061306 
38297 39486 -2016741318 
38297 39486 389607482 
38297 39486 705142586 
38297 39486 146318650 
38297 39486 358198330 
38297 39486 -1845906886 
38297 39486 -2120632006 
38297 39486 -1406222022 
38297 39486 155569722 
38297 39486 670830651 
38297 39486 1596853819 
38297 39486 868550971 
38297 39486 -121257158 
38297 39486 1467271738 
38297 39486 -720056006 
38297 39486 1354094394 
38297 39486 -2091459014 
38297 39486 1550116410 
38297 39486 410710842 
38297 39486 -1941429189 
38297 39486 -1535565509 
38297 39486 1562764858 
38297 39486 1120594746 
38297 39486 997061178 
38297 39486 797505850 
38297 39486 -1102053317 
38297 39486 -1579351237 
38297 39486 -1319237573 
38297 39486 -542699973 
38297 39486 1113471547 
38297 39486 1774138683 
38297 39486 -877262277 
38297 39486 -791802565 
38297 39486 -971042501 
38297 39486 -139717573 
38297 39486 356128827 
38297 39486 1279335483 
38297 39486 1019289659 
38297 39486 1644373307 
38297 39486 440805691 
38297 39486 -796381893 
38297 39486 -406245061 
38297 39486 1117795387 
38297 39486 -1976682437 
38297 39486 2042313531 
38297 39486 1313357627 
38297 39486 1078936379 
38297 39486 739002427 
38297 39486 1284197435 
38297 39486 -1307946693 
38297 39486 445273403 
38297 39486 -385328581 
38297 39486 -174891717 
38297 39486 -2035851205 
38297 39486 -1942657989 
38297 39486 -1128110277 
38297 39486 -2122290117 
38297 39486 1493135419 
38297 39486 -1099008709 
38297 39486 -537036485 
38297 39486 1048411707 
38297 39486 1633648955 
38297 39486 -1981251013 
38297 39486 -1934654405 
38297 39486 460752443 
38297 39486 -1820751813 
38297 39486 181963323 
38297 39486 1964477755 
38297 39486 710381371 
38297 39486 -577334981 
38297 39486 -1848208581 
38297 39486 1142330939 
38297 39486 -128608197 
38297 39486 -2003461573 
38297 39486 1037409339 
38297 39486 -267083973 
38297 39486 2136252731 
38297 39486 1469358907 
38297 39486 198485307 
38297 39486 -1089230789 
38297 39486 1314105915 
38297 39486 43232315 
38297 39486 -1227706821 
38297 39486 1158852923 
38297 39486 508736315 
38297 39486 -778980037 
38297 39486 -2049853637 
38297 39486 353483323 
38297 39486 -934233029 
38297 39486 2089860667 
38297 39486 198230075 
38297 39486 -468729029 
38297 39486 -1739602629 
38297 39486 680511291 
38297 39486 -573650629 
13473 39486 221105211 
26215 39742 -1424831429 
24033 39742 540440635 
5452 39998 -1737984965 
52662 39998 1557732923 
35556 39998 2041835578 
24437 40254 1453067579 
24437 40254 -990767813 
24437 40254 -919192773 
24437 40254 -994769349 
24437 40254 30788790 
24437 40254 -1130705734 
41543 40254 -69331269 
26875 39998 -659880261 
26875 39998 -319302982 
26875 39998 -1268657734 
26875 39998 176062906 
9257 40254 -1475599047 
41543 40254 -2115421766 
41543 40254 1357349050 
41543 40254 107942843 
41543 40254 -970304325 
41543 40254 -608336965 
51699 39998 2047379643 
51699 39998 -1183025733 
51699 39998 -756133701 
51699 39998 1381054907 
51699 39998 371087291 
3270 39998 686519227 
38701 39998 238135483 
17534 39742 1536500155 
26215 39742 1656099003 
26215 39742 289290683 
26215 39742 -1689952069 
26215 39742 113204411 
26215 39742 373971387 
26215 39742 768299451 
26215 39742 -966983493 
26215 39742 602461370 
26215 39742 1102841275 
26215 39742 1225352635 
26215 39742 -1679391045 
26215 39742 -736000581 
26215 39742 1550287803 
26215 39742 -1264090949 
26215 39742 289297339 
26215 39742 1450577339 
26215 39742 -1240127557 
26215 39742 555583419 
26215 39742 -179069509 
26215 39742 814521275 
26215 39742 -323642949 
26215 39742 1809553083 
26215 39742 -1820819269 
26215 39742 1127560635 
26215 39742 -975286597 
26215 39742 917866171 
26215 39742 -412568645 
26215 39742 -1181175365 
26215 39742 -1111314501 
26215 39742 -857166661 
26215 39742 1619433147 
26215 39742 63407547 
26215 39742 -241599813 
26215 39742 -248341317 
26215 39742 1553057979 
63121 39486 65193403 
25811 39230 438000059 
25811 39230 1669972154 
25811 39230 -1147206213 
25811 39230 -822926405 
25811 39230 176504251 
25811 39230 1454189755 
25811 39230 842539195 
25811 39230 1862855354 
25811 39230 719182522 
25811 39230 234017466 
25811 39230 1755168698 
25811 39230 -815117894 
25811 39230 1043869626 
25811 39230 745352503 
25811 39230 -2123954120 
25811 39230 -1133573320 
41698 39230 1257723191 
65047 39486 -1712092232 
56622 39486 767067322 
15655 39486 153020602 
57841 39230 1456724154 
25811 39230 1565194170 
25811 39230 1184069306 
25811 39230 1287670714 
25811 39230 -1883624774 
25811 39230 -699528006 
25811 39230 1899679161 
25811 39230 1634905785 
25811 39230 493524921 
25811 39230 -1875148359 
25811 39230 1967675065 
25811 39230 1370892217 
25811 39230 719851578 
25811 39230 -123921094 
65047 39486 1679305274 
23373 39486 812566201 
65047 39486 1698437050 
33273 39230 1292614840 
33273 39230 -1940893894 
23373 39486 -1125490886 
23373 39486 1387107511 
23373 39486 808170935 
23373 39486 630725944 
39260 39486 -532301768 
30835 39486 -1599983560 
30835 39486 -1257213256 
30835 39486 458401463 
30835 39486 1254168375 
30835 39486 -503168712 
30835 39486 -1583833288 
30835 39486 -79183048 
30835 39486 -240459464 
30835 39486 -368574664 
30835 39486 270274105 
30835 39486 -156482758 
30835 39486 -904243654 
30835 39486 549082426 
30835 39486 -1400155078 
30835 39486 473780794 
30835 39486 1596281146 
30835 39486 1299664954 
30835 39486 1691111226 
30835 39486 -635416774 
30835 39486 1031163450 
30835 39486 1824673082 
30835 39486 1039027258 
30835 39486 1695632442 
30835 39486 1745963834 
30835 39486 118508090 
30835 39486 1684881722 
30835 39486 2082211897 
30835 39486 -1707270343 
30835 39486 1368408377 
30835 39486 1284402489 
30835 39486 1799658297 
30835 39486 1664728377 
30835 39486 659938873 
30835 39486 -157095879 
30835 39486 253230137 
30835 39486 1085047866 
30835 39486 1866830650 
30835 39486 -1666214854 
30835 39486 2117899322 
30835 39486 395350842 
30835 39486 1941541434 
30835 39486 -1316056774 
30835 39486 262967098 
30835 39486 1360976697 
30835 39486 1615987258 
30835 39486 556472378 
30835 39486 -740413382 
30835 39486 -1514784710 
30835 39486 -864665030 
30835 39486 -1672327878 
30835 39486 2076335674 
30835 39486 1453901370 
30835 39486 -1445935814 
30835 39486 -2023111366 
30835 39486 -1979202246 
30835 39486 -1772436422 
30835 39486 389202490 
30835 39486 864272698 
30835 39486 304333114 
30835 39486 -1462452166 
30835 39486 344703034 
30835 39486 -1372143558 
30835 39486 -1998471366 
30835 39486 -36455110 
30835 39486 -1278323398 
30835 39486 511137594 
30835 39486 -1678942406 
30835 39486 -1182176966 
30835 39486 1521054010 
30835 39486 1390049082 
30835 39486 136150586 
30835 39486 1237156410 
30835 39486 101025594 
30835 39486 -1059157190 
30835 39486 -607022022 
30835 39486 -1616582598 
30835 39486 43902778 
30835 39486 1966532410 
30835 39486 -118561222 
30835 39486 850257466 
30835 39486 1650910778 
30835 39486 -1760827846 
30835 39486 -1634671302 
30835 39486 119661882 
30835 39486 -90119110 
30835 39486 -1575033798 
30835 39486 2072634170 
30835 39486 905024570 
30835 39486 1712885562 
30835 39486 -226980038 
30835 39486 967676218 
30835 39486 792040506 
30835 39486 56858426 
30835 39486 -716530630 
30835 39486 521905978 
30835 39486 444443450 
30835 39486 -1641959878 
6011 39486 -1902858182 
38297 39486 -1937461958 
38297 39486 1480824890 
38297 39486 -1871603654 
38297 39486 -1237476550 
38297 39486 -1976524230 
38297 39486 -1245710790 
38297 39486 -1232079558 
38297 39486 1180824378 
38297 39486 1528885306 
38297 39486 398323002 
38297 39486 -1622873542 
38297 39486 -778247366 
38297 39486 1636208954 
38297 39486 1170118202 
38297 39486 593991994 
38297 39486 -1650090950 
38297 39486 -895836358 
38297 39486 -162421702 
38297 39486 1435412538 
38297 39486 -1469928390 
38297 39486 -510086854 
38297 39486 439793210 
38297 39486 631814202 
38297 39486 9486394 
52002 39742 983238203 
43321 39742 748659769 
18753 39742 -1324623047 
18753 39742 -690976327 
18753 39742 1177056441 
60683 39742 499972665 
52002 39742 506534969 
43321 39742 728771898 
43321 39742 -1136815046 
43321 39742 -422216646 
43321 39742 -242526918 
43321 39742 1001600826 
43321 39742 -469913800 
43321 39742 -202190026 
43321 39742 1335382963 
43321 39742 1065207990 
43321 39742 -1639813961 
43321 39742 -689186633 
43321 39742 298589624 
43321 39742 -791491913 
43321 39742 -2134313159 
43321 39742 -1439637447 
43321 39742 1550432825 
43321 39742 -2975943 
43321 39742 516311353 
43321 39742 1922167481 
52002 39742 374863289 
45759 39486 -458250823 
52002 39742 711355962 
60683 39742 -1964411974 
45759 39486 -176175688 
45759 39486 -1455981510 
21191 39486 1599961146 
52002 39742 1206405433 
52002 39742 -2010020934 
53221 39486 3519161 
45759 39486 -1362152646 
52002 39742 -448436422 
35859 39742 -693581383 
45759 39486 -1686666055 
45759 39486 1796624954 
3829 39486 141967674 
52002 39742 -1666683462 
11291 39742 1663342778 
45759 39486 -1477606214 
45759 39486 -1513401031 
37334 39486 -2090436551 
52002 39742 -505493448 
52002 39742 -1161717959 
35859 39742 -930892871 
44796 39486 -509955015 
28653 39486 2024600121 
52002 39742 419233593 
52002 39742 -1568065223 
2610 39742 -1009017288 
18753 39742 531117242 
60683 39742 -100510278 
12510 39486 -122238408 
45759 39486 1463375290 
45759 39486 -1202965065 
45759 39486 -931030219 
45759 39486 1188830522 
21191 39486 -614980550 
44796 39486 -2026631622 
52002 39742 1677448377 
52002 39742 2130951351 
18753 39742 -1536415046 
43321 39742 1055020473 
35859 39742 710298298 
37334 39486 -47619784 
61902 39486 119116090 
60683 39742 -467956422 
52002 39742 378112183 
52002 39742 -2054015047 
52002 39742 -2146538823 
52002 39742 1436975289 
52002 39742 -1381463367 
52002 39742 -748120391 
35859 39742 -493114439 
28653 39486 992634042 
21191 39486 528451000 
21191 39486 -663031111 
21191 39486 -1282861767 
21191 39486 -1769014599 
21191 39486 1182663866 
38297 39486 -805371718 
30835 39486 -224045382 
6011 39486 1468405561 
6011 39486 -589416391 
38297 39486 190532665 
13473 39486 1666914234 
13473 39486 -1776539462 
38297 39486 -739450569 
38297 39486 206298168 
61902 39486 769856057 
52002 39742 50852665 
11291 39742 -615764038 
60683 39742 1360534970 
52002 39742 856683320 
52002 39742 495001017 
52002 39742 267148473 
52002 39742 1389196985 
52002 39742 -323975751 
52002 39742 -176451143 
35859 39742 -1947425095 
53221 39486 -1351587654 
45759 39486 706193338 
45759 39486 -1585810631 
45759 39486 1625002425 
45759 39486 808764089 
45759 39486 1816709305 
45759 39486 -1191590471 
45759 39486 -374816583 
38297 39486 -2088193095 
30835 39486 935410618 
30835 39486 203625785 
46978 39486 696269113 
13473 39486 2122386489 
13473 39486 -649981510 
21191 39486 -58733640 
21191 39486 -454342726 
37334 39486 2143380410 
12510 39486 218524858 
12510 39486 1458286777 
37334 39486 1281794745 
45759 39486 -821526087 
45759 39486 1734085178 
45759 39486 1542196282 
45759 39486 -854194118 
53221 39486 1687880506 
19716 39742 -992571079 
52002 39742 1417057336 
52002 39742 1337594297 
11291 39742 1544702393 
35859 39742 -1757325639 
35859 39742 1768587705 
35859 39742 2094895801 
35859 39742 474586809 
35859 39742 -758536519 
35859 39742 -1802784839 
35859 39742 1890040505 
35859 39742 -517879111 
35859 39742 -1610622535 
35859 39742 -963774023 
35859 39742 -540371270 
35859 39742 1733138106 
35859 39742 -2078501190 
35859 39742 1526175162 
35859 39742 -372468294 
35859 39742 60331450 
35859 39742 1782420922 
35859 39742 1709348026 
35859 39742 139564218 
35859 39742 -1391225670 
35859 39742 -672689222 
35859 39742 1237554106 
35859 39742 479957946 
35859 39742 1406439354 
35859 39742 1224147386 
35859 39742 1281885370 
35859 39742 -362213958 
35859 39742 -526641478 
35859 39742 1679434170 
35859 39742 571879098 
35859 39742 182729146 
35859 39742 -1622192710 
35859 39742 423649722 
35859 39742 256952506 
35859 39742 -2097166662 
35859 39742 -608581958 
35859 39742 -1971534150 
60683 39742 272615098 
45759 39486 -1905345606 
45759 39486 -1913093958 
45759 39486 594066361 
45759 39486 511562169 
45759 39486 1719992506 
45759 39486 2023592890 
45759 39486 892766650 
45759 39486 -662601286 
45759 39486 213219770 
45759 39486 1472230330 
45759 39486 1203660474 
45759 39486 -1317230151 
45759 39486 1003134393 
45759 39486 -1791973447 
45759 39486 850833337 
45759 39486 -2141407047 
45759 39486 895075001 
45759 39486 -1984377415 
45759 39486 832694969 
45759 39486 1456966842 
45759 39486 143820730 
45759 39486 2080145850 
45759 39486 -804552774 
45759 39486 -1835764806 
45759 39486 186213562 
45759 39486 815030202 
45759 39486 1237932730 
45759 39486 873092282 
45759 39486 1475824570 
45759 39486 -1109179462 
45759 39486 1998797754 
45759 39486 1554984378 
45759 39486 -375315014 
45759 39486 386666682 
45759 39486 1034027194 
45759 39486 -1551438151 
45759 39486 1151850425 
45759 39486 -964574279 
45759 39486 805154233 
45759 39486 85038009 
45759 39486 594566585 
45759 39486 -96071239 
45759 39486 -821298248 
45759 39486 1784075704 
45759 39486 -872501576 
45759 39486 1558737336 
52002 39742 -1326707528 
52002 39742 -1796796104 
19716 39742 1161567418 
52002 39742 -144086471 
52002 39742 1004614586 
52002 39742 -232702790 
28653 39486 705116090 
45759 39486 -1379237063 
53221 39486 -1452668614 
52002 39742 -1605910855 
60683 39742 -1880868678 
45759 39486 150800570 
52002 39742 1370883642 
52002 39742 -1635825222 
52002 39742 2017349562 
28653 39486 1999325882 
45759 39486 -355183815 
37334 39486 1606543161 
60683 39742 1558620601 
45759 39486 -1000721222 
45759 39486 -501361351 
28653 39486 761441081 
52002 39742 -1545593158 
52002 39742 -609381703 
35859 39742 -692556614 
3829 39486 -1891385670 
45759 39486 1137776570 
45759 39486 -853817543 
52002 39742 -93281735 
52002 39742 1746697658 
53221 39486 -1652197446 
45759 39486 882481338 
45759 39486 -354659783 
45759 39486 -1571776711 
45759 39486 -1404529863 
37334 39486 578259257 
52002 39742 1101569336 
52002 39742 -642090695 
52002 39742 -545358406 
52002 39742 518752442 
52002 39742 1949338042 
37334 39486 1310296762 
45759 39486 -465563718 
21191 39486 1149059641 
44796 39486 386469050 
44796 39486 -987140678 
44796 39486 750153914 
45759 39486 28470714 
45759 39486 -613938246 
45759 39486 -224326726 
45759 39486 -1299642950 
45759 39486 1620245433 
45759 39486 498791609 
45759 39486 -997200455 
45759 39486 -899620423 
45759 39486 -1820406087 
45759 39486 -1271025479 
45759 39486 875865785 
45759 39486 1859035065 
45759 39486 -777545799 
45759 39486 -668299591 
45759 39486 1666876345 
45759 39486 173829817 
45759 39486 1140608441 
45759 39486 -259973703 
45759 39486 -861741128 
44796 39486 -1698228040 
52002 39742 -1939714759 
52002 39742 -1694070342 
52002 39742 552640442 
52002 39742 -1235084102 
11291 39742 1056641466 
53221 39486 -351337798 
45759 39486 662443961 
45759 39486 -618778054 
52002 39742 -595517382 
52002 39742 -1271767880 
52002 39742 -96716614 
45759 39486 -981715014 
45759 39486 -239418696 
45759 39486 79398840 
45759 39486 2053615799 
44796 39486 208899638 
52002 39742 571125433 
35859 39742 -260108870 
53221 39486 -2026377543 
45759 39486 -1259531591 
45759 39486 1605742650 
12510 39486 -118982 
52002 39742 -993468103 
52002 39742 1046330038 
52002 39742 -1124003911 
45759 39486 2138917562 
45759 39486 464728249 
45759 39486 456435257 
45759 39486 -292366279 
45759 39486 -250291911 
45759 39486 556061241 
19716 39742 1585495097 
52002 39742 -261341510 
35859 39742 360474298 
45759 39486 -1143755334 
45759 39486 -390331975 
53221 39486 -467273159 
52002 39742 729617977 
52002 39742 -1461624902 
52002 39742 1172859066 
3829 39486 1469211578 
45759 39486 1621198648 
45759 39486 -108621255 
21191 39486 1856811065 
52002 39742 -10648775 
44796 39486 213154490 
12510 39486 1517961913 
45759 39486 -155613254 
45759 39486 -336411207 
45759 39486 1002475065 
45759 39486 753179705 
45759 39486 1542362681 
37334 39486 -310079943 
52002 39742 1226811448 
52002 39742 -1388083526 
52002 39742 315721914 
11291 39742 368150714 
28653 39486 -294944326 
45759 39486 2003865272 
45759 39486 1885134009 
45759 39486 -2129109191 
61902 39486 1913143609 
52002 39742 -399880648 
52002 39742 339332537 
52002 39742 -803568710 
52002 39742 1233687226 
52002 39742 618370490 
52002 39742 -78932294 
44796 39486 1835439802 
45759 39486 -99187271 
45759 39486 499859514 
45759 39486 -1560558536 
52002 39742 67303735 
52002 39742 -329443654 
52002 39742 105946810 
45759 39486 1039702458 
45759 39486 727193530 
21191 39486 1241238070 
60683 39742 -299154502 
52002 39742 -208277318 
45759 39486 583116986 
45759 39486 1391277240 
45759 39486 -1472782662 
12510 39486 -1743180358 
37334 39486 -1980937031 
21191 39486 -683457094 
21191 39486 -1235661383 
21191 39486 982233784 
21191 39486 533245624 
21191 39486 -1962425160 
21191 39486 1527045304 
21191 39486 1252980152 
21191 39486 -2120414535 
21191 39486 604250297 
21191 39486 -124110663 
21191 39486 -2026407751 
21191 39486 502293434 
21191 39486 1611423930 
21191 39486 1641896378 
21191 39486 -649833286 
21191 39486 17780410 
21191 39486 1714964410 
21191 39486 -896974918 
21191 39486 -42189638 
21191 39486 -2131609158 
21191 39486 1817458618 
21191 39486 -987089734 
21191 39486 1937191098 
21191 39486 195439802 
21191 39486 2142316474 
21191 39486 78717626 
21191 39486 177872058 
21191 39486 -2005985094 
21191 39486 -515697222 
21191 39486 -1913253446 
21191 39486 -1504244550 
21191 39486 -1630273607 
21191 39486 325641401 
21191 39486 1989532857 
21191 39486 -805710407 
21191 39486 1127402937 
21191 39486 -1476279623 
21191 39486 1871885753 
21191 39486 -1817401671 
21191 39486 1724814009 
21191 39486 2137349049 
21191 39486 -1230814535 
21191 39486 619710137 
21191 39486 -401568840 
21191 39486 -1862644552 
21191 39486 686619063 
44796 39486 957378230 
52002 39742 -1116363975 
52002 39742 984551866 
12510 39486 -1521348934 
45759 39486 -1151731528 
2610 39742 1021974842 
18753 39742 995133370 
18753 39742 -2051511878 
18753 39742 526434746 
43321 39742 1903215546 
60683 39742 1977464506 
21191 39486 -1793093190 
45759 39486 523610170 
53221 39486 1098002490 
52002 39742 -1172421447 
52002 39742 -763093830 
35859 39742 -787539270 
60683 39742 1395524794 
52002 39742 813875768 
52002 39742 -1417140038 
52002 39742 -1515892294 
52002 39742 1554536122 
11291 39742 -1006413894 
53221 39486 -1259649094 
21191 39486 1236897722 
21191 39486 373476665 
21191 39486 -1542814535 
5048 39486 -202284359 
13473 39486 70585146 
29616 39486 -2025443014 
52002 39742 -1480800073 
11291 39742 2012296378 
35859 39742 -1269094470 
3829 39486 -368240966 
61902 39486 1814778681 
21191 39486 -1973906374 
21191 39486 -685205446 
52002 39742 1024128825 
18753 39742 -2111503687 
11291 39742 -640777542 
3829 39486 -1879284295 
21191 39486 -822759878 
52002 39742 1515350586 
18753 39742 1377295545 
2610 39742 -1529488710 
35859 39742 -1959730758 
53221 39486 -175127622 
45759 39486 -381378374 
45759 39486 -1946189382 
45759 39486 -650139847 
19716 39742 -27556551 
52002 39742 851252921 
52002 39742 -746862919 
45759 39486 414220986 
18753 39742 -385391558 
34640 39742 119249850 
1391 39742 1501885882 
1391 39742 183863226 
1391 39742 -236974917 
26215 39742 -330641222 
2610 39742 -849294918 
3829 39486 737407930 
5048 39486 -2077913030 
37334 39486 -1760503752 
52002 39742 959641272 
11291 39742 51783866 
45759 39486 10955706 
45759 39486 -1254798662 
45759 39486 1556370617 
45759 39486 -189443910 
45759 39486 96553658 
45759 39486 -1232389958 
45759 39486 -1184419910 
45759 39486 -66640710 
45759 39486 -514732489 
45759 39486 -1082489674 
52002 39742 -247509576 
52002 39742 -195153990 
45759 39486 1413953978 
45759 39486 1861728569 
45759 39486 -122259271 
13473 39486 -1615754567 
13473 39486 -526314311 
13473 39486 -413385286 
13473 39486 500056762 
13473 39486 1824799418 
13473 39486 939012282 
13473 39486 -1723390278 
13473 39486 217061562 
13473 39486 -769126726 
13473 39486 804915386 
13473 39486 1483139769 
13473 39486 1957048632 
13473 39486 782567993 
13473 39486 242096441 
13473 39486 1074730041 
13473 39486 -435418055 
45759 39486 -1257438663 
44796 39486 507683768 
44796 39486 -1316711494 
12510 39486 1354601914 
45759 39486 -1122467654 
45759 39486 969846458 
45759 39486 -2099886406 
45759 39486 216349114 
45759 39486 2030122426 
45759 39486 -577163334 
45759 39486 1250175418 
45759 39486 -2061950278 
45759 39486 420813754 
45759 39486 -154527814 
45759 39486 1913263546 
45759 39486 791810746 
45759 39486 -1529149766 
45759 39486 578543672 
45759 39486 1189985080 
3829 39486 -132284616 
52002 39742 823685306 
52002 39742 -1732763206 
52002 39742 -1912347462 
52002 39742 -661805638 
3829 39486 -639262790 
5048 39486 206608825 
44796 39486 -24344776 
11291 39742 -1671601222 
52002 39742 -2003903558 
52002 39742 -857848390 
52002 39742 584689594 
35859 39742 942713530 
37334 39486 1950095290 
45759 39486 2068655289 
45759 39486 -23689544 
45759 39486 -617101640 
45759 39486 1042747577 
45759 39486 2144741817 
45759 39486 -1718726215 
45759 39486 1004768697 
45759 39486 806319802 
45759 39486 1820618938 
45759 39486 84307386 
45759 39486 -777623110 
45759 39486 -669489478 
45759 39486 1622892730 
45759 39486 1045650362 
45759 39486 -331721286 
45759 39486 1769688506 
45759 39486 -1187231046 
45759 39486 -1988343878 
45759 39486 192562362 
45759 39486 1208631226 
45759 39486 1704605114 
45759 39486 -193386822 
45759 39486 880157114 
45759 39486 1633296058 
45759 39486 -388490566 
45759 39486 -1340336454 
45759 39486 1237061818 
45759 39486 995429306 
45759 39486 -1472264774 
45759 39486 128449465 
45759 39486 -2124159303 
45759 39486 392813497 
45759 39486 886425017 
45759 39486 -1740395335 
45759 39486 -1709076551 
45759 39486 1648461497 
45759 39486 -1518894919 
45759 39486 -201821511 
45759 39486 -50110279 
45759 39486 1934969529 
45759 39486 -1638715463 
45759 39486 1545145017 
45759 39486 -732173896 
45759 39486 -104742216 
45759 39486 2083144632 
52002 39742 113350454 
52002 39742 -1206456903 
52002 39742 1612189882 
52002 39742 658641850 
35859 39742 93000634 
35859 39742 331763001 
52002 39742 -2081543367 
26215 39742 140098997 
26215 39742 -629639494 
26215 39742 -629208390 
26215 39742 1895500986 
50783 39742 -622648390 
50783 39742 554058938 
50783 39742 1976392378 
50783 39742 2002412730 
50783 39742 -1126404678 
50783 39742 370047418 
50783 39742 1325827002 
50783 39742 -210859334 
50783 39742 567121594 
50783 39742 1328211642 
50783 39742 -1657474886 
43321 39742 -899551046 
35859 39742 223008442 
45759 39486 -394249286 
45759 39486 657094330 
45759 39486 -78589511 
45759 39486 -1439709511 
45759 39486 -1327903047 
45759 39486 -715467335 
45759 39486 -1397363271 
45759 39486 1389333946 
45759 39486 786008762 
45759 39486 -75987014 
45759 39486 -1838971974 
45759 39486 1366852026 
45759 39486 522419898 
45759 39486 1204120250 
45759 39486 -472362055 
45759 39486 345403065 
45759 39486 1448115385 
45759 39486 1769047481 
45759 39486 -737636679 
45759 39486 -1458333511 
45759 39486 -1377721159 
45759 39486 1501148345 
45759 39486 -1920416839 
45759 39486 1492681914 
45759 39486 -1782871878 
45759 39486 -1022392646 
45759 39486 632193722 
45759 39486 -191464774 
45759 39486 -2056228166 
45759 39486 986279610 
45759 39486 558721978 
45759 39486 -1540593734 
45759 39486 -1881513542 
45759 39486 152458682 
45759 39486 -642628679 
45759 39486 -893558343 
45759 39486 331186105 
45759 39486 216500409 
45759 39486 1227200441 
45759 39486 350602169 
45759 39486 1213295034 
45759 39486 -1356234054 
45759 39486 1064862394 
45759 39486 1400144058 
45759 39486 -428115526 
45759 39486 -1648791366 
45759 39486 -1609670982 
45759 39486 169808057 
45759 39486 567835833 
45759 39486 -1536920902 
45759 39486 984775354 
45759 39486 -1847036998 
45759 39486 2015849402 
45759 39486 -726048326 
45759 39486 -2114496838 
45759 39486 233716666 
45759 39486 -2147408711 
45759 39486 -1798479430 
45759 39486 287269050 
45759 39486 -100378438 
45759 39486 1464160186 
45759 39486 -1070840390 
45759 39486 -1484050502 
52002 39742 1476275128 
52002 39742 -105599046 
60683 39742 1020637626 
60683 39742 -163931206 
45759 39486 -1181575750 
45759 39486 -1590843208 
45759 39486 1519007161 
45759 39486 1883333306 
45759 39486 -554022470 
45759 39486 -146916934 
45759 39486 -974247750 
45759 39486 -547189193 
3829 39486 15864248 
45759 39486 -2104758855 
45759 39486 -1179625030 
45759 39486 -1248117062 
45759 39486 435106234 
45759 39486 -2111035974 
45759 39486 127734714 
52002 39742 1194962998 
28653 39486 595591611 
26215 39742 -954229703 
1391 39742 -224191813 
35859 39742 -12197190 
60683 39742 -675776712 
60683 39742 1516698297 
52002 39742 1870143162 
0 0 0 
0 0 0 
0 0 0 
0 0 0 
