0 0 643140 
1 1 645088 
2 2 647032 
3 3 648974 
4 4 650918 
5 5 652862 
6 6 654802 
7 7 656744 
8 8 658684 
9 9 660624 
10 10 662566 
11 11 664506 
12 12 666448 
13 13 668388 
14 14 670328 
15 15 672272 
16 16 674214 
17 17 676154 
18 18 678098 
19 19 680040 
20 20 681980 
21 21 683920 
22 22 685862 
23 23 687802 
24 24 689744 
25 25 691686 
26 26 693626 
27 27 695568 
28 28 697508 
29 29 699450 
30 30 701390 
31 31 703332 
32 32 705272 
33 33 707214 
34 34 709154 
35 35 711096 
36 36 713036 
37 37 714978 
38 38 716920 
39 39 718860 
40 40 720802 
41 41 722742 
42 42 724684 
43 43 726626 
44 44 728566 
45 45 730508 
46 46 732448 
47 47 734390 
48 48 736330 
49 49 738272 
50 50 740210 
51 51 742154 
52 52 744096 
53 53 746036 
54 54 747978 
55 55 749918 
56 56 751860 
57 57 753800 
58 58 755742 
59 59 757684 
60 60 759624 
61 61 761566 
62 62 763508 
63 63 765448 
64 64 767390 
65 65 769330 
66 66 771272 
67 67 773214 
68 68 775154 
69 69 777096 
70 70 779036 
71 71 780978 
72 72 782918 
73 73 784860 
74 74 786800 
75 75 788742 
76 76 790682 
77 77 792624 
78 78 794564 
79 79 796506 
80 80 798446 
81 81 800388 
82 82 802330 
83 83 804270 
84 84 806212 
85 85 808152 
86 86 810094 
87 87 812036 
88 88 813976 
89 89 815918 
90 90 817860 
91 91 819802 
92 92 821742 
93 93 823684 
94 94 825624 
95 95 827566 
96 96 829506 
97 97 831448 
98 98 833390 
99 99 835330 
100 100 837270 
101 101 839212 
102 102 841152 
103 103 843094 
104 104 845034 
105 105 846976 
106 106 848918 
107 107 850858 
108 108 852798 
109 109 854740 
110 110 856682 
111 111 858620 
112 112 860564 
113 113 862506 
114 114 864448 
115 115 866388 
116 116 868330 
117 117 870270 
118 118 872212 
119 119 874152 
120 120 876094 
121 121 878036 
122 122 879974 
123 123 881914 
124 124 883854 
125 125 885800 
126 126 887740 
127 127 889682 
128 128 891624 
129 129 893564 
130 130 895506 
131 131 897448 
132 132 899388 
133 133 901330 
134 134 903272 
135 135 905212 
136 136 907154 
137 137 909094 
138 138 911036 
139 139 912976 
140 140 914918 
141 141 916860 
142 142 918800 
143 143 920742 
144 144 922682 
145 145 924624 
146 146 926566 
147 147 928506 
148 148 930448 
149 149 932390 
150 150 934332 
151 151 936272 
152 152 938214 
153 153 940156 
154 154 942094 
155 155 944036 
156 156 945976 
157 157 947918 
158 158 949860 
159 159 951806 
160 160 953748 
161 161 955688 
162 162 957630 
163 163 959570 
164 164 961512 
165 165 963452 
166 166 965394 
167 167 967336 
168 168 969276 
169 169 971218 
170 170 973160 
171 171 975098 
172 172 977042 
173 173 978980 
174 174 980920 
175 175 982860 
176 176 984802 
177 177 986744 
178 178 988686 
179 179 990626 
180 180 992568 
181 181 994510 
182 182 996454 
183 183 998396 
184 184 1000336 
185 185 1002278 
186 186 1004218 
187 187 1006160 
188 188 1008102 
189 189 1010040 
190 190 1011980 
191 191 1013922 
192 192 1015864 
193 193 1017806 
194 194 1019746 
195 195 1021688 
196 196 1023628 
197 197 1025570 
198 198 1027514 
199 199 1029456 
200 200 1031398 
201 201 1033340 
202 202 1035278 
203 203 1037222 
204 204 1039164 
205 205 1041104 
206 206 1043046 
207 207 1044986 
208 208 1046928 
209 209 1048864 
210 210 1050808 
211 211 1052748 
212 212 1054690 
213 213 1056630 
214 214 1058572 
215 215 1060514 
216 216 1062454 
217 217 1064396 
218 218 1066336 
219 219 1068278 
220 220 1070218 
221 221 1072160 
222 222 1074102 
223 223 1076044 
224 224 1077984 
225 225 1079926 
226 226 1081868 
227 227 1083808 
228 228 1085750 
229 229 1087692 
230 230 1089632 
231 231 1091574 
232 232 1093516 
233 233 1095456 
234 234 1097396 
235 235 1099338 
236 236 1101284 
237 237 1103226 
238 238 1105168 
239 239 1107110 
240 240 1109050 
241 241 1110992 
242 242 1112932 
243 243 1114874 
244 244 1116816 
245 245 1118754 
246 246 1120694 
247 247 1122638 
248 248 1124580 
249 249 1126522 
250 250 1128462 
251 251 1130404 
252 252 1132344 
253 253 1134286 
254 254 1136226 
255 255 1138168 
256 256 1140108 
257 257 1142050 
258 258 1143992 
259 259 1145932 
260 260 1147870 
261 261 1149814 
262 262 1151754 
263 263 1153694 
264 264 1155634 
265 265 1157576 
266 266 1159520 
267 267 1161462 
268 268 1163402 
269 269 1165342 
270 270 1167284 
271 271 1169224 
272 272 1171166 
273 273 1173110 
274 274 1175052 
275 275 1176994 
276 276 1178934 
277 277 1180872 
278 278 1182812 
279 279 1184754 
280 280 1186698 
281 281 1188640 
282 282 1190580 
283 283 1192522 
284 284 1194458 
285 285 1196398 
286 286 1198342 
287 287 1200282 
288 288 1202226 
289 289 1204168 
290 290 1206106 
291 291 1208048 
292 292 1209992 
293 293 1211934 
294 294 1213872 
295 295 1215812 
296 296 1217752 
297 297 1219694 
298 298 1221636 
299 299 1223576 
300 300 1225518 
301 301 1227458 
302 302 1229404 
303 303 1231346 
304 304 1233288 
305 305 1235228 
306 306 1237170 
307 307 1239114 
308 308 1241056 
309 309 1242998 
310 310 1244940 
311 311 1246880 
312 312 1248822 
313 313 1250764 
314 314 1252704 
315 315 1254646 
316 316 1256588 
317 317 1258530 
318 318 1260472 
319 319 1262412 
320 320 1264354 
321 321 1266292 
322 322 1268232 
323 323 1270174 
324 324 1272116 
325 325 1274056 
326 326 1275998 
327 327 1277938 
328 328 1279880 
329 329 1281824 
330 330 1283766 
331 331 1285708 
332 332 1287650 
333 333 1289590 
334 334 1291532 
335 335 1293474 
336 336 1295414 
337 337 1297356 
338 338 1299298 
339 339 1301240 
340 340 1303182 
341 341 1305122 
342 342 1307064 
343 343 1309006 
344 344 1310948 
345 345 1312888 
346 346 1314830 
347 347 1316772 
348 348 1318714 
349 349 1320654 
350 350 1322596 
351 351 1324538 
352 352 1326480 
353 353 1328420 
354 354 1330362 
355 355 1332300 
356 356 1334240 
357 357 1336182 
358 358 1338124 
359 359 1340066 
360 360 1342008 
361 361 1343948 
362 362 1345890 
363 363 1347832 
364 364 1349774 
365 365 1351716 
366 366 1353656 
367 367 1355598 
368 368 1357540 
369 369 1359482 
370 370 1361424 
371 371 1363366 
372 372 1365306 
373 373 1367248 
374 374 1369190 
375 375 1371130 
376 376 1373072 
377 377 1375014 
378 378 1376954 
379 379 1378896 
380 380 1380838 
381 381 1382778 
382 382 1384720 
383 383 1386662 
384 384 1388608 
385 385 1390550 
386 386 1392492 
387 387 1394432 
388 388 1396374 
389 389 1398316 
390 390 1400258 
391 391 1402198 
392 392 1404140 
393 393 1406082 
394 394 1408024 
395 395 1409964 
396 396 1411906 
397 397 1413848 
398 398 1415788 
399 399 1417730 
400 400 1419672 
401 401 1421612 
402 402 1423554 
403 403 1425496 
404 404 1427438 
405 405 1429380 
406 406 1431320 
407 407 1433262 
408 408 1435204 
409 409 1437146 
410 410 1439088 
411 411 1441026 
412 412 1442966 
413 413 1444908 
414 414 1446850 
415 415 1448790 
416 416 1450732 
417 417 1452674 
418 418 1454614 
419 419 1456556 
420 420 1458496 
421 421 1460438 
422 422 1462380 
423 423 1464322 
424 424 1466264 
425 425 1468204 
426 426 1470146 
427 427 1472088 
428 428 1474030 
429 429 1475970 
430 430 1477912 
431 431 1479854 
432 432 1481796 
433 433 1483736 
434 434 1485678 
435 435 1487620 
436 436 1489560 
437 437 1491502 
438 438 1493442 
439 439 1495384 
440 440 1497328 
441 441 1499270 
442 442 1501210 
443 443 1503152 
444 444 1505092 
445 445 1507034 
446 446 1508976 
447 447 1510916 
448 448 1512858 
449 449 1514800 
450 450 1516740 
451 451 1518682 
452 452 1520622 
453 453 1522564 
454 454 1524504 
455 455 1526446 
456 456 1528386 
457 457 1530328 
458 458 1532270 
459 459 1534210 
460 460 1536152 
461 461 1538092 
462 462 1540034 
463 463 1541974 
464 464 1543916 
465 465 1545858 
466 466 1547798 
467 467 1549736 
468 468 1551676 
469 469 1553618 
470 470 1555558 
471 471 1557500 
472 472 1559442 
473 473 1561382 
474 474 1563324 
475 475 1565266 
476 476 1567206 
477 477 1569148 
478 478 1571088 
479 479 1573030 
480 480 1574972 
481 481 1576914 
482 482 1578854 
483 483 1580796 
484 484 1582738 
485 485 1584678 
486 486 1586620 
487 487 1588562 
488 488 1590504 
489 489 1592444 
490 490 1594386 
491 491 1596328 
492 492 1598268 
493 493 1600210 
494 494 1602152 
495 495 1604092 
496 496 1606038 
497 497 1607980 
498 498 1609920 
499 499 1611862 
500 500 1613804 
501 501 1615746 
502 502 1617688 
503 503 1619630 
504 504 1621570 
505 505 1623512 
506 506 1625454 
507 507 1627396 
508 508 1629338 
509 509 1631280 
510 510 1633222 
511 511 1635162 
512 512 1637104 
513 513 1639046 
514 514 1640988 
515 515 1642930 
516 516 1644872 
517 517 1646812 
518 518 1648754 
519 519 1650696 
520 520 1652638 
521 521 1654578 
522 522 1656518 
523 523 1658458 
524 524 1660400 
525 525 1662342 
526 526 1664282 
527 527 1666224 
528 528 1668164 
529 529 1670106 
530 530 1672048 
531 531 1673990 
532 532 1675932 
533 533 1677872 
534 534 1679814 
535 535 1681756 
536 536 1683698 
537 537 1685638 
538 538 1687580 
539 539 1689522 
540 540 1691464 
541 541 1693404 
542 542 1695346 
543 543 1697288 
544 544 1699228 
545 545 1701170 
546 546 1703112 
547 547 1705054 
548 548 1706996 
549 549 1708938 
550 550 1710878 
551 551 1712822 
552 552 1714764 
553 553 1716706 
554 554 1718648 
555 555 1720588 
556 556 1722530 
557 557 1724472 
558 558 1726412 
559 559 1728354 
560 560 1730296 
561 561 1732238 
562 562 1734178 
563 563 1736120 
564 564 1738062 
565 565 1740004 
566 566 1741944 
567 567 1743886 
568 568 1745828 
569 569 1747770 
570 570 1749712 
571 571 1751652 
572 572 1753594 
573 573 1755536 
574 574 1757478 
575 575 1759420 
576 576 1761360 
577 577 1763302 
578 578 1765244 
579 579 1767184 
580 580 1769126 
581 581 1771066 
582 582 1773008 
583 583 1774950 
584 584 1776890 
585 585 1778832 
586 586 1780774 
587 587 1782716 
588 588 1784656 
589 589 1786598 
590 590 1788540 
591 591 1790482 
592 592 1792424 
593 593 1794364 
594 594 1796306 
595 595 1798244 
596 596 1800184 
597 597 1802126 
598 598 1804066 
599 599 1806008 
600 600 1807950 
601 601 1809892 
602 602 1811832 
603 603 1813774 
604 604 1815716 
605 605 1817658 
606 606 1819598 
607 607 1821540 
608 608 1823482 
609 609 1825422 
610 610 1827364 
611 611 1829308 
612 612 1831250 
613 613 1833192 
614 614 1835134 
615 615 1837074 
616 616 1839016 
617 617 1840958 
618 618 1842898 
619 619 1844840 
620 620 1846782 
621 621 1848720 
622 622 1850660 
623 623 1852602 
624 624 1854542 
625 625 1856486 
626 626 1858428 
627 627 1860370 
628 628 1862310 
629 629 1864252 
630 630 1866192 
631 631 1868134 
632 632 1870076 
633 633 1872016 
634 634 1873958 
635 635 1875900 
636 636 1877840 
637 637 1879782 
638 638 1881724 
639 639 1883666 
640 640 1885608 
641 641 1887548 
642 642 1889490 
643 643 1891432 
644 644 1893370 
645 645 1895310 
646 646 1897252 
647 647 1899196 
648 648 1901140 
649 649 1903080 
650 650 1905022 
651 651 1906964 
652 652 1908906 
653 653 1910848 
654 654 1912790 
655 655 1914732 
656 656 1916672 
657 657 1918614 
658 658 1920556 
659 659 1922498 
660 660 1924440 
661 661 1926382 
662 662 1928322 
663 663 1930264 
664 664 1932206 
665 665 1934148 
666 666 1936088 
667 667 1938030 
668 668 1939972 
669 669 1941914 
670 670 1943854 
671 671 1945796 
672 672 1947738 
673 673 1949676 
674 674 1951616 
675 675 1953562 
676 676 1955504 
677 677 1957442 
678 678 1959386 
679 679 1961328 
680 680 1963268 
681 681 1965210 
682 682 1967152 
683 683 1969094 
684 684 1971036 
685 685 1972976 
686 686 1974918 
687 687 1976860 
688 688 1978802 
689 689 1980744 
690 690 1982684 
691 691 1984626 
692 692 1986568 
693 693 1988510 
694 694 1990450 
695 695 1992392 
696 696 1994334 
697 697 1996276 
698 698 1998218 
699 699 2000160 
700 700 2002100 
701 701 2004042 
702 702 2005984 
703 703 2007926 
704 704 2009868 
705 705 2011810 
706 706 2013750 
707 707 2015692 
708 708 2017634 
709 709 2019574 
710 710 2021514 
711 711 2023454 
712 712 2025396 
713 713 2027336 
714 714 2029278 
715 715 2031222 
716 716 2033164 
717 717 2035106 
718 718 2037048 
719 719 2038988 
720 720 2040930 
721 721 2042872 
722 722 2044812 
723 723 2046754 
724 724 2048696 
725 725 2050638 
726 726 2052578 
727 727 2054520 
728 728 2056462 
729 729 2058404 
730 730 2060346 
731 731 2062288 
732 732 2064228 
733 733 2066170 
734 734 2068112 
735 735 2070054 
736 736 2071996 
737 737 2073936 
738 738 2075878 
739 739 2077820 
740 740 2079762 
741 741 2081702 
742 742 2083644 
743 743 2085586 
744 744 2087528 
745 745 2089468 
746 746 2091410 
747 747 2093352 
748 748 2095294 
749 749 2097234 
750 750 2099176 
751 751 2101118 
752 752 2103058 
753 753 2105000 
754 754 2106942 
755 755 2108884 
756 756 2110824 
757 757 2112766 
758 758 2114708 
759 759 2116648 
760 760 2118590 
761 761 2120532 
762 762 2122472 
763 763 2124414 
764 764 2126356 
765 765 2128298 
766 766 2130238 
767 767 2132180 
768 768 2134122 
769 769 2136064 
770 770 2138006 
771 771 2139946 
772 772 2141888 
773 773 2143830 
774 774 2145772 
775 775 2147714 
776 776 2149654 
777 777 2151596 
778 778 2153538 
779 779 2155480 
780 780 2157422 
781 781 2159364 
782 782 2161304 
783 783 2163246 
784 784 2165188 
785 785 2167130 
786 786 2169072 
787 787 2171012 
788 788 2172954 
789 789 2174896 
790 790 2176836 
791 791 2178778 
792 792 2180718 
793 793 2182660 
794 794 2184602 
795 795 2186540 
796 796 2188480 
797 797 2190422 
798 798 2192364 
799 799 2194304 
800 800 2196246 
801 801 2198188 
802 802 2200132 
803 803 2202074 
804 804 2204016 
805 805 2205956 
806 806 2207898 
807 807 2209838 
808 808 2211780 
809 809 2213722 
810 810 2215662 
811 811 2217604 
812 812 2219546 
813 813 2221486 
814 814 2223430 
815 815 2225372 
816 816 2227314 
817 817 2229256 
818 818 2231198 
819 819 2233138 
820 820 2235080 
821 821 2237022 
822 822 2238964 
823 823 2240904 
824 824 2242846 
825 825 2244788 
826 826 2246730 
827 827 2248670 
828 828 2250612 
829 829 2252554 
830 830 2254496 
831 831 2256436 
832 832 2258378 
833 833 2260320 
834 834 2262262 
835 835 2264204 
836 836 2266144 
837 837 2268084 
838 838 2270026 
839 839 2271968 
840 840 2273910 
841 841 2275852 
842 842 2277794 
843 843 2279734 
844 844 2281676 
845 845 2283618 
846 846 2285560 
847 847 2287500 
848 848 2289442 
849 849 2291384 
850 850 2293326 
851 851 2295268 
852 852 2297206 
853 853 2299150 
854 854 2301092 
855 855 2303034 
856 856 2304974 
857 857 2306916 
858 858 2308856 
859 859 2310800 
860 860 2312742 
861 861 2314680 
862 862 2316624 
863 863 2318566 
864 864 2320504 
865 865 2322448 
866 866 2324390 
867 867 2326332 
868 868 2328274 
869 869 2330214 
870 870 2332154 
871 871 2334090 
872 872 2336034 
873 873 2337978 
874 874 2339922 
875 875 2341864 
876 876 2343806 
877 877 2345748 
878 878 2347686 
879 879 2349626 
880 880 2351570 
881 881 2353512 
882 882 2355450 
883 883 2357392 
884 884 2359336 
885 885 2361278 
886 886 2363220 
887 887 2365158 
888 888 2367102 
889 889 2369038 
890 890 2370982 
891 891 2372926 
892 892 2374864 
893 893 2376802 
894 894 2378746 
895 895 2380688 
896 896 2382628 
897 897 2384566 
898 898 2386510 
899 899 2388452 
900 900 2390394 
901 901 2392334 
902 902 2394276 
903 903 2396216 
904 904 2398158 
905 905 2400100 
906 906 2402040 
907 907 2403982 
908 908 2405922 
909 909 2407864 
910 910 2409804 
911 911 2411746 
912 912 2413686 
913 913 2415624 
914 914 2417566 
915 915 2419508 
916 916 2421448 
917 917 2423390 
918 918 2425332 
919 919 2427272 
920 920 2429212 
921 921 2431154 
922 922 2433094 
923 923 2435034 
924 924 2436972 
925 925 2438912 
926 926 2440854 
927 927 2442794 
928 928 2444736 
929 929 2446676 
930 930 2448618 
931 931 2450556 
932 932 2452496 
933 933 2454436 
934 934 2456378 
935 935 2458320 
936 936 2460260 
937 937 2462204 
938 938 2464146 
939 939 2466088 
940 940 2468030 
941 941 2469972 
942 942 2471912 
943 943 2473854 
944 944 2475796 
945 945 2477736 
946 946 2479678 
947 947 2481620 
948 948 2483564 
949 949 2485506 
950 950 2487448 
951 951 2489388 
952 952 2491330 
953 953 2493272 
954 954 2495212 
955 955 2497154 
956 956 2499094 
957 957 2501036 
958 958 2502978 
959 959 2504918 
960 960 2506860 
961 961 2508802 
962 962 2510742 
963 963 2512684 
964 964 2514624 
965 965 2516566 
966 966 2518508 
967 967 2520448 
968 968 2522390 
969 969 2524332 
970 970 2526274 
971 971 2528216 
972 972 2530156 
973 973 2532098 
974 974 2534040 
975 975 2535982 
976 976 2537922 
977 977 2539864 
978 978 2541806 
979 979 2543748 
980 980 2545690 
981 981 2547632 
982 982 2549572 
983 983 2551514 
984 984 2553456 
985 985 2555398 
986 986 2557338 
987 987 2559280 
988 988 2561222 
989 989 2563162 
990 990 2565104 
991 991 2567046 
992 992 2568988 
993 993 2570928 
994 994 2572870 
995 995 2574812 
996 996 2576754 
997 997 2578694 
998 998 2580636 
999 999 2582576 
1000 1000 2584518 
1001 1001 2586460 
1002 1002 2588400 
1003 1003 2590342 
1004 1004 2592282 
1005 1005 2594224 
1006 1006 2596166 
1007 1007 2598108 
1008 1008 2600048 
1009 1009 2601992 
1010 1010 2603932 
1011 1011 2605874 
1012 1012 2607816 
1013 1013 2609758 
1014 1014 2611700 
1015 1015 2613640 
1016 1016 2615582 
1017 1017 2617524 
1018 1018 2619464 
1019 1019 2621406 
1020 1020 2623348 
1021 1021 2625290 
1022 1022 2627232 
1023 1023 2629174 
1024 1024 2631116 
1025 1025 2633058 
1026 1026 2634998 
1027 1027 2636940 
1028 1028 2638882 
1029 1029 2640822 
1030 1030 2642764 
1031 1031 2644706 
1032 1032 2646648 
1033 1033 2648588 
1034 1034 2650530 
1035 1035 2652472 
1036 1036 2654412 
1037 1037 2656354 
1038 1038 2658294 
1039 1039 2660236 
1040 1040 2662178 
1041 1041 2664120 
1042 1042 2666062 
1043 1043 2668002 
1044 1044 2669944 
1045 1045 2671886 
1046 1046 2673826 
1047 1047 2675768 
1048 1048 2677710 
1049 1049 2679650 
1050 1050 2681592 
1051 1051 2683534 
1052 1052 2685476 
1053 1053 2687416 
1054 1054 2689358 
1055 1055 2691300 
1056 1056 2693240 
1057 1057 2695182 
1058 1058 2697124 
1059 1059 2699064 
1060 1060 2701006 
1061 1061 2702948 
1062 1062 2704888 
1063 1063 2706830 
1064 1064 2708770 
1065 1065 2710712 
1066 1066 2712654 
1067 1067 2714596 
1068 1068 2716538 
1069 1069 2718478 
1070 1070 2720420 
1071 1071 2722362 
1072 1072 2724304 
1073 1073 2726244 
1074 1074 2728186 
1075 1075 2730128 
1076 1076 2732070 
1077 1077 2734012 
1078 1078 2735954 
1079 1079 2737896 
1080 1080 2739836 
1081 1081 2741778 
1082 1082 2743720 
1083 1083 2745662 
1084 1084 2747604 
1085 1085 2749544 
1086 1086 2751486 
1087 1087 2753428 
1088 1088 2755370 
1089 1089 2757312 
1090 1090 2759254 
1091 1091 2761194 
1092 1092 2763136 
1093 1093 2765078 
1094 1094 2767018 
1095 1095 2768960 
1096 1096 2770900 
1097 1097 2772842 
1098 1098 2774784 
1099 1099 2776726 
1100 1100 2778666 
1101 1101 2780608 
1102 1102 2782550 
1103 1103 2784492 
1104 1104 2786432 
1105 1105 2788374 
1106 1106 2790316 
1107 1107 2792258 
1108 1108 2794198 
1109 1109 2796140 
1110 1110 2798082 
1111 1111 2800024 
1112 1112 2801966 
1113 1113 2803906 
1114 1114 2805848 
1115 1115 2807790 
1116 1116 2809732 
1117 1117 2811672 
1118 1118 2813614 
1119 1119 2815556 
1120 1120 2817496 
1121 1121 2819438 
1122 1122 2821378 
1123 1123 2823320 
1124 1124 2825260 
1125 1125 2827202 
1126 1126 2829142 
1127 1127 2831084 
1128 1128 2833024 
1129 1129 2834966 
1130 1130 2836906 
1131 1131 2838848 
1132 1132 2840788 
1133 1133 2842730 
1134 1134 2844670 
1135 1135 2846612 
1136 1136 2848554 
1137 1137 2850494 
1138 1138 2852436 
1139 1139 2854378 
1140 1140 2856320 
1141 1141 2858262 
1142 1142 2860202 
1143 1143 2862144 
1144 1144 2864086 
1145 1145 2866026 
1146 1146 2867968 
1147 1147 2869910 
1148 1148 2871852 
1149 1149 2873792 
1150 1150 2875734 
1151 1151 2877676 
1152 1152 2879618 
1153 1153 2881560 
1154 1154 2883502 
1155 1155 2885444 
1156 1156 2887384 
1157 1157 2889326 
1158 1158 2891266 
1159 1159 2893210 
1160 1160 2895152 
1161 1161 2897094 
1162 1162 2899036 
1163 1163 2900976 
1164 1164 2902918 
1165 1165 2904860 
1166 1166 2906802 
1167 1167 2908744 
1168 1168 2910686 
1169 1169 2912628 
1170 1170 2914570 
1171 1171 2916510 
1172 1172 2918452 
1173 1173 2920394 
1174 1174 2922336 
1175 1175 2924278 
1176 1176 2926218 
1177 1177 2928160 
1178 1178 2930102 
1179 1179 2932044 
1180 1180 2933986 
1181 1181 2935924 
1182 1182 2937868 
1183 1183 2939810 
1184 1184 2941752 
1185 1185 2943690 
1186 1186 2945632 
1187 1187 2947572 
1188 1188 2949514 
1189 1189 2951456 
1190 1190 2953402 
1191 1191 2955344 
1192 1192 2957286 
1193 1193 2959228 
1194 1194 2961168 
1195 1195 2963110 
1196 1196 2965052 
1197 1197 2966994 
1198 1198 2968936 
1199 1199 2970878 
1200 1200 2972820 
1201 1201 2974760 
1202 1202 2976702 
1203 1203 2978642 
1204 1204 2980582 
1205 1205 2982524 
1206 1206 2984468 
1207 1207 2986410 
1208 1208 2988350 
1209 1209 2990290 
1210 1210 2992232 
1211 1211 2994174 
1212 1212 2996116 
1213 1213 2998058 
1214 1214 2999998 
1215 1215 3001940 
1216 1216 3003884 
1217 1217 3005826 
1218 1218 3007768 
1219 1219 3009710 
1220 1220 3011652 
1221 1221 3013594 
1222 1222 3015534 
1223 1223 3017476 
1224 1224 3019416 
1225 1225 3021358 
1226 1226 3023300 
1227 1227 3025242 
1228 1228 3027182 
1229 1229 3029120 
1230 1230 3031064 
1231 1231 3033006 
1232 1232 3034944 
1233 1233 3036888 
1234 1234 3038828 
1235 1235 3040768 
1236 1236 3042714 
1237 1237 3044656 
1238 1238 3046596 
1239 1239 3048538 
1240 1240 3050480 
1241 1241 3052422 
1242 1242 3054362 
1243 1243 3056304 
1244 1244 3058246 
1245 1245 3060188 
1246 1246 3062130 
1247 1247 3064070 
1248 1248 3066012 
1249 1249 3067954 
1250 1250 3069894 
1251 1251 3071836 
1252 1252 3073778 
1253 1253 3075718 
1254 1254 3077660 
1255 1255 3079602 
1256 1256 3081544 
1257 1257 3083484 
1258 1258 3085426 
1259 1259 3087368 
1260 1260 3089306 
1261 1261 3091248 
1262 1262 3093192 
1263 1263 3095132 
1264 1264 3097074 
1265 1265 3099016 
1266 1266 3100956 
1267 1267 3102898 
1268 1268 3104838 
1269 1269 3106780 
1270 1270 3108720 
1271 1271 3110662 
1272 1272 3112602 
1273 1273 3114544 
1274 1274 3116486 
1275 1275 3118426 
1276 1276 3120368 
1277 1277 3122310 
1278 1278 3124250 
1279 1279 3126192 
1280 1280 3128134 
1281 1281 3130074 
1282 1282 3132016 
1283 1283 3133956 
1284 1284 3135898 
1285 1285 3137840 
1286 1286 3139780 
1287 1287 3141722 
1288 1288 3143664 
1289 1289 3145604 
1290 1290 3147546 
1291 1291 3149488 
1292 1292 3151430 
1293 1293 3153370 
1294 1294 3155312 
1295 1295 3157254 
1296 1296 3159194 
1297 1297 3161136 
1298 1298 3163076 
1299 1299 3165018 
1300 1300 3166960 
1301 1301 3168900 
1302 1302 3170842 
1303 1303 3172784 
1304 1304 3174724 
1305 1305 3176666 
1306 1306 3178608 
1307 1307 3180548 
1308 1308 3182490 
1309 1309 3184432 
1310 1310 3186374 
1311 1311 3188312 
1312 1312 3190252 
1313 1313 3192194 
1314 1314 3194136 
1315 1315 3196076 
1316 1316 3198018 
1317 1317 3199960 
1318 1318 3201902 
1319 1319 3203844 
1320 1320 3205788 
1321 1321 3207730 
1322 1322 3209672 
1323 1323 3211614 
1324 1324 3213556 
1325 1325 3215498 
1326 1326 3217440 
1327 1327 3219380 
1328 1328 3221322 
1329 1329 3223264 
1330 1330 3225204 
1331 1331 3227146 
1332 1332 3229088 
1333 1333 3231030 
1334 1334 3232972 
1335 1335 3234912 
1336 1336 3236854 
1337 1337 3238796 
1338 1338 3240738 
1339 1339 3242678 
1340 1340 3244620 
1341 1341 3246562 
1342 1342 3248502 
1343 1343 3250444 
1344 1344 3252384 
1345 1345 3254326 
1346 1346 3256266 
1347 1347 3258204 
1348 1348 3260148 
1349 1349 3262086 
1350 1350 3264028 
1351 1351 3265968 
1352 1352 3267910 
1353 1353 3269850 
1354 1354 3271792 
1355 1355 3273732 
1356 1356 3275678 
1357 1357 3277616 
1358 1358 3279558 
1359 1359 3281496 
1360 1360 3283440 
1361 1361 3285386 
1362 1362 3287324 
1363 1363 3289268 
1364 1364 3291208 
1365 1365 3293148 
1366 1366 3295094 
1367 1367 3297032 
1368 1368 3298974 
1369 1369 3300918 
1370 1370 3302860 
1371 1371 3304798 
1372 1372 3306738 
1373 1373 3308680 
1374 1374 3310624 
1375 1375 3312564 
1376 1376 3314506 
1377 1377 3316442 
1378 1378 3318382 
1379 1379 3320328 
1380 1380 3322270 
1381 1381 3324212 
1382 1382 3326154 
1383 1383 3328094 
1384 1384 3330034 
1385 1385 3331976 
1386 1386 3333916 
1387 1387 3335858 
1388 1388 3337798 
1389 1389 3339740 
1390 1390 3341678 
1391 1391 3343618 
1392 1392 3345560 
1393 1393 3347504 
1394 1394 3349442 
1395 1395 3351382 
1396 1396 3353326 
1397 1397 3355268 
1398 1398 3357210 
1399 1399 3359152 
1400 1400 3361092 
1401 1401 3363034 
1402 1402 3364974 
1403 1403 3366916 
1404 1404 3368856 
1405 1405 3370798 
1406 1406 3372740 
1407 1407 3374680 
1408 1408 3376620 
1409 1409 3378562 
1410 1410 3380502 
1411 1411 3382442 
1412 1412 3384386 
1413 1413 3386330 
1414 1414 3388272 
1415 1415 3390214 
1416 1416 3392154 
1417 1417 3394094 
1418 1418 3396038 
1419 1419 3397976 
1420 1420 3399918 
1421 1421 3401858 
1422 1422 3403800 
1423 1423 3405740 
1424 1424 3407682 
1425 1425 3409624 
1426 1426 3411564 
1427 1427 3413506 
1428 1428 3415448 
1429 1429 3417392 
1430 1430 3419334 
1431 1431 3421276 
1432 1432 3423216 
1433 1433 3425158 
1434 1434 3427098 
1435 1435 3429040 
1436 1436 3430980 
1437 1437 3432922 
1438 1438 3434864 
1439 1439 3436804 
1440 1440 3438746 
1441 1441 3440686 
1442 1442 3442628 
1443 1443 3444570 
1444 1444 3446512 
1445 1445 3448450 
1446 1446 3450390 
1447 1447 3452332 
1448 1448 3454274 
1449 1449 3456218 
1450 1450 3458162 
1451 1451 3460104 
1452 1452 3462042 
1453 1453 3463982 
1454 1454 3465924 
1455 1455 3467866 
1456 1456 3469806 
1457 1457 3471748 
1458 1458 3473690 
1459 1459 3475632 
1460 1460 3477574 
1461 1461 3479516 
1462 1462 3481456 
1463 1463 3483398 
1464 1464 3485340 
1465 1465 3487282 
1466 1466 3489222 
1467 1467 3491164 
1468 1468 3493106 
1469 1469 3495046 
1470 1470 3496988 
1471 1471 3498930 
1472 1472 3500872 
1473 1473 3502812 
1474 1474 3504754 
1475 1475 3506696 
1476 1476 3508638 
1477 1477 3510578 
1478 1478 3512520 
1479 1479 3514462 
1480 1480 3516402 
1481 1481 3518344 
1482 1482 3520286 
1483 1483 3522226 
1484 1484 3524168 
1485 1485 3526110 
1486 1486 3528048 
1487 1487 3529988 
1488 1488 3531936 
1489 1489 3533880 
1490 1490 3535822 
1491 1491 3537764 
1492 1492 3539702 
1493 1493 3541646 
1494 1494 3543584 
1495 1495 3545526 
1496 1496 3547470 
1497 1497 3549412 
1498 1498 3551354 
1499 1499 3553296 
1500 1500 3555238 
1501 1501 3557178 
1502 1502 3559120 
1503 1503 3561062 
1504 1504 3563002 
1505 1505 3564940 
1506 1506 3566882 
1507 1507 3568822 
1508 1508 3570764 
1509 1509 3572706 
1510 1510 3574646 
1511 1511 3576588 
1512 1512 3578530 
1513 1513 3580468 
1514 1514 3582408 
1515 1515 3584350 
1516 1516 3586290 
1517 1517 3588232 
1518 1518 3590176 
1519 1519 3592118 
1520 1520 3594060 
1521 1521 3596000 
1522 1522 3597942 
1523 1523 3599884 
1524 1524 3601824 
1525 1525 3603766 
1526 1526 3605708 
1527 1527 3607650 
1528 1528 3609590 
1529 1529 3611532 
1530 1530 3613474 
1531 1531 3615416 
1532 1532 3617356 
1533 1533 3619298 
1534 1534 3621240 
1535 1535 3623182 
1536 1536 3625122 
1537 1537 3627064 
1538 1538 3629006 
1539 1539 3630948 
1540 1540 3632890 
1541 1541 3634830 
1542 1542 3636772 
1543 1543 3638714 
1544 1544 3640656 
1545 1545 3642596 
1546 1546 3644538 
1547 1547 3646480 
1548 1548 3648424 
1549 1549 3650366 
1550 1550 3652306 
1551 1551 3654248 
1552 1552 3656190 
1553 1553 3658132 
1554 1554 3660074 
1555 1555 3662016 
1556 1556 3663954 
1557 1557 3665894 
1558 1558 3667836 
1559 1559 3669778 
1560 1560 3671720 
1561 1561 3673662 
1562 1562 3675602 
1563 1563 3677544 
1564 1564 3679486 
1565 1565 3681426 
1566 1566 3683368 
1567 1567 3685310 
1568 1568 3687250 
1569 1569 3689192 
1570 1570 3691134 
1571 1571 3693076 
1572 1572 3695018 
1573 1573 3696958 
1574 1574 3698900 
1575 1575 3700842 
1576 1576 3702784 
1577 1577 3704726 
1578 1578 3706668 
1579 1579 3708610 
1580 1580 3710550 
1581 1581 3712492 
1582 1582 3714434 
1583 1583 3716376 
1584 1584 3718316 
1585 1585 3720258 
1586 1586 3722200 
1587 1587 3724142 
1588 1588 3726084 
1589 1589 3728026 
1590 1590 3729968 
1591 1591 3731908 
1592 1592 3733850 
1593 1593 3735792 
1594 1594 3737734 
1595 1595 3739676 
1596 1596 3741618 
1597 1597 3743560 
1598 1598 3745500 
1599 1599 3747442 
1600 1600 3749384 
1601 1601 3751326 
1602 1602 3753268 
1603 1603 3755210 
1604 1604 3757152 
1605 1605 3759094 
1606 1606 3761036 
1607 1607 3762976 
1608 1608 3764918 
1609 1609 3766860 
1610 1610 3768806 
1611 1611 3770746 
1612 1612 3772690 
1613 1613 3774632 
1614 1614 3776574 
1615 1615 3778516 
1616 1616 3780458 
1617 1617 3782398 
1618 1618 3784338 
1619 1619 3786278 
1620 1620 3788220 
1621 1621 3790162 
1622 1622 3792104 
1623 1623 3794046 
1624 1624 3795990 
1625 1625 3797932 
1626 1626 3799874 
1627 1627 3801816 
1628 1628 3803758 
1629 1629 3805700 
1630 1630 3807642 
1631 1631 3809584 
1632 1632 3811526 
1633 1633 3813468 
1634 1634 3815410 
1635 1635 3817352 
1636 1636 3819294 
1637 1637 3821236 
1638 1638 3823178 
1639 1639 3825120 
1640 1640 3827062 
1641 1641 3829004 
1642 1642 3830946 
1643 1643 3832888 
1644 1644 3834830 
1645 1645 3836772 
1646 1646 3838714 
1647 1647 3840656 
1648 1648 3842598 
1649 1649 3844540 
1650 1650 3846480 
1651 1651 3848422 
1652 1652 3850364 
1653 1653 3852306 
1654 1654 3854248 
1655 1655 3856190 
1656 1656 3858130 
1657 1657 3860072 
1658 1658 3862014 
1659 1659 3863956 
1660 1660 3865898 
1661 1661 3867840 
1662 1662 3869782 
1663 1663 3871724 
1664 1664 3873666 
1665 1665 3875608 
1666 1666 3877550 
1667 1667 3879492 
1668 1668 3881434 
1669 1669 3883376 
1670 1670 3885318 
1671 1671 3887260 
1672 1672 3889202 
1673 1673 3891144 
1674 1674 3893086 
1675 1675 3895028 
1676 1676 3896972 
1677 1677 3898914 
1678 1678 3900856 
1679 1679 3902796 
1680 1680 3904738 
1681 1681 3906680 
1682 1682 3908622 
1683 1683 3910564 
1684 1684 3912506 
1685 1685 3914448 
1686 1686 3916392 
1687 1687 3918334 
1688 1688 3920276 
1689 1689 3922218 
1690 1690 3924160 
1691 1691 3926102 
1692 1692 3928044 
1693 1693 3929984 
1694 1694 3931926 
1695 1695 3933868 
1696 1696 3935810 
1697 1697 3937752 
1698 1698 3939694 
1699 1699 3941636 
1700 1700 3943578 
1701 1701 3945520 
1702 1702 3947462 
1703 1703 3949404 
1704 1704 3951346 
1705 1705 3953288 
1706 1706 3955230 
1707 1707 3957172 
1708 1708 3959114 
1709 1709 3961056 
1710 1710 3962998 
1711 1711 3964940 
1712 1712 3966882 
1713 1713 3968824 
1714 1714 3970766 
1715 1715 3972708 
1716 1716 3974650 
1717 1717 3976592 
1718 1718 3978534 
1719 1719 3980476 
1720 1720 3982418 
1721 1721 3984360 
1722 1722 3986300 
1723 1723 3988244 
1724 1724 3990184 
1725 1725 3992126 
1726 1726 3994068 
1727 1727 3996010 
1728 1728 3997952 
1729 1729 3999894 
1730 1730 4001836 
1731 1731 4003778 
1732 1732 4005720 
1733 1733 4007662 
1734 1734 4009602 
1735 1735 4011544 
1736 1736 4013486 
1737 1737 4015428 
1738 1738 4017370 
1739 1739 4019312 
1740 1740 4021254 
1741 1741 4023196 
1742 1742 4025138 
1743 1743 4027080 
1744 1744 4029022 
1745 1745 4030964 
1746 1746 4032906 
1747 1747 4034848 
1748 1748 4036790 
1749 1749 4038732 
1750 1750 4040674 
1751 1751 4042616 
1752 1752 4044558 
1753 1753 4046500 
1754 1754 4048442 
1755 1755 4050384 
1756 1756 4052328 
1757 1757 4054272 
1758 1758 4056214 
1759 1759 4058154 
1760 1760 4060096 
1761 1761 4062038 
1762 1762 4063980 
1763 1763 4065922 
1764 1764 4067864 
1765 1765 4069806 
1766 1766 4071748 
1767 1767 4073690 
1768 1768 4075632 
1769 1769 4077574 
1770 1770 4079518 
1771 1771 4081458 
1772 1772 4083400 
1773 1773 4085342 
1774 1774 4087284 
1775 1775 4089226 
1776 1776 4091168 
1777 1777 4093110 
1778 1778 4095048 
1779 1779 4096990 
1780 1780 4098932 
1781 1781 4100876 
1782 1782 4102818 
1783 1783 4104762 
1784 1784 4106704 
1785 1785 4108646 
1786 1786 4110588 
1787 1787 4112530 
1788 1788 4114472 
1789 1789 4116414 
1790 1790 4118356 
1791 1791 4120298 
1792 1792 4122240 
1793 1793 4124182 
1794 1794 4126120 
1795 1795 4128062 
1796 1796 4130006 
1797 1797 4131946 
1798 1798 4133890 
1799 1799 4135834 
1800 1800 4137772 
1801 1801 4139716 
1802 1802 4141658 
1803 1803 4143600 
1804 1804 4145542 
1805 1805 4147484 
1806 1806 4149424 
1807 1807 4151366 
1808 1808 4153308 
1809 1809 4155250 
1810 1810 4157192 
1811 1811 4159132 
1812 1812 4161074 
1813 1813 4163016 
1814 1814 4164954 
1815 1815 4166896 
1816 1816 4168836 
1817 1817 4170778 
1818 1818 4172720 
1819 1819 4174666 
1820 1820 4176608 
1821 1821 4178548 
1822 1822 4180490 
1823 1823 4182432 
1824 1824 4184372 
1825 1825 4186314 
1826 1826 4188256 
1827 1827 4190198 
1828 1828 4192138 
1829 1829 4194080 
1830 1830 4196018 
1831 1831 4197962 
1832 1832 4199906 
1833 1833 4201846 
1834 1834 4203790 
1835 1835 4205732 
1836 1836 4207672 
1837 1837 4209616 
1838 1838 4211558 
1839 1839 4213500 
1840 1840 4215442 
1841 1841 4217384 
1842 1842 4219326 
1843 1843 4221268 
1844 1844 4223208 
1845 1845 4225150 
1846 1846 4227092 
1847 1847 4229034 
1848 1848 4230976 
1849 1849 4232918 
1850 1850 4234860 
1851 1851 4236802 
1852 1852 4238742 
1853 1853 4240684 
1854 1854 4242626 
1855 1855 4244568 
1856 1856 4246508 
1857 1857 4248448 
1858 1858 4250388 
1859 1859 4252330 
1860 1860 4254272 
1861 1861 4256212 
1862 1862 4258158 
1863 1863 4260100 
1864 1864 4262042 
1865 1865 4263984 
1866 1866 4265926 
1867 1867 4267868 
1868 1868 4269808 
1869 1869 4271750 
1870 1870 4273692 
1871 1871 4275634 
1872 1872 4277576 
1873 1873 4279518 
1874 1874 4281460 
1875 1875 4283402 
1876 1876 4285344 
1877 1877 4287284 
1878 1878 4289226 
1879 1879 4291168 
1880 1880 4293110 
1881 1881 4295052 
1882 1882 4296994 
1883 1883 4298936 
1884 1884 4300876 
1885 1885 4302818 
1886 1886 4304760 
1887 1887 4306702 
1888 1888 4308644 
1889 1889 4310586 
1890 1890 4312528 
1891 1891 4314470 
1892 1892 4316412 
1893 1893 4318354 
1894 1894 4320296 
1895 1895 4322238 
1896 1896 4324178 
1897 1897 4326120 
1898 1898 4328062 
1899 1899 4330002 
1900 1900 4331944 
1901 1901 4333884 
1902 1902 4335826 
1903 1903 4337768 
1904 1904 4339708 
1905 1905 4341650 
1906 1906 4343592 
1907 1907 4345532 
1908 1908 4347474 
1909 1909 4349416 
1910 1910 4351358 
1911 1911 4353300 
1912 1912 4355240 
1913 1913 4357182 
1914 1914 4359124 
1915 1915 4361066 
1916 1916 4363006 
1917 1917 4364948 
1918 1918 4366890 
1919 1919 4368832 
1920 1920 4370772 
1921 1921 4372714 
1922 1922 4374656 
1923 1923 4376598 
1924 1924 4378540 
1925 1925 4380480 
1926 1926 4382422 
1927 1927 4384364 
1928 1928 4386306 
1929 1929 4388248 
1930 1930 4390188 
1931 1931 4392130 
1932 1932 4394072 
1933 1933 4396014 
1934 1934 4397956 
1935 1935 4399898 
1936 1936 4401840 
1937 1937 4403782 
1938 1938 4405724 
1939 1939 4407666 
1940 1940 4409606 
1941 1941 4411548 
1942 1942 4413490 
1943 1943 4415432 
1944 1944 4417374 
1945 1945 4419316 
1946 1946 4421258 
1947 1947 4423200 
1948 1948 4425142 
1949 1949 4427082 
1950 1950 4429022 
1951 1951 4430964 
1952 1952 4432908 
1953 1953 4434850 
1954 1954 4436790 
1955 1955 4438732 
1956 1956 4440674 
1957 1957 4442616 
1958 1958 4444556 
1959 1959 4446498 
1960 1960 4448440 
1961 1961 4450382 
1962 1962 4452322 
1963 1963 4454264 
1964 1964 4456206 
1965 1965 4458148 
1966 1966 4460088 
1967 1967 4462030 
1968 1968 4463972 
1969 1969 4465914 
1970 1970 4467854 
1971 1971 4469796 
1972 1972 4471738 
1973 1973 4473680 
1974 1974 4475622 
1975 1975 4477562 
1976 1976 4479504 
1977 1977 4481446 
1978 1978 4483388 
1979 1979 4485328 
1980 1980 4487270 
1981 1981 4489212 
1982 1982 4491154 
1983 1983 4493096 
1984 1984 4495038 
1985 1985 4496976 
1986 1986 4498920 
1987 1987 4500864 
1988 1988 4502804 
1989 1989 4504746 
1990 1990 4506688 
1991 1991 4508630 
1992 1992 4510572 
1993 1993 4512514 
1994 1994 4514456 
1995 1995 4516396 
1996 1996 4518338 
1997 1997 4520280 
1998 1998 4522222 
1999 1999 4524164 
2000 2000 4526106 
2001 2001 4528048 
2002 2002 4529990 
2003 2003 4531930 
2004 2004 4533872 
2005 2005 4535814 
2006 2006 4537756 
2007 2007 4539698 
2008 2008 4541640 
2009 2009 4543582 
2010 2010 4545524 
2011 2011 4547466 
2012 2012 4549408 
2013 2013 4551350 
2014 2014 4553290 
2015 2015 4555232 
2016 2016 4557174 
2017 2017 4559114 
2018 2018 4561056 
2019 2019 4562996 
2020 2020 4564938 
2021 2021 4566882 
2022 2022 4568824 
2023 2023 4570766 
2024 2024 4572706 
2025 2025 4574648 
2026 2026 4576590 
2027 2027 4578530 
2028 2028 4580472 
2029 2029 4582414 
2030 2030 4584356 
2031 2031 4586296 
2032 2032 4588238 
2033 2033 4590180 
2034 2034 4592120 
2035 2035 4594062 
2036 2036 4596004 
2037 2037 4597946 
2038 2038 4599888 
2039 2039 4601828 
2040 2040 4603770 
2041 2041 4605712 
2042 2042 4607654 
2043 2043 4609596 
2044 2044 4611536 
2045 2045 4613478 
2046 2046 4615420 
2047 2047 4617358 
2048 2048 4619304 
2049 2049 4621246 
2050 2050 4623188 
2051 2051 4625128 
2052 2052 4627070 
2053 2053 4629012 
2054 2054 4630954 
2055 2055 4632896 
2056 2056 4634836 
2057 2057 4636778 
2058 2058 4638718 
2059 2059 4640660 
2060 2060 4642600 
2061 2061 4644542 
2062 2062 4646484 
2063 2063 4648424 
2064 2064 4650366 
2065 2065 4652308 
2066 2066 4654250 
2067 2067 4656190 
2068 2068 4658128 
2069 2069 4660072 
2070 2070 4662014 
2071 2071 4663956 
2072 2072 4665896 
2073 2073 4667834 
2074 2074 4669778 
2075 2075 4671718 
2076 2076 4673662 
2077 2077 4675604 
2078 2078 4677544 
2079 2079 4679486 
2080 2080 4681428 
2081 2081 4683370 
2082 2082 4685312 
2083 2083 4687250 
2084 2084 4689194 
2085 2085 4691136 
2086 2086 4693076 
2087 2087 4695018 
2088 2088 4696956 
2089 2089 4698896 
2090 2090 4700838 
2091 2091 4702780 
2092 2092 4704724 
2093 2093 4706666 
2094 2094 4708608 
2095 2095 4710550 
2096 2096 4712492 
2097 2097 4714432 
2098 2098 4716372 
2099 2099 4718316 
2100 2100 4720258 
2101 2101 4722200 
2102 2102 4724142 
2103 2103 4726084 
2104 2104 4728024 
2105 2105 4729966 
2106 2106 4731906 
2107 2107 4733846 
2108 2108 4735788 
2109 2109 4737732 
2110 2110 4739676 
2111 2111 4741614 
2112 2112 4743558 
2113 2113 4745500 
2114 2114 4747442 
2115 2115 4749384 
2116 2116 4751324 
2117 2117 4753266 
2118 2118 4755208 
2119 2119 4757150 
2120 2120 4759092 
2121 2121 4761034 
2122 2122 4762974 
2123 2123 4764916 
2124 2124 4766858 
2125 2125 4768800 
2126 2126 4770742 
2127 2127 4772680 
2128 2128 4774624 
2129 2129 4776566 
2130 2130 4778504 
2131 2131 4780448 
2132 2132 4782390 
2133 2133 4784330 
2134 2134 4786274 
2135 2135 4788216 
2136 2136 4790158 
2137 2137 4792098 
2138 2138 4794038 
2139 2139 4795978 
2140 2140 4797922 
2141 2141 4799866 
2142 2142 4801806 
2143 2143 4803746 
2144 2144 4805686 
2145 2145 4807628 
2146 2146 4809572 
2147 2147 4811516 
2148 2148 4813456 
2149 2149 4815398 
2150 2150 4817340 
2151 2151 4819282 
2152 2152 4821222 
2153 2153 4823164 
2154 2154 4825106 
2155 2155 4827046 
2156 2156 4828988 
2157 2157 4830928 
2158 2158 4832870 
2159 2159 4834812 
2160 2160 4836750 
2161 2161 4838694 
2162 2162 4840634 
2163 2163 4842576 
2164 2164 4844516 
2165 2165 4846456 
2166 2166 4848402 
2167 2167 4850340 
2168 2168 4852280 
2169 2169 4854222 
2170 2170 4856166 
2171 2171 4858106 
2172 2172 4860048 
2173 2173 4861990 
2174 2174 4863934 
2175 2175 4865876 
2176 2176 4867814 
2177 2177 4869756 
2178 2178 4871700 
2179 2179 4873644 
2180 2180 4875584 
2181 2181 4877526 
2182 2182 4879468 
2183 2183 4881410 
2184 2184 4883350 
2185 2185 4885292 
2186 2186 4887234 
2187 2187 4889176 
2188 2188 4891118 
2189 2189 4893058 
2190 2190 4895000 
2191 2191 4896942 
2192 2192 4898884 
2193 2193 4900826 
2194 2194 4902768 
2195 2195 4904710 
2196 2196 4906650 
2197 2197 4908592 
2198 2198 4910536 
2199 2199 4912478 
2200 2200 4914420 
2201 2201 4916358 
2202 2202 4918300 
2203 2203 4920242 
2204 2204 4922182 
2205 2205 4924128 
2206 2206 4926070 
2207 2207 4928012 
2208 2208 4929954 
2209 2209 4931896 
2210 2210 4933838 
2211 2211 4935780 
2212 2212 4937722 
2213 2213 4939662 
2214 2214 4941604 
2215 2215 4943546 
2216 2216 4945488 
2217 2217 4947428 
2218 2218 4949370 
2219 2219 4951312 
2220 2220 4953254 
2221 2221 4955196 
2222 2222 4957136 
2223 2223 4959078 
2224 2224 4961020 
2225 2225 4962962 
2226 2226 4964902 
2227 2227 4966844 
2228 2228 4968786 
2229 2229 4970728 
2230 2230 4972670 
2231 2231 4974610 
2232 2232 4976548 
2233 2233 4978490 
2234 2234 4980432 
2235 2235 4982372 
2236 2236 4984314 
2237 2237 4986256 
2238 2238 4988196 
2239 2239 4990138 
2240 2240 4992080 
2241 2241 4994024 
2242 2242 4995966 
2243 2243 4997908 
2244 2244 4999850 
2245 2245 5001792 
2246 2246 5003732 
2247 2247 5005674 
2248 2248 5007616 
2249 2249 5009554 
2250 2250 5011498 
2251 2251 5013440 
2252 2252 5015382 
2253 2253 5017322 
2254 2254 5019264 
2255 2255 5021206 
2256 2256 5023146 
2257 2257 5025088 
2258 2258 5027030 
2259 2259 5028972 
2260 2260 5030914 
2261 2261 5032856 
2262 2262 5034796 
2263 2263 5036736 
2264 2264 5038676 
2265 2265 5040618 
2266 2266 5042558 
2267 2267 5044504 
2268 2268 5046446 
2269 2269 5048388 
2270 2270 5050330 
2271 2271 5052270 
2272 2272 5054212 
2273 2273 5056154 
2274 2274 5058096 
2275 2275 5060038 
2276 2276 5061980 
2277 2277 5063922 
2278 2278 5065864 
2279 2279 5067804 
2280 2280 5069746 
2281 2281 5071688 
2282 2282 5073630 
2283 2283 5075570 
2284 2284 5077512 
2285 2285 5079456 
2286 2286 5081396 
2287 2287 5083334 
2288 2288 5085276 
2289 2289 5087216 
2290 2290 5089158 
2291 2291 5091100 
2292 2292 5093042 
2293 2293 5094986 
2294 2294 5096928 
2295 2295 5098870 
2296 2296 5100812 
2297 2297 5102754 
2298 2298 5104696 
2299 2299 5106638 
2300 2300 5108576 
2301 2301 5110520 
2302 2302 5112462 
2303 2303 5114402 
2304 2304 5116344 
2305 2305 5118288 
2306 2306 5120228 
2307 2307 5122170 
2308 2308 5124112 
2309 2309 5126052 
2310 2310 5127994 
2311 2311 5129936 
2312 2312 5131878 
2313 2313 5133818 
2314 2314 5135760 
2315 2315 5137702 
2316 2316 5139644 
2317 2317 5141586 
2318 2318 5143528 
2319 2319 5145470 
2320 2320 5147412 
2321 2321 5149352 
2322 2322 5151294 
2323 2323 5153236 
2324 2324 5155178 
2325 2325 5157116 
2326 2326 5159058 
2327 2327 5161000 
2328 2328 5162944 
2329 2329 5164888 
2330 2330 5166830 
2331 2331 5168772 
2332 2332 5170714 
2333 2333 5172656 
2334 2334 5174598 
2335 2335 5176538 
2336 2336 5178478 
2337 2337 5180422 
2338 2338 5182364 
2339 2339 5184306 
2340 2340 5186248 
2341 2341 5188190 
2342 2342 5190132 
2343 2343 5192070 
2344 2344 5194014 
2345 2345 5195958 
2346 2346 5197900 
2347 2347 5199842 
2348 2348 5201782 
2349 2349 5203724 
2350 2350 5205666 
2351 2351 5207608 
2352 2352 5209548 
2353 2353 5211492 
2354 2354 5213430 
2355 2355 5215374 
2356 2356 5217316 
2357 2357 5219258 
2358 2358 5221200 
2359 2359 5223140 
2360 2360 5225084 
2361 2361 5227026 
2362 2362 5228968 
2363 2363 5230906 
2364 2364 5232852 
2365 2365 5234794 
2366 2366 5236736 
2367 2367 5238678 
2368 2368 5240620 
2369 2369 5242562 
2370 2370 5244504 
2371 2371 5246446 
2372 2372 5248388 
2373 2373 5250330 
2374 2374 5252272 
2375 2375 5254212 
2376 2376 5256154 
2377 2377 5258096 
2378 2378 5260038 
2379 2379 5261980 
2380 2380 5263922 
2381 2381 5265860 
2382 2382 5267802 
2383 2383 5269744 
2384 2384 5271686 
2385 2385 5273628 
2386 2386 5275570 
2387 2387 5277512 
2388 2388 5279454 
2389 2389 5281392 
2390 2390 5283340 
2391 2391 5285284 
2392 2392 5287226 
2393 2393 5289168 
2394 2394 5291110 
2395 2395 5293052 
2396 2396 5294994 
2397 2397 5296936 
2398 2398 5298878 
2399 2399 5300820 
2400 2400 5302762 
2401 2401 5304704 
2402 2402 5306646 
2403 2403 5308588 
2404 2404 5310530 
2405 2405 5312470 
2406 2406 5314410 
2407 2407 5316352 
2408 2408 5318294 
2409 2409 5320238 
2410 2410 5322180 
2411 2411 5324122 
2412 2412 5326064 
2413 2413 5328008 
2414 2414 5329952 
2415 2415 5331894 
2416 2416 5333834 
2417 2417 5335776 
2418 2418 5337718 
2419 2419 5339660 
2420 2420 5341602 
2421 2421 5343544 
2422 2422 5345486 
2423 2423 5347428 
2424 2424 5349370 
2425 2425 5351310 
2426 2426 5353250 
2427 2427 5355190 
2428 2428 5357134 
2429 2429 5359078 
2430 2430 5361016 
2431 2431 5362956 
2432 2432 5364898 
2433 2433 5366840 
2434 2434 5368782 
2435 2435 5370724 
2436 2436 5372666 
2437 2437 5374608 
2438 2438 5376552 
2439 2439 5378496 
2440 2440 5380434 
2441 2441 5382374 
2442 2442 5384316 
2443 2443 5386254 
2444 2444 5388198 
2445 2445 5390142 
2446 2446 5392082 
2447 2447 5394024 
2448 2448 5395966 
2449 2449 5397908 
2450 2450 5399850 
2451 2451 5401792 
2452 2452 5403736 
2453 2453 5405680 
2454 2454 5407620 
2455 2455 5409566 
2456 2456 5411508 
2457 2457 5413450 
2458 2458 5415390 
2459 2459 5417334 
2460 2460 5419276 
2461 2461 5421218 
2462 2462 5423160 
2463 2463 5425100 
2464 2464 5427040 
2465 2465 5428980 
2466 2466 5430922 
2467 2467 5432864 
2468 2468 5434806 
2469 2469 5436746 
2470 2470 5438688 
2471 2471 5440634 
2472 2472 5442570 
2473 2473 5444512 
2474 2474 5446452 
2475 2475 5448396 
2476 2476 5450340 
2477 2477 5452282 
2478 2478 5454224 
2479 2479 5456166 
2480 2480 5458108 
2481 2481 5460050 
2482 2482 5461992 
2483 2483 5463934 
2484 2484 5465874 
2485 2485 5467816 
2486 2486 5469758 
2487 2487 5471700 
2488 2488 5473642 
2489 2489 5475580 
2490 2490 5477520 
2491 2491 5479462 
2492 2492 5481408 
2493 2493 5483350 
2494 2494 5485292 
2495 2495 5487234 
2496 2496 5489176 
2497 2497 5491118 
2498 2498 5493060 
2499 2499 5495002 
2500 2500 5496946 
2501 2501 5498886 
2502 2502 5500828 
2503 2503 5502770 
2504 2504 5504712 
2505 2505 5506654 
2506 2506 5508596 
2507 2507 5510538 
2508 2508 5512480 
2509 2509 5514422 
2510 2510 5516364 
2511 2511 5518306 
2512 2512 5520248 
2513 2513 5522192 
2514 2514 5524134 
2515 2515 5526076 
2516 2516 5528018 
2517 2517 5529960 
2518 2518 5531902 
2519 2519 5533844 
2520 2520 5535786 
2521 2521 5537728 
2522 2522 5539670 
2523 2523 5541614 
2524 2524 5543554 
2525 2525 5545496 
2526 2526 5547438 
2527 2527 5549380 
2528 2528 5551318 
2529 2529 5553258 
2530 2530 5555200 
2531 2531 5557142 
2532 2532 5559084 
2533 2533 5561024 
2534 2534 5562966 
2535 2535 5564908 
2536 2536 5566850 
2537 2537 5568792 
2538 2538 5570732 
2539 2539 5572674 
2540 2540 5574616 
2541 2541 5576558 
2542 2542 5578498 
2543 2543 5580442 
2544 2544 5582386 
2545 2545 5584330 
2546 2546 5586270 
2547 2547 5588212 
2548 2548 5590154 
2549 2549 5592096 
2550 2550 5594038 
2551 2551 5595978 
2552 2552 5597920 
2553 2553 5599862 
2554 2554 5601804 
2555 2555 5603746 
2556 2556 5605686 
2557 2557 5607628 
2558 2558 5609570 
2559 2559 5611512 
2560 2560 5613454 
2561 2561 5615396 
2562 2562 5617338 
2563 2563 5619280 
2564 2564 5621222 
2565 2565 5623164 
2566 2566 5625106 
2567 2567 5627048 
2568 2568 5628990 
2569 2569 5630932 
2570 2570 5632874 
2571 2571 5634816 
2572 2572 5636758 
2573 2573 5638700 
2574 2574 5640642 
2575 2575 5642584 
2576 2576 5644526 
2577 2577 5646468 
2578 2578 5648410 
2579 2579 5650352 
2580 2580 5652294 
2581 2581 5654236 
2582 2582 5656178 
2583 2583 5658120 
2584 2584 5660062 
2585 2585 5662004 
2586 2586 5663946 
2587 2587 5665886 
2588 2588 5667828 
2589 2589 5669770 
2590 2590 5671712 
2591 2591 5673654 
2592 2592 5675596 
2593 2593 5677538 
2594 2594 5679478 
2595 2595 5681420 
2596 2596 5683362 
2597 2597 5685304 
2598 2598 5687246 
2599 2599 5689188 
2600 2600 5691130 
2601 2601 5693072 
2602 2602 5695014 
2603 2603 5696954 
2604 2604 5698896 
2605 2605 5700838 
2606 2606 5702780 
2607 2607 5704722 
2608 2608 5706664 
2609 2609 5708606 
2610 2610 5710548 
2611 2611 5712490 
2612 2612 5714432 
2613 2613 5716374 
2614 2614 5718316 
2615 2615 5720258 
2616 2616 5722200 
2617 2617 5724142 
2618 2618 5726084 
2619 2619 5728024 
2620 2620 5729966 
2621 2621 5731908 
2622 2622 5733850 
2623 2623 5735792 
2624 2624 5737734 
2625 2625 5739674 
2626 2626 5741616 
2627 2627 5743558 
2628 2628 5745500 
2629 2629 5747442 
2630 2630 5749384 
2631 2631 5751326 
2632 2632 5753268 
2633 2633 5755210 
2634 2634 5757152 
2635 2635 5759092 
2636 2636 5761034 
2637 2637 5762976 
2638 2638 5764918 
2639 2639 5766858 
2640 2640 5768800 
2641 2641 5770742 
2642 2642 5772684 
2643 2643 5774626 
2644 2644 5776568 
2645 2645 5778510 
2646 2646 5780452 
2647 2647 5782394 
2648 2648 5784334 
2649 2649 5786276 
2650 2650 5788218 
2651 2651 5790160 
2652 2652 5792102 
2653 2653 5794044 
2654 2654 5795986 
2655 2655 5797928 
2656 2656 5799870 
2657 2657 5801812 
2658 2658 5803752 
2659 2659 5805694 
2660 2660 5807636 
2661 2661 5809578 
2662 2662 5811520 
2663 2663 5813462 
2664 2664 5815404 
2665 2665 5817346 
2666 2666 5819286 
2667 2667 5821226 
2668 2668 5823166 
2669 2669 5825108 
2670 2670 5827050 
2671 2671 5828994 
2672 2672 5830938 
2673 2673 5832878 
2674 2674 5834820 
2675 2675 5836760 
2676 2676 5838700 
2677 2677 5840642 
2678 2678 5842584 
2679 2679 5844528 
2680 2680 5846472 
2681 2681 5848414 
2682 2682 5850356 
2683 2683 5852296 
2684 2684 5854238 
2685 2685 5856180 
2686 2686 5858122 
2687 2687 5860064 
2688 2688 5862006 
2689 2689 5863948 
2690 2690 5865890 
2691 2691 5867832 
2692 2692 5869772 
2693 2693 5871714 
2694 2694 5873656 
2695 2695 5875598 
2696 2696 5877540 
2697 2697 5879482 
2698 2698 5881424 
2699 2699 5883366 
2700 2700 5885308 
2701 2701 5887250 
2702 2702 5889192 
2703 2703 5891134 
2704 2704 5893076 
2705 2705 5895018 
2706 2706 5896960 
2707 2707 5898902 
2708 2708 5900844 
2709 2709 5902786 
2710 2710 5904728 
2711 2711 5906670 
2712 2712 5908610 
2713 2713 5910552 
2714 2714 5912494 
2715 2715 5914436 
2716 2716 5916374 
2717 2717 5918316 
2718 2718 5920256 
2719 2719 5922198 
2720 2720 5924140 
2721 2721 5926082 
2722 2722 5928024 
2723 2723 5929966 
2724 2724 5931906 
2725 2725 5933852 
2726 2726 5935796 
2727 2727 5937738 
2728 2728 5939678 
2729 2729 5941620 
2730 2730 5943562 
2731 2731 5945504 
2732 2732 5947446 
2733 2733 5949388 
2734 2734 5951330 
2735 2735 5953272 
2736 2736 5955214 
2737 2737 5957156 
2738 2738 5959098 
2739 2739 5961040 
2740 2740 5962980 
2741 2741 5964922 
2742 2742 5966864 
2743 2743 5968806 
2744 2744 5970748 
2745 2745 5972690 
2746 2746 5974632 
2747 2747 5976574 
2748 2748 5978516 
2749 2749 5980456 
2750 2750 5982398 
2751 2751 5984340 
2752 2752 5986280 
2753 2753 5988224 
2754 2754 5990168 
2755 2755 5992106 
2756 2756 5994050 
2757 2757 5995992 
2758 2758 5997934 
2759 2759 5999876 
2760 2760 6001816 
2761 2761 6003758 
2762 2762 6005700 
2763 2763 6007640 
2764 2764 6009582 
2765 2765 6011524 
2766 2766 6013466 
2767 2767 6015408 
2768 2768 6017350 
2769 2769 6019292 
2770 2770 6021234 
2771 2771 6023174 
2772 2772 6025116 
2773 2773 6027058 
2774 2774 6028996 
2775 2775 6030938 
2776 2776 6032880 
2777 2777 6034822 
2778 2778 6036766 
2779 2779 6038706 
2780 2780 6040650 
2781 2781 6042592 
2782 2782 6044532 
2783 2783 6046474 
2784 2784 6048416 
2785 2785 6050358 
2786 2786 6052298 
2787 2787 6054236 
2788 2788 6056178 
2789 2789 6058120 
2790 2790 6060060 
2791 2791 6062002 
2792 2792 6063946 
2793 2793 6065890 
2794 2794 6067828 
2795 2795 6069772 
2796 2796 6071714 
2797 2797 6073652 
2798 2798 6075596 
2799 2799 6077538 
2800 2800 6079476 
2801 2801 6081420 
2802 2802 6083358 
2803 2803 6085302 
2804 2804 6087246 
2805 2805 6089188 
2806 2806 6091126 
2807 2807 6093066 
2808 2808 6095008 
2809 2809 6096950 
2810 2810 6098890 
2811 2811 6100834 
2812 2812 6102776 
2813 2813 6104718 
2814 2814 6106660 
2815 2815 6108600 
2816 2816 6110542 
2817 2817 6112484 
2818 2818 6114424 
2819 2819 6116366 
2820 2820 6118306 
2821 2821 6120248 
2822 2822 6122188 
2823 2823 6124130 
2824 2824 6126072 
2825 2825 6128014 
2826 2826 6129954 
2827 2827 6131896 
2828 2828 6133838 
2829 2829 6135780 
2830 2830 6137720 
2831 2831 6139662 
2832 2832 6141604 
2833 2833 6143546 
2834 2834 6145488 
2835 2835 6147422 
2836 2836 6149362 
2837 2837 6151304 
2838 2838 6153248 
2839 2839 6155196 
2840 2840 6157138 
2841 2841 6159080 
2842 2842 6161020 
2843 2843 6162964 
2844 2844 6164904 
2845 2845 6166846 
2846 2846 6168788 
2847 2847 6170730 
2848 2848 6172670 
2849 2849 6174612 
2850 2850 6176554 
2851 2851 6178492 
2852 2852 6180432 
2853 2853 6182378 
2854 2854 6184320 
2855 2855 6186262 
2856 2856 6188204 
2857 2857 6190146 
2858 2858 6192088 
2859 2859 6194030 
2860 2860 6195972 
2861 2861 6197914 
2862 2862 6199854 
2863 2863 6201794 
2864 2864 6203734 
2865 2865 6205676 
2866 2866 6207618 
2867 2867 6209560 
2868 2868 6211504 
2869 2869 6213448 
2870 2870 6215390 
2871 2871 6217330 
2872 2872 6219272 
2873 2873 6221214 
2874 2874 6223156 
2875 2875 6225098 
2876 2876 6227040 
2877 2877 6228980 
2878 2878 6230922 
2879 2879 6232864 
2880 2880 6234806 
2881 2881 6236748 
2882 2882 6238688 
2883 2883 6240630 
2884 2884 6242572 
2885 2885 6244514 
2886 2886 6246456 
2887 2887 6248398 
2888 2888 6250340 
2889 2889 6252282 
2890 2890 6254222 
2891 2891 6256164 
2892 2892 6258102 
2893 2893 6260044 
2894 2894 6261986 
2895 2895 6263928 
2896 2896 6265872 
2897 2897 6267814 
2898 2898 6269756 
2899 2899 6271698 
2900 2900 6273640 
2901 2901 6275582 
2902 2902 6277524 
2903 2903 6279466 
2904 2904 6281408 
2905 2905 6283348 
2906 2906 6285290 
2907 2907 6287232 
2908 2908 6289174 
2909 2909 6291116 
2910 2910 6293058 
2911 2911 6295000 
2912 2912 6296940 
2913 2913 6298882 
2914 2914 6300824 
2915 2915 6302766 
2916 2916 6304708 
2917 2917 6306650 
2918 2918 6308592 
2919 2919 6310530 
2920 2920 6312470 
2921 2921 6314412 
2922 2922 6316354 
2923 2923 6318294 
2924 2924 6320236 
2925 2925 6322180 
2926 2926 6324122 
2927 2927 6326064 
2928 2928 6328006 
2929 2929 6329948 
2930 2930 6331890 
2931 2931 6333832 
2932 2932 6335774 
2933 2933 6337714 
2934 2934 6339656 
2935 2935 6341598 
2936 2936 6343540 
2937 2937 6345480 
2938 2938 6347422 
2939 2939 6349364 
2940 2940 6351306 
2941 2941 6353246 
2942 2942 6355188 
2943 2943 6357130 
2944 2944 6359072 
2945 2945 6361014 
2946 2946 6362956 
2947 2947 6364894 
2948 2948 6366834 
2949 2949 6368776 
2950 2950 6370718 
2951 2951 6372660 
2952 2952 6374602 
2953 2953 6376546 
2954 2954 6378490 
2955 2955 6380430 
2956 2956 6382372 
2957 2957 6384314 
2958 2958 6386256 
2959 2959 6388198 
2960 2960 6390138 
2961 2961 6392080 
2962 2962 6394022 
2963 2963 6395964 
2964 2964 6397906 
2965 2965 6399846 
2966 2966 6401788 
2967 2967 6403730 
2968 2968 6405672 
2969 2969 6407614 
2970 2970 6409556 
2971 2971 6411496 
2972 2972 6413438 
2973 2973 6415380 
2974 2974 6417322 
2975 2975 6419260 
2976 2976 6421200 
2977 2977 6423142 
2978 2978 6425084 
2979 2979 6427024 
2980 2980 6428966 
2981 2981 6430906 
2982 2982 6432852 
2983 2983 6434794 
2984 2984 6436734 
2985 2985 6438676 
2986 2986 6440618 
2987 2987 6442558 
2988 2988 6444500 
2989 2989 6446442 
2990 2990 6448384 
2991 2991 6450326 
2992 2992 6452266 
2993 2993 6454208 
2994 2994 6455680 
2995 2995 6475246 
