50568 50568 1206431570 334 
50569 50569 1206434256 298 
50570 50570 1206436854 332 
50571 50571 1206439444 414 
50572 50572 1206442042 336 
50573 50573 1206444634 390 
50574 50574 1206446582 334 
50575 50575 1206448522 412 
50576 50576 1206450466 414 
50577 50577 1206452410 414 
50578 50578 1206454352 394 
50579 50579 1206456296 398 
50580 50580 1206458242 318 
50581 50581 1206460832 410 
50582 50582 1206463422 314 
50583 50583 1206466014 282 
50584 50584 1206468600 374 
50585 50585 1206471190 284 
50586 50586 1206473780 286 
50587 50587 1206476372 350 
50588 50588 1206478960 376 
50589 50589 1206481548 314 
50590 50590 1206484138 392 
50591 50591 1206486728 310 
50592 50592 1206489318 286 
50593 50593 1206491258 390 
50594 50594 1206493204 334 
50595 50595 1206495142 410 
50596 50596 1206497086 356 
50597 50597 1206499026 310 
50598 50598 1206500970 332 
50599 50599 1206502912 414 
50600 50600 1206504854 374 
50601 50601 1206506796 280 
50602 50602 1206508738 314 
50603 50603 1206510682 284 
50604 50604 1206512622 356 
50605 50605 1206514566 394 
50606 50606 1206516508 356 
50607 50607 1206519096 280 
50608 50608 1206521686 418 
50609 50609 1206524276 354 
50610 50610 1206526866 356 
50611 50611 1206529454 414 
50612 50612 1206531400 314 
50613 50613 1206533982 310 
50614 50614 1206535930 286 
50615 50615 1206538518 294 
50616 50616 1206540460 284 
50617 50617 1206542402 338 
50618 50618 1206544344 394 
50619 50619 1206546286 354 
50620 50620 1206548228 318 
50621 50621 1206550170 284 
50622 50622 1206552112 376 
50623 50623 1206554058 374 
50624 50624 1206555996 374 
50625 50625 1206557942 332 
50626 50626 1206559884 318 
50627 50627 1206561826 334 
50628 50628 1206563768 334 
50629 50629 1206565710 280 
50630 50630 1206567652 416 
50631 50631 1206570240 312 
50632 50632 1206572830 398 
50633 50633 1206575418 352 
50634 50634 1206578008 388 
50635 50635 1206580596 370 
50636 50636 1206583186 354 
50637 50637 1206585772 414 
50638 50638 1206588368 282 
50639 50639 1206590956 354 
50640 50640 1206593546 288 
50641 50641 1206596136 314 
50642 50642 1206598724 394 
50643 50643 1206601314 294 
50644 50644 1206603898 374 
50645 50645 1206606492 412 
50646 50646 1206609084 394 
50647 50647 1206611670 278 
50648 50648 1206614260 394 
50649 50649 1206616850 356 
50650 50650 1206619438 418 
50651 50651 1206622028 316 
50652 50652 1206624616 298 
50653 50653 1206627206 392 
50654 50654 1206629796 298 
50655 50655 1206632386 282 
50656 50656 1206634974 318 
50657 50657 1206637566 414 
50658 50658 1206640156 358 
50659 50659 1206642740 394 
50660 50660 1206645334 334 
50661 50661 1206647924 314 
50662 50662 1206650514 318 
50663 50663 1206653104 332 
50664 50664 1206655694 418 
50665 50665 1206658284 312 
50666 50666 1206660872 286 
50667 50667 1206663464 354 
50668 50668 1206666052 294 
50669 50669 1206668640 374 
50670 50670 1206671230 294 
50671 50671 1206673820 334 
50672 50672 1206676410 378 
50673 50673 1206679000 288 
50674 50674 1206681588 356 
50675 50675 1206684178 284 
50676 50676 1206686766 374 
50677 50677 1206689352 290 
50678 50678 1206691940 318 
50679 50679 1206694536 332 
50680 50680 1206697772 378 
50681 50681 1206701010 284 
50682 50682 1206704248 420 
50683 50683 1206707484 414 
50684 50684 1206710722 288 
50685 50685 1206713960 294 
50686 50686 1206717196 418 
50687 50687 1206720434 332 
50688 50688 1206723672 294 
50689 50689 1206726910 398 
50690 50690 1206730146 286 
50691 50691 1206733384 394 
50692 50692 1206736618 318 
50693 50693 1206739856 374 
50694 50694 1206743092 358 
50695 50695 1206746326 312 
50696 50696 1206749562 414 
50697 50697 1206752804 354 
50698 50698 1206756044 288 
50699 50699 1206759282 354 
50700 50700 1206762520 298 
50701 50701 1206765758 412 
50702 50702 1206768990 354 
50703 50703 1206772226 412 
50704 50704 1206776110 394 
50705 50705 1206779998 398 
50706 50706 1206783884 398 
50707 50707 1206787768 354 
50708 50708 1206791650 284 
50709 50709 1206795536 282 
50710 50710 1206799422 378 
50711 50711 1206803306 350 
50712 50712 1206807192 286 
50713 50713 1206811080 374 
50714 50714 1206814966 354 
50715 50715 1206818850 410 
50716 50716 1206822736 356 
50717 50717 1206826622 354 
50718 50718 1206830506 294 
50719 50719 1206834390 292 
50720 50720 1206838274 356 
50721 50721 1206842156 394 
50722 50722 1206846038 334 
50723 50723 1206850570 314 
50724 50724 1206854460 288 
50725 50725 1206858340 334 
50726 50726 1206862870 354 
50727 50727 1206866754 312 
50728 50728 1206871290 298 
50729 50729 1206875822 352 
50730 50730 1206880352 318 
50731 50731 1206885530 374 
50732 50732 1206890708 318 
50733 50733 1206895240 378 
50734 50734 1206899772 298 
50735 50735 1206903654 314 
50736 50736 1206907540 398 
50737 50737 1206910776 354 
50738 50738 1206914658 394 
50739 50739 1206919190 352 
50740 50740 1206923072 374 
50741 50741 1206927602 312 
50742 50742 1206932134 378 
50743 50743 1206936664 354 
50744 50744 1206941196 318 
50745 50745 1206945078 370 
50746 50746 1206948962 286 
50747 50747 1206954140 332 
50748 50748 1206959320 314 
50749 50749 1206965142 374 
50750 50750 1206970318 414 
50751 50751 1206975496 374 
50752 50752 1206980028 398 
50753 50753 1206985854 416 
50754 50754 1206991036 334 
50755 50755 1206995570 292 
50756 50756 1207002688 334 
50757 50757 1207009162 280 
50758 50758 1207015636 418 
50759 50759 1207020812 394 
50760 50760 1207025344 416 
50761 50761 1207029876 336 
50762 50762 1207036998 286 
50763 50763 1207044118 294 
50764 50764 1207048646 354 
50765 50765 1207054470 280 
50766 50766 1207060298 378 
50767 50767 1207066130 416 
50768 50768 1207070014 398 
50769 50769 1207072604 314 
50770 50770 1207076488 378 
50771 50771 1207081670 292 
50772 50772 1207087494 414 
50773 50773 1207093968 314 
50774 50774 1207099794 318 
50775 50775 1207105622 294 
50776 50776 1207110154 338 
50777 50777 1207113392 312 
50778 50778 1207118570 338 
50779 50779 1207128282 280 
50780 50780 1207136048 416 
50781 50781 1207141876 394 
50782 50782 1207147704 314 
50783 50783 1207152236 332 
50784 50784 1207156120 314 
50785 50785 1207160652 334 
50786 50786 1207163890 394 
50787 50787 1207168416 414 
50788 50788 1207173600 334 
50789 50789 1207178132 280 
50790 50790 1207183310 338 
50791 50791 1207189138 376 
50792 50792 1207194964 296 
50793 50793 1207200142 378 
50794 50794 1207205968 336 
50795 50795 1207211148 290 
50796 50796 1207216328 284 
50797 50797 1207222154 414 
50798 50798 1207227980 376 
50799 50799 1207233808 314 
50800 50800 1207240276 378 
50801 50801 1207245454 352 
50802 50802 1207252582 354 
50803 50803 1207259052 280 
50804 50804 1207266174 418 
50805 50805 1207272648 310 
50806 50806 1207275236 358 
50807 50807 1207277178 312 
50808 50808 1207279122 354 
50809 50809 1207281062 286 
50810 50810 1207283004 398 
50811 50811 1207284946 372 
50812 50812 1207286890 298 
50813 50813 1207288830 354 
50814 50814 1207291420 418 
50815 50815 1207294008 310 
50816 50816 1207297246 398 
50817 50817 1207301130 412 
50818 50818 1207305014 284 
50819 50819 1207309546 394 
50820 50820 1207316018 334 
50821 50821 1207322488 334 
50822 50822 1207326374 278 
50823 50823 1207330906 280 
50824 50824 1207336084 334 
50825 50825 1207340614 278 
50826 50826 1207344498 288 
50827 50827 1207350326 390 
50828 50828 1207357446 298 
50829 50829 1207363922 318 
50830 50830 1207368448 318 
50831 50831 1207375576 414 
50832 50832 1207382698 298 
50833 50833 1207388526 282 
50834 50834 1207395002 314 
50835 50835 1207400828 398 
50836 50836 1207406006 398 
50837 50837 1207411834 394 
50838 50838 1207418308 394 
50839 50839 1207427372 352 
50840 50840 1207434496 340 
50841 50841 1207442906 312 
50842 50842 1207450022 354 
50843 50843 1207458442 294 
50844 50844 1207469446 314 
50845 50845 1207480456 390 
50846 50846 1207488874 286 
50847 50847 1207495994 414 
50848 50848 1207501818 414 
50849 50849 1207508944 414 
50850 50850 1207516064 286 
50851 50851 1207523188 416 
50852 50852 1207531602 334 
50853 50853 1207540668 318 
50854 50854 1207548436 286 
50855 50855 1207559442 334 
50856 50856 1207571738 318 
50857 50857 1207588576 354 
50858 50858 1207595696 374 
50859 50859 1207603468 414 
50860 50860 1207612534 354 
50861 50861 1207620950 412 
50862 50862 1207629366 294 
50863 50863 1207639078 354 
50864 50864 1207649438 414 
50865 50865 1207659148 292 
50866 50866 1207669508 398 
50867 50867 1207679216 278 
50868 50868 1207689574 398 
50869 50869 1207699930 282 
50870 50870 1207710288 376 
50871 50871 1207720648 372 
50872 50872 1207729062 318 
50873 50873 1207732300 334 
50874 50874 1207734890 314 
50875 50875 1207737478 374 
50876 50876 1207740070 354 
50877 50877 1207742658 374 
50878 50878 1207745248 338 
50879 50879 1207747838 372 
50880 50880 1207750428 286 
50881 50881 1207753018 372 
50882 50882 1207755608 318 
50883 50883 1207758196 398 
50884 50884 1207760788 286 
50885 50885 1207763376 354 
50886 50886 1207765966 332 
50887 50887 1207768554 394 
50888 50888 1207771142 290 
50889 50889 1207773732 370 
50890 50890 1207776320 400 
50891 50891 1207778910 280 
50892 50892 1207781498 284 
50893 50893 1207784088 350 
50894 50894 1207786678 336 
50895 50895 1207789266 352 
50896 50896 1207791858 314 
50897 50897 1207794446 372 
50898 50898 1207797038 414 
50899 50899 1207799628 350 
50900 50900 1207802216 338 
50901 50901 1207804806 280 
50902 50902 1207807396 394 
50903 50903 1207809986 314 
50904 50904 1207813222 358 
50905 50905 1207816460 390 
50906 50906 1207819694 380 
50907 50907 1207822936 314 
50908 50908 1207826172 334 
50909 50909 1207829408 284 
50910 50910 1207832646 314 
50911 50911 1207835884 374 
50912 50912 1207839120 334 
50913 50913 1207842356 314 
50914 50914 1207844946 300 
50915 50915 1207847536 352 
50916 50916 1207850124 418 
50917 50917 1207852714 278 
50918 50918 1207855304 414 
50919 50919 1207857894 334 
50920 50920 1207861126 418 
50921 50921 1207864362 412 
50922 50922 1207867600 418 
50923 50923 1207871484 350 
50924 50924 1207875364 374 
50925 50925 1207879260 354 
50926 50926 1207883144 414 
50927 50927 1207887028 374 
50928 50928 1207890912 398 
50929 50929 1207894798 374 
50930 50930 1207898034 414 
50931 50931 1207901272 410 
50932 50932 1207904508 286 
50933 50933 1207907744 372 
50934 50934 1207911630 336 
50935 50935 1207915514 392 
50936 50936 1207919396 414 
50937 50937 1207923282 298 
50938 50938 1207927808 394 
50939 50939 1207931696 414 
50940 50940 1207935580 354 
50941 50941 1207940112 374 
50942 50942 1207944640 396 
50943 50943 1207949174 356 
50944 50944 1207953704 318 
50945 50945 1207958232 414 
50946 50946 1207962764 286 
50947 50947 1207967944 332 
50948 50948 1207973122 394 
50949 50949 1207978302 292 
50950 50950 1207983482 358 
50951 50951 1207989308 370 
50952 50952 1207995134 358 
50953 50953 1208000956 392 
50954 50954 1208006780 398 
50955 50955 1208012612 704 
50956 50956 1208019086 414 
50957 50957 1208025560 286 
50958 50958 1208032034 414 
50959 50959 1208039150 290 
50960 50960 1208046270 358 
50961 50961 1208054044 290 
50962 50962 1208061810 394 
50963 50963 1208070226 374 
50964 50964 1208077994 318 
50965 50965 1208085764 334 
50966 50966 1208093534 358 
50967 50967 1208101298 418 
50968 50968 1208109066 334 
50969 50969 1208116188 392 
50970 50970 1208123308 288 
50971 50971 1208132372 292 
50972 50972 1208143376 394 
50973 50973 1208153732 370 
50974 50974 1208164738 318 
50975 50975 1208175736 280 
50976 50976 1208185444 398 
50977 50977 1208195160 312 
50978 50978 1208200338 374 
50979 50979 1208206810 314 
50980 50980 1208215226 350 
50981 50981 1208226230 292 
50982 50982 1208238528 286 
50983 50983 1208246942 286 
50984 50984 1208254062 284 
50985 50985 1208260534 280 
50986 50986 1208266358 394 
50987 50987 1208274124 290 
50988 50988 1208279302 282 
50989 50989 1208282538 282 
50990 50990 1208285774 418 
50991 50991 1208289658 290 
50992 50992 1208292886 394 
50993 50993 1208294828 300 
50994 50994 1208296774 338 
50995 50995 1208298716 392 
50996 50996 1208300656 334 
50997 50997 1208303896 416 
50998 50998 1208305834 338 
50999 50999 1208307778 292 
51000 51000 1208310368 282 
51001 51001 1208314250 310 
51002 51002 1208318782 310 
51003 51003 1208329138 376 
51004 51004 1208333024 374 
51005 51005 1208339496 410 
51006 51006 1208344026 374 
51007 51007 1208350498 396 
51008 51008 1208357618 356 
51009 51009 1208366034 412 
51010 51010 1208377036 418 
51011 51011 1208384156 290 
51012 51012 1208391922 374 
51013 51013 1208400338 334 
51014 51014 1208407460 410 
51015 51015 1208416520 378 
51016 51016 1208425582 418 
51017 51017 1208437232 392 
51018 51018 1208453412 418 
51019 51019 1208463768 392 
51020 51020 1208478658 398 
51021 51021 1208496780 414 
51022 51022 1208506490 318 
51023 51023 1208515552 334 
51024 51024 1208523968 398 
51025 51025 1208533678 394 
51026 51026 1208544684 298 
51027 51027 1208557626 280 
51028 51028 1208569932 294 
51029 51029 1208585468 374 
51030 51030 1208603592 284 
51031 51031 1208614596 354 
51032 51032 1208624306 374 
51033 51033 1208632720 352 
51034 51034 1208643078 284 
51035 51035 1208655376 394 
51036 51036 1208668962 358 
51037 51037 1208681912 310 
51038 51038 1208699384 414 
51039 51039 1208702618 390 
51040 51040 1208705214 354 
51041 51041 1208707802 280 
51042 51042 1208710392 298 
51043 51043 1208712982 354 
51044 51044 1208715574 286 
51045 51045 1208718162 378 
51046 51046 1208720752 300 
51047 51047 1208723340 312 
51048 51048 1208725932 378 
51049 51049 1208728520 370 
51050 51050 1208731104 418 
51051 51051 1208733694 314 
51052 51052 1208736288 418 
51053 51053 1208738878 412 
51054 51054 1208741468 338 
51055 51055 1208744056 370 
51056 51056 1208747292 378 
51057 51057 1208750528 374 
51058 51058 1208753118 336 
51059 51059 1208755708 284 
51060 51060 1208757652 378 
51061 51061 1208759592 314 
51062 51062 1208761530 414 
51063 51063 1208763470 414 
51064 51064 1208765418 394 
51065 51065 1208768006 292 
51066 51066 1208770594 418 
51067 51067 1208773184 374 
51068 51068 1208775772 356 
51069 51069 1208778366 372 
51070 51070 1208780956 338 
51071 51071 1208783542 390 
51072 51072 1208786134 398 
51073 51073 1208788722 354 
51074 51074 1208791312 418 
51075 51075 1208793902 280 
51076 51076 1208797138 338 
51077 51077 1208800374 372 
51078 51078 1208803614 400 
51079 51079 1208806850 350 
51080 51080 1208810090 354 
51081 51081 1208813326 280 
51082 51082 1208816562 338 
51083 51083 1208819796 336 
51084 51084 1208823036 358 
51085 51085 1208826274 352 
51086 51086 1208829508 312 
51087 51087 1208832746 294 
51088 51088 1208835982 376 
51089 51089 1208839220 370 
51090 51090 1208842456 418 
51091 51091 1208846340 292 
51092 51092 1208850224 354 
51093 51093 1208854108 354 
51094 51094 1208857994 378 
51095 51095 1208861870 296 
51096 51096 1208865756 374 
51097 51097 1208869642 294 
51098 51098 1208873524 298 
51099 51099 1208877408 284 
51100 51100 1208881294 378 
51101 51101 1208885178 332 
51102 51102 1208889062 294 
51103 51103 1208893594 372 
51104 51104 1208898126 286 
51105 51105 1208902658 334 
51106 51106 1208907188 394 
51107 51107 1208912368 336 
51108 51108 1208917546 314 
51109 51109 1208922726 292 
51110 51110 1208927904 354 
51111 51111 1208932434 354 
51112 51112 1208936966 414 
51113 51113 1208941498 412 
51114 51114 1208947326 394 
51115 51115 1208951854 414 
51116 51116 1208955742 374 
51117 51117 1208960272 352 
51118 51118 1208966100 358 
51119 51119 1208971928 312 
51120 51120 1208977752 318 
51121 51121 1208984878 374 
51122 51122 1208991352 418 
51123 51123 1208997180 312 
51124 51124 1209003656 340 
51125 51125 1209010130 318 
51126 51126 1209017252 374 
51127 51127 1209025668 292 
51128 51128 1209034734 414 
51129 51129 1209043150 316 
51130 51130 1209051566 294 
51131 51131 1209060630 394 
51132 51132 1209066456 320 
51133 51133 1209074224 414 
51134 51134 1209084582 284 
51135 51135 1209090410 284 
51136 51136 1209099474 298 
51137 51137 1209107890 284 
51138 51138 1209119542 284 
51139 51139 1209129252 374 
51140 51140 1209135078 294 
51141 51141 1209142848 374 
51142 51142 1209152556 398 
51143 51143 1209159024 296 
51144 51144 1209171972 284 
51145 51145 1209182978 290 
51146 51146 1209192686 378 
51147 51147 1209208222 390 
51148 51148 1209212104 298 
51149 51149 1209224406 294 
51150 51150 1209242530 354 
51151 51151 1209248356 280 
51152 51152 1209257418 374 
51153 51153 1209269072 282 
51154 51154 1209283312 318 
51155 51155 1209305316 394 
51156 51156 1209329916 398 
51157 51157 1209349986 354 
51158 51158 1209366810 290 
51159 51159 1209377818 376 
51160 51160 1209396592 396 
51161 51161 1209403712 336 
51162 51162 1209412128 294 
51163 51163 1209423134 280 
51164 51164 1209438018 286 
51165 51165 1209452264 294 
51166 51166 1209474924 358 
51167 51167 1209486574 286 
51168 51168 1209498874 284 
51169 51169 1209512468 412 
51170 51170 1209542892 400 
51171 51171 1209548714 294 
51172 51172 1209572668 286 
51173 51173 1209583670 392 
51174 51174 1209596616 318 
51175 51175 1209614094 352 
51176 51176 1209648404 320 
51177 51177 1209682714 352 
51178 51178 1209692422 310 
51179 51179 1209706664 390 
51180 51180 1209726084 414 
51181 51181 1209761686 412 
51182 51182 1209794704 398 
51183 51183 1209806354 352 
51184 51184 1209821888 336 
51185 51185 1209855550 398 
51186 51186 1209889208 334 
51187 51187 1209907332 410 
51188 51188 1209921574 358 
51189 51189 1209940992 410 
51190 51190 1209979826 398 
51191 51191 1210013484 284 
51192 51192 1210026430 318 
51193 51193 1210043906 296 
51194 51194 1210084690 318 
51195 51195 1210121586 278 
51196 51196 1210135180 396 
51197 51197 1210153950 352 
51198 51198 1210196030 286 
51199 51199 1210231636 320 
51200 51200 1210245878 390 
51201 51201 1210267238 286 
51202 51202 1210309312 338 
51203 51203 1210341686 372 
51204 51204 1210359166 296 
51205 51205 1210388296 394 
51206 51206 1210406426 334 
51207 51207 1210408368 310 
51208 51208 1210410310 318 
51209 51209 1210412250 354 
51210 51210 1210414192 294 
51211 51211 1210416132 314 
51212 51212 1210418074 298 
51213 51213 1210420016 354 
51214 51214 1210421960 288 
51215 51215 1210423902 352 
51216 51216 1210425848 318 
51217 51217 1210427784 414 
51218 51218 1210429726 288 
51219 51219 1210431672 286 
51220 51220 1210433614 354 
51221 51221 1210435558 280 
51222 51222 1210437500 334 
51223 51223 1210439440 338 
51224 51224 1210441384 416 
51225 51225 1210443328 310 
51226 51226 1210445270 338 
51227 51227 1210447212 392 
51228 51228 1210449154 334 
51229 51229 1210451096 330 
51230 51230 1210453040 338 
51231 51231 1210454982 314 
51232 51232 1210456924 358 
51233 51233 1210458868 376 
51234 51234 1210460812 398 
51235 51235 1210462754 392 
51236 51236 1210464694 338 
51237 51237 1210466640 332 
51238 51238 1210468582 298 
51239 51239 1210470524 414 
51240 51240 1210472466 374 
51241 51241 1210474408 414 
51242 51242 1210476352 390 
51243 51243 1210478292 352 
51244 51244 1210480234 314 
51245 51245 1210482178 416 
51246 51246 1210484118 310 
51247 51247 1210486062 394 
51248 51248 1210488004 338 
51249 51249 1210489946 412 
51250 51250 1210491888 398 
51251 51251 1210493828 394 
51252 51252 1210495772 340 
51253 51253 1210497712 318 
51254 51254 1210499654 390 
51255 51255 1210501598 394 
51256 51256 1210503540 298 
51257 51257 1210505482 414 
51258 51258 1210507424 374 
51259 51259 1210509366 354 
51260 51260 1210511310 354 
51261 51261 1210513250 390 
51262 51262 1210515192 284 
51263 51263 1210517136 294 
51264 51264 1210519080 334 
51265 51265 1210521022 354 
51266 51266 1210522966 394 
51267 51267 1210524906 352 
51268 51268 1210526852 380 
51269 51269 1210528792 352 
51270 51270 1210530736 418 
51271 51271 1210532678 284 
51272 51272 1210534620 286 
51273 51273 1210536562 334 
51274 51274 1210538504 414 
51275 51275 1210540448 332 
51276 51276 1210542390 334 
51277 51277 1210544332 374 
51278 51278 1210546274 398 
51279 51279 1210548216 390 
51280 51280 1210550158 358 
51281 51281 1210552102 284 
51282 51282 1210554044 354 
51283 51283 1210555986 330 
51284 51284 1210557928 374 
51285 51285 1210559870 294 
51286 51286 1210561812 298 
51287 51287 1210563754 374 
51288 51288 1210565698 316 
51289 51289 1210567640 372 
51290 51290 1210569582 298 
51291 51291 1210571526 416 
51292 51292 1210574116 398 
51293 51293 1210577354 394 
51294 51294 1210581884 338 
51295 51295 1210585122 288 
51296 51296 1210587712 396 
51297 51297 1210590302 334 
51298 51298 1210592246 288 
51299 51299 1210594188 280 
51300 51300 1210596132 378 
51301 51301 1210598074 356 
51302 51302 1210600016 294 
51303 51303 1210601958 350 
51304 51304 1210603898 358 
51305 51305 1210605844 394 
51306 51306 1210607784 394 
51307 51307 1210609728 410 
51308 51308 1210611670 418 
51309 51309 1210613614 314 
51310 51310 1210616202 284 
51311 51311 1210618794 372 
51312 51312 1210621384 334 
51313 51313 1210624620 354 
51314 51314 1210628504 298 
51315 51315 1210633038 286 
51316 51316 1210638218 394 
51317 51317 1210641456 316 
51318 51318 1210645340 314 
51319 51319 1210648578 414 
51320 51320 1210651814 354 
51321 51321 1210655052 336 
51322 51322 1210658292 310 
51323 51323 1210661528 278 
51324 51324 1210664764 336 
51325 51325 1210668000 356 
51326 51326 1210671240 336 
51327 51327 1210675126 282 
51328 51328 1210679656 334 
51329 51329 1210686774 314 
51330 51330 1210695196 334 
51331 51331 1210698434 284 
51332 51332 1210702966 284 
51333 51333 1210706852 282 
51334 51334 1210710736 378 
51335 51335 1210714622 280 
51336 51336 1210718506 318 
51337 51337 1210722392 394 
51338 51338 1210726276 286 
51339 51339 1210730808 370 
51340 51340 1210735988 398 
51341 51341 1210743758 280 
51342 51342 1210763184 284 
51343 51343 1210769652 280 
51344 51344 1210779368 378 
51345 51345 1210792316 354 
51346 51346 1210812388 288 
51347 51347 1210816920 336 
51348 51348 1210824042 394 
51349 51349 1210831810 278 
51350 51350 1210842170 418 
51351 51351 1210924392 282 
51352 51352 1210936044 414 
51353 51353 1210947694 334 
51354 51354 1210971640 318 
51355 51355 1211029908 410 
51356 51356 1211036380 354 
51357 51357 1211053860 394 
51358 51358 1211075224 314 
51359 51359 1211114062 292 
51360 51360 1211120534 396 
51361 51361 1211131540 298 
51362 51362 1211178148 284 
51363 51363 1211205336 374 
51364 51364 1211210514 298 
51365 51365 1211217634 332 
51366 51366 1211226048 294 
51367 51367 1211244822 316 
51368 51368 1211278484 396 
51369 51369 1211301144 334 
51370 51370 1211313444 374 
51371 51371 1211334152 372 
51372 51372 1211389822 378 
51373 51373 1211407300 278 
51374 51374 1211429958 294 
51375 51375 1211470094 350 
51376 51376 1211497932 334 
51377 51377 1211519296 292 
51378 51378 1211560078 288 
51379 51379 1211596326 394 
51380 51380 1211622864 378 
51381 51381 1211667526 332 
51382 51382 1211704420 358 
51383 51383 1211736784 280 
51384 51384 1211774976 318 
51385 51385 1211815756 312 
51386 51386 1211848126 314 
51387 51387 1211885676 394 
51388 51388 1211918048 314 
51389 51389 1211930998 352 
51390 51390 1211968550 378 
51391 51391 1212004154 418 
51392 51392 1212022278 334 
51393 51393 1212042994 280 
51394 51394 1212083776 338 
51395 51395 1212123264 372 
51396 51396 1212138798 418 
51397 51397 1212164694 376 
51398 51398 1212203536 378 
51399 51399 1212239790 358 
51400 51400 1212258564 354 
51401 51401 1212299350 286 
51402 51402 1212345316 414 
51403 51403 1212365388 410 
51404 51404 1212407458 358 
51405 51405 1212454066 392 
51406 51406 1212476074 394 
51407 51407 1212516856 312 
51408 51408 1212547282 288 
51409 51409 1212574474 394 
51410 51410 1212627556 286 
51411 51411 1212664458 334 
51412 51412 1212730262 286 
