0 0 2945458 0 
0 0 2945458 0 
1 1 2948060 1160 
3 3 2953236 278 
4 4 2955832 568 
5 5 2957780 352 
6 6 2961516 1494 
8 8 2965554 282 
9 9 2968138 392 
10 10 2970084 334 
11 11 2972670 334 
12 12 2975258 408 
13 13 2977846 502 
14 14 2980438 374 
15 15 2983024 630 
16 16 2985612 338 
17 17 2988200 434 
18 18 2990790 552 
19 19 2993376 310 
20 20 2995966 416 
21 21 2998552 520 
21 21 2998552 520 
22 22 3001138 1290 
23 23 3003080 654 
23 23 3003080 654 
25 25 3006962 310 
27 26 3012782 -1606 
29 28 3016664 542 
30 29 3018606 648 
32 30 3024426 588 
33 31 3026368 314 
34 32 3028312 388 
35 33 3030252 450 
21845 21845 1432089845 -1964667833 
36 34 3032194 354 
37 35 3036054 1624 
62489 36 3038016 414 
38 36 3038016 414 
39 37 3043192 2566 
40 38 3045780 490 
41 39 3048368 584 
42 40 3050310 396 
43 41 3052898 1646 
44 42 3054842 394 
45 43 3056782 416 
46 44 3058722 432 
47 45 3060662 390 
48 46 3062604 282 
49 47 3068428 5034 
52 49 3077488 508 
53 50 3080076 278 
54 51 3082666 912 
55 52 3085254 280 
56 53 3087842 470 
59 55 3098196 584 
60 56 3100784 396 
61 57 3103372 312 
62 58 3105956 394 
64 60 3111138 1320 
65 61 3113726 468 
66 62 3116314 294 
67 63 3118904 1226 
68 64 3121492 902 
69 65 3124080 370 
70 66 3126668 720 
71 67 3129256 348 
72 68 3131844 506 
74 70 3137022 546 
75 71 3139610 602 
76 72 3142198 356 
77 73 3144782 668 
78 74 3147374 286 
79 75 3149964 278 
80 76 3152552 1276 
81 77 3155140 390 
82 78 3157728 354 
82 78 3157728 354 
83 79 3160316 1508 
84 80 3162906 1142 
85 81 3165492 314 
86 82 3168080 294 
87 83 3170670 410 
88 84 3173258 414 
88 84 3173258 414 
89 85 3175846 1296 
90 86 3178434 358 
91 87 3181022 294 
92 88 3183612 414 
93 89 3186200 524 
94 90 3188788 1990 
95 91 3191378 292 
96 92 3193966 294 
97 93 3196554 1670 
98 94 3199788 394 
99 95 3203024 412 
100 96 3206260 334 
101 97 3209494 674 
102 98 3212728 416 
103 99 3215962 316 
103 99 3215962 316 
104 100 3219196 1180 
105 101 3222428 410 
106 102 3225664 890 
107 103 3228898 410 
108 104 3232132 930 
109 105 3235374 1288 
110 106 3238608 378 
111 106 3245080 410 
111 106 3245080 410 
112 107 3248316 2112 
113 108 3251552 334 
114 109 3254786 630 
115 110 3258020 390 
116 111 3261256 376 
117 112 3267732 3064 
118 113 3270966 294 
119 114 3274848 330 
120 115 3278732 396 
121 116 3282614 314 
122 117 3286498 414 
123 118 3290382 412 
124 119 3294264 398 
125 120 3298146 372 
126 121 3302028 416 
127 122 3305912 1614 
129 124 3313678 876 
130 125 3317556 406 
131 126 3321444 974 
132 127 3325324 284 
133 128 3329210 294 
134 129 3333094 1538 
135 130 3336976 354 
136 131 3340858 286 
137 132 3344742 418 
138 133 3349270 398 
139 134 3353800 330 
140 135 3358328 286 
141 136 3362854 472 
142 137 3367380 394 
143 138 3371908 334 
146 141 3385504 466 
147 142 3390680 334 
148 143 3395858 1252 
149 144 3401034 1130 
150 145 3406212 1000 
151 146 3411386 546 
153 148 3421740 330 
154 149 3426270 294 
155 150 3431448 352 
156 151 3436624 374 
157 152 3441154 644 
159 154 3451506 372 
161 155 3461212 -4116 
162 156 3467682 314 
163 157 3474794 1788 
164 158 3481916 942 
165 159 3489034 352 
166 160 3495504 640 
167 161 3501328 390 
168 162 3509092 394 
169 163 3516852 294 
170 164 3525270 378 
171 165 3533682 568 
172 166 3540800 730 
173 167 3546624 280 
174 168 3551152 378 
175 169 3556328 390 
176 170 3562798 316 
177 171 3571212 486 
177 171 3571212 486 
178 172 3581560 850 
179 173 3593856 504 
180 174 3602914 334 
181 175 3606790 312 
182 176 3615850 690 
183 177 3629438 700 
184 178 3641084 314 
185 179 3655318 604 
186 180 3669548 598 
186 180 3669548 598 
187 181 3681192 966 
188 182 3691542 414 
189 183 3699954 986 
190 184 3707724 546 
192 186 3727782 432 
193 187 3740076 1490 
194 188 3753018 298 
195 189 3767900 354 
196 190 3780840 396 
197 191 3791840 280 
198 192 3802196 602 
199 193 3810612 1034 
200 194 3815142 622 
201 195 3817730 370 
203 197 3822260 410 
204 198 3824202 286 
205 199 3826788 1336 
206 200 3829376 416 
207 201 3832612 372 
208 202 3836496 394 
209 203 3841028 410 
210 204 3846852 426 
211 205 3854618 394 
212 206 3866910 354 
213 207 3873382 1296 
30581 30583 1476117460 -2042049228 
216 209 3890854 1660 
217 210 3897332 280 
218 211 3903156 1074 
219 212 3913510 1968 
220 213 3917394 1322 
221 214 3922570 864 
222 215 3926454 298 
223 216 3930336 502 
224 217 3934220 982 
225 218 3938100 314 
226 219 3941984 298 
227 220 3950392 4050 
227 220 3950392 4050 
228 221 3955572 1306 
229 222 3962684 370 
230 223 3980154 512 
231 224 3984684 330 
232 225 3992450 660 
234 226 4013166 -8712 
236 228 4019632 410 
237 229 4026100 348 
238 230 4031926 316 
238 230 4031926 316 
240 231 4044214 -5060 
241 232 4050038 966 
242 233 4057156 374 
243 234 4065566 312 
244 235 4092736 314 
245 236 4102438 310 
246 237 4132854 640 
247 238 4136090 280 
248 239 4141266 970 
248 239 4141266 970 
250 241 4154204 458 
251 242 4160028 1532 
252 243 4167792 398 
253 244 4178144 390 
254 245 4220846 1220 
255 246 4240264 838 
256 247 4243498 1178 
257 248 4246734 398 
258 249 4249970 724 
259 250 4253204 394 
261 252 4258380 330 
262 253 4260970 562 
263 254 4263558 582 
264 255 4266146 374 
264 255 4266146 374 
265 256 4268734 1064 
266 257 4273912 4272 
267 258 4276500 886 
268 259 4279090 338 
269 260 4281678 746 
269 260 4281678 746 
270 261 4284914 1578 
271 262 4287504 402 
272 263 4290094 396 
273 264 4292680 292 
274 265 4295270 294 
276 267 4300444 294 
277 268 4303032 410 
278 269 4305622 328 
21847 21845 1428340779 1386882269 
279 270 4308208 590 
280 271 4310798 1084 
282 273 4315968 520 
283 274 4318556 524 
284 275 4321148 282 
285 276 4324384 354 
286 277 4327618 358 
287 278 4330854 488 
288 279 4334090 412 
289 280 4337324 330 
290 281 4340562 1568 
291 282 4343794 310 
292 283 4347034 704 
293 284 4350266 278 
294 285 4353504 1760 
295 286 4356738 390 
295 286 4356738 390 
296 287 4359974 1502 
297 288 4363210 588 
298 289 4366444 314 
300 290 4376150 -1610 
301 291 4379380 398 
303 293 4385858 318 
304 294 4389736 414 
304 294 4389736 414 
305 295 4393622 1206 
306 296 4397506 316 
307 297 4402030 402 
308 298 4406566 378 
309 299 4411094 334 
310 300 4413030 372 
311 301 4414972 376 
312 302 4417564 612 
313 303 4421448 348 
314 304 4425978 530 
315 305 4430506 298 
316 306 4434388 336 
317 307 4438268 392 
318 308 4442794 282 
319 309 4448618 1282 
319 309 4448618 1282 
320 310 4454444 1998 
321 311 4460266 690 
322 312 4466090 418 
323 313 4472560 410 
324 314 4479030 1038 
325 315 4485496 444 
326 316 4491966 388 
327 317 4498436 764 
328 318 4504910 372 
329 319 4511380 724 
330 320 4517850 282 
331 321 4524966 764 
332 322 4532082 314 
333 323 4539200 566 
334 324 4546962 282 
335 325 4555372 314 
336 326 4564434 628 
337 327 4573488 374 
338 328 4583192 376 
339 329 4593546 486 
340 330 4603256 582 
341 331 4612316 350 
342 332 4622020 1528 
343 333 4631726 310 
344 334 4644668 712 
345 335 4660842 3642 
346 336 4675724 686 
347 337 4684136 280 
348 338 4693838 1654 
349 339 4707428 1352 
350 340 4726192 374 
351 341 4733310 354 
352 342 4752724 740 
353 343 4763076 504 
354 344 4766312 858 
355 345 4769548 446 
357 347 4777314 350 
358 348 4781842 416 
359 349 4787668 1526 
360 350 4795434 412 
361 351 4810966 312 
362 352 4813554 394 
362 352 4813554 394 
363 353 4818084 1830 
364 354 4823262 1834 
365 355 4829086 762 
366 356 4835558 490 
367 357 4845262 282 
368 358 4847854 412 
369 359 4850442 414 
370 360 4853032 524 
371 361 4855620 474 
372 362 4858856 960 
373 363 4862094 310 
373 363 4862094 310 
374 364 4865974 1516 
375 365 4869860 390 
376 366 4874388 374 
377 367 4879564 412 
378 368 4886036 292 
379 369 4896384 370 
380 370 4900916 1870 
380 370 4900916 1870 
381 371 4907388 1478 
382 372 4915152 390 
383 373 4927444 372 
384 374 4931326 334 
385 375 4942968 310 
386 376 4946848 314 
387 377 4954620 808 
388 378 4963028 374 
389 379 4972734 1144 
390 380 4984380 356 
391 381 5005734 374 
392 382 5043910 394 
393 383 5060082 354 
394 384 5069144 588 
395 385 5079498 342 
396 386 5091794 822 
397 387 5112502 280 
398 388 5152626 354 
399 389 5168156 352 
400 390 5179802 568 
401 391 5192096 348 
402 392 5206330 358 
403 393 5210858 312 
404 394 5214094 840 
405 395 5217328 676 
406 396 5220564 1038 
407 397 5223798 332 
408 398 5227034 334 
409 399 5230264 960 
410 400 5233496 1650 
411 401 5236730 350 
412 402 5239968 298 
413 403 5243206 336 
414 404 5246438 1618 
415 405 5249672 410 
416 406 5252914 318 
417 407 5256148 374 
418 408 5259382 2424 
419 409 5262618 818 
420 410 5265854 294 
421 411 5269734 370 
423 413 5276206 314 
424 414 5279440 840 
425 415 5282670 484 
426 416 5285910 296 
427 417 5289144 410 
428 418 5292380 296 
429 419 5295616 394 
430 420 5298850 318 
431 421 5302732 758 
432 422 5310494 4802 
433 423 5314374 522 
434 424 5318258 356 
435 425 5322140 936 
436 426 5326022 610 
437 427 5329898 278 
438 428 5333784 278 
439 429 5337666 390 
440 430 5341548 1378 
442 432 5349310 282 
443 433 5353192 382 
444 434 5357074 286 
444 434 5357074 286 
445 435 5360956 1008 
446 436 5365486 526 
446 436 5365486 526 
447 437 5370014 3182 
448 438 5374544 490 
449 439 5379074 408 
450 440 5384250 572 
451 441 5390074 644 
452 442 5395898 518 
453 443 5401720 410 
454 444 5407546 568 
455 445 5414014 390 
456 446 5420484 526 
457 447 5426954 688 
457 447 5426954 688 
458 448 5434070 4502 
459 449 5441188 472 
460 450 5447658 470 
461 451 5455416 352 
462 452 5463184 430 
464 454 5474830 464 
465 455 5482594 776 
466 456 5491000 1004 
467 457 5500062 416 
468 458 5508474 354 
469 459 5517532 462 
470 460 5527236 544 
471 461 5536946 410 
472 462 5547948 468 
473 463 5560890 2092 
474 464 5575122 1154 
475 465 5587416 286 
476 466 5599062 396 
477 467 5606826 686 
478 468 5618468 414 
479 469 5632062 622 
481 471 5641120 310 
482 472 5646942 354 
483 473 5652766 742 
484 474 5659884 396 
485 475 5666996 644 
486 476 5670876 740 
487 477 5677998 640 
489 478 5714222 -12646 
490 479 5718104 336 
491 480 5725222 410 
492 481 5733630 358 
493 482 5746574 412 
494 483 5749802 282 
495 484 5767920 818 
496 485 5791202 1032 
497 486 5801558 332 
498 487 5815148 686 
499 488 5870792 332 
500 489 5886316 418 
500 489 5886316 418 
501 490 5897964 894 
502 491 5916724 416 
503 492 5920604 392 
504 493 5925778 290 
505 494 5933534 590 
506 495 5968472 1008 
507 496 5971058 406 
509 498 5983350 1288 
510 499 5991758 296 
511 500 6005348 684 
512 501 6024756 354 
513 502 6032520 978 
514 503 6043520 354 
515 504 6077164 1606 
516 505 6081042 532 
516 505 6081042 532 
517 506 6088802 946 
518 507 6097860 510 
519 508 6109506 354 
519 508 6109506 354 
520 509 6147020 1086 
521 510 6154138 350 
522 511 6191652 994 
523 512 6195532 410 
524 513 6203296 518 
525 514 6213648 356 
526 515 6266696 500 
527 516 6299690 278 
528 517 6304214 396 
529 518 6312624 780 
530 519 6323624 296 
530 519 6323624 296 
531 520 6378626 950 
532 521 6409680 294 
533 522 6414852 290 
534 523 6423908 424 
535 524 6436204 2194 
536 525 6482792 394 
537 526 6520962 310 
539 528 6535836 644 
541 529 6567538 -14550 
542 530 6569478 974 
543 531 6571418 298 
544 532 6573358 414 
545 533 6575298 334 
546 534 6577238 546 
547 535 6579180 410 
548 536 6581122 398 
549 537 6583060 1238 
550 538 6585002 1040 
551 539 6586942 294 
552 540 6588882 396 
553 541 6590824 392 
554 542 6592766 1130 
555 543 6594706 330 
556 544 6596648 1120 
557 545 6598588 354 
557 545 6598588 354 
558 546 6602324 1492 
560 548 6606352 590 
561 549 6608292 414 
562 550 6610234 358 
564 552 6614116 296 
564 552 6614116 296 
565 553 6616060 896 
566 554 6618000 392 
568 556 6621882 626 
569 557 6623824 334 
570 557 6628194 1474 
570 557 6628194 1474 
572 559 6632880 640 
573 560 6634822 390 
574 561 6636762 278 
575 562 6638704 330 
576 563 6640644 392 
577 564 6642586 310 
579 566 6646468 310 
580 567 6648408 962 
581 568 6650346 336 
582 569 6652290 334 
583 570 6654230 310 
584 571 6656170 588 
585 572 6658110 390 
586 573 6660052 372 
587 574 6661994 372 
589 576 6665876 372 
590 577 6667818 1438 
591 578 6669758 350 
592 579 6671700 922 
593 580 6673640 278 
594 581 6675582 368 
595 582 6677522 410 
596 583 6679464 356 
597 584 6683214 1512 
598 585 6685290 634 
599 586 6687224 294 
600 587 6689170 294 
601 588 6691112 752 
602 589 6693054 840 
603 590 6694996 280 
604 591 6696934 634 
605 592 6698876 486 
606 593 6702758 2184 
608 595 6706640 394 
609 596 6708582 318 
610 597 6710524 692 
611 598 6712464 282 
612 599 6714408 298 
613 600 6716350 350 
615 602 6720230 394 
615 602 6720230 394 
616 603 6722172 1292 
617 604 6724112 492 
618 605 6726056 418 
619 605 6733820 1360 
620 606 6735762 414 
621 607 6738350 414 
622 608 6740938 314 
623 609 6744172 330 
624 610 6746762 294 
625 611 6749348 280 
626 612 6751290 394 
627 613 6753878 474 
629 615 6757760 414 
630 616 6759702 412 
631 617 6761642 280 
632 618 6763584 1124 
633 619 6765526 390 
634 620 6767466 314 
635 621 6769406 562 
636 622 6771350 334 
637 623 6773290 390 
638 624 6775230 1118 
639 625 6777172 410 
640 626 6779112 286 
641 627 6781700 298 
642 628 6784288 788 
644 630 6792054 282 
645 631 6799170 410 
646 632 6802406 1730 
647 633 6806288 698 
648 634 6809524 396 
649 635 6812112 390 
650 636 6814700 562 
651 637 6817288 332 
652 638 6819878 372 
653 639 6822466 482 
654 640 6825054 414 
655 641 6827642 372 
656 642 6830230 858 
658 644 6836700 1342 
659 645 6840582 330 
660 646 6845758 286 
661 647 6854170 278 
661 647 6854170 278 
662 648 6858700 928 
663 649 6863230 292 
664 650 6867758 2624 
665 651 6871642 504 
666 652 6875524 318 
667 653 6879406 546 
668 654 6883288 316 
669 655 6887172 632 
670 656 6891702 608 
670 656 6891702 608 
671 657 6897528 1218 
673 659 6916292 292 
674 660 6921470 396 
676 662 6931820 1160 
677 663 6936996 354 
678 664 6942820 648 
679 665 6949940 590 
680 666 6964174 448 
681 667 6971938 1316 
683 669 6986174 280 
684 670 6993942 376 
685 671 7003002 972 
686 672 7031472 378 
687 673 7036000 312 
687 673 7036000 312 
688 674 7045060 1164 
689 675 7057350 414 
690 676 7080648 416 
691 677 7088406 414 
692 678 7099410 646 
693 679 7139524 528 
694 680 7142760 416 
695 681 7154406 278 
697 683 7184824 1082 
698 684 7195180 374 
699 685 7241116 312 
700 686 7246938 286 
702 688 7287050 378 
703 689 7296110 348 
705 691 7325226 624 
706 692 7336224 376 
707 693 7351752 332 
708 694 7379572 588 
709 695 7389278 888 
710 696 7402864 686 
711 697 7423570 280 
712 698 7448156 294 
712 698 7448156 294 
713 699 7472092 1250 
713 699 7472092 1250 
714 700 7496674 1096 
715 701 7511548 290 
716 702 7533548 286 
717 703 7580130 278 
718 704 7611824 1308 
719 705 7625412 602 
720 706 7727626 648 
723 709 7837596 310 
724 710 7851834 530 
725 711 7915886 668 
726 712 7946298 416 
21845 21845 1428341064 1292388410 
727 713 7954708 332 
728 713 7972174 2076 
729 714 8007764 368 
730 715 8025234 418 
731 716 8051108 442 
732 717 8060812 286 
733 718 8076342 544 
734 719 8124222 374 
735 720 8169506 412 
736 721 8177268 356 
737 722 8213048 984 
