0 0 3847992 0 
1 1 3850594 352 
2 2 3853182 368 
3 3 3855770 414 
4 4 3858356 664 
5 5 3860300 890 
6 6 3862256 398 
6 6 3862256 398 
7 7 3864840 1158 
13107 13107 -482068780 2147155427 
9 9 3869380 1418 
10 10 3871966 334 
11 11 3874554 718 
12 12 3877144 286 
13 13 3879730 410 
14 14 3882318 488 
15 15 3884906 280 
16 16 3887496 550 
17 17 3890080 506 
17 17 3890080 506 
18 18 3892670 1792 
19 19 3895258 334 
20 20 3897846 664 
21 21 3900434 484 
22 22 3903022 1044 
23 23 3905610 524 
24 24 3908200 286 
25 25 3910788 278 
26 26 3913376 350 
27 27 3915964 284 
28 28 3917906 450 
29 29 3919846 394 
30 30 3921788 374 
31 31 3923728 370 
32 32 3925670 336 
33 33 3927610 282 
34 34 3929552 888 
35 35 3931488 310 
36 36 3933430 282 
37 37 3937316 2406 
38 38 3939256 338 
39 39 3941198 332 
40 40 3943140 358 
42 41 3950904 -1466 
43 42 3952846 336 
44 43 3954786 334 
45 44 3956728 414 
46 45 3958670 578 
47 46 3960606 410 
48 47 3963198 380 
49 48 3965786 284 
50 49 3968374 400 
51 50 3970962 314 
52 51 3973550 380 
53 52 3976140 1250 
54 53 3978728 356 
55 54 3980672 280 
56 55 3983256 1598 
58 57 3988432 338 
59 58 3991020 624 
60 59 3993610 400 
61 60 3996198 1198 
62 61 3998784 418 
63 62 4001374 1322 
64 63 4003964 294 
65 64 4006550 280 
66 65 4009140 978 
10485 29059 1116885436 315326782 
68 67 4014316 472 
69 68 4016902 464 
70 69 4019492 358 
71 70 4022080 350 
72 71 4024668 380 
73 72 4027258 336 
74 73 4029844 1240 
75 74 4032434 1016 
76 75 4035020 414 
77 76 4037608 334 
78 77 4040196 730 
79 78 4042784 372 
80 79 4045372 1138 
81 80 4047962 282 
82 81 4050548 1560 
83 82 4053134 380 
84 83 4055726 398 
85 84 4058314 1348 
86 85 4060902 318 
87 86 4063490 294 
88 87 4066078 650 
89 88 4068666 394 
90 89 4071254 354 
91 90 4073842 310 
93 91 4081606 664 
94 92 4084194 552 
95 93 4086784 562 
96 94 4089370 358 
97 95 4091960 690 
98 96 4094548 586 
99 97 4097136 314 
100 98 4099724 388 
101 99 4102310 860 
102 100 4104900 294 
103 101 4107488 904 
104 102 4110078 288 
105 103 4112662 648 
106 104 4115252 420 
107 105 4117840 334 
108 106 4121068 358 
109 107 4124304 1932 
110 108 4127542 298 
111 109 4130776 578 
112 110 4134014 296 
113 111 4137248 930 
114 112 4140484 418 
115 113 4143720 1592 
116 114 4146956 506 
117 115 4150190 686 
118 116 4153432 416 
119 117 4155372 406 
120 118 4157312 426 
121 119 4159254 1140 
123 121 4165078 390 
124 122 4168316 564 
125 123 4171550 284 
126 124 4174784 410 
127 125 4178022 292 
128 126 4181256 928 
129 127 4184492 334 
130 128 4187734 394 
131 129 4190968 392 
132 130 4194204 320 
133 131 4198086 340 
134 132 4201324 1578 
135 133 4205204 690 
136 134 4209088 298 
137 135 4212974 398 
138 136 4216856 1230 
139 137 4220738 294 
140 138 4224622 336 
141 139 4228500 392 
142 140 4232386 318 
143 141 4236268 782 
144 142 4240146 1490 
145 143 4244028 284 
146 144 4247914 1288 
147 145 4251794 280 
148 146 4256324 404 
149 147 4260854 330 
150 148 4264732 340 
151 149 4269262 898 
152 150 4273790 388 
153 151 4278324 294 
154 152 4282852 358 
155 153 4287382 416 
156 154 4291912 1382 
157 155 4296440 338 
158 156 4300974 376 
159 157 4305502 370 
160 158 4310032 396 
161 159 4314560 334 
162 160 4319090 314 
163 161 4323620 502 
163 161 4323620 502 
164 162 4328794 1030 
164 162 4328794 1030 
165 163 4333322 1040 
166 164 4338498 296 
167 165 4343674 402 
167 165 4343674 402 
168 166 4349496 1052 
169 167 4354672 298 
170 168 4359848 1466 
170 168 4359848 1466 
171 169 4365670 1780 
172 170 4371492 318 
173 171 4378606 994 
174 172 4384428 418 
175 173 4390250 606 
176 174 4396722 454 
177 175 4401902 474 
178 176 4406432 686 
179 177 4411606 280 
180 178 4418078 412 
181 179 4425196 378 
183 181 4440078 278 
184 182 4447842 416 
185 183 4454312 390 
186 184 4462080 400 
187 185 4469838 294 
188 186 4475658 568 
189 187 4483422 374 
190 188 4491828 414 
191 189 4499592 436 
192 190 4507366 378 
193 191 4515778 488 
194 192 4523542 338 
195 193 4530660 1012 
196 194 4535834 378 
197 195 4539066 350 
198 196 4541008 338 
199 197 4542948 422 
200 198 4544890 608 
201 199 4546836 352 
201 199 4546836 352 
201 199 4546836 352 
202 199 4551364 2266 
203 200 4553952 394 
204 201 4556542 416 
205 202 4559776 666 
206 203 4563658 294 
207 204 4568832 314 
208 205 4575300 546 
209 206 4583710 376 
211 208 4596644 290 
212 209 4602462 1066 
213 210 4608284 316 
13107 13107 862027079 -547981020 
214 211 4614112 300 
215 212 4619934 1990 
216 213 4626404 340 
218 214 4649048 -13210 
219 215 4654224 414 
220 216 4658104 1128 
221 217 4662636 490 
223 219 4671044 382 
224 220 4675574 398 
225 221 4680104 410 
226 222 4685280 610 
227 223 4692400 356 
228 224 4706632 398 
229 225 4709864 336 
229 225 4709864 336 
230 226 4716986 1140 
231 227 4723456 1010 
232 228 4729924 1164 
233 229 4740930 846 
234 230 4746752 350 
234 230 4746752 350 
235 231 4751928 2208 
236 232 4757754 320 
237 233 4762284 294 
238 234 4766168 378 
239 235 4770696 354 
240 236 4774578 338 
241 237 4779106 838 
242 238 4783632 318 
243 239 4788812 292 
243 239 4788812 292 
244 240 4794636 4040 
245 241 4801106 490 
246 242 4808224 580 
247 243 4815988 350 
248 244 4822458 378 
249 245 4828282 332 
250 246 4837342 1256 
251 247 4845754 394 
252 248 4847696 482 
253 249 4850932 332 
254 250 4854166 428 
254 250 4854166 428 
255 251 4858696 2188 
256 252 4863224 406 
257 253 4868400 856 
258 254 4873576 550 
259 255 4878752 350 
259 255 4878752 350 
260 256 4885224 2112 
261 257 4894278 370 
262 258 4908514 406 
263 259 4915636 1216 
264 260 4924694 346 
265 261 4936990 294 
266 262 4957696 358 
267 263 4961578 294 
268 264 4967400 294 
269 265 4972578 296 
270 266 4977752 472 
271 267 4982930 1066 
272 268 4989398 542 
273 269 4997164 284 
274 270 5010106 394 
275 271 5020454 390 
276 272 5032106 630 
276 272 5032106 630 
277 273 5044402 886 
278 274 5059286 286 
279 275 5061224 292 
280 276 5064462 350 
281 277 5068344 334 
282 278 5072874 398 
282 278 5072874 398 
283 279 5078696 1198 
284 280 5084518 376 
285 281 5091636 338 
286 282 5100696 398 
287 283 5127870 566 
288 284 5134340 568 
290 286 5145332 586 
291 287 5147920 608 
292 288 5150514 288 
292 288 5150514 288 
293 289 5153102 1820 
294 290 5155690 648 
295 291 5158280 332 
296 292 5160866 640 
297 293 5163454 312 
298 294 5166044 492 
300 296 5171220 418 
302 298 5176398 284 
303 299 5178986 374 
304 300 5181574 1312 
305 301 5184162 280 
306 302 5186748 526 
307 303 5189334 1052 
308 304 5191922 358 
309 305 5194510 356 
310 306 5197098 378 
311 307 5199688 688 
311 307 5199688 688 
312 308 5202276 1342 
313 309 5204864 354 
314 310 5207452 284 
315 311 5210042 314 
316 312 5212632 358 
317 313 5215220 472 
317 313 5215220 472 
318 314 5217808 1448 
319 315 5220396 392 
320 316 5222980 388 
321 317 5225572 412 
322 318 5231390 2946 
323 319 5233982 628 
324 320 5237218 414 
325 321 5239806 296 
327 323 5244982 856 
328 324 5250158 2848 
328 324 5250158 2848 
329 324 5252746 1864 
330 325 5255334 376 
330 325 5255334 376 
331 326 5257922 1262 
332 327 5260510 318 
333 328 5263098 352 
334 329 5265688 690 
334 329 5265688 690 
335 330 5270858 2728 
336 331 5273446 638 
337 332 5276682 1070 
338 333 5279916 396 
339 334 5283796 278 
340 335 5287688 1074 
341 336 5291570 922 
342 337 5295452 1042 
343 338 5297390 336 
344 339 5299334 338 
346 341 5305160 414 
348 343 5311630 378 
349 344 5314864 374 
350 345 5318746 1634 
351 346 5322628 314 
352 347 5326510 398 
353 348 5330392 394 
354 349 5334274 652 
356 351 5342680 378 
357 352 5346568 1304 
358 353 5350452 910 
359 354 5354980 554 
360 355 5359510 412 
361 356 5364038 1038 
362 357 5368568 1084 
363 358 5373096 340 
365 360 5382156 278 
366 361 5387332 418 
367 362 5392504 334 
368 363 5397680 340 
369 364 5403506 280 
370 365 5409330 376 
371 366 5415154 840 
372 367 5420978 418 
373 368 5426804 842 
0 0 3169 -654590582 
376 371 5445568 1320 
377 372 5452686 294 
378 373 5460458 358 
379 374 5468870 766 
379 374 5468870 766 
380 375 5477284 1966 
381 376 5485694 314 
382 377 5494108 394 
383 378 5503816 918 
384 379 5512230 358 
385 380 5521290 990 
386 381 5530996 336 
387 382 5538762 334 
388 383 5547818 766 
389 384 5557522 412 
390 385 5570460 294 
391 386 5585344 286 
392 387 5596988 418 
393 388 5602810 416 
394 389 5613162 542 
395 390 5627392 282 
396 391 5637100 992 
397 392 5650040 312 
399 394 5682392 312 
400 395 5691450 1034 
401 396 5699214 848 
402 397 5706330 1016 
403 398 5713446 410 
403 398 5713446 410 
404 399 5721858 1106 
405 400 5731564 504 
406 401 5743858 288 
407 402 5746444 370 
408 403 5749682 284 
409 404 5752918 426 
409 404 5752918 426 
410 405 5756800 1050 
411 406 5761330 852 
412 407 5766508 376 
413 408 5772980 334 
414 409 5785920 318 
415 410 5795628 318 
416 411 5805334 376 
417 412 5816332 280 
418 413 5826038 600 
419 414 5838976 394 
419 414 5838976 394 
420 415 5849974 954 
422 417 5868092 550 
423 418 5877150 354 
423 418 5877150 354 
424 419 5887500 1892 
425 420 5906268 414 
425 420 5906268 414 
426 421 5933444 1768 
427 422 5959970 1422 
428 423 5967086 1142 
429 424 5976792 334 
430 425 5985850 314 
431 426 5996850 314 
432 427 6017554 648 
432 427 6017554 648 
433 428 6051194 870 
434 429 6057016 430 
435 430 6065426 398 
436 431 6075776 702 
437 432 6088068 414 
438 433 6112000 590 
439 434 6115234 330 
440 435 6118468 358 
440 435 6118468 358 
441 436 6123646 3104 
442 437 6126234 1222 
443 438 6128822 414 
444 439 6131410 376 
445 440 6133998 292 
446 441 6136582 288 
447 442 6139178 290 
448 443 6141768 374 
449 444 6144356 280 
450 445 6146944 284 
451 446 6149532 880 
453 448 6154710 1582 
454 449 6157296 498 
455 450 6160530 478 
459 454 6172174 662 
460 455 6174762 396 
461 456 6177346 496 
462 457 6179938 418 
463 458 6182526 350 
464 459 6185760 356 
465 460 6188996 404 
466 461 6192230 2332 
467 462 6195464 292 
468 463 6198698 320 
469 464 6201934 392 
471 466 6208406 492 
472 467 6211640 398 
474 469 6218104 530 
475 470 6221342 388 
476 471 6224576 1230 
477 472 6227816 392 
478 473 6231052 352 
479 474 6234286 350 
479 474 6234286 350 
480 475 6237520 1336 
481 476 6240756 314 
482 477 6243992 494 
483 478 6247224 414 
484 479 6250464 394 
485 480 6253696 1014 
487 482 6260816 412 
488 483 6264700 378 
489 484 6268582 418 
491 486 6276998 332 
492 487 6281522 570 
493 488 6286056 386 
493 488 6286056 386 
494 489 6290584 1932 
495 490 6295114 282 
496 491 6299646 420 
497 492 6304820 294 
498 493 6309996 690 
499 494 6315170 300 
500 495 6320998 548 
501 496 6326820 314 
502 497 6331996 376 
502 497 6331996 376 
503 498 6337820 2032 
504 499 6343634 360 
505 500 6349462 412 
506 501 6355288 400 
507 502 6362404 300 
508 503 6368878 418 
508 503 6368878 418 
509 504 6375352 1242 
510 505 6382468 398 
511 506 6389582 286 
512 507 6397350 286 
513 508 6404468 2758 
514 509 6410942 288 
515 510 6418056 1322 
516 511 6425176 416 
517 512 6432940 300 
518 513 6443290 394 
519 514 6451706 1532 
519 514 6451706 1532 
520 515 6460120 956 
521 516 6470470 394 
522 517 6476946 400 
62554 518 6487292 414 
524 519 6498296 1184 
525 520 6503472 310 
526 521 6511882 416 
527 522 6523524 1844 
528 523 6528056 376 
529 524 6543580 294 
530 525 6550698 336 
531 526 6558468 544 
532 527 6566232 416 
532 527 6566232 416 
533 528 6575292 1048 
534 529 6585646 358 
535 530 6588876 724 
536 531 6597292 334 
537 532 6620584 416 
537 532 6620584 416 
538 533 6623818 1326 
539 534 6630288 376 
540 535 6638050 418 
541 536 6646466 840 
542 537 6658110 1722 
543 538 6660700 782 
543 538 6660700 782 
544 539 6665232 1294 
545 540 6673640 1240 
546 541 6705986 358 
546 541 6705986 358 
547 542 6709220 2124 
548 543 6716988 398 
549 544 6731870 354 
550 545 6748692 450 
550 545 6748692 450 
551 546 6770044 910 
552 547 6823098 508 
553 548 6832800 1010 
554 549 6848972 506 
555 550 6870330 1276 
556 551 6872270 1154 
557 552 6875508 820 
558 553 6881328 508 
559 554 6891684 280 
560 555 6909142 764 
561 556 6913024 414 
562 557 6918848 430 
563 558 6925964 506 
564 559 6935022 296 
565 560 6946670 294 
566 561 6980318 358 
567 562 6988084 296 
568 563 7022380 1212 
569 564 7025612 410 
570 565 7033380 1046 
571 566 7046968 624 
572 567 7087090 650 
573 568 7092268 330 
574 569 7128502 360 
574 569 7128502 360 
575 570 7133676 1022 
576 571 7143384 766 
577 572 7157620 374 
578 573 7184152 952 
579 574 7193856 972 
580 575 7213268 380 
581 576 7233336 878 
582 577 7242394 764 
583 578 7254040 356 
584 579 7270218 296 
584 579 7270218 296 
585 580 7297394 1924 
586 581 7307098 1040 
587 582 7344628 338 
588 583 7349156 380 
589 584 7358860 564 
589 584 7358860 564 
590 585 7374390 2078 
591 586 7391210 548 
592 587 7402862 400 
593 588 7419688 332 
593 588 7419688 332 
594 589 7446866 1182 
595 590 7455276 2386 
596 591 7466278 338 
597 592 7482450 294 
598 593 7494100 288 
599 594 7496042 490 
600 595 7497982 398 
601 596 7499922 354 
602 597 7501864 398 
603 598 7503804 958 
604 599 7505744 288 
606 601 7509628 452 
607 602 7513386 1510 
608 603 7515448 338 
609 604 7517390 334 
610 605 7519334 670 
611 606 7521276 568 
612 607 7523218 376 
613 608 7525160 374 
614 609 7527102 288 
615 610 7529042 462 
616 611 7530984 420 
617 612 7532926 374 
618 613 7534866 284 
619 614 7536808 444 
621 616 7540690 374 
622 617 7542630 398 
623 618 7544574 294 
624 619 7546516 298 
626 621 7550398 358 
627 622 7552340 470 
628 623 7554280 356 
629 624 7556224 314 
630 625 7558164 282 
631 626 7560754 1200 
632 627 7562696 440 
633 628 7564632 1138 
634 629 7566574 500 
635 630 7568516 414 
636 631 7570456 298 
637 632 7572398 746 
638 633 7574338 300 
638 633 7574338 300 
639 634 7578220 1736 
640 635 7580160 488 
641 636 7582102 312 
642 637 7584044 398 
643 638 7585984 414 
644 639 7587924 294 
645 640 7589866 354 
646 641 7591808 668 
647 642 7593748 396 
648 643 7595688 314 
649 644 7597630 376 
650 645 7599572 320 
651 646 7601512 334 
652 647 7603454 1176 
653 648 7605394 412 
654 649 7609276 3248 
655 650 7611216 414 
655 650 7611216 414 
656 651 7613160 1350 
657 652 7615100 942 
658 653 7617042 728 
659 654 7618982 412 
660 655 7620924 286 
661 656 7622866 724 
662 657 7624806 490 
663 658 7626748 312 
664 659 7628690 1146 
665 660 7630632 398 
666 661 7632570 464 
668 663 7636452 288 
669 664 7638394 294 
671 665 7648100 -2238 
672 666 7650042 490 
672 666 7650042 490 
673 667 7651984 1002 
674 668 7653926 338 
675 669 7655866 456 
675 669 7655866 456 
676 670 7657808 1138 
677 671 7659748 530 
678 672 7661690 338 
679 673 7663630 1064 
680 674 7665572 376 
681 675 7667512 294 
682 676 7670100 692 
683 677 7673336 392 
683 677 7673336 392 
684 678 7677864 862 
685 679 7680452 280 
686 680 7683040 472 
688 682 7686922 550 
689 683 7688862 684 
690 684 7690804 298 
691 685 7692744 284 
692 686 7694686 318 
693 687 7696626 390 
694 688 7698568 376 
695 689 7700510 312 
696 690 7702450 378 
697 691 7704394 1214 
698 692 7706332 1094 
699 693 7708274 290 
700 694 7710216 732 
701 695 7712802 724 
702 696 7715390 338 
703 697 7718626 358 
704 698 7722508 314 
705 699 7727684 394 
705 699 7727684 394 
706 700 7732212 1262 
707 701 7735446 432 
708 702 7738682 414 
709 703 7741270 608 
710 704 7743858 666 
712 706 7749036 370 
713 707 7751624 464 
714 708 7754212 862 
715 709 7756800 770 
716 710 7759388 418 
717 711 7761976 330 
718 712 7764564 374 
719 713 7767800 354 
722 715 7782684 284 
723 716 7788508 1058 
21845 21845 7793038 288 
725 718 7796920 1026 
726 719 7800804 712 
727 720 7804688 336 
728 721 7807924 356 
729 722 7811158 374 
729 722 7811158 374 
730 723 7815042 1166 
731 724 7818924 314 
732 725 7823456 338 
733 726 7829280 392 
734 727 7840278 830 
734 727 7840278 830 
735 728 7846754 1090 
736 729 7851930 314 
737 730 7856460 376 
738 731 7860990 630 
739 732 7865520 282 
740 733 7870048 580 
741 734 7875226 646 
742 735 7881698 1938 
743 736 7898524 316 
744 737 7903052 286 
744 737 7903052 286 
745 738 7910818 944 
746 739 7916642 1020 
747 740 7923762 1328 
748 741 7932174 1164 
749 742 7946408 350 
750 743 7958702 378 
750 743 7958702 378 
751 744 7967762 1012 
752 745 7977466 378 
753 746 7991700 414 
754 747 8021464 318 
755 748 8033110 354 
756 749 8075166 286 
757 750 8082288 390 
758 751 8124346 374 
759 752 8130168 372 
760 753 8165106 572 
761 754 8169634 352 
762 755 8179334 400 
763 756 8215564 458 
764 757 8219446 334 
765 758 8229806 284 
766 759 8259566 356 
767 760 8262798 1236 
768 761 8270562 3640 
769 762 8282854 1176 
771 764 8313260 650 
772 765 8324262 418 
773 766 8365032 352 
773 766 8365032 352 
774 767 8369560 954 
775 768 8383798 314 
776 769 8409030 294 
777 770 8418086 310 
778 771 8437496 284 
779 772 8456258 412 
780 773 8471138 492 
781 774 8526772 2008 
782 775 8570108 400 
783 776 8579804 314 
784 777 8614742 670 
785 778 8623796 1178 
13107 13107 -1006689537 -536871169 
786 779 8670374 374 
787 780 8676842 1436 
788 781 8714364 550 
789 782 8719538 414 
790 783 8731830 552 
791 784 8757060 1814 
792 785 8762876 2152 
793 786 8773232 1282 
794 787 8812690 298 
795 788 8817218 682 
796 789 8828862 710 
797 790 8856032 412 
797 790 8856032 412 
798 791 8861852 956 
799 792 8872198 406 
800 793 8910362 314 
801 794 8915544 1160 
802 795 8928484 378 
803 796 8953716 576 
804 797 8960186 418 
805 798 8971186 356 
806 799 9006770 940 
807 800 9012588 396 
807 800 9012588 396 
809 802 9051408 374 
810 803 9059816 318 
811 804 9074696 620 
811 804 9074696 620 
812 805 9103802 1378 
813 806 9114804 714 
814 807 9154468 318 
