0 0 619820 0 
1 1 622414 962 
2 2 625006 416 
3 3 627594 334 
4 4 630182 284 
6 6 635364 294 
7 7 637954 350 
9 9 643130 768 
10 10 645724 842 
11 11 648314 280 
11 11 648314 280 
12 12 650902 1740 
12 12 650902 1740 
13 13 653490 1652 
14 14 656078 414 
14 14 656078 414 
15 15 658666 1336 
16 16 661254 506 
17 17 663842 522 
18 18 666430 650 
19 19 669018 294 
20 20 671606 336 
20 20 671606 336 
21 21 674196 960 
22 22 676784 1084 
23 23 679372 314 
24 24 681960 338 
27 27 689724 286 
29 29 694902 392 
30 30 697488 374 
31 31 700076 372 
32 32 702664 338 
33 33 705252 284 
34 34 707840 334 
35 35 710428 312 
36 36 713016 318 
38 38 718192 1020 
39 39 720780 484 
40 40 723368 336 
41 41 725956 334 
42 42 728544 354 
43 43 731132 414 
44 44 733720 286 
45 45 736308 330 
46 46 738896 338 
47 47 741484 704 
48 48 744072 862 
49 49 746660 412 
51 51 751836 486 
52 52 754424 588 
53 53 757012 394 
54 54 759602 1002 
55 55 762190 374 
56 56 764778 286 
57 57 767366 332 
58 58 769954 882 
59 59 772542 424 
60 60 775126 394 
61 61 777716 374 
61 61 777716 374 
62 61 780304 1994 
63 62 782892 416 
64 63 785480 686 
65 64 788068 414 
66 65 790652 374 
67 66 793242 350 
69 68 798418 718 
70 69 801006 448 
72 71 806182 398 
73 72 808770 294 
74 73 811358 468 
75 74 813944 490 
76 75 816532 380 
77 76 819120 336 
78 77 821708 356 
79 78 824292 294 
80 79 826882 396 
81 80 829472 312 
82 81 832060 398 
83 82 834648 280 
84 83 837234 692 
85 84 839822 372 
86 85 842410 416 
87 86 844998 374 
88 87 847586 390 
88 87 847586 390 
89 88 850174 1232 
90 89 852762 396 
91 90 855350 356 
92 91 857940 440 
93 92 860528 398 
94 93 863116 688 
95 94 865704 414 
97 96 870880 334 
98 97 873466 552 
99 98 876052 354 
100 99 878640 318 
101 100 881228 350 
102 101 883816 358 
103 102 886404 374 
104 103 888992 284 
105 104 891580 280 
106 105 894166 374 
107 106 896752 352 
109 108 901936 544 
110 109 904524 570 
111 110 907112 650 
113 112 912288 588 
114 113 914876 320 
115 114 917464 388 
116 115 920048 1068 
117 116 922634 318 
118 117 925222 298 
119 118 927810 336 
120 119 930398 398 
121 120 932986 294 
122 121 935574 284 
124 123 940748 414 
125 124 943336 330 
126 125 945924 510 
127 126 948512 412 
128 127 951100 470 
129 128 953688 296 
130 129 956276 420 
131 130 958862 608 
132 131 961454 296 
134 133 966630 842 
135 134 969218 628 
137 136 974394 564 
138 137 976982 294 
139 138 979570 446 
140 139 982158 1204 
141 140 984746 390 
142 141 987334 636 
143 142 989922 548 
144 143 992510 416 
145 144 995098 280 
146 145 997686 334 
147 146 1000274 290 
148 147 1002858 982 
149 148 1005446 392 
150 149 1008038 334 
151 150 1010626 392 
152 151 1013210 954 
153 152 1015798 332 
154 153 1018386 288 
155 154 1020974 394 
157 156 1026150 548 
158 157 1028740 1566 
159 158 1031326 412 
160 159 1036388 2174 
161 160 1039086 314 
162 161 1041678 420 
164 163 1046858 378 
165 164 1049446 418 
166 165 1052034 414 
167 166 1054622 310 
168 167 1057210 284 
169 168 1059798 334 
170 169 1062386 418 
171 170 1064974 352 
172 171 1067560 378 
173 172 1070148 316 
174 173 1072736 338 
175 174 1075322 334 
176 175 1077910 902 
177 176 1080498 314 
178 177 1083086 370 
179 178 1085674 352 
180 179 1088260 358 
180 179 1088260 358 
181 180 1090848 808 
182 181 1093436 356 
184 183 1098612 286 
185 184 1101200 310 
186 185 1103788 374 
187 186 1106376 506 
188 187 1108962 314 
189 188 1111550 334 
191 190 1116726 390 
192 191 1119312 950 
193 192 1121902 486 
195 194 1127078 332 
196 195 1129664 298 
197 196 1132252 1066 
199 198 1137428 354 
200 199 1140016 390 
200 199 1140016 390 
201 200 1142604 1008 
202 201 1145192 1772 
203 202 1147780 374 
204 203 1150368 318 
205 204 1152956 686 
207 206 1158132 334 
208 207 1160720 668 
209 208 1163308 988 
211 210 1168484 622 
212 211 1171072 318 
214 213 1176246 316 
215 214 1178836 634 
216 215 1181424 358 
217 216 1184014 1084 
218 217 1186600 290 
220 219 1191778 572 
221 220 1194366 374 
221 220 1194366 374 
222 221 1196954 1330 
224 223 1202130 472 
225 224 1204718 444 
226 225 1207306 358 
227 226 1209894 422 
228 227 1212484 690 
229 228 1215070 414 
230 229 1217658 1954 
231 230 1220246 600 
232 231 1225424 4510 
233 232 1228012 298 
234 233 1230600 914 
235 234 1233188 414 
236 235 1235776 374 
237 236 1238360 982 
238 237 1240952 336 
239 238 1243540 580 
242 241 1251304 1442 
242 241 1251304 1442 
243 241 1253892 1498 
244 242 1256478 398 
245 243 1259064 1238 
247 245 1264240 350 
248 246 1266832 318 
249 247 1269418 374 
250 248 1272008 528 
251 249 1274598 370 
252 250 1277186 394 
253 251 1279770 410 
253 251 1279770 410 
254 252 1282358 1204 
255 253 1284946 394 
256 254 1287538 652 
257 255 1290124 524 
258 256 1292710 354 
259 257 1295302 1800 
260 258 1297892 988 
261 259 1302906 2118 
262 260 1305658 418 
263 261 1308246 414 
264 262 1310834 314 
265 263 1313422 312 
266 264 1316010 446 
267 265 1318598 466 
268 266 1321186 314 
269 267 1323774 378 
270 268 1326362 298 
271 269 1328946 414 
272 270 1331536 298 
275 273 1339300 356 
276 274 1341890 294 
277 275 1344478 392 
278 276 1347066 664 
279 277 1349656 510 
280 278 1352244 370 
281 279 1354830 334 
282 280 1357420 900 
282 280 1357420 900 
283 281 1360008 1060 
284 282 1362596 480 
285 283 1365184 330 
286 284 1367772 358 
287 285 1370360 292 
288 286 1372948 414 
289 287 1375536 392 
290 288 1378122 588 
291 289 1380710 354 
292 290 1383298 314 
293 291 1385886 312 
294 292 1388474 338 
295 293 1391062 280 
296 294 1393646 358 
296 294 1393646 358 
297 295 1398824 2738 
298 296 1401412 1122 
300 298 1406588 1226 
302 300 1411764 360 
303 301 1414352 364 
304 302 1416940 294 
309 307 1429880 336 
310 308 1432468 942 
311 309 1435056 392 
312 310 1437644 398 
314 312 1442818 394 
314 312 1442818 394 
315 313 1445406 1190 
316 314 1447990 360 
317 315 1452996 2122 
317 315 1452996 2122 
319 317 1460934 410 
322 320 1468696 318 
324 322 1473872 340 
326 324 1481636 756 
327 325 1484224 404 
328 326 1486812 394 
329 327 1489400 296 
330 328 1491988 872 
331 329 1494578 290 
332 330 1497162 414 
333 331 1499750 332 
334 332 1502338 288 
335 333 1504930 374 
336 334 1507520 428 
337 335 1510108 414 
338 336 1512698 688 
339 337 1515286 354 
340 338 1517874 354 
341 339 1520464 1076 
342 340 1523052 1100 
343 341 1525640 410 
344 342 1528226 334 
345 343 1530812 354 
346 344 1533404 378 
348 346 1538584 360 
351 349 1548938 290 
353 351 1554116 292 
356 354 1561878 726 
357 355 1564464 294 
359 357 1569640 396 
360 358 1572230 338 
361 359 1574818 414 
362 360 1577406 394 
363 361 1579998 646 
366 364 1587764 414 
367 365 1590352 314 
368 366 1592940 318 
369 367 1595530 316 
370 368 1598118 486 
371 369 1600706 370 
372 370 1603290 374 
373 371 1605876 314 
375 373 1611052 690 
376 374 1613642 354 
377 375 1616226 296 
378 376 1618816 730 
379 377 1621406 934 
380 378 1623994 414 
381 379 1626582 410 
382 380 1629174 590 
383 381 1631762 280 
384 382 1634352 922 
385 383 1636940 374 
386 384 1639528 418 
387 385 1642116 414 
388 386 1644704 1044 
389 387 1647292 334 
390 388 1649880 338 
391 389 1652468 746 
392 390 1655056 572 
393 391 1657642 726 
394 392 1660230 286 
395 393 1662820 1066 
396 394 1665408 1142 
397 395 1667996 656 
398 396 1670586 518 
399 397 1673174 370 
400 398 1675762 488 
401 399 1678350 292 
402 400 1680938 1474 
403 401 1683528 374 
404 402 1686112 318 
405 403 1691288 3168 
407 405 1696466 416 
409 407 1701642 414 
410 408 1704230 334 
411 409 1706820 334 
412 410 1709408 286 
413 411 1711996 374 
414 412 1714586 340 
415 413 1717174 334 
417 415 1722350 354 
418 416 1724936 740 
419 417 1727526 908 
420 418 1730114 628 
421 419 1732704 444 
422 420 1735292 298 
423 421 1737880 360 
424 422 1740468 418 
424 422 1740468 418 
425 423 1743056 1008 
426 424 1745646 712 
427 425 1748238 414 
428 426 1753414 3202 
429 427 1756002 1894 
430 428 1758590 414 
431 429 1761178 856 
432 430 1763766 418 
433 431 1766352 414 
434 432 1768940 526 
435 433 1771530 1688 
436 434 1774118 466 
437 435 1776706 414 
438 436 1779294 294 
439 437 1781880 310 
440 438 1784470 394 
441 439 1787058 376 
442 440 1789646 490 
444 442 1794822 512 
446 444 1799996 338 
447 445 1802584 314 
448 446 1805172 414 
449 447 1807760 392 
450 448 1810348 392 
451 449 1812936 490 
451 449 1812936 490 
452 450 1815524 870 
454 452 1820702 378 
455 453 1823290 392 
21845 21845 1440065226 1524562633 
458 456 1831054 448 
459 457 1833640 332 
460 458 1836230 1060 
461 459 1838820 1964 
462 460 1841408 284 
463 461 1843998 576 
464 462 1846586 358 
465 463 1849174 350 
466 464 1851764 668 
468 466 1856942 338 
469 467 1859534 406 
470 468 1862122 334 
471 469 1864712 456 
472 470 1867300 338 
473 471 1869888 424 
475 473 1875064 410 
476 474 1877650 334 
477 475 1880242 416 
478 476 1882832 890 
479 477 1885420 334 
481 479 1890596 372 
482 480 1893186 420 
483 481 1895774 964 
484 482 1898364 728 
485 483 1900952 414 
486 484 1903540 288 
489 487 1911304 506 
490 488 1913892 450 
491 489 1916480 280 
492 490 1919070 284 
493 491 1921658 416 
495 493 1926834 1148 
497 495 1932016 662 
498 496 1934606 316 
499 497 1937194 390 
499 497 1937194 390 
500 498 1939782 1880 
501 499 1942372 282 
503 501 1947548 414 
504 502 1950138 350 
505 503 1952726 994 
506 504 1955316 378 
507 505 1957904 372 
508 506 1960492 358 
509 507 1963080 294 
510 508 1965668 298 
511 509 1968256 310 
512 510 1970844 394 
514 512 1976020 808 
515 513 1978610 396 
516 514 1981198 374 
517 515 1983786 412 
518 516 1986374 398 
519 517 1988960 314 
520 518 1991550 934 
521 519 1994138 804 
522 520 1996726 488 
523 521 1999314 524 
524 522 2001902 360 
525 523 2004490 312 
526 524 2007078 784 
527 525 2009666 446 
528 526 2012254 710 
528 526 2012254 710 
529 527 2014842 1598 
530 528 2017430 1490 
531 529 2020018 562 
532 530 2022606 1184 
534 532 2027782 418 
535 533 2030370 374 
536 534 2032958 294 
537 535 2035546 314 
538 536 2038134 316 
539 537 2040724 356 
542 540 2048488 418 
543 541 2051072 466 
544 542 2053662 354 
545 543 2056252 290 
546 544 2058840 1568 
547 545 2061426 706 
548 546 2064016 354 
549 547 2066606 428 
550 548 2069194 358 
552 550 2074370 284 
553 551 2076958 354 
554 552 2079546 934 
555 553 2082134 410 
556 554 2084722 354 
557 555 2087310 414 
558 556 2089896 290 
559 557 2092484 518 
560 558 2095072 298 
561 559 2097660 292 
562 560 2100248 374 
563 561 2102838 354 
564 562 2105428 394 
17476 17476 1144249808 -1677729841 
567 565 2113190 1120 
568 566 2115780 1092 
569 567 2118368 310 
570 568 2120956 288 
571 569 2123544 296 
572 570 2126132 420 
573 571 2128722 564 
574 572 2131310 418 
575 573 2133898 878 
576 574 2136486 1056 
577 575 2139074 506 
578 576 2141662 420 
579 577 2144250 1198 
580 578 2146838 554 
581 579 2149426 416 
582 580 2152014 1672 
583 581 2154602 726 
584 582 2157190 334 
585 583 2159778 410 
586 584 2162366 334 
587 585 2164954 748 
588 586 2170132 4250 
589 587 2172716 374 
590 588 2175304 354 
591 589 2177896 412 
592 590 2180484 314 
593 591 2183072 932 
594 592 2185662 376 
595 593 2188250 392 
596 594 2190838 298 
597 595 2193428 414 
598 596 2196016 298 
599 597 2198606 688 
600 598 2201194 2072 
601 599 2203782 354 
602 600 2206372 630 
603 601 2208956 352 
603 601 2208956 352 
604 602 2211544 1890 
605 603 2214132 414 
606 604 2216720 360 
607 605 2219308 394 
608 606 2221896 1640 
609 607 2224488 280 
610 608 2227076 710 
611 609 2229666 278 
612 610 2232254 294 
613 611 2234844 296 
614 612 2237432 286 
615 613 2240022 412 
616 614 2242610 314 
617 615 2245200 284 
618 616 2247788 398 
619 617 2250378 782 
620 618 2252966 426 
621 619 2255554 1114 
622 620 2258144 356 
622 620 2258144 356 
624 622 2263320 414 
625 623 2265908 706 
626 624 2268494 398 
627 625 2271082 934 
628 626 2273674 590 
628 626 2273674 590 
629 627 2276264 1458 
630 628 2278854 298 
631 629 2281440 414 
632 630 2284026 550 
633 631 2286616 1710 
634 632 2289204 660 
635 633 2291796 598 
636 634 2294386 610 
637 635 2296970 374 
638 636 2299562 354 
639 637 2302150 352 
640 638 2304738 298 
641 639 2307328 618 
642 640 2309916 608 
643 641 2312504 350 
644 642 2315092 318 
645 643 2317676 330 
647 645 2322852 568 
648 646 2325440 314 
649 647 2328028 416 
650 648 2330616 1532 
26214 26214 -419715329 -1 
653 651 2338384 1178 
655 653 2343560 1160 
656 654 2346148 1826 
657 655 2348738 290 
658 656 2351326 394 
659 657 2353914 352 
660 658 2356502 466 
661 659 2359090 394 
663 661 2364268 1082 
664 662 2369440 2444 
665 663 2372028 334 
666 664 2374616 334 
667 665 2377206 316 
668 666 2379794 418 
669 667 2382382 394 
670 668 2384970 398 
671 669 2387562 688 
672 670 2390152 438 
673 671 2392740 506 
674 672 2395330 372 
675 673 2397918 284 
676 674 2400508 318 
677 675 2403096 354 
678 676 2405686 286 
679 677 2408274 592 
680 678 2410864 336 
681 679 2413452 280 
682 680 2416042 366 
684 682 2421220 482 
685 683 2423808 450 
686 684 2426394 640 
687 685 2428986 584 
690 688 2436754 1600 
691 689 2439338 294 
692 690 2441926 750 
693 691 2444520 292 
695 693 2449698 334 
696 694 2452286 742 
697 695 2454876 316 
699 697 2460052 314 
700 698 2462640 1074 
701 699 2465230 298 
703 701 2470406 356 
704 702 2472996 374 
705 703 2475586 902 
706 704 2478174 334 
708 706 2485940 886 
709 707 2488530 294 
710 708 2491118 314 
711 709 2493706 354 
712 710 2496290 414 
713 711 2498876 1822 
714 712 2501468 994 
715 713 2504058 412 
716 714 2506646 728 
717 715 2509238 474 
718 716 2511828 418 
719 717 2514416 374 
720 718 2517004 314 
721 719 2519592 394 
722 720 2522180 410 
723 721 2524770 314 
723 721 2524770 314 
724 722 2527354 1430 
725 723 2529944 470 
726 724 2532534 416 
727 725 2535122 418 
728 726 2537710 356 
729 727 2540300 790 
731 729 2545476 544 
732 730 2548064 414 
735 733 2555826 354 
736 734 2558414 294 
737 735 2561002 336 
738 736 2563590 626 
739 737 2566178 468 
740 738 2568766 568 
741 739 2571358 330 
742 740 2573948 372 
742 740 2573948 372 
743 741 2576536 1792 
744 742 2579124 446 
745 743 2581712 356 
746 744 2584302 392 
747 745 2586890 1200 
748 746 2589478 286 
749 747 2592066 294 
750 748 2594652 390 
751 749 2597242 404 
752 750 2599830 286 
752 750 2599830 286 
753 751 2602418 1796 
754 752 2605006 296 
755 753 2607592 376 
756 754 2610178 394 
757 755 2612764 372 
758 756 2615352 318 
761 759 2623122 376 
762 760 2625710 294 
763 761 2628298 410 
764 762 2630890 562 
765 763 2633480 356 
766 764 2636068 394 
767 765 2638656 396 
768 766 2641246 394 
769 767 2643834 394 
770 768 2646422 338 
772 770 2651596 418 
774 772 2656774 638 
775 773 2661824 2166 
776 774 2664542 354 
777 775 2667130 374 
778 776 2669718 378 
779 777 2672306 312 
780 778 2674894 320 
781 779 2677482 1278 
782 780 2682530 2154 
783 781 2685246 354 
784 782 2687836 398 
785 783 2690424 414 
786 784 2693012 286 
787 785 2695600 412 
788 786 2698188 638 
789 787 2700776 556 
790 788 2703366 466 
792 790 2708542 374 
793 791 2711130 822 
794 792 2713718 506 
795 793 2716306 334 
796 794 2718894 374 
797 795 2721482 388 
798 796 2724070 334 
799 797 2726660 392 
800 798 2729248 358 
801 799 2731836 358 
802 800 2734424 482 
803 801 2737014 376 
804 802 2739602 314 
805 803 2742190 280 
806 804 2744778 318 
808 806 2749954 880 
809 807 2752542 290 
810 808 2755132 416 
811 809 2757720 414 
812 810 2760308 378 
813 811 2762896 628 
813 811 2762896 628 
814 812 2765486 1008 
815 813 2768074 332 
816 814 2770662 374 
817 815 2773250 316 
817 815 2773250 316 
818 816 2775840 910 
820 818 2781016 590 
821 819 2783606 336 
822 820 2786194 1420 
823 821 2788784 412 
824 822 2791372 574 
825 823 2793956 980 
13107 13107 864605933 465147028 
827 825 2799138 688 
828 826 2801722 480 
829 827 2804310 294 
830 828 2806902 298 
831 829 2809490 978 
832 830 2812080 394 
833 831 2814668 392 
834 832 2817256 426 
835 833 2822434 2886 
836 834 2825022 358 
838 836 2830200 354 
839 837 2832788 350 
840 838 2835378 320 
841 839 2837966 516 
842 840 2840554 782 
843 841 2843144 312 
844 842 2845732 718 
845 843 2848320 1186 
846 844 2850910 1082 
847 845 2853498 1604 
848 846 2856086 314 
849 847 2858676 278 
850 848 2861260 374 
851 849 2863848 292 
852 850 2866436 398 
853 851 2869028 994 
854 852 2871618 728 
855 853 2874206 524 
856 854 2876794 950 
857 855 2879382 374 
858 856 2881970 406 
859 857 2884558 412 
860 858 2887146 358 
861 859 2889734 372 
862 860 2892322 526 
863 861 2894910 294 
864 862 2900086 4404 
865 863 2902674 374 
866 864 2905262 398 
866 864 2905262 398 
867 865 2907850 1204 
868 866 2910438 398 
869 867 2913026 370 
870 868 2915614 936 
871 869 2918202 292 
872 870 2920790 408 
873 871 2923380 310 
874 872 2925968 418 
875 873 2928556 334 
875 873 2928556 334 
876 874 2933732 2464 
877 875 2936320 354 
878 876 2938908 480 
879 877 2941496 394 
880 878 2944080 314 
881 879 2946668 1646 
882 880 2949258 1718 
882 880 2949258 1718 
883 881 2951848 1084 
884 882 2954434 318 
885 883 2957024 278 
886 884 2959612 286 
887 885 2962200 624 
888 886 2964788 314 
889 887 2967376 310 
890 888 2969964 690 
891 889 2972552 280 
892 890 2975140 1274 
893 891 2977728 294 
894 892 2980314 398 
895 893 2982902 390 
896 894 2985484 934 
897 895 2988072 350 
898 896 2990666 334 
899 897 2993254 334 
901 899 2998430 316 
902 900 3001018 400 
903 901 3003606 380 
904 902 3006194 1410 
905 903 3008784 488 
906 904 3011372 646 
907 905 3013960 414 
909 907 3019136 372 
910 908 3021726 286 
911 909 3024314 394 
912 910 3026902 286 
913 911 3029490 402 
915 913 3034668 338 
916 914 3037256 398 
917 915 3039844 728 
918 916 3042432 998 
919 917 3045020 354 
920 918 3047610 416 
922 920 3052786 414 
923 921 3055374 294 
924 922 3057958 318 
925 923 3060548 284 
926 924 3063138 376 
927 925 3065726 2062 
928 926 3068314 890 
929 927 3073490 3426 
930 928 3076078 1746 
931 929 3078668 396 
932 930 3081256 930 
933 931 3083844 458 
934 932 3086432 414 
935 933 3089020 296 
936 934 3091610 284 
937 935 3094198 330 
938 936 3099368 2274 
939 937 3101962 604 
940 938 3104550 300 
941 939 3107140 432 
942 940 3109728 358 
943 941 3112316 586 
944 942 3114904 396 
945 943 3117494 428 
947 945 3122670 372 
948 946 3125260 340 
949 947 3127848 392 
951 949 3133026 356 
952 950 3135608 418 
953 951 3138200 370 
954 952 3140790 414 
956 954 3145966 1118 
957 955 3148554 316 
958 956 3151142 416 
959 957 3153732 280 
960 958 3156320 334 
961 959 3158908 1324 
962 960 3161496 286 
963 961 3164084 376 
964 962 3166674 766 
965 963 3169262 1394 
966 964 3171850 952 
968 966 3177024 374 
969 967 3179610 622 
970 968 3182200 360 
971 969 3184788 332 
972 970 3187380 284 
973 971 3189970 396 
974 972 3192558 430 
975 973 3195146 524 
976 974 3197734 688 
976 974 3197734 688 
977 975 3200322 1602 
978 976 3202912 646 
979 977 3205500 570 
981 978 3213264 -2270 
982 979 3215854 416 
983 980 3218442 318 
984 981 3221030 398 
985 982 3223618 390 
986 983 3226206 1182 
988 985 3231384 318 
989 986 3233972 330 
990 987 3236560 336 
991 988 3239148 316 
992 989 3241738 286 
993 990 3244326 294 
994 991 3246912 474 
995 992 3249500 412 
996 993 3252092 294 
997 994 3254682 284 
998 995 3257272 710 
998 995 3257272 710 
999 996 3259860 928 
1000 997 3262446 400 
1003 1000 3270216 604 
1004 1001 3272804 420 
1006 1003 3277980 376 
1007 1004 3280570 394 
1008 1005 3283156 398 
1009 1006 3285748 412 
1010 1007 3288338 336 
1011 1008 3290924 334 
1012 1009 3293514 1908 
1013 1010 3296104 592 
1014 1011 3298692 414 
1015 1012 3301282 416 
1016 1013 3303870 630 
1017 1014 3306458 330 
1017 1014 3306458 330 
1018 1015 3309048 1030 
1019 1016 3311636 466 
1020 1017 3314226 294 
1021 1018 3316816 726 
1022 1019 3319406 914 
1025 1021 3329722 -2290 
1026 1022 3332350 490 
1027 1023 3334938 294 
1028 1024 3337524 284 
1029 1025 3340112 1358 
1030 1026 3342702 960 
1031 1027 3345290 396 
1034 1030 3353060 314 
1035 1031 3355648 414 
1036 1032 3358234 1572 
1037 1033 3360826 330 
1038 1034 3363412 1796 
1039 1035 3366004 414 
1040 1036 3368592 1264 
1041 1037 3371182 316 
1043 1039 3376352 350 
1044 1040 3378942 1030 
1045 1041 3381532 290 
1046 1042 3384120 398 
1047 1043 3386708 410 
1048 1044 3389296 360 
1049 1045 3391884 470 
1050 1046 3394470 950 
1050 1046 3394470 950 
1051 1047 3397056 926 
1052 1048 3399648 526 
1053 1049 3402236 372 
1053 1049 3402236 372 
1054 1050 3404828 1638 
1055 1051 3407416 350 
1056 1052 3410006 314 
1057 1053 3412594 352 
1058 1054 3415182 1182 
1059 1055 3417770 314 
1060 1056 3420360 360 
1061 1057 3422948 894 
1062 1058 3425536 284 
1063 1059 3428126 294 
1066 1062 3435892 356 
1068 1064 3441070 336 
1069 1065 3443658 338 
1070 1066 3446248 774 
1071 1067 3448836 334 
1072 1068 3451424 338 
1073 1069 3454012 394 
1074 1070 3456600 880 
1076 1072 3461778 1648 
1077 1073 3464366 444 
1077 1073 3464366 444 
1078 1074 3466956 1262 
1079 1075 3469544 280 
1080 1076 3472132 288 
1081 1077 3474722 912 
1082 1078 3477310 286 
1083 1079 3479900 820 
1085 1081 3485078 414 
1086 1082 3487666 638 
1089 1085 3495432 314 
1090 1086 3498022 374 
1091 1087 3500610 434 
1092 1088 3503200 530 
21845 21845 1441695555 1030704555 
1094 1089 3508378 320 
1094 1089 3508378 320 
1095 1090 3510966 1756 
1096 1091 3513556 414 
1096 1091 3513556 414 
1097 1092 3518734 3524 
1098 1093 3521322 318 
1099 1094 3523912 416 
1100 1095 3526500 374 
1101 1096 3529090 376 
1102 1097 3531678 650 
1103 1098 3534266 392 
1104 1099 3536856 510 
1105 1100 3539444 524 
1106 1101 3542032 360 
1107 1102 3544622 984 
1108 1103 3547210 286 
1109 1104 3549800 1520 
1110 1105 3552388 292 
1111 1106 3554976 616 
1112 1107 3557566 692 
1113 1108 3560154 370 
1115 1110 3565332 376 
1116 1111 3567920 398 
1117 1112 3570508 356 
1118 1113 3573098 398 
1119 1114 3575686 294 
1120 1115 3578276 482 
1121 1116 3580864 354 
1122 1117 3583452 400 
1123 1118 3586042 376 
1124 1119 3588630 358 
1125 1120 3591220 974 
1126 1121 3593808 640 
1127 1122 3596396 332 
26214 26214 1717997780 -356599833 
1129 1124 3601574 894 
1130 1125 3604164 1134 
1131 1126 3606752 290 
1133 1128 3611930 296 
1134 1129 3614518 334 
1135 1130 3617108 314 
1136 1131 3619696 338 
1137 1132 3622286 352 
1138 1133 3624874 316 
1139 1134 3627462 508 
1140 1135 3630052 652 
1141 1136 3632640 724 
1142 1137 3635228 1346 
1144 1139 3640406 316 
1145 1140 3642994 336 
1146 1141 3645584 330 
1147 1142 3648172 1020 
1148 1143 3650762 396 
1149 1144 3653350 286 
1150 1145 3655938 470 
1153 1148 3663704 608 
1154 1149 3666294 400 
1155 1149 3671468 3324 
1157 1151 3676650 1042 
1158 1152 3679238 648 
1159 1153 3681826 508 
1160 1154 3684416 396 
1161 1155 3687004 414 
1162 1156 3689594 300 
1163 1157 3692182 282 
1164 1158 3694768 1866 
1165 1159 3697356 1584 
1166 1160 3699948 1042 
1168 1162 3705128 822 
1169 1163 3707716 294 
1170 1164 3710306 284 
1171 1165 3712894 312 
1172 1166 3715482 800 
1173 1167 3718072 946 
1174 1168 3720662 1286 
1176 1170 3725838 418 
1177 1171 3728428 608 
1178 1172 3731016 612 
1179 1173 3733606 372 
1180 1174 3736194 314 
1181 1175 3738784 546 
1182 1176 3741374 636 
1183 1177 3743962 294 
60607 1184 77201465 720896000 
1185 1179 3749142 858 
1186 1180 3751732 546 
1187 1181 3754320 330 
1188 1182 3756910 708 
1189 1183 3759498 352 
1190 1184 3762088 394 
1191 1185 3764676 1216 
1192 1186 3767264 388 
1193 1187 3769854 294 
1194 1188 3772442 374 
1195 1189 3775032 314 
1196 1190 3777620 394 
1197 1191 3780206 566 
1198 1192 3782796 462 
1199 1193 3785388 394 
1200 1194 3787976 506 
1201 1195 3790566 412 
1201 1195 3790566 412 
1203 1197 3798330 506 
1204 1198 3800920 396 
1205 1199 3803510 284 
1206 1200 3806098 292 
1207 1201 3808688 618 
1208 1202 3811276 408 
1209 1203 3813866 448 
1210 1204 3816454 418 
1211 1205 3819044 610 
1212 1206 3821634 376 
1213 1207 3824220 412 
1214 1208 3826810 632 
1215 1209 3829400 628 
1216 1210 3831990 314 
1217 1211 3834578 314 
1218 1212 3837168 374 
1219 1213 3839756 334 
1220 1214 3842344 1302 
1221 1215 3844934 282 
1222 1216 3847522 344 
1223 1217 3850112 312 
1223 1217 3850112 312 
1224 1218 3852700 1424 
1225 1219 3855290 372 
1226 1220 3857878 396 
1227 1221 3860468 280 
1228 1222 3863056 374 
1230 1224 3868234 288 
1231 1225 3870822 414 
1232 1226 3873412 748 
1233 1227 3876000 378 
1234 1228 3878588 338 
1234 1228 3878588 338 
1235 1229 3881178 1016 
1236 1230 3883766 394 
1238 1232 3888944 866 
1239 1233 3891534 356 
1240 1234 3894122 826 
1241 1235 3896712 884 
1242 1236 3901886 2894 
1243 1237 3904474 352 
1244 1238 3907066 288 
1245 1239 3909658 1188 
1246 1240 3912246 636 
1247 1241 3914836 280 
1248 1242 3917424 510 
1249 1243 3920014 466 
1250 1244 3922600 338 
1251 1245 3925186 280 
1252 1246 3927778 1162 
1253 1247 3930368 608 
1253 1247 3930368 608 
1254 1248 3932956 1054 
1255 1249 3935546 526 
1256 1250 3938134 356 
1257 1251 3940722 412 
1258 1252 3943310 416 
1259 1253 3945900 354 
1260 1254 3948488 358 
1261 1255 3951076 414 
1262 1256 3953664 664 
1263 1257 3956252 1030 
1264 1258 3958836 518 
1265 1259 3961424 286 
1267 1261 3966604 316 
1268 1262 3969194 1142 
1269 1263 3971782 332 
1270 1264 3974370 508 
1271 1265 3976960 352 
1272 1266 3979548 506 
1274 1268 3984726 300 
1275 1269 3987314 752 
1276 1270 3989902 298 
1277 1271 3992492 414 
1278 1272 3995080 290 
1279 1273 3997668 436 
1280 1274 4000254 336 
1281 1275 4002840 314 
1282 1276 4005430 318 
1283 1277 4008022 1072 
1285 1279 4013200 418 
1286 1280 4015788 394 
1287 1281 4018378 356 
1288 1282 4020966 1260 
1289 1283 4023554 1338 
1291 1285 4028730 628 
1292 1286 4031318 380 
1294 1288 4036496 510 
1295 1289 4039086 492 
1296 1290 4041674 374 
1297 1291 4044264 1092 
1298 1292 4046852 370 
1299 1293 4049440 412 
1300 1294 4052030 1344 
1301 1295 4054618 588 
1302 1296 4057206 590 
1304 1297 4064972 -2274 
1305 1298 4067558 352 
1306 1299 4070146 418 
1307 1300 4072734 682 
1307 1300 4072734 682 
1308 1301 4075322 1286 
1309 1302 4077916 414 
1310 1303 4080504 414 
1311 1304 4083094 314 
1312 1305 4085682 530 
1313 1306 4088270 892 
1315 1308 4093448 482 
1316 1309 4096036 1072 
1317 1310 4098626 650 
1318 1311 4101214 1038 
1319 1312 4103802 1498 
1320 1313 4106392 300 
1320 1313 4106392 300 
1321 1314 4108978 1200 
1322 1315 4111566 394 
1323 1316 4114154 392 
1324 1317 4116746 1092 
1325 1318 4121926 3588 
1326 1319 4127104 2454 
1327 1320 4129692 378 
1327 1320 4129692 378 
1328 1321 4132280 842 
1329 1322 4134870 742 
1330 1323 4137458 288 
1331 1324 4140048 396 
1332 1325 4142636 416 
1333 1326 4145224 778 
1334 1327 4147812 400 
1335 1328 4150402 314 
1336 1329 4152990 318 
1337 1330 4155578 316 
1338 1331 4158168 530 
1339 1332 4160756 1324 
1340 1333 4163344 838 
1341 1334 4165934 372 
1342 1335 4168522 418 
1343 1336 4171110 684 
1344 1337 4173700 1184 
1345 1338 4176286 292 
1346 1339 4178874 296 
1347 1340 4181464 1058 
1348 1341 4184052 336 
1349 1342 4186646 1316 
1350 1343 4189236 318 
1351 1344 4191826 1832 
1352 1345 4194414 746 
1353 1346 4197004 394 
1354 1347 4199592 338 
1355 1348 4202182 708 
1357 1349 4209950 -2302 
1358 1350 4212540 288 
1359 1351 4215128 608 
1360 1352 4217714 492 
1361 1353 4220304 1006 
64554 1354 4222892 1952 
1363 1355 4225484 1554 
1364 1356 4228074 356 
1365 1357 4230664 396 
1366 1358 4233252 358 
1367 1359 4235842 416 
1368 1360 4238430 1010 
1369 1361 4241020 610 
1370 1362 4243610 530 
1371 1363 4246198 364 
1372 1364 4248788 338 
1373 1365 4251376 314 
1374 1366 4253966 546 
1375 1367 4256554 356 
1376 1368 4259144 1200 
1377 1369 4261732 294 
1378 1370 4264322 398 
1379 1371 4266910 332 
1380 1372 4269500 356 
1381 1373 4272088 1190 
1382 1374 4274678 866 
1383 1375 4277266 446 
1384 1376 4279856 378 
1385 1377 4282444 394 
1386 1378 4285032 288 
1387 1379 4287618 918 
1388 1380 4290206 286 
1389 1381 4292796 706 
1392 1384 4300566 606 
1393 1385 4303156 526 
1395 1387 4308332 496 
1396 1388 4310920 414 
1398 1390 4316098 282 
1399 1391 4318686 354 
1400 1392 4321274 394 
1401 1393 4323860 748 
1402 1394 4326448 1026 
1403 1395 4329036 314 
1404 1396 4331624 378 
1405 1397 4334216 628 
1406 1398 4336806 592 
1408 1400 4341982 1124 
1409 1401 4344572 1864 
1410 1402 4347160 680 
1411 1403 4349748 350 
1412 1404 4352336 750 
1413 1405 4354924 354 
1414 1406 4357514 296 
1415 1407 4360102 280 
1416 1408 4362690 374 
1417 1409 4365278 508 
1418 1410 4367868 490 
1419 1411 4370456 926 
1420 1412 4373044 378 
1421 1413 4375632 314 
1423 1415 4380810 394 
1424 1416 4383398 490 
1425 1417 4385986 778 
1427 1419 4391162 376 
1428 1420 4393752 316 
1429 1421 4396340 294 
1430 1422 4398928 668 
1431 1423 4401516 312 
1432 1424 4404104 294 
1433 1425 4406692 290 
1435 1427 4411868 2088 
1436 1428 4414456 436 
1437 1429 4417044 296 
1438 1430 4419632 314 
1439 1431 4422220 460 
1440 1432 4424808 298 
1441 1433 4427398 354 
1442 1434 4429986 1108 
1443 1435 4432576 312 
1444 1436 4435164 772 
1446 1438 4440340 336 
1447 1439 4442930 334 
1448 1440 4445518 358 
1449 1441 4448106 686 
1450 1442 4450694 336 
1451 1443 4453282 470 
1453 1445 4458460 392 
1454 1446 4461048 354 
1455 1447 4463636 390 
1456 1448 4466224 284 
1457 1449 4468814 294 
1458 1450 4471402 996 
1459 1451 4473990 1024 
1460 1452 4476580 730 
1461 1453 4479168 282 
1463 1455 4484346 420 
1464 1456 4486934 314 
1465 1457 4489524 686 
1466 1458 4492112 650 
1467 1459 4494700 402 
1468 1460 4497284 418 
1470 1461 4505052 -1880 
1471 1462 4507640 412 
1472 1463 4510230 314 
1473 1464 4512818 372 
1474 1465 4515408 338 
1475 1466 4517996 374 
1476 1467 4520584 358 
1478 1469 4525762 414 
1479 1470 4528352 394 
1481 1472 4533528 708 
1481 1472 4533528 708 
1482 1473 4536118 1274 
1483 1474 4538706 330 
1484 1475 4541296 654 
1485 1476 4543886 744 
1486 1477 4546474 338 
1487 1478 4549064 412 
1488 1479 4551652 1012 
1489 1480 4554240 288 
1490 1481 4556830 420 
1491 1482 4562008 4240 
1492 1483 4564596 294 
1493 1484 4567186 296 
1494 1485 4569774 842 
1495 1486 4572364 372 
1497 1488 4577540 412 
1498 1489 4580128 1302 
1499 1490 4582716 376 
1500 1491 4585306 456 
1501 1492 4587894 418 
1502 1493 4590482 338 
1503 1494 4593070 392 
1504 1495 4595658 336 
1505 1496 4598248 490 
1506 1497 4600836 396 
1507 1498 4603424 566 
1508 1499 4606012 814 
1509 1500 4608600 670 
1510 1501 4611186 492 
1512 1503 4616366 704 
1513 1504 4618956 1088 
1514 1505 4621544 318 
1515 1506 4624132 744 
1517 1508 4629310 390 
1518 1509 4631898 1066 
1519 1510 4634486 310 
1520 1511 4637076 416 
1521 1512 4639664 488 
1522 1513 4642252 650 
1523 1514 4647408 2274 
1525 1516 4652606 292 
1527 1518 4657782 1120 
1528 1519 4660370 1528 
1529 1520 4662960 814 
1529 1520 4662960 814 
1530 1521 4665544 1972 
1531 1522 4668136 448 
1532 1523 4670722 512 
1533 1524 4673312 376 
1534 1525 4675902 318 
1537 1528 4683664 370 
1539 1530 4688846 292 
1540 1531 4691434 318 
1541 1532 4694022 284 
1542 1533 4696610 338 
1543 1534 4699198 312 
1544 1535 4701786 730 
1545 1536 4704374 332 
1546 1537 4706964 760 
1547 1538 4709552 412 
1548 1539 4712142 400 
1549 1540 4714730 374 
1549 1540 4714730 374 
1550 1541 4717316 1166 
1551 1542 4719904 546 
1552 1543 4722496 310 
1554 1545 4727674 452 
1555 1546 4730264 548 
1556 1547 4732852 352 
1556 1547 4732852 352 
1557 1548 4735442 1480 
1558 1549 4738030 338 
1559 1550 4740620 334 
1560 1551 4743208 1246 
1561 1552 4745798 282 
1562 1553 4748386 904 
1563 1554 4750976 412 
1564 1555 4753564 652 
1565 1556 4756154 354 
1566 1557 4758742 338 
1567 1558 4761332 548 
1568 1559 4763920 334 
1569 1560 4766508 372 
1570 1561 4769098 316 
1571 1562 4771686 922 
1572 1563 4774274 376 
1573 1564 4776860 284 
1574 1565 4779446 956 
1576 1567 4784628 630 
1577 1568 4787216 728 
1578 1569 4789804 1218 
1579 1570 4792394 312 
1580 1571 4794982 452 
1581 1572 4797572 650 
1583 1574 4802750 1834 
1584 1575 4805338 738 
1585 1576 4807926 1296 
1586 1577 4810516 1016 
1586 1577 4810516 1016 
1587 1578 4813104 1532 
1588 1578 4818280 374 
1589 1579 4820870 396 
1590 1580 4823454 406 
1591 1581 4826042 880 
1592 1582 4828634 284 
1593 1583 4831224 372 
1594 1584 4833814 288 
1595 1584 4836404 1724 
1596 1585 4838992 702 
1597 1586 4841580 354 
1598 1587 4844170 320 
1599 1588 4846758 426 
1600 1589 4851828 2178 
1601 1590 4854524 316 
1602 1591 4857112 288 
1603 1592 4859702 372 
1604 1593 4862290 314 
1605 1594 4864878 376 
1606 1595 4867464 676 
1608 1597 4872646 624 
1609 1598 4875234 374 
1610 1599 4877818 630 
1611 1600 4880410 412 
1612 1601 4883000 356 
1614 1603 4888178 392 
1615 1604 4890762 280 
1616 1605 4893354 400 
1617 1606 4895944 314 
1618 1607 4898528 394 
1618 1607 4898528 394 
1618 1607 4898528 394 
1620 1609 4903706 296 
1621 1610 4906298 1092 
1623 1612 4911474 586 
1624 1613 4914064 288 
1625 1614 4916652 338 
1626 1615 4919240 314 
1627 1616 4921830 352 
1628 1617 4924418 796 
1629 1618 4927006 976 
1630 1619 4929596 504 
1632 1620 4934774 -2196 
1633 1621 4937362 334 
1634 1622 4939950 1186 
1635 1623 4942540 414 
1636 1624 4945128 338 
1637 1625 4947718 284 
1638 1626 4950306 1204 
1639 1627 4952894 374 
1640 1628 4955484 300 
1641 1629 4958068 412 
1643 1631 4963246 350 
1644 1632 4965838 1574 
1645 1633 4968428 412 
1646 1634 4971016 286 
1647 1635 4973604 414 
1648 1636 4976190 336 
1649 1637 4978778 314 
1650 1638 4981366 1112 
1651 1639 4983956 354 
1652 1640 4986548 650 
1654 1642 4991724 336 
1655 1643 4994314 1610 
1658 1646 5004564 2184 
1659 1647 5007254 610 
1660 1648 5009844 360 
1661 1649 5012432 354 
1662 1650 5015022 338 
1663 1651 5017612 964 
1664 1652 5020202 288 
1665 1653 5022790 850 
1666 1654 5025378 296 
1667 1655 5027966 520 
1668 1656 5030556 726 
1669 1657 5033144 740 
1670 1658 5035732 298 
1671 1659 5038320 1474 
1672 1660 5040910 418 
1673 1661 5043498 414 
1674 1662 5046082 398 
1675 1663 5048670 294 
1676 1664 5051262 568 
1677 1665 5053850 390 
1678 1666 5056438 398 
1680 1668 5061616 418 
1681 1669 5064204 910 
1682 1670 5066794 320 
1683 1671 5069382 334 
1684 1672 5071970 1106 
1685 1673 5074558 334 
1686 1674 5077146 1188 
1687 1675 5079734 356 
1688 1676 5082322 316 
1689 1677 5084910 396 
1690 1678 5087496 298 
1691 1679 5090086 414 
1692 1680 5092670 400 
1693 1681 5095256 936 
1694 1682 5097848 376 
1695 1683 5100438 292 
1698 1686 5108204 316 
1698 1686 5108204 316 
1699 1687 5110794 1788 
1700 1688 5113382 374 
1701 1689 5115972 354 
1702 1690 5118560 318 
1704 1692 5123740 414 
1704 1692 5123740 414 
1705 1693 5128918 2446 
1706 1694 5131506 374 
1707 1695 5134096 860 
1708 1696 5136684 470 
1709 1697 5139272 476 
1710 1698 5141860 490 
1711 1699 5144450 352 
1713 1701 5149622 314 
1714 1702 5152214 1770 
1715 1703 5154800 394 
1716 1704 5157390 510 
1716 1704 5157390 510 
1717 1705 5159980 1376 
1717 1705 5159980 1376 
1718 1706 5162568 1084 
1719 1707 5165156 284 
1720 1708 5167746 598 
1721 1709 5170334 392 
1722 1710 5172922 286 
1723 1711 5175510 290 
1724 1712 5178098 288 
1725 1713 5180684 412 
1725 1713 5180684 412 
1728 1716 5188452 356 
1729 1717 5191040 284 
1731 1719 5196218 598 
1732 1720 5198806 374 
1733 1721 5201392 366 
1734 1722 5203978 902 
1735 1723 5206568 1080 
1736 1724 5209156 358 
1737 1725 5211746 1198 
1738 1726 5214334 1190 
1739 1727 5216924 726 
1740 1728 5219512 398 
1741 1729 5222102 910 
1742 1730 5224692 398 
1743 1731 5227282 314 
1744 1732 5229874 902 
1747 1735 5237642 392 
1748 1736 5240230 418 
1749 1737 5242820 280 
1750 1738 5245408 708 
1751 1739 5247996 464 
1753 1741 5253174 588 
1754 1742 5255762 294 
1755 1743 5258348 336 
1756 1744 5260936 288 
1757 1745 5263524 350 
1758 1746 5266114 394 
1759 1747 5268706 370 
1760 1748 5271296 396 
1761 1749 5273884 568 
1762 1750 5276474 504 
1763 1751 5279062 394 
1764 1752 5281650 338 
1765 1753 5284240 414 
1766 1754 5286828 290 
1767 1755 5289416 414 
1768 1756 5292006 354 
1770 1758 5297180 356 
1771 1759 5299768 412 
1772 1760 5302356 418 
1773 1761 5304948 1036 
1774 1762 5307536 376 
1775 1763 5310122 396 
1776 1764 5312710 1614 
1777 1765 5315298 424 
1777 1765 5315298 424 
1778 1766 5317886 1802 
1779 1767 5320476 358 
1780 1768 5323064 428 
1781 1769 5325652 350 
1782 1770 5328242 524 
1783 1771 5330830 904 
1784 1772 5333418 510 
1785 1773 5336006 414 
1786 1774 5338598 628 
1787 1775 5341186 390 
1788 1776 5343776 318 
1789 1777 5346364 486 
1790 1778 5348952 358 
1791 1779 5351542 1952 
1792 1780 5354132 686 
1793 1781 5356718 296 
1794 1782 5359308 334 
1795 1783 5361892 412 
1796 1784 5364484 284 
1797 1785 5367074 312 
1798 1786 5369662 394 
1800 1788 5374834 298 
1802 1790 5380012 376 
1804 1792 5385190 374 
1804 1792 5385190 374 
1804 1792 5385190 374 
1806 1794 5390368 400 
1807 1795 5392960 1050 
1808 1796 5395548 410 
1809 1797 5398138 280 
1810 1798 5400726 374 
1811 1799 5403314 372 
1812 1800 5405904 470 
1813 1801 5408490 290 
1814 1802 5411078 476 
1815 1803 5413666 1288 
1816 1804 5416256 432 
1817 1805 5418842 280 
1818 1806 5421428 398 
1820 1808 5426610 414 
1821 1809 5429200 508 
1822 1810 5431788 1340 
1823 1811 5434378 374 
1824 1812 5436966 418 
1825 1813 5439556 396 
1826 1814 5442144 512 
1827 1815 5444736 312 
1828 1816 5447326 358 
1829 1817 5449914 410 
1831 1818 5457682 -1466 
1832 1819 5460272 1146 
1833 1820 5462860 418 
1834 1821 5465450 396 
1835 1822 5468038 1540 
1836 1823 5470628 1410 
1837 1824 5473216 314 
1838 1825 5475806 398 
1839 1826 5478394 644 
1840 1827 5480984 728 
1841 1828 5483570 468 
1842 1829 5486158 314 
1843 1830 5488746 526 
1844 1831 5491334 552 
1846 1832 5499102 -1532 
1847 1833 5501690 312 
1848 1834 5504280 300 
1849 1835 5506868 412 
1851 1837 5512046 374 
1852 1838 5514636 362 
1853 1839 5517224 534 
1854 1840 5519814 416 
1855 1841 5522402 668 
1856 1842 5524992 318 
1857 1843 5527580 372 
1858 1844 5530170 298 
1859 1845 5532762 310 
1860 1846 5535352 1198 
1861 1847 5537940 312 
1862 1848 5540530 358 
1863 1849 5545670 2244 
1864 1850 5548298 414 
1865 1851 5550888 354 
1867 1853 5556066 584 
1868 1854 5558654 294 
1868 1854 5558654 294 
1869 1855 5561244 1576 
1870 1856 5563834 300 
1871 1857 5566422 310 
1872 1858 5569012 398 
1873 1859 5571602 356 
1875 1860 5579368 -2170 
1876 1861 5581956 300 
1877 1862 5584546 1450 
1878 1863 5587134 378 
1879 1864 5589724 374 
1880 1865 5592312 318 
1880 1865 5592312 318 
1881 1866 5594902 1186 
1882 1867 5597490 542 
1883 1868 5600080 284 
1884 1869 5602668 288 
1885 1870 5605258 932 
1886 1871 5607846 286 
1887 1872 5610434 284 
1888 1873 5613024 318 
1889 1874 5615612 1182 
1891 1876 5620790 492 
1893 1878 5625968 958 
1894 1879 5628554 418 
1896 1881 5633728 1178 
1897 1882 5636318 736 
1899 1884 5641496 374 
1900 1885 5644084 428 
1901 1886 5646674 1066 
1902 1887 5649262 566 
1903 1888 5651850 350 
1904 1889 5654438 318 
1906 1891 5659620 682 
1907 1892 5662210 292 
1908 1893 5664798 298 
1909 1894 5667388 284 
1910 1895 5669976 374 
1911 1896 5672566 1102 
1912 1897 5675154 1100 
1913 1898 5677744 280 
1914 1899 5680332 392 
1915 1900 5682922 352 
1916 1901 5685512 1184 
1917 1902 5688100 410 
1918 1903 5690690 282 
1919 1904 5693276 374 
1920 1905 5695864 356 
1920 1905 5695864 356 
1922 1907 5701046 780 
1923 1908 5703636 332 
1924 1909 5706224 314 
1925 1910 5708814 1182 
1926 1911 5711402 412 
1927 1912 5713990 354 
1929 1914 5719170 834 
1930 1915 5721758 1284 
1931 1916 5726936 4336 
1931 1916 5726936 4336 
1932 1917 5729526 1708 
1933 1918 5732114 504 
1935 1920 5737292 548 
1936 1921 5739880 294 
1937 1922 5742470 430 
1938 1923 5745058 314 
1940 1925 5750232 822 
1941 1926 5752818 1274 
1941 1926 5752818 1274 
1942 1927 5757998 2794 
1943 1928 5760588 1034 
1944 1929 5763180 298 
1945 1930 5765770 390 
1946 1931 5768360 590 
1948 1933 5773538 288 
1951 1936 5781306 334 
1952 1937 5783894 358 
1954 1939 5789072 414 
1955 1940 5791662 1000 
1956 1941 5794250 1332 
1957 1942 5796838 290 
1958 1943 5799428 298 
1959 1944 5802016 390 
1960 1945 5804602 420 
1961 1946 5807194 416 
1963 1948 5812372 628 
1964 1949 5814958 580 
1966 1951 5820136 458 
1967 1952 5822724 526 
1968 1953 5825314 472 
1969 1954 5827902 760 
1970 1955 5830492 288 
1972 1957 5835674 420 
1973 1958 5838264 374 
1974 1959 5840852 314 
1975 1960 5843442 336 
1976 1961 5846030 378 
1977 1962 5848620 312 
26214 26214 1712738255 -1966104646 
1979 1964 5853794 474 
1980 1965 5856382 360 
1981 1966 5858972 392 
1982 1967 5861564 284 
1983 1968 5864152 292 
1984 1969 5866742 918 
1985 1970 5869330 280 
1986 1971 5871918 398 
1987 1972 5874508 718 
1989 1974 5879684 354 
1990 1975 5882274 358 
1991 1976 5884862 294 
1992 1977 5887452 1086 
1993 1978 5890040 498 
1994 1979 5892630 452 
1995 1980 5895218 394 
1997 1982 5900396 414 
1998 1983 5902986 418 
1999 1984 5905574 314 
2001 1986 5910752 398 
2003 1988 5915930 336 
2004 1989 5918518 294 
2007 1992 5926282 1930 
2008 1993 5928870 286 
2009 1994 5931458 568 
2010 1995 5934046 420 
2012 1997 5939224 358 
2014 1999 5944402 338 
2015 2000 5946990 334 
2016 2001 5949580 394 
2017 2002 5952168 394 
2018 2003 5954756 400 
2019 2004 5957346 354 
2020 2005 5959934 576 
2021 2006 5962522 396 
2022 2007 5965110 614 
2023 2008 5967700 280 
2024 2009 5970286 546 
2026 2011 5975466 288 
2027 2012 5978058 668 
2028 2013 5980648 430 
2029 2014 5983236 1130 
2030 2015 5985826 340 
2031 2016 5988414 292 
2032 2017 5991002 394 
2033 2018 5993592 356 
2034 2019 5996180 930 
2035 2020 5998770 392 
2036 2021 6001358 338 
2038 2023 6006536 334 
2039 2024 6009126 376 
2040 2025 6011714 698 
2041 2026 6014304 456 
2042 2027 6016892 338 
2043 2028 6019480 330 
2044 2029 6022070 1280 
2045 2030 6024658 394 
2047 2032 6029836 354 
2048 2033 6032424 398 
2049 2034 6035010 332 
2050 2035 6037598 318 
2051 2036 6040186 414 
2051 2036 6040186 414 
2052 2037 6042774 1286 
2053 2038 6045362 296 
2054 2039 6047952 394 
2055 2040 6050540 384 
2056 2041 6053130 638 
2057 2042 6055718 298 
2057 2042 6055718 298 
2058 2043 6058308 900 
2059 2044 6060896 482 
2060 2045 6063484 338 
2061 2046 6066074 358 
2061 2046 6066074 358 
2063 2048 6071252 416 
2064 2049 6073840 298 
2065 2050 6076428 410 
2066 2051 6079018 338 
2067 2052 6081610 592 
2068 2053 6084198 410 
2069 2054 6086788 414 
2070 2055 6089376 402 
2072 2057 6094554 356 
2073 2058 6097142 588 
2074 2059 6099730 298 
2075 2060 6102318 1340 
2076 2061 6104908 1288 
2077 2062 6107496 354 
2079 2064 6112672 546 
2080 2065 6115262 286 
2081 2066 6117850 374 
2082 2067 6120440 340 
2084 2069 6125616 420 
2085 2070 6128206 1174 
2086 2071 6130794 400 
2087 2072 6133384 284 
2090 2075 6141150 554 
2091 2076 6143734 372 
2092 2077 6146324 334 
2093 2078 6148914 464 
2095 2080 6154092 280 
2096 2081 6156680 1950 
2097 2082 6159270 316 
2098 2083 6161858 336 
2099 2084 6164446 680 
2101 2086 6169622 542 
2102 2087 6172210 362 
2102 2087 6172210 362 
2103 2088 6174800 932 
2104 2089 6177388 478 
2105 2090 6179978 316 
2106 2091 6182566 488 
2107 2092 6185156 590 
2108 2093 6204478 750 
