0 0 1639812 0 
1 1 1642406 348 
2 2 1644998 378 
4 4 1650176 330 
10 5 1665702 -12658 
11 6 1668290 416 
14 7 1676054 -4856 
15 8 1678644 396 
18 9 1686408 -4844 
19 10 1688996 294 
20 11 1691584 336 
21 12 1694172 394 
22 13 1696760 378 
24 14 1701936 -2304 
26 15 1707116 -2256 
27 16 1709704 282 
29 17 1714880 374 
30 18 1717468 318 
32 19 1722644 -2174 
33 19 1725232 412 
39 21 1740758 334 
40 22 1743346 314 
41 23 1745934 290 
42 24 1748522 414 
44 25 1753700 -2236 
46 26 1758878 -2258 
50 27 1769230 -7478 
51 28 1771820 284 
