5877 4990 145969112 334 
5878 4991 145971054 374 
5879 4992 145973000 372 
5881 4993 145976886 392 
5884 4994 145982712 414 
5885 4995 145984654 328 
5886 4996 145986596 392 
5887 4997 145988544 390 
5888 4997 145990496 408 
5889 4998 145992440 350 
5890 4999 145994382 486 
5891 4999 145996322 412 
5892 5000 145998266 314 
5893 5001 146000208 350 
5894 5002 146002150 354 
5895 5003 146004092 958 
5896 5004 146006034 374 
5897 5005 146007976 354 
5898 5006 146009918 284 
5901 5009 146015744 978 
5902 5010 146017686 414 
5903 5011 146019628 350 
5907 5013 146027396 388 
5908 5013 146029338 526 
5909 5014 146031282 1228 
5910 5015 146033224 460 
5911 5015 146035166 390 
5912 5016 146037108 284 
5913 5017 146040992 1816 
5914 5018 146042934 354 
5915 5019 146044878 370 
5916 5020 146046820 284 
5917 5021 146048762 460 
5918 5022 146050704 374 
5921 5022 146060332 1546 
5922 5023 146062360 374 
5923 5023 146064302 292 
5924 5024 146066244 294 
5925 5025 146068186 308 
5927 5026 146072070 330 
5928 5026 146074012 354 
5929 5027 146075954 390 
5933 5029 146083722 392 
5934 5030 146085664 408 
5935 5031 146087608 664 
5936 5032 146089550 332 
5937 5033 146091494 878 
5938 5034 146093436 368 
5939 5035 146095378 522 
5945 5038 146107032 350 
5946 5039 146108974 544 
5947 5040 146110916 940 
5948 5041 146112858 1000 
5949 5042 146114800 294 
5950 5042 146116742 316 
5951 5043 146118684 290 
5952 5044 146120626 374 
5953 5045 146122570 388 
5955 5046 146126454 330 
5956 5047 146128396 412 
5957 5048 146130338 288 
5960 5051 146136164 1100 
5961 5052 146138108 410 
5962 5053 146140050 528 
5963 5054 146141992 288 
5965 5055 146145876 390 
5966 5056 146147818 282 
5968 5057 146151704 292 
5970 5058 146155588 414 
5974 5061 146163358 1000 
5976 5063 146167240 844 
5977 5064 146169184 288 
5978 5065 146171126 414 
5979 5066 146173070 412 
5981 5066 146176954 290 
5982 5067 146178896 386 
5986 5070 146188606 336 
5987 5071 146190548 414 
5989 5071 146194434 336 
5991 5073 146198318 352 
5992 5074 146200260 686 
5994 5075 146204144 414 
5996 5077 146208030 608 
5997 5078 146209972 280 
5998 5078 146211914 316 
13107 13107 858989424 -1440113012 
6002 5081 146219680 524 
6003 5082 146221626 394 
6004 5083 146223568 536 
6007 5085 146229396 622 
6008 5086 146231338 372 
6009 5087 146233280 412 
6011 5088 146239106 -1296 
6012 5089 146241050 410 
6013 5090 146242992 626 
6014 5091 146244930 438 
6015 5092 146248818 2336 
6016 5093 146250760 796 
6017 5094 146252702 686 
6018 5095 146254646 328 
6019 5096 146256588 288 
6020 5097 146258530 352 
6021 5098 146260472 392 
6024 5100 146266298 282 
6025 5101 146268240 706 
6026 5102 146270180 334 
6027 5103 146272124 664 
6028 5104 146274068 314 
6029 5105 146276006 504 
6030 5106 146277950 348 
6031 5107 146279894 536 
6032 5108 146281836 374 
6033 5109 146283778 282 
6035 5111 146289606 2360 
6036 5112 146291548 1278 
6037 5113 146293490 524 
6038 5114 146295432 758 
6039 5115 146297374 314 
6040 5116 146299316 486 
6041 5117 146301258 370 
6042 5118 146303200 356 
6043 5119 146305142 390 
6045 5121 146309026 422 
6046 5122 146310968 446 
6047 5123 146312910 278 
6048 5124 146314852 316 
6049 5125 146316794 628 
6051 5126 146322618 1034 
6052 5127 146324558 940 
6053 5128 146326504 644 
6055 5129 146330388 476 
6056 5130 146332330 1060 
6057 5131 146334272 330 
6058 5131 146336216 344 
6059 5132 146338158 1018 
6061 5133 146342042 310 
6062 5134 146343986 692 
6064 5135 146347870 468 
6066 5137 146351756 412 
6067 5138 146353698 542 
6071 5140 146361468 372 
6072 5141 146363412 648 
6073 5142 146365354 348 
6074 5143 146367296 710 
6075 5144 146369240 350 
6077 5145 146373124 1098 
6079 5147 146378948 2450 
6081 5149 146382834 292 
6083 5150 146390606 3610 
6084 5151 146392546 336 
6085 5152 146394490 412 
6086 5153 146396430 506 
6088 5154 146400318 606 
6089 5155 146402260 412 
6090 5156 146404200 684 
6092 5157 146408088 296 
6093 5157 146410026 390 
6094 5158 146411972 284 
6095 5159 146413914 354 
6096 5160 146415856 352 
6097 5161 146417798 408 
6099 5162 146421682 504 
6100 5163 146423624 488 
6101 5163 146425564 414 
6102 5163 146427508 548 
6103 5164 146429448 678 
6104 5165 146431392 650 
6107 5166 146439160 310 
6108 5166 146441104 590 
6109 5167 146443048 610 
6111 5168 146446932 624 
6112 5169 146448876 648 
6113 5170 146450818 626 
6115 5171 146454702 394 
6116 5172 146456646 1272 
6117 5173 146458588 502 
6118 5174 146460530 412 
13107 13107 872335755 523142565 
6120 5176 146464412 290 
6121 5177 146466356 410 
26214 26214 1716957606 2054243557 
6124 5180 146472182 414 
6127 5181 146478012 412 
6128 5182 146479952 296 
6129 5183 146481894 278 
6130 5184 146483836 706 
6131 5185 146485778 452 
6132 5186 146487720 394 
6133 5187 146489662 466 
6135 5188 146493546 450 
6136 5189 146495488 424 
6137 5190 146497430 570 
6138 5191 146499372 730 
6139 5191 146501314 332 
6140 5192 146503256 382 
6141 5192 146505198 312 
6142 5193 146507140 356 
6143 5194 146509082 334 
6144 5195 146511026 388 
6145 5195 146512968 392 
6146 5196 146514910 332 
6147 5197 146516852 332 
6148 5198 146518798 586 
6149 5198 146520740 368 
6151 5199 146524626 370 
6152 5200 146526568 350 
6153 5201 146528510 288 
6154 5202 146530452 412 
13107 13107 859770080 -1374932633 
6156 5203 146534336 312 
6158 5203 146538220 284 
6159 5204 146542104 1738 
6160 5205 146544046 318 
6162 5207 146547932 436 
6163 5208 146549874 392 
6164 5209 146551816 374 
6165 5210 146553758 1238 
6166 5211 146555702 368 
6167 5212 146557644 370 
6168 5213 146559586 1188 
6169 5214 146561528 406 
6171 5215 146565414 526 
6172 5216 146567356 456 
6173 5217 146569298 350 
6174 5218 146571242 294 
6175 5219 146573184 312 
6176 5220 146575126 374 
6177 5221 146577068 384 
6178 5222 146579012 368 
6179 5223 146580954 288 
6180 5224 146582896 354 
6181 5225 146584838 374 
6183 5226 146588724 656 
6184 5227 146590666 526 
6185 5228 146592608 546 
6187 5229 146596494 376 
6188 5230 146598436 412 
6191 5231 146604264 546 
6192 5232 146606206 752 
6193 5233 146608148 332 
6194 5233 146610092 286 
6195 5234 146612034 624 
6196 5235 146613976 318 
6198 5236 146617862 334 
6199 5237 146619806 278 
6200 5238 146621748 332 
6201 5239 146623690 412 
6202 5240 146625634 356 
6203 5241 146627576 314 
6204 5242 146629518 376 
6205 5243 146631462 294 
6206 5244 146633404 294 
6207 5244 146635346 742 
6208 5245 146639232 2490 
6209 5246 146641176 354 
6211 5247 146645062 544 
6212 5248 146647004 364 
6214 5249 146650890 286 
6215 5250 146652832 372 
6216 5251 146654774 628 
6217 5252 146656718 292 
6219 5253 146660602 366 
6220 5254 146662546 416 
6221 5255 146664488 1034 
6222 5256 146666430 294 
6223 5257 146668372 330 
6224 5258 146670314 356 
6225 5259 146672258 314 
6226 5260 146674200 736 
6227 5261 146676142 436 
6229 5262 146680026 392 
6230 5263 146681970 336 
6231 5264 146683912 280 
6232 5264 146685854 336 
6233 5264 146687796 390 
6234 5265 146689740 374 
6235 5266 146691682 308 
6236 5266 146693624 1360 
6237 5267 146695566 332 
6238 5268 146697510 296 
6239 5269 146699452 388 
6240 5270 146701394 374 
6242 5271 146707222 1814 
6243 5272 146709164 288 
6244 5273 146711106 332 
6246 5275 146714992 292 
6249 5277 146720818 526 
6250 5278 146722760 316 
6252 5279 146728584 -912 
6253 5280 146730526 428 
6254 5280 146732472 314 
6255 5281 146734416 372 
6256 5282 146736358 680 
6257 5283 146738300 412 
6258 5284 146740244 1204 
6260 5285 146744128 908 
6261 5286 146746070 410 
6263 5287 146749956 474 
6264 5288 146751898 412 
6265 5289 146753838 328 
6266 5290 146755778 506 
6267 5290 146761610 4342 
6268 5291 146763552 412 
6270 5292 146767436 416 
6271 5293 146769378 278 
6272 5294 146771320 374 
6273 5295 146773262 330 
6274 5295 146775204 356 
6275 5296 146777148 664 
6276 5297 146779090 286 
6277 5298 146781032 352 
6278 5299 146782974 690 
6280 5300 146786858 518 
6281 5301 146788800 1312 
6282 5302 146790742 386 
6283 5303 146792684 418 
6285 5304 146796570 390 
6286 5305 146798512 352 
6287 5306 146800454 566 
6288 5306 146802396 392 
6289 5307 146804338 410 
6290 5308 146806280 708 
6291 5308 146808222 728 
6292 5309 146810166 480 
6293 5310 146812108 280 
6294 5311 146814050 318 
6296 5312 146817934 626 
6297 5313 146819876 292 
6298 5314 146821818 376 
6299 5315 146823760 878 
6300 5316 146825702 414 
6301 5317 146827646 534 
6302 5318 146829588 394 
6303 5319 146831530 330 
6304 5320 146833472 292 
6305 5321 146835414 280 
6306 5322 146837356 316 
6307 5323 146839296 390 
6309 5324 146843178 350 
6311 5326 146847066 462 
6312 5327 146849010 370 
6313 5328 146850948 368 
6314 5329 146852892 358 
6315 5330 146854836 334 
6316 5331 146856778 354 
6317 5332 146858720 666 
6318 5333 146860662 314 
6319 5334 146862604 330 
6320 5335 146864546 768 
6321 5336 146866490 330 
6322 5337 146868432 278 
6323 5338 146870374 286 
6324 5339 146872314 278 
6325 5340 146874256 288 
6326 5341 146876200 1234 
6328 5342 146880084 394 
6329 5343 146882026 388 
6332 5344 146887852 294 
6334 5344 146891736 286 
6335 5345 146893678 494 
6336 5346 146895622 314 
6337 5346 146897564 618 
6340 5347 146905334 -1532 
6341 5348 146907276 396 
6342 5349 146909218 292 
6343 5350 146911160 750 
6345 5351 146915044 542 
6347 5353 146918930 332 
6348 5354 146920872 284 
6349 5355 146922814 724 
6351 5357 146926700 412 
6352 5357 146928638 414 
6353 5358 146930580 352 
6354 5359 146932524 394 
6355 5360 146934466 408 
6356 5361 146936412 394 
6357 5362 146938354 332 
6358 5363 146940298 656 
6360 5364 146944182 626 
6362 5365 146948068 282 
6363 5366 146950006 414 
6365 5367 146953892 410 
6366 5368 146955836 544 
6367 5369 146957780 1096 
6369 5370 146961662 334 
6371 5371 146965546 412 
6376 5373 146975262 448 
6377 5374 146977206 368 
6380 5375 146983034 584 
6385 5378 146992746 480 
6386 5379 146994690 390 
6387 5380 146996632 524 
6388 5381 146998570 580 
6389 5382 147000516 314 
6390 5383 147002460 408 
6391 5384 147004402 286 
6392 5384 147006344 284 
6394 5386 147010230 294 
6395 5387 147012172 754 
6399 5390 147019942 328 
6400 5391 147021884 318 
6401 5392 147023826 564 
6402 5393 147025770 548 
6403 5394 147027712 460 
6404 5395 147029654 1078 
6405 5396 147031596 278 
6406 5397 147033538 354 
6408 5398 147037424 370 
6409 5399 147041308 1910 
6411 5401 147045194 1068 
6412 5401 147047136 414 
6415 5403 147054906 478 
6416 5404 147056848 524 
6417 5405 147058790 526 
6418 5406 147060734 314 
6419 5407 147062676 332 
6421 5409 147066562 466 
6422 5410 147068504 1034 
6423 5411 147070446 626 
6426 5411 147076274 284 
6427 5412 147078216 278 
6428 5413 147080160 312 
6429 5414 147082102 1452 
6430 5415 147084044 396 
6431 5415 147085988 422 
6432 5415 147087930 448 
6433 5415 147089872 332 
6434 5416 147091814 618 
6435 5417 147093756 370 
6437 5418 147097642 288 
6439 5419 147103468 2110 
6440 5420 147105412 294 
6441 5421 147107350 352 
6442 5422 147109296 316 
6443 5423 147111236 288 
6444 5424 147113180 424 
6445 5425 147115124 332 
6446 5426 147117066 576 
6447 5427 147119010 310 
6448 5428 147120952 524 
6449 5428 147122894 390 
6451 5429 147126776 408 
6452 5430 147128722 368 
6453 5431 147130662 282 
6454 5431 147132606 728 
6455 5432 147134550 310 
6457 5434 147138436 480 
6458 5435 147140378 284 
6459 5436 147142320 330 
6461 5437 147146206 308 
6462 5438 147148148 726 
6465 5439 147153974 392 
6466 5439 147155916 354 
6467 5439 147157860 390 
6468 5440 147159802 394 
6469 5441 147161744 652 
6470 5442 147163686 726 
6471 5443 147165628 464 
6472 5444 147167572 994 
6473 5445 147169514 310 
6474 5446 147171456 506 
6475 5446 147173398 292 
6476 5447 147175342 330 
6477 5448 147177284 528 
6478 5449 147179228 416 
6479 5450 147181170 354 
6480 5451 147183112 356 
6481 5452 147186998 1870 
6483 5453 147190882 394 
6484 5453 147192826 1160 
6486 5453 147196710 294 
6487 5454 147198652 278 
6488 5455 147200596 406 
6489 5456 147202538 296 
6490 5457 147204480 296 
6491 5458 147206422 542 
6492 5459 147208366 550 
6493 5460 147210308 328 
6494 5461 147212250 510 
6497 5463 147218078 280 
6498 5464 147220020 412 
6499 5465 147221960 288 
6500 5465 147223904 310 
6501 5466 147225844 282 
6502 5467 147227786 394 
6503 5468 147229728 334 
6504 5469 147231672 336 
6505 5470 147233614 308 
6506 5471 147235556 418 
6507 5472 147237500 648 
6508 5473 147239446 372 
6509 5474 147241386 466 
6510 5475 147243330 352 
6511 5476 147245270 290 
6512 5477 147247216 314 
6513 5478 147249158 370 
6514 5479 147251102 608 
6515 5480 147253044 308 
6516 5481 147254986 376 
6517 5482 147258712 1484 
6519 5483 147264698 984 
6520 5484 147266640 422 
6521 5485 147268582 376 
6522 5486 147270524 1168 
6523 5487 147274374 1604 
6524 5487 147276350 550 
6525 5488 147278292 612 
6526 5488 147280234 650 
6527 5489 147282178 372 
6528 5490 147284120 394 
6529 5491 147286062 292 
6530 5492 147288004 1142 
6532 5493 147291888 294 
6533 5494 147293832 480 
6534 5495 147295774 294 
6536 5495 147303544 -1572 
6539 5497 147309372 312 
6541 5498 147313258 282 
6542 5498 147315200 392 
6543 5499 147317142 314 
6544 5500 147319086 414 
6545 5501 147321028 544 
6546 5502 147322970 314 
6547 5503 147324912 350 
6548 5504 147326856 1202 
6549 5505 147328798 332 
6550 5506 147330738 316 
6551 5507 147332682 412 
6552 5508 147334626 316 
6553 5509 147336568 376 
6554 5510 147338512 800 
6555 5511 147340454 390 
6556 5512 147342396 354 
6557 5513 147344338 392 
6558 5514 147346282 286 
6560 5515 147350166 284 
6561 5516 147352108 278 
6562 5517 147354052 614 
6563 5518 147355994 390 
6564 5519 147357936 336 
6565 5519 147359878 294 
6566 5519 147361822 1070 
6567 5520 147363764 408 
6568 5521 147365702 606 
6569 5522 147367646 390 
6570 5522 147369590 506 
6572 5523 147373476 284 
6573 5524 147375418 558 
6574 5525 147377360 292 
6575 5526 147379302 314 
6576 5527 147381244 314 
6579 5528 147387068 292 
6580 5529 147389010 312 
6581 5530 147390956 290 
6582 5531 147392900 334 
6583 5532 147394842 334 
6584 5533 147396786 374 
6585 5534 147398728 412 
6586 5535 147400670 374 
6587 5536 147402610 392 
6588 5537 147404552 334 
6589 5538 147406494 422 
6590 5539 147408440 334 
6591 5540 147410384 1400 
6592 5541 147412326 296 
6593 5542 147414268 380 
6596 5544 147420096 314 
6597 5545 147422038 502 
6598 5546 147423980 546 
6599 5547 147425922 620 
6601 5548 147429808 532 
6603 5549 147433692 388 
6604 5550 147435634 1228 
6605 5551 147437576 330 
6606 5552 147439518 468 
6607 5553 147443404 2186 
6608 5554 147445346 292 
6609 5555 147447288 1194 
6610 5556 147449230 1040 
6611 5557 147451174 1316 
6613 5558 147455058 500 
6614 5559 147458940 2028 
6615 5560 147460886 348 
6616 5561 147462830 314 
6617 5562 147464772 724 
6618 5563 147468658 2084 
6619 5564 147470600 390 
6620 5565 147472544 416 
6621 5566 147474486 502 
6622 5567 147476428 626 
6623 5567 147478372 390 
6624 5568 147480314 486 
6625 5568 147482256 1278 
6627 5568 147486142 1214 
6628 5569 147488084 1262 
6630 5569 147491970 314 
6631 5570 147493912 330 
6632 5571 147495852 394 
6633 5571 147497796 280 
6634 5571 147499740 388 
6635 5572 147503626 1792 
6636 5573 147505566 578 
6637 5574 147507510 408 
6638 5575 147509454 568 
6639 5575 147511396 414 
6640 5576 147513338 1240 
6641 5576 147515278 292 
6643 5577 147519164 290 
6644 5578 147521104 526 
6645 5579 147523050 334 
6646 5580 147524990 662 
6647 5581 147526936 354 
6648 5581 147528880 916 
6649 5582 147530822 354 
6651 5583 147534706 370 
6652 5584 147536648 648 
6653 5585 147538592 486 
6654 5586 147540534 284 
6655 5587 147542476 294 
6657 5588 147546362 278 
6659 5589 147550248 290 
6660 5590 147552190 332 
6661 5591 147554132 406 
6662 5592 147556076 276 
6663 5593 147558018 294 
6664 5594 147559960 470 
6665 5595 147561904 742 
6666 5596 147563846 284 
6667 5597 147565788 806 
6668 5598 147567732 394 
26214 26214 1721547145 -327812966 
6670 5599 147571616 414 
6671 5600 147573560 316 
6672 5601 147575502 296 
6673 5602 147577446 410 
6675 5604 147583272 2130 
6676 5605 147585216 330 
6677 5606 147587158 1106 
6678 5607 147589100 414 
6679 5608 147591042 290 
6680 5609 147592986 314 
6681 5610 147594928 916 
6682 5611 147596868 420 
6683 5612 147598812 414 
6684 5613 147600756 354 
6685 5614 147602698 334 
6686 5615 147604638 374 
6687 5616 147606582 702 
6688 5617 147608526 428 
6689 5618 147610468 412 
6690 5619 147612410 296 
6691 5620 147614354 356 
6693 5621 147618238 370 
6694 5622 147620180 314 
6697 5624 147627952 -1658 
6698 5625 147629894 442 
6700 5626 147633778 1100 
6701 5627 147635722 746 
6702 5628 147637664 484 
6703 5629 147639606 330 
6704 5630 147641548 314 
6705 5631 147643492 370 
6706 5632 147645434 456 
6707 5633 147647376 760 
6708 5634 147649320 404 
6709 5635 147651262 408 
6712 5636 147657090 286 
6714 5638 147660976 294 
6715 5639 147662918 712 
6716 5640 147664860 478 
6717 5641 147666804 910 
6718 5642 147668746 372 
6719 5643 147672632 1908 
6723 5645 147680402 332 
6725 5647 147684288 288 
6726 5647 147686232 1282 
6727 5647 147688174 580 
6729 5648 147692060 334 
6730 5649 147694002 426 
6731 5650 147695944 370 
6732 5651 147697888 568 
6733 5652 147699830 1284 
6736 5653 147705656 394 
6737 5654 147707600 290 
6738 5655 147709542 312 
6739 5656 147711484 474 
6740 5657 147713426 772 
6741 5658 147715368 414 
6742 5659 147717312 412 
6744 5660 147721196 414 
6745 5661 147723138 626 
6746 5662 147725080 376 
6747 5663 147727024 330 
6748 5664 147728966 444 
6749 5665 147730908 658 
6750 5666 147732850 374 
6752 5667 147736736 334 
6753 5668 147738678 392 
6754 5669 147740620 690 
6755 5670 147742562 278 
6756 5671 147744506 352 
6757 5672 147746448 350 
6759 5673 147750334 508 
6760 5674 147752276 282 
6761 5675 147756042 1520 
6762 5676 147758104 396 
6763 5677 147760046 292 
6766 5678 147765874 338 
6767 5679 147767816 278 
6768 5680 147769758 838 
6769 5681 147771700 314 
6770 5682 147773642 284 
6772 5683 147777528 334 
6773 5684 147779470 330 
6774 5685 147781412 414 
6775 5686 147783354 410 
6776 5687 147785296 318 
6777 5688 147787238 390 
6778 5689 147791124 1952 
6780 5690 147795008 398 
6781 5691 147796950 374 
6782 5692 147798892 316 
6783 5693 147800836 330 
6784 5693 147802778 372 
6785 5693 147804720 278 
6786 5694 147806662 414 
6787 5695 147808606 374 
6788 5696 147810548 292 
6789 5697 147812490 708 
6790 5698 147814432 292 
6791 5699 147816374 282 
6792 5700 147818316 356 
6793 5701 147820260 330 
6794 5702 147822202 412 
6795 5702 147824144 502 
6796 5703 147826086 390 
6798 5704 147829972 348 
6799 5705 147831914 290 
6800 5706 147833856 660 
6801 5707 147835798 312 
6802 5708 147837740 470 
6803 5709 147839682 278 
6805 5709 147843568 422 
6806 5710 147845510 528 
6807 5711 147847454 308 
6808 5712 147849396 284 
6811 5713 147859106 412 
6812 5714 147861046 314 
6813 5715 147862990 370 
6814 5716 147864932 282 
6815 5717 147866878 410 
6816 5718 147868822 334 
6817 5719 147870764 394 
6818 5720 147872708 314 
6819 5721 147874650 1158 
6820 5722 147876594 336 
6821 5723 147878536 464 
6822 5724 147880478 334 
6823 5725 147882420 294 
6824 5725 147884364 1104 
6825 5726 147886306 368 
6826 5726 147888248 666 
6827 5727 147890192 350 
6828 5728 147892134 372 
6829 5729 147894076 410 
26214 26214 1718241240 -2015056344 
6831 5730 147897962 278 
6832 5731 147899904 374 
6834 5732 147903790 292 
6835 5733 147905732 764 
6837 5735 147909618 328 
6839 5737 147913502 402 
6840 5738 147915444 314 
6841 5739 147917388 412 
6842 5740 147919330 284 
6843 5740 147921272 390 
6844 5741 147923214 414 
6846 5743 147927098 376 
6848 5744 147930982 512 
6849 5745 147934866 1824 
6850 5746 147936810 464 
6851 5747 147938752 388 
6852 5748 147940694 334 
6853 5749 147942636 290 
6854 5749 147944578 296 
6858 5749 147952348 282 
6859 5750 147954290 728 
6860 5751 147956232 418 
6861 5751 147958174 642 
6862 5752 147960118 352 
6863 5753 147962060 410 
6864 5754 147964002 314 
6865 5754 147965944 754 
6866 5755 147967888 590 
6867 5756 147969830 278 
6868 5757 147971772 1340 
6869 5758 147973714 482 
6871 5759 147977598 492 
6872 5760 147979542 482 
6873 5761 147981484 312 
6874 5762 147983426 354 
6875 5763 147985368 392 
6876 5764 147987310 374 
6879 5764 147993136 282 
6880 5765 147995078 590 
6881 5766 147997020 986 
6882 5767 147998962 418 
6884 5768 148002846 354 
6885 5769 148004788 412 
6886 5770 148006730 334 
6887 5771 148008674 412 
6888 5772 148010616 414 
6889 5773 148012558 350 
6890 5774 148014500 374 
6892 5775 148018384 356 
6893 5775 148020326 414 
6895 5776 148024210 370 
6896 5777 148026152 394 
6897 5778 148028094 310 
6899 5778 148031978 666 
6900 5778 148033920 358 
6901 5779 148035862 310 
6902 5780 148037804 314 
6908 5782 148049458 394 
6909 5783 148051400 308 
6910 5784 148053342 336 
6911 5785 148055284 446 
6912 5786 148057228 396 
6913 5787 148059170 414 
6914 5788 148061112 314 
6915 5789 148063054 328 
6916 5790 148064996 414 
6918 5791 148068880 334 
6919 5792 148070820 314 
6920 5792 148072764 314 
6921 5793 148074708 410 
6922 5794 148076650 1122 
6923 5795 148078592 412 
6924 5796 148080534 416 
6925 5797 148082478 392 
6927 5798 148086362 390 
6928 5799 148088304 586 
6929 5800 148090248 294 
6930 5801 148092190 768 
6933 5802 148098016 444 
6934 5803 148099958 666 
6935 5804 148101900 312 
6936 5805 148103842 470 
6938 5807 148107728 412 
6939 5808 148109670 370 
6940 5809 148111612 672 
6941 5810 148113556 344 
6942 5811 148115498 334 
6943 5811 148117440 310 
6945 5812 148121324 858 
6946 5812 148123266 414 
6947 5813 148125210 278 
6948 5814 148127152 372 
6949 5815 148129094 576 
6950 5816 148131036 294 
6951 5817 148132978 414 
6952 5818 148134922 328 
6953 5819 148136864 328 
6954 5820 148138806 406 
6956 5822 148142690 606 
6957 5823 148144630 406 
6959 5824 148148514 332 
6960 5825 148150458 350 
6961 5826 148152402 412 
6962 5827 148154344 486 
6963 5828 148156286 874 
6965 5829 148162114 -1028 
6966 5830 148166000 1696 
6967 5831 148167942 354 
6968 5832 148169882 414 
6969 5833 148171822 290 
6970 5834 148173768 316 
6971 5835 148175712 278 
6973 5836 148183404 -1414 
6974 5837 148185424 414 
6975 5838 148187364 408 
6977 5839 148191252 294 
6978 5840 148193194 446 
6979 5841 148195136 308 
6980 5842 148197078 318 
6982 5843 148200962 588 
6983 5844 148202904 444 
6984 5845 148204846 394 
6985 5846 148206790 332 
6986 5847 148208732 294 
6989 5848 148214558 424 
6990 5849 148216498 294 
6991 5850 148218442 308 
6992 5851 148222328 2028 
6993 5852 148224270 282 
6994 5853 148226212 318 
6995 5854 148228150 606 
6997 5855 148232036 604 
6998 5856 148233978 354 
6999 5857 148235920 280 
7000 5858 148237862 922 
7001 5858 148239808 664 
7002 5859 148241752 318 
7003 5860 148243690 352 
7004 5861 148245636 316 
7005 5862 148247580 352 
7007 5863 148251464 1350 
7008 5864 148253408 336 
7009 5865 148255350 350 
7010 5866 148257290 294 
7011 5867 148259232 716 
7012 5868 148261170 412 
7014 5869 148265064 282 
7015 5869 148267006 286 
7016 5870 148268948 502 
7018 5872 148272830 290 
7019 5873 148274772 334 
7021 5874 148280604 1906 
7022 5875 148282546 862 
7023 5876 148284488 352 
7025 5877 148290316 -1568 
7026 5878 148292258 294 
7027 5879 148294200 466 
7029 5880 148298086 508 
7030 5881 148300028 292 
7031 5882 148301970 1274 
7033 5883 148305856 734 
7034 5884 148307798 506 
7035 5885 148309740 288 
7036 5886 148311682 780 
7037 5887 148313626 390 
7038 5887 148315568 564 
7040 5888 148319452 548 
7041 5889 148321394 278 
7042 5890 148323338 354 
7043 5891 148325280 408 
7045 5893 148329164 778 
7046 5894 148331104 356 
7048 5896 148334990 508 
7049 5897 148336936 352 
7050 5898 148338878 438 
7051 5899 148340822 368 
7052 5900 148342764 620 
7053 5901 148344708 422 
7054 5902 148346650 450 
7056 5903 148350534 352 
7057 5903 148352476 292 
7058 5904 148354418 314 
7059 5905 148356360 512 
7060 5906 148358304 686 
7062 5907 148362188 296 
7063 5908 148366022 1596 
7064 5909 148368016 458 
7065 5910 148369958 310 
7066 5911 148371900 416 
7067 5911 148373842 314 
7068 5912 148375784 396 
7069 5913 148377728 282 
7070 5914 148379670 414 
7071 5915 148381612 408 
7073 5916 148385492 292 
7074 5917 148389380 2120 
7076 5918 148393266 334 
7077 5919 148395206 350 
7078 5919 148397146 648 
7079 5920 148399092 292 
7080 5920 148402980 1702 
7081 5921 148404922 310 
7082 5922 148406864 294 
7083 5923 148408806 310 
7084 5924 148410750 446 
7086 5925 148414634 332 
7088 5926 148418520 396 
7089 5927 148420462 500 
7090 5928 148422404 638 
7091 5929 148424346 374 
7092 5930 148426290 644 
7093 5931 148428232 328 
7094 5932 148430174 282 
7096 5933 148434058 414 
7097 5934 148436002 412 
7098 5935 148437944 416 
7099 5936 148439886 450 
7100 5937 148441828 398 
7101 5938 148443770 330 
7102 5939 148447542 1524 
7103 5940 148449598 426 
7104 5941 148451540 394 
7105 5942 148453484 354 
7106 5943 148455426 458 
7107 5943 148457368 766 
7108 5944 148459308 528 
7109 5945 148461252 390 
7110 5946 148463196 470 
7111 5947 148465136 392 
7112 5948 148467080 292 
7114 5949 148470966 370 
7115 5950 148472908 484 
7116 5951 148474850 472 
7117 5952 148476794 282 
7118 5953 148478736 530 
7119 5953 148480680 294 
7120 5954 148482622 282 
7122 5955 148486508 542 
7123 5956 148488446 330 
7124 5957 148490392 314 
7125 5958 148492336 392 
7126 5959 148494278 356 
7127 5960 148496222 390 
7128 5961 148498164 504 
7129 5962 148500108 310 
7130 5963 148502050 310 
7131 5964 148503992 390 
7132 5965 148505932 934 
7133 5966 148507876 350 
7134 5967 148513704 4388 
7135 5968 148515648 352 
7136 5969 148517586 508 
7137 5970 148519528 384 
7138 5971 148521474 286 
7139 5971 148523418 684 
7140 5972 148525360 940 
7141 5973 148527304 312 
7142 5973 148529246 392 
7143 5974 148531188 278 
7144 5975 148533132 332 
7145 5976 148535074 280 
7146 5977 148537016 750 
7147 5978 148538958 334 
7148 5979 148540902 296 
7149 5980 148542844 368 
7150 5981 148544786 336 
7151 5982 148546728 392 
7152 5983 148548672 414 
7153 5984 148550614 464 
7154 5985 148552556 358 
7155 5986 148554498 606 
7156 5987 148556442 548 
7157 5988 148558384 330 
7158 5989 148560326 298 
7159 5990 148562270 410 
7160 5991 148564212 610 
7161 5992 148566154 374 
7163 5994 148570040 522 
7164 5994 148571982 282 
7165 5995 148573926 1136 
7166 5996 148575868 414 
7167 5996 148577812 350 
7168 5997 148579754 356 
7169 5998 148581696 350 
7170 5999 148583638 376 
7171 6000 148585582 332 
7172 6001 148587524 352 
7173 6002 148589466 370 
7175 6003 148593352 388 
7176 6004 148595294 414 
7178 6005 148599180 336 
7179 6006 148601122 408 
7180 6007 148603064 334 
7181 6008 148605008 330 
7182 6009 148606946 348 
7183 6010 148608888 334 
7184 6011 148610830 508 
7185 6012 148612774 278 
7186 6013 148614716 404 
7187 6013 148616656 642 
7188 6014 148618596 352 
7189 6015 148620540 370 
7190 6016 148622482 332 
7191 6017 148624424 604 
7192 6018 148626368 354 
7193 6019 148628314 350 
7194 6019 148630258 392 
7195 6020 148632200 610 
7196 6021 148634142 372 
7197 6022 148636084 292 
7198 6023 148638030 440 
7199 6024 148639974 1030 
7200 6025 148641916 318 
7203 6026 148647742 292 
7205 6027 148651628 328 
7206 6028 148653570 292 
7207 6029 148659280 3464 
7208 6030 148661340 414 
7209 6031 148663282 390 
7210 6032 148665224 762 
7211 6033 148667166 370 
7213 6034 148671052 284 
7214 6035 148672994 314 
7215 6036 148674932 976 
7216 6037 148676878 1040 
7217 6038 148678822 758 
7218 6038 148680764 412 
7219 6039 148682706 352 
7220 6040 148684648 356 
7221 6041 148686588 282 
7222 6042 148688534 414 
7223 6043 148690478 686 
7224 6044 148692420 294 
7225 6045 148694362 410 
7226 6046 148696304 314 
7227 6047 148698248 290 
7229 6048 148702132 548 
7230 6048 148704076 374 
7231 6049 148706018 332 
7232 6050 148707960 1222 
7233 6050 148709902 704 
7234 6051 148711844 418 
7235 6052 148713788 370 
7236 6053 148715730 376 
7237 6053 148717672 644 
7238 6054 148719616 416 
7239 6055 148721558 352 
7240 6056 148723500 314 
7241 6057 148725444 416 
7242 6058 148727386 314 
7243 6059 148729328 350 
7245 6060 148735156 314 
7246 6061 148737098 290 
7247 6062 148739040 328 
7248 6063 148740982 468 
7249 6063 148742924 278 
7250 6063 148744864 660 
7251 6064 148746808 408 
7252 6065 148748752 318 
7253 6066 148750694 624 
7254 6066 148752632 536 
7255 6067 148754578 282 
7256 6068 148756518 294 
7257 6069 148758462 682 
7258 6070 148760406 296 
7259 6070 148762348 412 
7260 6071 148764290 354 
7262 6072 148772060 -982 
7264 6072 148775944 584 
7266 6073 148779830 746 
7267 6074 148781772 486 
7268 6075 148783714 1382 
7269 6076 148785658 328 
7270 6077 148787600 294 
7271 6078 148789542 372 
7272 6079 148791482 318 
7273 6080 148793422 348 
7274 6081 148795366 394 
7275 6082 148797312 410 
7276 6083 148799254 338 
7277 6084 148801198 1348 
7278 6085 148803140 1278 
7280 6086 148807024 358 
7281 6087 148808968 1456 
7282 6088 148810910 374 
7283 6089 148812852 482 
7284 6090 148814794 316 
7285 6091 148818680 1956 
7286 6092 148820622 378 
7287 6093 148822566 720 
7288 6094 148824508 766 
7289 6094 148826450 354 
7291 6095 148830336 278 
7292 6096 148832278 428 
7293 6097 148836164 2090 
7294 6097 148838108 468 
7295 6098 148840050 388 
7296 6098 148841992 1184 
7297 6099 148843934 496 
7298 6100 148845878 316 
7299 6101 148847820 352 
7300 6102 148849762 832 
7302 6103 148853644 486 
7303 6104 148855586 330 
7304 6104 148857528 558 
7307 6105 148863362 278 
7308 6106 148865304 432 
7309 6107 148867246 372 
7310 6107 148869188 394 
7311 6108 148871132 352 
7312 6109 148873074 334 
7313 6110 148875018 278 
7314 6111 148876960 312 
7316 6112 148880844 314 
7317 6112 148882788 308 
21845 21845 1442160432 1961240421 
7321 6114 148892500 1756 
7322 6115 148894442 572 
7323 6116 148896384 314 
7324 6117 148898326 506 
7325 6117 148900264 410 
7326 6118 148902206 394 
7327 6119 148904152 334 
7328 6120 148906096 356 
7330 6121 148909980 508 
7331 6121 148911924 444 
7332 6122 148913866 1252 
7333 6123 148915808 706 
7335 6123 148919694 372 
7336 6124 148921636 518 
7337 6124 148923578 482 
7338 6125 148925522 394 
7339 6126 148927464 300 
7341 6127 148931350 288 
7342 6128 148933292 374 
7343 6129 148935236 294 
7345 6129 148939120 430 
7346 6130 148941064 1188 
7348 6131 148944948 920 
7349 6132 148946892 428 
7351 6133 148950776 682 
7352 6134 148952718 468 
7353 6135 148956514 1556 
7354 6136 148958546 376 
7355 6137 148960490 498 
7356 6138 148962428 336 
7357 6139 148964370 352 
7358 6140 148966312 282 
7359 6141 148968256 384 
7360 6142 148970202 746 
7361 6143 148974086 1728 
7363 6144 148977972 288 
7365 6145 148983800 294 
7366 6145 148985742 282 
7367 6146 148987684 722 
7368 6147 148989626 526 
7369 6148 148991568 1096 
7370 6149 148993512 392 
7371 6150 148995454 350 
7373 6151 148999340 292 
7375 6152 149003222 372 
7376 6153 149005164 312 
7377 6154 149007106 424 
7378 6155 149009050 416 
7379 6156 149010996 718 
7380 6157 149012936 374 
7381 6158 149014882 330 
7382 6159 149016822 314 
7383 6160 149018766 390 
7384 6161 149020710 616 
7385 6162 149022654 570 
7386 6163 149024596 282 
7387 6164 149026538 546 
7389 6165 149030424 352 
7390 6166 149032366 394 
7391 6167 149034310 876 
7392 6168 149036252 298 
7393 6169 149038196 1220 
7396 6170 149044022 448 
7397 6171 149045966 310 
7398 6172 149047908 314 
7399 6173 149049850 350 
7401 6174 149053736 794 
7402 6175 149055678 396 
13107 13107 -749889111 -353371221 
7404 6176 149059564 288 
7405 6177 149061506 376 
7408 6178 149067334 414 
7409 6179 149069276 390 
7410 6180 149071218 428 
7411 6181 149073162 294 
7412 6181 149075104 428 
26214 26214 -965837811 -1198722136 
7414 6182 149078984 588 
7415 6183 149080926 370 
7416 6184 149082872 280 
7417 6185 149084816 330 
7418 6185 149086758 354 
7421 6185 149094528 -890 
7422 6186 149096470 498 
7423 6187 149098414 394 
7424 6187 149100356 314 
7425 6188 149102298 506 
7427 6189 149106184 280 
7428 6189 149110068 1662 
7429 6190 149112012 974 
7430 6191 149115896 2038 
7431 6192 149117836 668 
7432 6192 149119780 350 
7433 6193 149123662 1808 
7434 6194 149125604 390 
7435 6195 149127546 480 
7436 6195 149129492 760 
7437 6196 149131434 762 
7438 6197 149133376 286 
7439 6198 149135318 354 
7440 6199 149137260 314 
7441 6200 149139202 1198 
7442 6201 149141146 328 
7443 6202 149143088 408 
7444 6203 149145030 608 
13107 13107 859024469 -484928747 
7446 6204 149148914 374 
7447 6205 149150858 392 
7448 6206 149152800 506 
7449 6207 149154742 412 
7451 6209 149158628 1012 
7452 6210 149160570 284 
7453 6211 149162512 290 
7454 6212 149164456 392 
7455 6213 149166398 328 
7456 6214 149168340 376 
7457 6215 149170284 394 
7458 6216 149172226 294 
7459 6217 149174170 474 
7462 6219 149179998 334 
7463 6219 149181940 312 
7464 6220 149183882 334 
7465 6221 149185826 334 
7466 6222 149187764 292 
7467 6223 149189706 278 
7468 6224 149191650 284 
7469 6225 149193592 702 
7471 6227 149197478 746 
7472 6228 149199420 1040 
7473 6229 149201366 310 
7474 6229 149203310 408 
7475 6230 149205254 354 
7476 6231 149207196 606 
7477 6232 149209138 334 
7478 6232 149211082 822 
7479 6233 149214966 2810 
7480 6234 149216910 548 
7481 6235 149218852 388 
7482 6236 149220794 336 
7483 6237 149222736 310 
7484 6238 149224678 488 
7485 6239 149226620 310 
7486 6240 149228560 518 
7487 6241 149230502 1258 
7488 6241 149232444 282 
7489 6242 149234386 412 
7490 6243 149236330 944 
7491 6244 149238276 372 
7492 6245 149240218 450 
7493 6246 149242162 314 
7494 6246 149246046 1956 
7495 6247 149247990 314 
7496 6248 149249932 328 
7498 6249 149253816 356 
7499 6250 149255758 330 
7500 6251 149257702 284 
7501 6251 149259642 814 
7502 6252 149261586 574 
7503 6253 149263528 308 
7504 6254 149265470 412 
7507 6255 149271296 310 
7508 6256 149273238 316 
7509 6257 149277112 1634 
7510 6258 149279066 1006 
7511 6259 149281008 278 
7512 6260 149282950 374 
7513 6261 149284894 414 
7514 6262 149286836 438 
7515 6263 149288778 1238 
7516 6264 149290720 1242 
7518 6265 149294606 328 
7519 6266 149296548 662 
7522 6267 149302376 286 
7523 6268 149304318 348 
7524 6269 149306256 356 
7525 6270 149308200 350 
7526 6271 149310144 458 
7528 6272 149314028 294 
7529 6273 149315972 1078 
7530 6274 149317914 356 
7531 6274 149319856 684 
7534 6276 149325684 414 
7535 6277 149327628 446 
7537 6279 149331512 372 
7538 6279 149333454 374 
7539 6280 149335398 312 
7540 6281 149337340 442 
7541 6282 149339282 374 
7542 6283 149341224 294 
7543 6284 149343166 370 
7544 6285 149345110 376 
7545 6286 149347050 294 
7546 6287 149348994 368 
7547 6288 149350936 308 
7548 6289 149352878 284 
7549 6290 149354820 330 
7550 6291 149356762 354 
7551 6291 149358704 370 
7552 6292 149360648 288 
7553 6292 149362590 740 
7555 6293 149366472 334 
7556 6293 149368416 354 
7557 6294 149370356 278 
7559 6295 149374240 722 
7561 6296 149380066 1832 
7563 6297 149385898 2104 
7565 6298 149389784 388 
7566 6298 149391726 398 
7567 6299 149393668 664 
7568 6300 149395610 456 
7569 6301 149397554 280 
7570 6302 149399496 312 
7571 6303 149401438 328 
7572 6304 149403380 628 
7573 6304 149405322 468 
7574 6305 149407266 328 
7576 6306 149411150 414 
7577 6307 149413092 280 
7578 6308 149415034 296 
7579 6309 149416978 526 
7580 6310 149418916 352 
7581 6311 149420858 414 
7582 6312 149422800 336 
7583 6313 149424742 410 
7585 6315 149428630 282 
7586 6315 149430572 460 
7588 6317 149434458 316 
7589 6318 149436400 350 
7591 6320 149440286 562 
7592 6321 149442228 1324 
7593 6322 149444170 526 
7594 6323 149446112 294 
7595 6324 149448054 290 
7596 6325 149449998 288 
7597 6326 149451940 368 
7598 6327 149453882 316 
7599 6328 149455824 728 
7600 6329 149457768 378 
7601 6330 149459710 906 
7602 6331 149461652 590 
7605 6332 149467480 544 
7608 6332 149473308 644 
7610 6334 149477192 1058 
7612 6335 149481078 414 
7614 6336 149484964 568 
7615 6337 149486902 408 
7616 6338 149488844 416 
7617 6339 149490788 1020 
7619 6341 149496618 354 
7621 6343 149500504 612 
7622 6344 149502446 456 
7623 6345 149504390 370 
7624 6346 149506332 412 
7625 6347 149508274 528 
7626 6348 149510216 316 
7627 6348 149512160 348 
7629 6350 149516046 1118 
7630 6351 149517988 718 
7631 6352 149519930 392 
7633 6353 149523816 294 
7634 6354 149525758 508 
7635 6354 149527698 836 
7636 6354 149529640 1102 
7637 6355 149531584 294 
7638 6356 149533526 588 
7639 6356 149535468 354 
7640 6357 149537414 334 
7641 6358 149541300 1962 
7642 6359 149543244 788 
7644 6360 149547128 758 
7645 6361 149549070 390 
7646 6362 149551014 666 
7647 6363 149552956 714 
7648 6363 149554898 412 
7649 6364 149556840 374 
7650 6365 149558782 414 
7651 6366 149560724 478 
7652 6367 149562668 550 
7653 6368 149564610 410 
7654 6369 149566552 314 
7656 6370 149570438 286 
7657 6371 149572380 582 
7658 6372 149574322 354 
7659 6373 149576264 370 
7660 6374 149578204 352 
7661 6375 149580150 604 
7662 6376 149582092 294 
7665 6378 149587920 292 
7666 6379 149589862 860 
7667 6380 149591804 370 
7669 6381 149595690 758 
7670 6382 149597632 374 
7672 6383 149601518 1290 
7673 6384 149603460 292 
7674 6385 149605402 318 
7675 6386 149607346 280 
7676 6387 149609288 396 
7677 6388 149611232 354 
7679 6390 149615116 310 
7680 6391 149617060 334 
7681 6392 149619002 1028 
7682 6393 149620944 286 
7683 6394 149622888 278 
7684 6395 149624830 334 
7685 6396 149626774 410 
7686 6397 149628716 376 
7689 6399 149634544 1160 
7690 6400 149636488 374 
7691 6401 149638430 444 
7692 6402 149640372 412 
7693 6403 149642314 354 
7694 6404 149644258 354 
7695 6405 149646200 884 
7696 6406 149648142 316 
7698 6407 149652028 374 
7699 6408 149653970 350 
7700 6409 149655912 286 
7701 6410 149657856 412 
7702 6411 149659798 1082 
7704 6412 149663684 296 
7705 6413 149665626 484 
7706 6414 149667570 398 
7707 6414 149669512 312 
7708 6415 149671454 1002 
7709 6416 149673398 1198 
7711 6417 149677282 372 
7712 6418 149679226 410 
7713 6419 149681168 620 
7714 6420 149683112 314 
7715 6421 149685054 410 
7716 6422 149686996 496 
7717 6423 149688940 370 
7718 6424 149690882 528 
7719 6425 149692824 410 
7720 6426 149694768 286 
7721 6427 149696710 370 
7722 6428 149700466 1516 
7723 6429 149702540 334 
7725 6430 149706424 280 
7726 6431 149708366 518 
7727 6432 149710310 408 
7728 6433 149714196 2012 
7729 6434 149716138 424 
7730 6435 149718080 1108 
7731 6436 149720022 332 
7732 6437 149721966 384 
7735 6438 149727792 314 
7736 6439 149729736 414 
7737 6440 149731678 332 
7738 6441 149733620 564 
7739 6441 149735564 290 
7741 6443 149739448 384 
7744 6444 149747218 568 
7745 6445 149749162 288 
7747 6446 149753048 354 
7748 6447 149754990 290 
7749 6448 149756932 582 
7750 6449 149758872 378 
7752 6450 149762760 282 
7753 6451 149764702 290 
7754 6452 149766644 336 
7755 6453 149768588 394 
7756 6454 149770530 982 
7757 6455 149772472 312 
7758 6455 149774416 394 
7759 6456 149776358 664 
7761 6457 149780244 402 
7762 6458 149782186 962 
7763 6459 149784130 390 
7764 6460 149786072 986 
7765 6461 149788014 412 
7766 6462 149789958 510 
7767 6463 149791900 328 
7768 6464 149793842 314 
7770 6465 149797728 956 
7771 6466 149799670 310 
7772 6467 149803556 2320 
7773 6468 149805498 390 
7775 6469 149809384 562 
7776 6469 149811324 334 
7777 6470 149813266 470 
7778 6471 149815210 628 
7779 6472 149817152 316 
7780 6473 149819094 334 
7781 6474 149821038 368 
7782 6475 149822980 282 
30651 30583 1997360528 -1528370438 
7784 6476 149826866 294 
7785 6477 149828808 402 
7786 6478 149830750 688 
7787 6478 149832694 366 
7788 6479 149834636 484 
7789 6480 149836578 414 
7790 6481 149838520 394 
7792 6482 149844348 318 
7793 6483 149846290 370 
7794 6484 149848232 590 
7796 6485 149852118 606 
7797 6486 149854060 282 
7798 6487 149856002 286 
7799 6488 149857946 280 
7801 6489 149861830 278 
7802 6490 149863772 416 
7803 6491 149865716 394 
7805 6493 149869598 412 
7806 6494 149871542 414 
7808 6495 149875428 1086 
7810 6497 149879312 376 
7811 6498 149881256 682 
7812 6499 149883198 354 
7813 6500 149885140 330 
7814 6501 149887084 546 
7816 6503 149892912 354 
7817 6504 149894854 290 
7818 6505 149896796 468 
7819 6505 149898738 1280 
7821 6506 149902624 308 
7822 6507 149906462 1600 
7823 6508 149912334 3894 
7825 6509 149916220 486 
17476 17476 1157595784 -1424833307 
7828 6510 149923990 528 
7829 6511 149925932 502 
7830 6512 149927874 430 
7831 6513 149929818 426 
7833 6514 149933702 288 
7834 6515 149937498 1556 
7835 6516 149939528 1156 
7836 6517 149941468 358 
7837 6518 149943412 370 
7838 6519 149945358 448 
7840 6520 149949244 372 
7841 6521 149951186 370 
7842 6522 149953130 374 
7843 6522 149957016 1988 
7844 6523 149958958 1278 
7845 6524 149960900 442 
7846 6524 149962844 296 
7847 6524 149964786 562 
7848 6525 149966728 1348 
7850 6525 149970614 294 
7851 6526 149972558 1268 
7852 6527 149974500 416 
7855 6528 149980328 350 
7856 6528 149982270 510 
7857 6529 149984210 408 
7858 6530 149986156 376 
7859 6531 149988100 1054 
7860 6532 149990042 388 
7861 6533 149991984 414 
7863 6534 149995868 278 
7865 6536 149999754 312 
7866 6537 150001696 394 
7867 6538 150003640 448 
7868 6539 150005582 482 
7869 6540 150007524 330 
7870 6541 150009466 584 
7871 6542 150011410 570 
7872 6543 150013352 356 
7873 6544 150015296 376 
7874 6545 150017238 690 
7875 6546 150019180 290 
7877 6547 150023066 330 
7878 6548 150025008 458 
7879 6549 150026950 290 
59680 6550 150028890 484 
7881 6550 150030832 414 
7882 6551 150032778 298 
7883 6552 150034720 572 
7884 6553 150036664 284 
7885 6553 150038606 280 
7886 6553 150040548 1020 
7887 6554 150042490 314 
7889 6556 150046374 392 
7890 6557 150048318 720 
7892 6558 150052202 396 
7893 6559 150054144 354 
7895 6560 150058030 780 
7896 6561 150059968 522 
7897 6562 150061912 414 
7898 6562 150063856 376 
7899 6563 150065798 390 
7900 6564 150067740 356 
7901 6565 150069684 392 
7902 6566 150071626 642 
7903 6567 150073568 592 
7904 6568 150075512 468 
7905 6569 150077454 704 
7906 6570 150079396 970 
7907 6571 150081338 314 
7908 6572 150083282 348 
7909 6573 150085224 1138 
7911 6574 150089108 486 
7912 6575 150091050 590 
7913 6576 150092992 556 
7914 6577 150094936 374 
7915 6578 150098820 2316 
7916 6579 150100762 374 
7917 6580 150102702 414 
7919 6581 150108532 666 
7920 6582 150110474 390 
7921 6583 150114360 2788 
7923 6584 150118246 330 
7924 6585 150120188 398 
7925 6586 150122130 432 
7926 6587 150124074 414 
7928 6589 150127958 1320 
7929 6590 150129900 332 
7930 6591 150131842 376 
7932 6592 150135726 962 
7934 6593 150139612 522 
7936 6594 150143496 646 
7937 6595 150145438 636 
7938 6596 150147382 414 
7940 6597 150151266 292 
7942 6598 150155150 960 
7943 6599 150157092 486 
7944 6600 150159034 316 
7945 6601 150160976 312 
7946 6602 150162920 352 
7947 6603 150164862 388 
7948 6604 150166804 394 
7949 6605 150168746 310 
7950 6606 150170686 1142 
7951 6607 150172630 328 
7952 6608 150174572 282 
7953 6608 150176516 312 
7954 6609 150178458 414 
7955 6610 150180400 312 
7956 6610 150182342 726 
7957 6611 150184284 452 
7958 6612 150186226 334 
7959 6613 150188170 386 
7960 6614 150190112 412 
7961 6615 150192054 668 
7962 6616 150193996 388 
7963 6617 150195940 728 
7964 6618 150197882 414 
7965 6619 150199824 390 
7966 6620 150201766 628 
7967 6621 150203708 336 
7968 6622 150205650 376 
7970 6623 150209534 418 
7971 6624 150211478 778 
7972 6625 150213420 376 
7976 6627 150221188 1192 
7977 6628 150223130 1226 
7978 6629 150225072 588 
7979 6630 150227014 410 
7981 6632 150230898 608 
7982 6633 150232840 358 
7983 6634 150234782 374 
7984 6635 150236726 278 
7985 6636 150238668 408 
7987 6638 150242552 290 
7989 6640 150246438 382 
7990 6641 150248380 414 
7992 6642 150252264 394 
7993 6643 150254208 292 
7994 6644 150256150 560 
7995 6645 150258092 308 
7996 6646 150260034 296 
7997 6647 150261976 644 
7998 6648 150265784 1560 
7999 6649 150267804 350 
8000 6650 150269748 294 
8001 6651 150271690 408 
8002 6652 150273632 418 
8003 6653 150275576 328 
8004 6654 150277518 344 
8005 6655 150279460 606 
8006 6656 150281404 526 
8007 6657 150285288 2242 
8008 6658 150289172 2528 
8009 6659 150291116 370 
8010 6660 150293058 394 
8011 6661 150295000 352 
8012 6662 150296944 408 
8013 6663 150298886 836 
8014 6664 150300828 374 
8015 6665 150302772 288 
8016 6666 150304714 294 
8017 6667 150306656 354 
8018 6668 150308600 394 
8020 6669 150312484 294 
8022 6671 150316370 414 
8023 6672 150318312 312 
8024 6673 150320254 662 
8026 6674 150324140 354 
8027 6675 150326082 282 
8028 6676 150328024 286 
8029 6677 150329968 408 
8030 6678 150331910 396 
8031 6679 150333852 410 
8032 6680 150335794 338 
8033 6681 150337738 390 
8034 6682 150339680 292 
8035 6683 150341622 374 
8036 6684 150343566 286 
8038 6685 150347450 354 
8039 6686 150349394 372 
8040 6687 150351336 332 
8041 6688 150353278 394 
8042 6689 150355220 286 
8043 6690 150357162 394 
8044 6691 150359106 556 
8045 6692 150361048 426 
8046 6693 150362990 284 
8047 6694 150364934 292 
8048 6694 150366876 310 
8049 6695 150368816 372 
8052 6696 150374646 286 
8054 6697 150378530 526 
8055 6698 150380472 282 
8056 6699 150382414 338 
8057 6700 150384358 294 
8060 6701 150390184 396 
8061 6702 150392126 642 
21845 21845 1709578229 -1252046748 
8063 6703 150396012 280 
8064 6704 150397954 406 
8065 6704 150399896 680 
8066 6705 150401838 356 
8067 6706 150403780 352 
8068 6707 150405724 468 
8069 6708 150407666 328 
8070 6709 150409608 338 
8071 6710 150411552 290 
8072 6711 150413490 328 
8073 6712 150415434 546 
8075 6713 150419322 280 
8076 6714 150421264 354 
8077 6715 150423206 370 
8078 6716 150425150 1020 
8079 6717 150429034 2166 
8080 6718 150430976 296 
8081 6719 150432920 482 
8082 6720 150434862 678 
8083 6721 150436804 444 
8084 6722 150438746 414 
8085 6723 150440690 460 
8086 6724 150442632 412 
8087 6725 150444574 314 
8088 6726 150446516 294 
8089 6727 150448460 278 
8090 6728 150450402 284 
8091 6729 150452344 280 
8092 6730 150454286 376 
8093 6731 150456228 466 
8094 6732 150458170 488 
8096 6733 150462056 414 
8097 6734 150463998 278 
8098 6735 150465942 358 
8099 6736 150467884 1112 
8100 6737 150469826 398 
8101 6738 150471768 330 
8102 6739 150473712 288 
8103 6740 150475654 314 
8104 6741 150479536 2106 
8105 6742 150481478 684 
8106 6743 150483424 648 
8107 6744 150485368 372 
8109 6746 150489252 634 
8110 6747 150491196 412 
8111 6748 150493138 332 
8112 6749 150495082 338 
8113 6750 150497024 288 
8115 6751 150500910 280 
8116 6751 150502852 598 
8117 6752 150504794 392 
8118 6753 150506738 922 
8119 6754 150508680 330 
8120 6755 150510622 286 
8121 6756 150512566 564 
8122 6757 150514508 860 
8123 6757 150516450 668 
8124 6758 150518394 526 
8125 6759 150520336 388 
8126 6760 150522278 356 
8127 6761 150524218 602 
8128 6762 150526160 606 
8129 6763 150528106 484 
8130 6764 150530050 526 
8131 6765 150531994 726 
8133 6766 150535878 294 
8134 6767 150537822 292 
8135 6768 150539764 372 
8136 6769 150541708 374 
8137 6770 150543650 372 
8138 6771 150545594 1084 
8139 6772 150547536 1326 
8140 6773 150549480 294 
8141 6774 150551422 336 
8142 6775 150553366 336 
8143 6776 150555308 360 
8144 6777 150557252 608 
8146 6779 150561138 286 
8147 6780 150563080 368 
8148 6781 150565022 282 
8149 6782 150566964 330 
8150 6783 150568908 354 
8151 6784 150570850 560 
8152 6785 150572792 354 
8153 6785 150574736 290 
8154 6786 150576678 414 
8155 6787 150578622 470 
8156 6788 150580564 476 
8157 6789 150582508 310 
8158 6790 150584450 372 
8159 6791 150586392 484 
8160 6792 150588336 800 
8161 6793 150590278 422 
8162 6794 150592220 648 
8163 6795 150594160 590 
8164 6796 150596104 414 
8165 6797 150598048 396 
8166 6798 150599992 416 
8167 6799 150601934 312 
8168 6800 150603876 374 
8170 6801 150607762 314 
8171 6802 150609704 312 
8173 6803 150613590 626 
8175 6804 150619418 -1356 
8176 6805 150621360 338 
8177 6806 150623302 294 
8178 6807 150625246 396 
8179 6808 150627188 410 
8180 6809 150629132 1038 
8181 6810 150631074 688 
8182 6810 150633016 336 
8184 6811 150636900 624 
8185 6812 150638844 584 
8186 6813 150640788 708 
8187 6814 150642730 368 
8188 6815 150644672 782 
8189 6816 150646616 606 
8190 6817 150648558 904 
8191 6818 150650500 564 
8192 6819 150652444 312 
8193 6820 150654386 330 
8194 6821 150656328 294 
8195 6822 150662156 4022 
8196 6823 150664098 428 
8197 6824 150666042 410 
8198 6825 150667984 354 
8199 6826 150669926 410 
8200 6827 150673812 1832 
8201 6828 150675754 390 
8203 6829 150681582 -1564 
8204 6830 150683524 530 
8205 6831 150685466 506 
8206 6832 150687410 626 
8207 6833 150689352 644 
8208 6834 150691294 396 
8209 6834 150693236 372 
8210 6835 150695180 550 
8211 6836 150697122 310 
8212 6837 150699064 612 
8213 6838 150701008 410 
8214 6839 150702950 414 
8215 6840 150704892 372 
8217 6840 150708774 330 
8218 6840 150710716 686 
8219 6841 150712662 314 
8222 6843 150718490 376 
8223 6844 150720434 310 
8224 6845 150722376 390 
8226 6847 150726260 354 
8227 6848 150728202 332 
8228 6849 150730146 416 
8229 6849 150732088 416 
8230 6850 150734030 334 
8231 6851 150735972 332 
8233 6852 150739856 1278 
8234 6852 150741800 358 
8236 6854 150745680 286 
8237 6855 150747620 332 
8238 6856 150749566 838 
8239 6857 150751510 704 
8241 6858 150755394 280 
8242 6859 150757336 1104 
8243 6860 150759278 522 
8244 6861 150761222 486 
8245 6862 150763164 358 
8246 6863 150765106 336 
8247 6864 150767048 282 
8248 6865 150768990 646 
8249 6866 150770932 524 
8250 6867 150772876 688 
8251 6868 150774818 372 
8253 6869 150778702 280 
8254 6870 150780644 488 
8255 6871 150782588 506 
8256 6872 150784530 504 
8258 6873 150788414 416 
8259 6874 150790356 310 
8260 6875 150792298 414 
8261 6876 150794242 646 
8262 6877 150796184 412 
8263 6878 150798126 1078 
8264 6879 150800068 286 
8265 6880 150802012 412 
8267 6881 150807838 370 
8268 6882 150809780 376 
8269 6883 150811724 392 
8270 6884 150813666 1016 
8272 6885 150817552 468 
8273 6886 150819494 494 
8274 6887 150821434 338 
8275 6888 150823376 312 
8276 6889 150825322 420 
8278 6891 150829208 630 
8279 6892 150831152 412 
8280 6893 150833096 286 
8282 6895 150836980 378 
8283 6896 150838924 648 
8284 6897 150840866 666 
8285 6898 150842808 330 
8286 6898 150844752 412 
8287 6899 150846694 310 
8288 6900 150848638 418 
8289 6901 150850580 484 
8291 6901 150854466 328 
8292 6901 150856408 334 
8293 6902 150860290 1854 
8294 6903 150862236 312 
8295 6904 150864180 588 
8296 6905 150866122 286 
8297 6906 150868066 354 
8298 6907 150870008 292 
8299 6908 150871952 410 
8302 6909 150883610 1848 
8303 6910 150885552 724 
8304 6910 150887496 354 
8305 6911 150889438 394 
8306 6911 150891382 378 
8307 6912 150893324 310 
8308 6913 150895268 416 
8310 6914 150899154 528 
8311 6915 150901098 392 
8312 6916 150903040 288 
8313 6917 150904984 278 
8314 6918 150906926 328 
8315 6919 150908870 372 
8316 6920 150910812 728 
8317 6921 150912756 350 
8318 6922 150914698 622 
8319 6923 150916640 314 
8320 6924 150918584 378 
8322 6925 150922470 608 
8325 6926 150928296 278 
8326 6927 150930238 334 
21845 21845 1433765752 1330648343 
8329 6928 150936062 372 
8330 6929 150938008 414 
8331 6930 150939950 292 
8333 6930 150943836 288 
8334 6931 150945778 316 
8335 6932 150947720 354 
8336 6933 150949664 508 
8338 6934 150953548 338 
8339 6935 150955490 352 
8341 6936 150961318 3140 
8342 6937 150963262 356 
8343 6938 150965204 352 
8344 6938 150967148 314 
8345 6939 150969088 522 
8347 6939 150972974 410 
8348 6940 150974920 634 
8349 6941 150976862 482 
8350 6942 150978804 294 
8352 6944 150982690 314 
8355 6944 150988518 406 
8356 6945 150992404 1808 
8357 6946 150994346 488 
8358 6946 150996288 286 
8359 6947 150998232 330 
8360 6948 151000174 292 
8361 6949 151002116 594 
8362 6950 151004060 336 
8363 6951 151006002 938 
8364 6952 151007944 374 
8365 6953 151009888 444 
8366 6954 151011830 284 
8367 6955 151013772 300 
17476 17476 1143132044 836450244 
8370 6956 151021544 1714 
8371 6957 151023486 412 
8372 6958 151025428 416 
8373 6958 151027372 1214 
8374 6959 151029314 392 
8375 6960 151031256 780 
8376 6960 151033200 392 
8377 6961 151035142 348 
8381 6962 151044854 1814 
8382 6963 151046796 1186 
8383 6964 151048738 314 
8384 6964 151050684 458 
8385 6964 151052630 608 
8386 6965 151054572 416 
8387 6966 151056516 626 
8388 6967 151060400 2380 
8389 6967 151062344 408 
8390 6967 151064286 368 
8391 6968 151066230 394 
8392 6969 151068172 1344 
8393 6969 151070116 412 
8394 6970 151072058 412 
8397 6971 151077884 560 
8398 6972 151079826 940 
8399 6973 151081768 370 
8403 6973 151089544 590 
8404 6974 151091486 392 
8406 6975 151095372 1040 
8407 6975 151097316 502 
8408 6976 151099258 708 
8411 6977 151105086 586 
8412 6978 151107028 622 
8413 6979 151108970 698 
8414 6980 151110914 396 
8415 6981 151112856 442 
8416 6982 151114798 374 
8417 6983 151116742 310 
8418 6984 151118684 276 
8419 6985 151120626 370 
8420 6986 151122568 396 
8421 6987 151126454 1812 
8424 6987 151134226 414 
8426 6988 151138112 294 
8427 6989 151140054 446 
8428 6990 151141996 1182 
8429 6991 151143938 426 
8431 6992 151147824 1204 
8432 6993 151149766 688 
8433 6994 151151710 390 
8434 6995 151153652 296 
8435 6995 151155592 1060 
8436 6996 151157534 312 
8438 6996 151161422 358 
8439 6997 151163366 444 
8440 6998 151165308 334 
8441 6999 151167252 290 
8442 7000 151169194 332 
8443 7001 151171136 294 
8444 7002 151173080 372 
8445 7003 151175022 328 
8446 7004 151176964 314 
8447 7005 151178908 312 
40605 54429 -1647592792 -1615974546 
8450 7006 151184736 546 
8453 7007 151192500 -1564 
8454 7008 151194446 394 
8456 7009 151198332 534 
8457 7010 151200276 374 
8458 7011 151202218 292 
8459 7012 151204160 412 
8461 7013 151209988 350 
8462 7014 151211930 770 
8463 7014 151213874 408 
8467 7015 151221644 308 
8468 7016 151223586 352 
8469 7017 151225528 292 
8470 7017 151227470 398 
8471 7018 151229414 280 
8472 7018 151231356 282 
8473 7019 151233298 290 
8474 7020 151235240 376 
8475 7021 151237184 686 
8476 7022 151239126 286 
8477 7022 151241068 374 
8478 7023 151243010 358 
8479 7023 151244954 288 
8480 7024 151246896 414 
8481 7025 151248838 350 
8483 7026 151252724 290 
8484 7027 151254668 374 
8486 7028 151258554 446 
8487 7029 151260496 350 
8488 7030 151262438 314 
8489 7031 151264382 376 
8490 7032 151266322 284 
8491 7033 151268262 466 
8492 7034 151290892 416 
