0 0 1657180 0 
1 1 1662362 3688 
2 2 1664952 296 
3 3 1667542 874 
4 4 1670130 412 
5 5 1672718 314 
6 6 1675310 508 
7 7 1677904 390 
8 8 1680492 334 
9 9 1683084 984 
10 10 1685676 336 
11 11 1688266 704 
12 12 1690854 636 
13 13 1693442 330 
14 14 1696030 374 
15 15 1698618 458 
15 15 1698618 458 
16 16 1701208 1124 
17 17 1703796 338 
18 18 1706384 1492 
19 19 1708972 566 
20 20 1711562 308 
21 21 1714150 294 
22 22 1716738 414 
23 23 1719326 1134 
24 24 1721916 286 
25 25 1724504 624 
26 26 1727092 286 
27 27 1729682 294 
28 28 1732270 1168 
29 29 1734860 374 
30 30 1737448 394 
32 31 1742622 930 
33 32 1745214 544 
34 33 1747804 374 
35 34 1750392 486 
36 35 1752980 446 
37 36 1755568 1232 
39 37 1763336 -2250 
40 38 1765924 960 
41 39 1768512 294 
42 40 1771102 418 
43 41 1773690 374 
44 42 1776278 286 
45 43 1778866 1174 
46 44 1781456 374 
47 45 1784044 280 
48 46 1786634 930 
49 47 1789222 278 
50 48 1791812 334 
51 49 1794400 1160 
53 51 1799578 330 
54 52 1802168 314 
55 53 1804756 378 
56 54 1807344 1328 
57 55 1809934 414 
58 56 1812522 414 
59 57 1815112 374 
60 58 1817698 358 
61 59 1820288 392 
62 60 1822878 300 
63 61 1825468 284 
64 62 1828056 278 
65 63 1830644 442 
66 64 1833234 458 
67 65 1835822 538 
68 66 1838408 490 
69 67 1840998 780 
70 68 1843588 632 
71 69 1846178 316 
72 70 1848766 814 
73 71 1851354 642 
74 72 1853942 414 
75 73 1856532 1004 
76 74 1859120 354 
77 75 1861708 632 
78 76 1864296 688 
79 77 1866886 280 
80 78 1869474 374 
81 79 1872062 724 
82 80 1874652 810 
83 81 1877240 290 
84 82 1879828 334 
85 83 1882418 1574 
87 84 1890182 -2230 
88 85 1892772 1102 
89 86 1895360 392 
90 87 1897950 360 
91 88 1900538 280 
92 89 1903128 360 
93 90 1905716 354 
94 91 1908306 396 
95 92 1910894 584 
96 93 1913480 318 
97 94 1916068 384 
98 95 1918660 418 
99 96 1921250 414 
100 97 1923838 314 
101 98 1926428 292 
102 99 1929018 1592 
103 100 1931606 294 
104 101 1934194 418 
105 102 1936784 412 
106 103 1939372 338 
107 104 1941958 1988 
108 105 1944542 298 
109 106 1947130 648 
110 107 1949722 1164 
111 108 1952312 394 
112 109 1954900 532 
113 110 1957488 680 
114 111 1960078 416 
115 112 1962666 310 
115 112 1962666 310 
116 113 1965254 1530 
118 114 1970432 954 
119 115 1973020 392 
120 116 1975610 2084 
121 117 1978198 938 
122 118 1980792 334 
123 119 1983382 294 
124 120 1985970 606 
125 121 1988556 456 
126 122 1991144 668 
127 123 1993732 394 
128 124 1996322 320 
129 125 1998910 332 
130 126 2001502 296 
131 127 2004092 396 
132 128 2006682 544 
133 129 2009272 688 
134 130 2011860 298 
135 131 2014450 284 
136 132 2017040 532 
137 133 2019628 278 
138 134 2022218 1006 
139 135 2024806 484 
141 137 2029984 394 
143 139 2035162 414 
144 140 2037752 506 
146 142 2042930 414 
147 143 2045518 354 
148 144 2048108 282 
149 145 2050698 404 
150 146 2053286 912 
151 147 2055876 342 
152 148 2058462 944 
154 150 2063644 354 
155 151 2066234 352 
156 152 2068820 810 
157 153 2071408 628 
158 154 2073998 1092 
159 155 2076586 314 
160 156 2079176 374 
161 157 2081766 506 
162 158 2084354 312 
163 159 2086944 972 
164 160 2089532 730 
165 161 2092122 312 
166 162 2094712 376 
167 163 2097300 330 
168 164 2099890 964 
169 165 2102480 1048 
170 166 2105072 294 
171 167 2107662 354 
172 168 2110252 850 
173 169 2112840 990 
174 170 2115430 1008 
175 171 2118020 374 
176 172 2120606 318 
177 173 2123196 1000 
178 174 2125786 532 
179 175 2128376 1662 
180 176 2130966 314 
181 177 2133554 334 
182 178 2136144 1202 
183 179 2138734 942 
184 180 2141322 1236 
185 181 2143912 962 
187 183 2149086 372 
188 184 2151674 730 
189 185 2154266 280 
190 186 2156856 376 
191 187 2159446 396 
192 188 2162034 314 
193 189 2164624 334 
194 189 2167214 998 
195 190 2169802 374 
197 192 2174980 314 
198 193 2177568 338 
199 194 2180158 416 
200 195 2182746 706 
201 196 2185336 504 
202 197 2187922 414 
203 198 2190510 586 
204 199 2193102 518 
205 200 2195688 536 
206 201 2198276 724 
207 202 2200862 1012 
208 203 2203450 380 
209 204 2206040 426 
210 205 2208632 1888 
212 207 2213810 396 
213 208 2216400 1398 
214 209 2218988 338 
215 210 2221578 1012 
216 211 2224168 284 
217 212 2226756 688 
218 213 2229346 650 
219 214 2231938 282 
220 215 2234528 1686 
221 216 2237118 412 
222 217 2239706 1064 
223 218 2242296 892 
224 219 2244884 530 
225 220 2247474 1310 
226 221 2250064 354 
227 222 2252652 1972 
228 223 2255242 500 
229 224 2257832 414 
230 225 2260420 418 
231 226 2263010 282 
233 228 2268188 416 
234 229 2270776 652 
235 230 2273366 1306 
236 231 2275956 506 
237 232 2278544 334 
238 233 2281134 320 
240 235 2286304 646 
241 236 2288896 1556 
242 237 2291486 300 
242 237 2291486 300 
243 238 2294078 1300 
244 239 2296670 358 
245 240 2299258 374 
246 241 2301848 338 
247 242 2304438 314 
248 243 2307024 408 
249 244 2309612 538 
250 245 2312204 476 
252 246 2317382 894 
253 247 2319972 416 
254 248 2322560 566 
255 249 2325150 416 
256 250 2327736 354 
256 250 2327736 354 
257 251 2330324 1188 
259 253 2335502 312 
260 254 2338090 334 
261 255 2340680 636 
262 256 2343272 1124 
263 257 2345862 562 
264 258 2348450 334 
265 259 2351038 956 
266 260 2353628 890 
268 262 2358806 298 
269 263 2361392 296 
271 265 2366574 452 
272 266 2369164 834 
273 267 2371750 410 
274 268 2374338 460 
275 269 2376926 394 
276 270 2379516 300 
277 271 2382104 666 
278 272 2384694 318 
279 273 2387282 350 
280 274 2389872 356 
281 275 2392460 334 
282 276 2395046 394 
283 277 2397634 374 
284 278 2400224 414 
285 279 2402816 392 
286 280 2405408 1304 
287 281 2408000 1080 
288 282 2410590 378 
288 282 2410590 378 
289 283 2413178 1858 
290 284 2415768 314 
291 285 2418358 334 
292 286 2420946 398 
293 287 2423536 500 
294 288 2426126 294 
295 289 2428716 334 
296 290 2431304 752 
297 291 2433894 334 
298 292 2436482 890 
299 293 2439072 636 
299 293 2439072 636 
300 294 2441662 1046 
301 295 2444248 368 
302 296 2446836 334 
303 297 2449424 292 
304 297 2452014 992 
305 298 2454604 278 
305 298 2454604 278 
306 298 2457192 1040 
307 299 2459786 940 
308 300 2462376 286 
309 301 2464966 528 
310 302 2470134 2280 
311 302 2472736 1258 
313 303 2477914 604 
315 305 2483086 1092 
316 306 2485674 566 
317 307 2488268 294 
318 308 2490854 398 
319 309 2493446 928 
320 310 2496036 318 
321 311 2498626 1008 
322 312 2501214 294 
323 313 2503808 314 
324 314 2506398 394 
326 316 2511576 374 
327 317 2514166 412 
328 318 2516756 294 
329 319 2519344 548 
330 320 2521934 336 
331 321 2524524 422 
332 322 2527112 566 
333 323 2529698 310 
334 324 2532288 416 
335 325 2534876 314 
336 326 2537470 300 
337 327 2540060 414 
338 328 2542648 318 
339 329 2545238 312 
340 330 2547826 314 
341 331 2550416 378 
342 332 2553006 396 
343 333 2555596 312 
344 334 2558184 378 
345 335 2560770 316 
346 336 2563358 1286 
347 337 2568542 2354 
348 338 2571130 942 
349 339 2573720 412 
350 340 2576310 416 
351 341 2578900 958 
352 342 2581490 298 
353 343 2584078 316 
354 344 2586664 284 
355 345 2589252 566 
356 346 2591840 418 
357 347 2594430 1438 
359 349 2599612 1208 
360 350 2602202 418 
361 351 2604792 636 
362 352 2607380 414 
363 353 2609970 648 
364 353 2612558 1170 
365 354 2615148 330 
366 355 2617738 360 
367 356 2620326 374 
368 357 2622916 730 
369 358 2625504 960 
370 359 2628092 452 
371 360 2630680 334 
372 361 2633270 840 
373 362 2635858 314 
374 363 2638446 414 
375 363 2641032 1266 
376 364 2643620 284 
377 365 2646210 282 
378 366 2648802 1318 
379 367 2651390 278 
380 367 2653980 1102 
380 367 2653980 1102 
381 368 2656568 1842 
382 369 2659158 418 
383 370 2661746 374 
384 371 2664334 1342 
385 372 2666924 510 
385 372 2666924 510 
386 373 2669510 1940 
387 374 2672098 1010 
388 375 2674690 550 
389 376 2677278 398 
390 377 2679868 378 
391 378 2682456 414 
392 379 2685044 318 
393 380 2687632 392 
394 381 2690222 586 
395 382 2692812 390 
396 383 2695400 1136 
397 384 2697986 332 
398 385 2700570 338 
399 386 2703158 414 
400 387 2705752 414 
401 388 2708344 416 
402 389 2710934 298 
403 390 2713522 288 
404 391 2716112 1376 
405 392 2718702 282 
406 393 2721292 418 
407 394 2723882 428 
408 395 2726470 390 
409 395 2729060 1198 
410 396 2731650 548 
411 397 2734240 646 
412 398 2736828 1180 
413 399 2739418 284 
414 400 2742006 374 
416 401 2747186 890 
417 402 2749776 412 
418 403 2752362 394 
419 404 2754950 396 
420 405 2757540 374 
421 406 2760132 1468 
422 407 2762722 1134 
423 408 2765312 726 
424 409 2767900 314 
425 410 2770490 510 
427 412 2775670 312 
428 413 2778256 1068 
429 414 2780844 464 
430 415 2783436 1300 
431 416 2786026 280 
432 417 2788616 1468 
433 418 2791204 666 
434 419 2793794 486 
435 420 2796384 990 
436 421 2798974 1614 
437 422 2801562 1710 
438 423 2804152 416 
439 424 2806742 994 
440 425 2809324 358 
441 426 2811912 294 
442 427 2814504 632 
443 428 2817094 1032 
444 429 2819686 1132 
445 430 2822276 414 
446 431 2824866 1244 
447 432 2827454 1260 
448 433 2830044 1530 
449 434 2832632 278 
450 435 2835222 360 
451 436 2837810 280 
452 437 2840398 1224 
453 438 2842988 414 
454 439 2845576 492 
455 440 2848166 882 
456 441 2850754 398 
457 442 2853344 740 
458 443 2855932 1322 
459 444 2858522 284 
460 445 2861106 278 
461 446 2863694 1156 
462 447 2866284 300 
463 448 2868872 334 
464 449 2871466 376 
465 450 2874056 374 
466 451 2876644 358 
467 452 2879234 298 
468 453 2881824 298 
469 454 2884412 648 
470 455 2887000 344 
471 456 2889588 280 
472 457 2892178 2002 
473 458 2894770 310 
474 459 2897360 1036 
475 459 2899950 1266 
476 460 2902540 1228 
476 460 2902540 1228 
477 461 2905128 1148 
478 462 2907718 354 
479 463 2910308 746 
481 465 2915484 566 
482 466 2918072 318 
483 467 2920658 410 
484 468 2923250 378 
485 469 2925842 416 
486 470 2928430 394 
487 471 2931024 392 
488 472 2933614 358 
489 473 2936202 334 
490 474 2938792 572 
492 475 2943970 -2298 
493 476 2946558 392 
494 477 2949148 476 
495 478 2954324 4162 
496 479 2956914 502 
498 479 2962092 894 
499 480 2964680 352 
500 481 2967268 298 
501 482 2969858 354 
502 483 2972446 1052 
503 484 2975036 292 
504 485 2977626 550 
505 486 2980214 414 
506 487 2982804 298 
507 488 2985394 392 
508 489 2987984 286 
509 490 2990572 530 
510 491 2993162 298 
511 492 2995752 374 
512 493 2998342 358 
514 495 3003520 280 
515 496 3006110 394 
516 497 3008700 356 
517 498 3011288 582 
518 499 3013878 634 
519 500 3016466 374 
520 501 3019056 914 
521 502 3021646 1318 
522 503 3024234 418 
523 504 3026824 292 
524 505 3029414 318 
525 506 3031998 492 
526 507 3034590 412 
527 508 3037180 294 
528 509 3039768 956 
529 510 3042358 414 
529 510 3042358 414 
530 511 3044946 902 
531 512 3047534 1150 
533 514 3055302 2354 
534 515 3057892 380 
535 516 3060482 334 
536 517 3063070 414 
537 518 3065660 336 
538 519 3068250 338 
539 520 3070838 410 
540 521 3073428 2030 
541 522 3076018 372 
543 524 3081196 416 
544 525 3083786 318 
545 526 3086376 314 
545 526 3086376 314 
546 527 3088966 1160 
547 528 3091554 1182 
549 530 3096734 354 
550 531 3099322 982 
551 532 3101912 430 
552 533 3104498 526 
553 534 3107090 294 
554 535 3109680 378 
555 536 3112270 372 
556 537 3114860 650 
557 538 3117448 318 
558 539 3120038 876 
559 540 3122628 1090 
560 541 3125216 472 
561 542 3127806 284 
562 543 3130394 354 
563 544 3132984 412 
564 545 3138152 2278 
565 546 3140750 312 
566 547 3143342 288 
567 548 3145928 756 
568 549 3148520 416 
569 550 3151110 292 
570 551 3153696 358 
571 552 3156288 506 
572 553 3158878 370 
574 555 3164056 316 
575 556 3166646 316 
576 557 3169234 592 
577 558 3171824 394 
578 559 3174414 378 
579 560 3177004 392 
580 561 3179592 624 
581 562 3182182 584 
582 563 3184772 284 
583 564 3187362 330 
584 565 3189950 588 
586 566 3195130 856 
587 567 3197720 394 
588 568 3200310 954 
589 569 3202898 1096 
590 570 3205488 394 
591 571 3208078 1026 
592 572 3210666 394 
593 573 3213256 354 
594 574 3215842 314 
595 575 3218434 506 
596 576 3221022 360 
597 577 3223610 294 
598 578 3226200 300 
599 579 3228794 280 
600 580 3231380 334 
601 581 3233968 606 
602 582 3236558 914 
603 583 3239148 488 
604 584 3241738 336 
605 585 3244328 374 
606 586 3246916 1130 
607 587 3249506 284 
608 588 3252096 358 
609 589 3254684 928 
610 590 3257278 296 
611 590 3259864 1006 
612 591 3262452 398 
614 592 3267636 1400 
615 593 3270226 390 
616 594 3272814 320 
618 596 3277994 334 
619 597 3280582 298 
620 598 3283172 952 
621 599 3285762 292 
622 600 3288346 532 
623 601 3290938 464 
624 602 3293528 398 
625 603 3296118 390 
626 604 3298704 286 
627 605 3301296 1448 
629 607 3306476 330 
630 607 3309062 996 
631 608 3311652 314 
632 609 3314244 414 
633 610 3316836 396 
634 611 3319424 394 
636 613 3324600 288 
637 614 3327188 374 
638 615 3329778 1278 
639 616 3332368 508 
639 616 3332368 508 
640 617 3334960 1390 
641 618 3337550 280 
642 619 3340138 298 
643 620 3342726 290 
644 621 3345314 550 
645 622 3347904 474 
646 623 3350488 358 
647 624 3353076 310 
648 625 3355666 286 
649 626 3358254 414 
650 627 3360842 294 
651 628 3363430 292 
652 629 3366020 898 
652 629 3366020 898 
653 630 3368610 1150 
654 631 3371198 286 
655 632 3373786 284 
656 633 3376376 416 
657 634 3378966 296 
658 635 3381554 832 
659 636 3384144 316 
660 637 3386734 338 
661 638 3389322 632 
662 639 3391912 334 
663 640 3394502 312 
664 641 3397090 646 
665 642 3399680 392 
666 643 3402268 356 
30583 30583 2004570126 -1976652766 
667 644 3404858 350 
668 645 3407450 1440 
670 646 3412630 960 
671 647 3415218 280 
672 648 3417808 1066 
673 649 3420396 354 
674 650 3422986 394 
676 652 3428164 284 
677 653 3430752 290 
678 654 3433342 316 
679 655 3435930 354 
680 656 3438520 770 
681 657 3441110 312 
682 658 3443698 330 
683 659 3446286 294 
684 660 3448876 1502 
685 661 3451464 374 
686 662 3454054 416 
687 663 3456642 412 
688 664 3459232 938 
689 665 3461822 472 
690 666 3464406 390 
691 667 3466994 314 
692 668 3469584 318 
693 669 3472172 1576 
695 671 3477356 414 
696 672 3479940 414 
697 673 3482532 820 
698 674 3485122 420 
699 675 3487712 436 
700 676 3490300 512 
701 677 3492890 634 
702 678 3495478 298 
703 679 3498068 1042 
704 680 3500658 432 
705 681 3503246 334 
706 681 3505836 938 
707 682 3508424 282 
708 683 3511014 396 
710 685 3516192 1308 
711 686 3518782 376 
712 687 3521372 530 
713 688 3523956 1482 
714 689 3526548 296 
714 689 3526548 296 
715 690 3529138 998 
716 691 3534312 2300 
717 692 3536900 396 
718 693 3539492 300 
719 693 3542078 994 
720 694 3544670 1056 
721 695 3547260 424 
722 696 3549848 1016 
723 697 3552438 376 
724 698 3555024 470 
725 698 3557616 1870 
726 699 3560206 1460 
727 700 3562796 564 
728 701 3565386 340 
729 702 3567976 280 
730 703 3570566 470 
731 704 3573154 648 
732 705 3575744 420 
733 706 3578332 1284 
734 707 3580922 418 
735 708 3583510 414 
736 709 3586100 862 
737 710 3588688 374 
738 711 3591274 354 
739 712 3593862 536 
740 713 3596448 1422 
741 714 3599038 412 
742 715 3601628 412 
744 716 3606812 1248 
745 717 3609400 624 
746 718 3611990 416 
747 719 3614578 278 
747 719 3614578 278 
748 719 3617168 950 
749 720 3619756 1200 
750 721 3622346 380 
751 722 3624934 1020 
752 723 3627524 334 
753 724 3630114 506 
754 725 3632700 338 
755 726 3635290 372 
757 728 3640470 668 
758 729 3643058 354 
759 730 3645648 282 
760 731 3648236 298 
761 732 3650826 472 
762 733 3653414 378 
763 734 3656004 312 
764 735 3658592 380 
765 736 3661182 844 
766 737 3663770 284 
767 738 3666360 894 
768 739 3668946 1080 
769 740 3671536 1264 
770 741 3674124 318 
771 742 3676714 284 
772 743 3679304 378 
773 744 3681892 482 
774 745 3684482 572 
775 746 3687070 350 
775 746 3687070 350 
776 746 3689660 1608 
777 747 3692246 506 
778 748 3694838 506 
779 749 3697428 414 
90 750 3700018 378 
780 750 3700018 378 
781 751 3702606 1320 
782 752 3705194 398 
783 753 3707784 690 
784 754 3710372 418 
785 755 3712960 282 
786 756 3715552 294 
787 757 3718142 358 
789 759 3723320 916 
790 760 3725910 340 
791 761 3728498 412 
792 761 3731088 1218 
793 762 3733676 1122 
794 763 3736262 1260 
795 764 3738854 1746 
796 765 3741444 318 
797 766 3744032 1140 
798 767 3746622 358 
800 768 3751800 948 
801 769 3754390 294 
802 770 3756978 314 
803 771 3759564 1292 
805 773 3764742 982 
806 774 3767332 1094 
807 775 3769920 838 
808 776 3772508 1086 
810 778 3777686 668 
811 779 3780276 414 
812 780 3782864 338 
813 781 3785452 414 
814 782 3788042 320 
816 783 3793220 1352 
817 784 3795808 1950 
818 784 3798398 914 
819 785 3800984 394 
820 786 3803574 526 
821 787 3806164 414 
822 788 3808754 374 
823 789 3811346 394 
824 790 3813936 1364 
825 791 3816524 394 
826 792 3819114 374 
827 793 3821702 418 
828 794 3824290 418 
829 795 3826880 392 
830 796 3829468 918 
831 797 3832058 336 
832 798 3834646 1004 
832 798 3834646 1004 
833 799 3837236 1382 
834 800 3839826 358 
835 801 3842414 414 
836 802 3845004 456 
837 803 3847592 474 
838 804 3850182 1150 
839 805 3852770 314 
840 806 3855360 356 
841 807 3857948 314 
842 808 3860538 420 
843 809 3863126 484 
844 810 3865716 380 
845 811 3868304 278 
846 812 3873482 3184 
847 813 3876070 284 
849 815 3881246 312 
850 816 3883834 428 
851 817 3886422 390 
852 818 3889012 466 
853 819 3891602 390 
854 820 3894190 1634 
855 821 3896780 686 
856 822 3899368 286 
857 823 3901958 310 
858 824 3904546 552 
859 825 3907136 942 
860 826 3909726 488 
861 827 3912312 646 
862 828 3914902 418 
863 829 3917492 476 
864 830 3920082 288 
866 832 3925264 1024 
867 833 3927854 332 
868 834 3930442 612 
869 835 3933032 352 
870 836 3935620 1282 
871 837 3938206 1062 
872 838 3940796 1106 
873 839 3943388 310 
874 840 3945978 288 
875 841 3948568 376 
876 842 3951156 334 
877 843 3953746 412 
878 844 3956332 318 
879 845 3958924 370 
880 846 3961514 550 
881 847 3964104 392 
882 848 3966694 1158 
883 849 3969282 330 
884 850 3971872 512 
885 851 3974460 294 
886 852 3977050 1732 
888 854 3982228 314 
889 855 3984818 486 
890 856 3987408 334 
891 857 3989996 412 
892 857 3992586 1556 
893 858 3995176 1164 
894 859 3997762 314 
895 860 4000354 356 
896 861 4002944 298 
897 862 4005534 1682 
898 863 4008124 592 
899 864 4010712 290 
900 865 4015892 2306 
901 866 4018482 506 
902 867 4021070 730 
903 868 4023660 606 
904 869 4026248 626 
905 870 4028838 394 
906 871 4031428 672 
907 872 4034016 284 
908 873 4036602 338 
909 874 4039194 1342 
910 875 4044370 4656 
911 875 4046964 1232 
912 876 4049554 300 
913 877 4052142 392 
914 878 4054732 1034 
916 880 4059910 512 
918 882 4065090 456 
919 882 4067678 882 
920 883 4070268 378 
921 884 4072858 1692 
922 885 4075446 398 
923 886 4078036 314 
924 887 4080626 1224 
925 888 4083216 564 
926 889 4085804 314 
928 891 4090984 358 
929 892 4093574 838 
930 892 4096162 1468 
931 893 4098752 350 
932 894 4101342 728 
933 895 4103930 412 
934 896 4106518 314 
936 898 4111692 354 
938 899 4116876 -2124 
938 899 4116876 -2124 
939 900 4119464 926 
940 901 4122054 394 
941 902 4124644 316 
942 902 4127232 1256 
943 903 4129822 414 
944 904 4132412 288 
945 905 4135000 1730 
946 906 4137590 750 
946 906 4137590 750 
947 907 4140180 1076 
948 908 4142768 314 
949 909 4145358 818 
950 910 4147946 286 
951 911 4150536 372 
952 912 4153124 414 
953 913 4155710 410 
954 914 4158296 338 
955 915 4160888 356 
956 916 4163478 1242 
957 917 4166066 282 
958 918 4168656 466 
959 919 4171244 294 
960 920 4173830 1030 
961 921 4176418 910 
962 922 4179010 400 
964 923 4186780 894 
965 924 4189368 410 
966 925 4191958 366 
967 926 4194546 286 
968 927 4197132 398 
969 928 4199722 606 
970 929 4202312 318 
971 930 4204902 526 
972 931 4207490 1262 
973 932 4210080 1206 
974 933 4212668 666 
975 934 4215254 468 
976 935 4217844 692 
977 936 4220432 652 
978 937 4223022 844 
979 938 4225612 768 
980 939 4228200 748 
981 940 4230790 310 
982 941 4233378 374 
984 942 4238562 944 
985 943 4241150 414 
986 944 4243740 354 
987 945 4246330 332 
988 946 4248918 358 
989 947 4251508 280 
990 948 4254098 460 
991 949 4256688 334 
992 950 4259276 394 
993 950 4261866 906 
994 951 4264454 528 
995 952 4267042 412 
996 953 4269632 668 
997 954 4272220 1082 
998 955 4274810 356 
999 956 4277396 294 
1000 957 4279988 640 
1001 958 4282578 316 
1002 959 4285168 360 
1003 960 4287756 372 
1003 960 4287756 372 
1004 961 4290346 1148 
1006 963 4298112 530 
1007 964 4300696 338 
1008 965 4303284 998 
1009 966 4305876 526 
1010 967 4308466 510 
1011 968 4311056 418 
1012 969 4313644 764 
1013 970 4316230 354 
1014 971 4318818 286 
1015 972 4321412 458 
1016 973 4324002 338 
1017 974 4326592 334 
1018 975 4329180 286 
1019 976 4331770 336 
1020 977 4334358 500 
1021 978 4336948 448 
1022 979 4339536 1252 
1023 980 4342126 1062 
1024 981 4344714 606 
1025 982 4347304 356 
1026 983 4349894 482 
1027 983 4352482 910 
1028 984 4355072 318 
1029 985 4357660 432 
1030 986 4360250 532 
1031 987 4362840 372 
1032 988 4365430 414 
1033 989 4368016 334 
1034 990 4370604 338 
1035 991 4373198 316 
1037 993 4378378 282 
1038 994 4380968 354 
1040 996 4386146 318 
1041 997 4388734 354 
1042 998 4391324 420 
1043 999 4393914 374 
1044 1000 4396502 374 
1045 1001 4399092 1018 
1046 1002 4404270 3010 
1047 1003 4406860 370 
1048 1004 4409450 298 
1049 1005 4412038 418 
1050 1006 4414628 400 
1051 1007 4417218 412 
1052 1008 4419804 318 
1053 1009 4422396 526 
1054 1010 4424986 420 
1055 1011 4427576 632 
1056 1012 4430166 354 
1057 1013 4432754 278 
1058 1014 4435344 340 
1059 1015 4437932 294 
1060 1016 4440522 416 
1061 1017 4443110 352 
1062 1018 4445698 294 
1063 1019 4448288 916 
1064 1020 4450876 414 
1065 1021 4453466 336 
1066 1022 4456054 378 
1067 1023 4458644 374 
1068 1024 4461232 378 
1069 1025 4463822 394 
1070 1026 4466410 526 
1071 1027 4469000 296 
1072 1028 4471588 414 
1073 1029 4474178 282 
1074 1030 4476766 358 
1075 1031 4479356 282 
1076 1032 4481942 338 
1077 1033 4484534 508 
1078 1034 4487124 964 
1079 1035 4489714 640 
1080 1036 4492302 338 
1081 1037 4494892 1672 
1082 1038 4497482 612 
1083 1039 4500072 292 
1084 1040 4502660 398 
1085 1041 4505250 294 
1086 1042 4507840 590 
1086 1042 4507840 590 
1087 1043 4510426 1306 
1088 1044 4513014 314 
1089 1045 4515600 742 
1091 1047 4520778 394 
1092 1047 4523372 986 
1093 1048 4525960 510 
1094 1049 4528552 318 
1095 1050 4531138 332 
1096 1051 4533726 338 
1097 1052 4536318 354 
1098 1053 4541494 2412 
1099 1054 4544086 296 
1100 1055 4546678 974 
1101 1056 4549266 608 
1102 1057 4551856 1004 
1103 1058 4557034 3020 
1104 1059 4559624 420 
1105 1060 4562212 956 
1106 1061 4564802 284 
1107 1062 4567392 298 
1108 1063 4569980 840 
1111 1066 4577746 484 
1111 1066 4577746 484 
1112 1067 4580334 880 
1113 1068 4582924 602 
1114 1069 4585514 358 
1115 1070 4588104 282 
1116 1071 4590692 418 
1117 1071 4593282 948 
1118 1072 4595872 376 
1119 1073 4598462 312 
1120 1074 4601056 288 
1122 1076 4606236 374 
1123 1077 4608824 448 
1124 1078 4611414 382 
1125 1079 4614004 684 
1126 1080 4616592 1056 
1127 1081 4619182 338 
1128 1082 4621772 456 
1129 1083 4624360 538 
1130 1084 4626950 374 
1130 1084 4626950 374 
1131 1085 4629538 1616 
1132 1086 4632128 1662 
13107 13107 859434606 1404258774 
1134 1088 4637306 284 
1135 1089 4639894 418 
1136 1090 4642484 468 
1137 1091 4645072 646 
1138 1092 4647662 282 
1139 1093 4650252 334 
1140 1094 4652842 354 
1141 1095 4655430 526 
1143 1097 4660608 648 
1144 1098 4663198 472 
1145 1099 4665788 434 
21845 21845 1429554238 -2001407527 
1147 1100 4670966 852 
1148 1101 4673556 298 
1149 1102 4676144 930 
1150 1103 4678734 400 
1151 1104 4681324 416 
1152 1105 4683914 436 
1153 1106 4686504 396 
1154 1107 4689092 612 
1155 1108 4691682 478 
1156 1109 4694272 438 
1157 1110 4696862 522 
1158 1111 4699450 1490 
1159 1112 4702040 568 
0 0 16968 -327761 
1161 1113 4707218 974 
1162 1114 4709808 1084 
1163 1115 4712396 370 
1164 1116 4714986 1036 
1166 1117 4720164 1178 
1167 1118 4722752 740 
1168 1119 4725342 972 
1169 1120 4727930 370 
1170 1121 4730520 288 
1171 1122 4733110 344 
1172 1123 4735698 314 
1173 1124 4738288 1242 
1174 1125 4740878 554 
1175 1126 4743468 284 
1176 1127 4746056 338 
1177 1128 4748646 1248 
1178 1129 4751234 286 
1178 1129 4751234 286 
1179 1130 4753820 1060 
1179 1130 4753820 1060 
1180 1131 4756408 1144 
1181 1132 4758998 392 
1182 1133 4761586 1010 
1183 1134 4764176 1138 
1184 1135 4766766 430 
1185 1136 4769358 334 
1186 1137 4771948 428 
1187 1138 4774536 410 
1188 1139 4777126 338 
1189 1140 4779714 354 
1190 1141 4782304 356 
1191 1142 4784892 332 
1192 1143 4787482 310 
1193 1144 4790072 412 
1194 1145 4795250 3034 
1195 1146 4797840 354 
1196 1147 4800428 426 
1197 1148 4803018 414 
1198 1149 4805608 378 
1199 1150 4808196 638 
1200 1151 4810786 1698 
1202 1152 4815964 1380 
1202 1152 4815964 1380 
1203 1153 4818554 906 
1204 1154 4823732 3284 
1205 1155 4826320 414 
1206 1156 4828910 492 
1207 1157 4831498 414 
1208 1158 4834088 318 
1209 1159 4836676 390 
1210 1160 4839266 394 
1211 1161 4841856 778 
1213 1163 4847034 280 
1214 1164 4849624 398 
1215 1165 4852212 320 
1216 1166 4854802 394 
1217 1167 4857390 1796 
1218 1168 4859978 1102 
1219 1169 4862568 484 
1220 1170 4865156 668 
1221 1171 4867746 1036 
1222 1172 4870334 1210 
1223 1173 4872924 446 
1224 1174 4875514 286 
1225 1175 4878102 334 
1226 1176 4880692 316 
1227 1177 4883280 312 
1228 1178 4885870 398 
1229 1179 4888458 280 
1230 1180 4891046 526 
1232 1182 4896224 1002 
1233 1183 4898814 296 
1234 1184 4901404 394 
1236 1186 4906582 394 
1237 1187 4909172 666 
1239 1189 4914350 376 
1240 1190 4916940 356 
1241 1191 4919530 508 
1242 1192 4922118 354 
1243 1193 4927298 2946 
1244 1194 4929886 414 
1245 1195 4932476 530 
1246 1196 4935066 418 
1247 1197 4937654 370 
1248 1198 4940244 812 
1249 1199 4942834 836 
1250 1200 4945422 1378 
1251 1201 4950450 2132 
1252 1202 4953192 378 
1253 1203 4955780 370 
1254 1204 4958370 766 
1255 1205 4960960 1086 
1256 1205 4963548 1184 
1257 1206 4966138 284 
1258 1207 4968726 1134 
1259 1208 4971316 296 
1260 1209 4973900 1064 
1261 1210 4976492 296 
1262 1211 4979078 550 
1263 1212 4981666 842 
1264 1213 4984256 420 
1265 1214 4986844 394 
1266 1215 4989436 492 
1267 1216 4992020 416 
1268 1217 4994610 380 
1269 1218 4997204 1072 
1270 1219 4999794 316 
1271 1220 5002382 516 
1272 1221 5004972 372 
1273 1222 5007560 350 
1274 1223 5010150 1236 
1275 1224 5012740 416 
1276 1225 5015328 338 
1277 1226 5017916 354 
1278 1227 5020506 1118 
1279 1228 5023094 928 
1280 1229 5025682 334 
1281 1230 5028270 316 
1282 1231 5030860 282 
1283 1232 5033448 396 
1285 1234 5038626 376 
1286 1235 5041214 1110 
1287 1236 5043802 314 
1288 1237 5046392 1226 
1288 1237 5046392 1226 
1289 1237 5048980 1012 
1290 1238 5051568 670 
1291 1239 5054158 372 
1292 1240 5056746 370 
1293 1241 5059332 526 
1294 1242 5061922 862 
1296 1244 5067102 528 
1297 1244 5069692 1334 
1298 1245 5072282 316 
1299 1246 5074870 586 
1300 1247 5077460 416 
1302 1249 5082638 414 
1303 1250 5085226 310 
1304 1251 5087816 416 
1305 1252 5090406 464 
1306 1253 5092996 288 
1307 1254 5095584 418 
1308 1255 5098170 398 
1309 1256 5100758 396 
1310 1257 5103352 864 
1311 1258 5105942 284 
1312 1259 5108530 800 
1313 1260 5111120 410 
1314 1261 5116298 3330 
1315 1262 5118888 706 
1316 1263 5121476 318 
1317 1264 5124066 354 
1318 1265 5126656 412 
1319 1266 5129244 314 
1320 1267 5131834 1068 
1321 1268 5134424 522 
1322 1269 5137012 628 
1323 1270 5139602 352 
1324 1271 5142190 396 
1325 1272 5144778 350 
1326 1273 5147368 418 
1327 1274 5149956 1054 
1328 1275 5152546 528 
1329 1276 5155136 414 
1331 1278 5160314 506 
1332 1279 5162904 490 
1333 1280 5165492 330 
1334 1281 5168082 298 
1335 1282 5170668 604 
1336 1283 5173260 398 
1337 1284 5178440 2372 
1338 1285 5181030 314 
1339 1286 5183618 314 
1340 1287 5186208 294 
1341 1288 5188798 376 
1342 1289 5191386 374 
1343 1289 5193976 1776 
1344 1290 5196566 284 
56644 54493 -579212352 -301989921 
1346 1292 5201744 934 
1346 1292 5201744 934 
1347 1293 5204334 870 
1348 1294 5206920 900 
1349 1295 5209508 394 
1350 1296 5212100 338 
1351 1297 5214690 280 
1352 1298 5217278 286 
1353 1299 5219868 968 
1354 1300 5222458 286 
1355 1301 5225046 576 
1356 1302 5227636 728 
1357 1303 5230224 410 
1358 1304 5232814 418 
1359 1305 5235404 614 
1360 1306 5237990 376 
1361 1307 5240582 374 
1362 1308 5243172 378 
1363 1309 5248350 2708 
1364 1310 5250936 632 
1365 1311 5253526 496 
1366 1312 5256116 418 
1367 1313 5258704 418 
1368 1314 5261294 508 
1369 1315 5263884 334 
1370 1316 5266476 406 
1370 1316 5266476 406 
1371 1317 5269066 1344 
1372 1318 5271656 430 
1373 1319 5274246 904 
1373 1319 5274246 904 
1374 1320 5279424 2454 
1375 1321 5282014 464 
1376 1322 5284602 566 
1377 1323 5287192 1380 
1378 1324 5289782 318 
1379 1325 5292370 394 
1380 1326 5294958 446 
30071 30583 2002640361 480894972 
1382 1328 5300136 1032 
1383 1329 5302726 412 
1384 1330 5305314 962 
1385 1331 5307902 978 
1386 1332 5310492 282 
1387 1333 5313082 292 
1388 1334 5315672 414 
1390 1335 5320850 1082 
1391 1336 5323440 374 
1393 1337 5331206 -1866 
1393 1337 5331206 -1866 
21845 21845 1431646696 -1616793602 
1394 1338 5333796 1934 
1395 1339 5336386 1026 
1396 1340 5338976 284 
1397 1341 5341564 280 
1398 1342 5344154 392 
1399 1343 5346744 550 
1400 1344 5349334 1054 
1401 1345 5351924 486 
1402 1346 5354514 354 
1403 1347 5357104 526 
1404 1348 5362282 4376 
1405 1349 5364872 282 
1407 1351 5370052 414 
1408 1352 5372642 314 
1409 1353 5375230 330 
1410 1354 5377820 1318 
1410 1354 5377820 1318 
1411 1355 5380410 1220 
1412 1356 5383000 1148 
1413 1357 5388128 2222 
1414 1358 5390770 986 
1415 1359 5393360 394 
1416 1360 5395948 740 
1417 1361 5398538 414 
1418 1362 5401126 982 
1420 1364 5406306 570 
1421 1365 5408894 780 
1422 1366 5411484 330 
1423 1367 5414074 342 
1424 1368 5416664 378 
1425 1369 5419252 334 
1426 1370 5421842 944 
1428 1372 5427022 526 
1429 1373 5429610 900 
1430 1374 5432200 284 
1431 1375 5434790 412 
1433 1377 5439968 352 
1434 1378 5442556 286 
1435 1379 5445144 290 
1436 1380 5447734 330 
1437 1381 5450322 332 
1438 1382 5452912 1070 
1439 1383 5455502 290 
1439 1383 5455502 290 
1440 1384 5458092 1002 
1441 1385 5460682 394 
1442 1386 5463270 414 
1443 1387 5465860 398 
1444 1388 5468450 418 
1445 1389 5471040 466 
1447 1391 5476218 1042 
1448 1392 5478808 338 
1449 1393 5481398 312 
1450 1394 5483986 1346 
1451 1395 5486576 282 
1452 1396 5489166 346 
1453 1397 5491756 1262 
1454 1398 5494346 358 
1455 1399 5496934 314 
1456 1400 5499524 602 
1457 1401 5502114 1686 
1458 1402 5504704 314 
1459 1403 5507292 748 
1460 1404 5509882 728 
1461 1405 5512472 564 
1462 1406 5515060 432 
1462 1406 5515060 432 
1463 1406 5517650 978 
1464 1407 5520240 952 
1465 1408 5522828 314 
1466 1409 5525418 398 
1467 1410 5528006 330 
1468 1411 5530596 400 
21845 21845 5533186 1534 
1470 1413 5535774 830 
1471 1414 5538364 294 
1472 1415 5540952 358 
1474 1416 5548648 -2190 
1475 1417 5551310 688 
1476 1418 5553898 298 
1477 1419 5556488 972 
1478 1420 5559076 620 
1479 1421 5561666 528 
1480 1422 5564254 298 
1481 1423 5569432 4262 
1482 1424 5572022 472 
1483 1425 5574610 290 
1484 1426 5577200 900 
1485 1427 5579788 314 
1486 1428 5582378 292 
1488 1429 5590144 284 
1489 1430 5592734 334 
1490 1431 5595322 336 
1491 1432 5597912 334 
1492 1433 5600500 376 
1493 1434 5603090 414 
1495 1436 5608270 370 
1495 1436 5608270 370 
1496 1437 5610858 998 
1497 1438 5613448 986 
1498 1439 5616038 1102 
1499 1440 5618626 334 
1500 1441 5621216 392 
1501 1442 5623806 374 
1502 1443 5626394 354 
1503 1444 5628984 486 
1504 1445 5631574 746 
1505 1446 5634162 334 
1506 1447 5636752 856 
1507 1448 5639342 646 
1508 1449 5641932 498 
1509 1450 5647110 4196 
1510 1451 5649700 688 
1511 1452 5652288 1260 
1512 1453 5654878 488 
1513 1454 5657468 966 
1514 1455 5660058 488 
1515 1456 5662648 394 
1516 1457 5665236 496 
1517 1458 5667826 356 
1518 1459 5670412 296 
1519 1460 5673004 1712 
1520 1461 5675594 1044 
1521 1462 5678184 316 
1522 1463 5680774 448 
1523 1464 5683364 648 
1524 1465 5685952 992 
1525 1466 5688542 396 
1526 1467 5691132 602 
1527 1468 5693720 952 
1529 1469 5698900 1396 
1530 1470 5701488 1184 
1531 1471 5704078 668 
1532 1472 5706668 374 
1533 1473 5709258 992 
1534 1474 5711846 572 
1536 1476 5717026 398 
1537 1477 5719616 402 
1538 1478 5722206 314 
1539 1479 5724796 310 
1540 1480 5727384 286 
1541 1481 5729970 374 
1542 1482 5732560 1054 
1543 1483 5735152 488 
1544 1484 5737742 712 
1545 1485 5740332 1216 
1546 1486 5742920 644 
1547 1487 5745510 686 
1548 1488 5748098 1438 
1549 1489 5750688 580 
1550 1490 5753276 482 
1551 1491 5755866 416 
1552 1492 5758454 318 
1553 1493 5761044 910 
1554 1494 5763632 398 
1555 1495 5766222 990 
1556 1496 5768810 314 
1557 1497 5771400 546 
1558 1498 5773988 418 
1559 1499 5776578 390 
1560 1500 5779164 1016 
1561 1501 5781754 926 
1562 1502 5784344 630 
1563 1503 5786934 710 
1564 1504 5789522 354 
1565 1505 5792110 278 
1566 1506 5794700 360 
1567 1507 5797290 312 
1568 1508 5799878 414 
1569 1509 5802468 452 
1570 1510 5805056 330 
1571 1511 5807644 312 
1572 1512 5810234 356 
1573 1513 5812822 454 
1574 1514 5815412 394 
1575 1515 5818002 312 
1576 1516 5820592 418 
1577 1517 5823180 294 
1578 1518 5825770 398 
1579 1519 5828358 278 
1580 1520 5830948 1302 
1581 1521 5833538 350 
1582 1522 5836126 334 
1583 1523 5838716 1376 
1584 1524 5841302 334 
1586 1526 5846484 416 
1587 1527 5849072 528 
1588 1528 5851658 1262 
1589 1529 5854250 334 
1589 1529 5854250 334 
1590 1529 5859322 2170 
1591 1530 5862018 844 
1592 1531 5864608 428 
1593 1532 5867198 374 
1594 1533 5869786 500 
1595 1534 5872376 1056 
1596 1535 5874964 338 
1597 1536 5877554 526 
1598 1537 5880142 660 
1599 1538 5882732 1146 
1600 1539 5885322 1020 
1601 1540 5890498 3138 
1602 1541 5893090 360 
1603 1542 5895680 1532 
1604 1543 5898268 518 
1605 1544 5900858 310 
21845 21845 1437746173 -34275329 
1606 1545 5903448 432 
1607 1546 5906036 1590 
1609 1547 5913804 -2210 
1610 1548 5916392 314 
1611 1549 5918982 604 
1612 1550 5921570 398 
1613 1551 5924160 290 
1614 1552 5926748 418 
1615 1553 5929338 1018 
1616 1554 5931926 628 
1617 1555 5934512 414 
1618 1556 5937100 288 
1619 1557 5939694 316 
1620 1558 5942284 286 
1621 1559 5944872 312 
1622 1559 5947462 1064 
1623 1560 5950052 1024 
1624 1561 5952638 508 
1625 1562 5955228 1242 
1626 1563 5957820 396 
1627 1564 5960410 294 
1628 1565 5962998 418 
1629 1566 5965588 1912 
1630 1567 5968176 2054 
1631 1568 5970766 416 
1631 1568 5970766 416 
1632 1569 5973354 1348 
1633 1570 5975944 316 
1634 1571 5978534 358 
1635 1572 5981124 410 
1636 1573 5983712 428 
1637 1574 5986302 468 
1638 1575 5988892 358 
1639 1576 5991480 310 
1640 1577 5994064 336 
1641 1578 5996650 412 
1642 1579 5999244 610 
1643 1580 6001834 1198 
1644 1581 6004422 452 
1645 1582 6007016 448 
1646 1583 6009606 492 
1647 1584 6012194 696 
1648 1585 6014784 316 
1649 1586 6017374 788 
1649 1586 6017374 788 
1650 1587 6019962 1394 
1651 1588 6022552 356 
1652 1589 6025142 398 
1653 1590 6027730 354 
1653 1590 6027730 354 
1654 1591 6030320 1046 
1655 1592 6032908 394 
1656 1593 6035498 1354 
1657 1594 6038088 284 
1658 1595 6040676 1492 
1658 1595 6040676 1492 
1659 1596 6043266 1238 
1660 1597 6045856 346 
1661 1598 6048446 334 
1662 1599 6051036 700 
1663 1600 6053624 280 
1664 1601 6056214 1000 
1665 1602 6058804 356 
1666 1603 6061390 296 
1667 1604 6063978 602 
1668 1605 6066568 900 
1669 1606 6069156 658 
1670 1607 6071750 730 
1671 1608 6074340 880 
1672 1609 6076930 1024 
1673 1610 6079520 646 
1674 1611 6082110 354 
1675 1612 6084698 426 
1676 1613 6087288 1406 
1677 1614 6089878 394 
1678 1615 6092464 314 
1679 1616 6095052 280 
1680 1617 6097644 1760 
1681 1618 6100236 396 
1682 1619 6102826 416 
1684 1620 6110590 2606 
1685 1621 6113182 334 
1686 1622 6115774 422 
1687 1623 6118362 396 
1688 1624 6120952 376 
1690 1626 6126128 298 
1691 1627 6128720 526 
1692 1628 6131312 396 
1693 1629 6133902 410 
1694 1630 6136492 1106 
1695 1631 6139082 334 
1697 1633 6144260 414 
1698 1634 6146850 316 
1699 1635 6149440 372 
1701 1636 6157210 -2122 
1702 1637 6159798 510 
1703 1638 6162388 314 
1704 1639 6164978 288 
1705 1640 6167568 946 
1706 1641 6170156 822 
1707 1642 6172742 424 
1708 1643 6175330 430 
1709 1644 6177920 446 
1710 1645 6180508 296 
1711 1646 6183102 664 
1712 1647 6185692 510 
1713 1648 6188280 584 
1714 1649 6190870 478 
1715 1650 6193460 314 
1716 1651 6196048 378 
1717 1652 6198638 334 
1718 1653 6201222 512 
1719 1654 6203812 374 
1720 1655 6206400 354 
1721 1656 6208992 392 
1722 1657 6211584 1224 
1723 1658 6214172 702 
1723 1658 6214172 702 
1724 1659 6216758 994 
1725 1660 6219346 1162 
1726 1661 6221940 1128 
1727 1662 6224530 350 
1728 1663 6227118 358 
1729 1664 6229704 1874 
1730 1665 6232292 588 
1731 1666 6234886 314 
1732 1667 6237476 314 
1734 1668 6242656 1188 
1735 1669 6245246 828 
1736 1670 6247836 286 
1737 1671 6250424 410 
1738 1672 6253014 394 
1739 1673 6255604 316 
1740 1674 6258194 688 
1741 1675 6260784 294 
1742 1676 6263374 670 
1743 1677 6265962 1182 
64034 1678 6268552 418 
1744 1678 6268552 418 
1745 1679 6273568 2132 
1746 1680 6276322 352 
1747 1681 6278912 370 
1748 1682 6281500 1294 
1749 1683 6284090 292 
1750 1684 6286680 956 
1751 1685 6289268 488 
1752 1686 6291858 314 
1753 1687 6294448 1122 
1754 1688 6297038 572 
1755 1689 6302088 2154 
1756 1690 6304802 298 
1757 1691 6307394 294 
1758 1692 6309982 318 
1759 1693 6312574 350 
1760 1694 6315164 318 
1761 1695 6317754 392 
1762 1696 6320342 652 
1763 1697 6322932 730 
1765 1698 6330700 -2192 
1767 1700 6335878 548 
1768 1701 6338464 418 
1769 1702 6341054 334 
1770 1703 6343642 284 
1771 1704 6346236 336 
1772 1705 6348824 562 
1773 1706 6351414 318 
1774 1707 6354006 298 
1775 1708 6356594 416 
1776 1709 6359184 338 
1777 1710 6361772 508 
1778 1711 6364362 996 
1779 1712 6366950 414 
1780 1713 6369540 360 
1780 1713 6369540 360 
1781 1714 6372128 1082 
32990 35708 -418001623 -415328784 
1782 1715 6374718 388 
1783 1716 6379896 2396 
1784 1717 6382486 398 
1785 1718 6385074 594 
1786 1719 6387664 712 
1787 1720 6390254 586 
1788 1721 6392842 934 
1789 1722 6395432 418 
1791 1723 6400612 1022 
1792 1724 6403200 354 
1793 1725 6405790 416 
1794 1726 6408378 616 
1795 1727 6410968 968 
1796 1728 6413558 394 
1797 1729 6416144 292 
1798 1729 6421272 2222 
1799 1730 6423912 314 
1801 1732 6429092 410 
1802 1733 6431682 358 
1803 1734 6434272 392 
1804 1735 6436862 346 
1805 1736 6439448 686 
1806 1737 6442038 284 
1807 1738 6444626 316 
1808 1739 6447214 672 
1809 1740 6452394 2962 
1810 1741 6454986 540 
1811 1742 6457578 376 
1812 1743 6460166 416 
1813 1744 6462756 410 
1814 1745 6465346 748 
1815 1746 6467936 356 
1816 1747 6470526 288 
1817 1748 6473116 736 
1818 1749 6475704 354 
1819 1750 6478294 376 
1820 1751 6480882 376 
1821 1752 6483472 310 
1822 1753 6486062 720 
1824 1755 6491240 418 
1825 1756 6493830 374 
1826 1757 6496420 556 
1827 1758 6499008 390 
1828 1759 6501596 394 
1829 1760 6504184 294 
1830 1761 6506774 284 
1831 1762 6509362 1194 
1832 1763 6511952 1100 
1834 1764 6517134 1118 
1835 1765 6519726 312 
1836 1766 6522316 432 
1837 1767 6524906 314 
1838 1767 6527494 1258 
1839 1768 6530082 1030 
1840 1769 6532670 410 
1841 1770 6535260 1300 
1842 1771 6537850 784 
1843 1772 6540442 334 
1844 1773 6543030 508 
1845 1774 6545618 968 
1846 1775 6548210 416 
1847 1776 6550798 352 
1848 1776 6553388 1338 
1849 1777 6555978 330 
1851 1779 6561160 334 
1852 1780 6563752 298 
1853 1781 6566342 314 
1854 1782 6568930 374 
1855 1783 6571520 528 
1856 1784 6574106 284 
1857 1785 6576696 426 
1858 1786 6579284 298 
1859 1787 6581874 598 
1860 1788 6584464 488 
1861 1789 6587054 1042 
1862 1790 6589642 398 
1863 1790 6592236 1234 
1864 1791 6594822 396 
1866 1792 6600004 1204 
1867 1793 6602594 370 
1868 1794 6605182 378 
1869 1795 6607772 904 
1870 1796 6610362 330 
1871 1797 6612948 350 
1872 1798 6615536 1086 
1873 1799 6618126 486 
1876 1801 6628482 -2178 
1877 1801 6631076 958 
1878 1802 6633662 982 
1879 1803 6636248 414 
1880 1804 6638834 338 
1881 1805 6641424 758 
1882 1806 6644016 294 
1883 1807 6646606 414 
1884 1808 6649196 316 
1885 1809 6651786 436 
1886 1810 6654374 804 
1887 1811 6656962 356 
1889 1813 6662142 1612 
1890 1814 6664728 518 
1891 1815 6667322 470 
1892 1816 6669910 462 
1893 1817 6672502 524 
1894 1818 6675092 298 
1895 1819 6677682 390 
1896 1820 6680270 294 
1897 1821 6682858 528 
1898 1822 6685448 394 
1898 1822 6685448 394 
1900 1824 6693214 486 
1901 1825 6695804 474 
1902 1826 6698392 354 
1903 1827 6700982 394 
1904 1828 6703570 286 
1905 1829 6706158 294 
1906 1830 6708748 334 
1907 1831 6711336 342 
1908 1832 6713926 282 
1909 1833 6716512 394 
1910 1834 6719100 918 
1911 1835 6721690 330 
1912 1836 6724278 398 
1913 1837 6726868 352 
1914 1838 6729456 282 
1915 1839 6732046 294 
1917 1841 6737224 374 
1918 1842 6739812 460 
1919 1843 6742402 378 
1920 1844 6744990 354 
1921 1845 6747580 350 
1922 1846 6750166 458 
1923 1846 6752754 1960 
1924 1847 6755344 318 
1925 1848 6757932 746 
1926 1849 6760520 1340 
1927 1850 6763110 958 
1928 1851 6765698 886 
1929 1852 6768288 330 
1930 1853 6770876 1004 
1931 1854 6773466 370 
1932 1855 6776058 418 
1933 1856 6778652 414 
1934 1857 6781242 902 
1935 1858 6783832 506 
1936 1859 6786420 1126 
1937 1860 6789010 334 
1938 1861 6791600 730 
1939 1862 6794188 394 
1940 1863 6796778 356 
1941 1864 6799368 464 
1942 1865 6801956 492 
1943 1866 6804546 412 
1945 1868 6809724 414 
1946 1869 6812314 358 
1947 1870 6814900 280 
1948 1871 6817492 448 
1949 1872 6820078 374 
1950 1873 6822666 512 
1951 1874 6825256 700 
1952 1875 6827846 298 
1953 1876 6830434 330 
1954 1877 6833024 298 
1955 1878 6835614 390 
1956 1879 6838202 354 
1957 1880 6840792 374 
1958 1881 6843380 312 
1959 1882 6845974 394 
1960 1883 6848564 338 
1961 1884 6851150 1138 
1962 1885 6853738 288 
1963 1886 6856324 506 
1964 1887 6858912 1314 
1965 1888 6861502 454 
1966 1889 6864090 606 
1967 1890 6866680 350 
1968 1891 6869268 354 
1969 1892 6871858 374 
1970 1893 6874446 394 
1971 1894 6877034 414 
1973 1896 6882216 394 
1974 1897 6884806 336 
1975 1898 6887394 664 
1976 1899 6892460 2176 
1977 1900 6895160 1038 
1978 1901 6897750 944 
1979 1902 6900342 352 
1980 1903 6902932 686 
1981 1903 6905520 902 
1982 1904 6908108 1384 
1983 1905 6910698 282 
1984 1906 6913286 554 
1984 1906 6913286 554 
1985 1907 6915876 1140 
1986 1908 6918464 686 
1987 1909 6921054 1048 
1988 1910 6923640 414 
1989 1911 6926232 390 
1990 1912 6928820 472 
1991 1913 6931410 316 
1992 1914 6933998 572 
1993 1915 6936588 412 
1994 1916 6939176 418 
1995 1917 6941764 414 
1996 1918 6944354 294 
1997 1919 6946942 760 
1998 1920 6949532 422 
2000 1922 6954708 334 
2001 1923 6957296 492 
2002 1924 6959886 374 
2003 1925 6962476 408 
2004 1926 6965064 418 
2005 1927 6970244 4404 
2006 1928 6972832 286 
2008 1930 6978006 720 
2009 1931 6980600 338 
2010 1932 6983190 354 
2011 1933 6985778 860 
2011 1933 6985778 860 
2012 1934 6988368 1148 
2013 1935 6990958 448 
2014 1936 6993546 1206 
2015 1937 6996134 294 
2016 1938 6998724 358 
2017 1939 7019214 352 
2018 1940 7052752 354 
2019 1941 7078372 414 
