61 61 3124612 290 
62 62 3126558 286 
63 63 3128500 1122 
64 64 3130442 460 
65 65 3132382 402 
66 66 3134324 646 
67 67 3136268 350 
68 68 3138216 370 
69 69 3140158 330 
70 70 3142100 356 
71 71 3144042 294 
72 72 3145984 1300 
73 73 3147928 278 
74 74 3149870 418 
75 75 3151814 1332 
76 76 3153756 378 
77 77 3155698 310 
78 78 3157640 298 
80 80 3161522 278 
81 81 3163464 1368 
82 82 3165406 286 
83 83 3167346 706 
84 84 3169288 398 
85 85 3171228 704 
87 87 3175110 290 
88 88 3177052 1274 
89 89 3178994 314 
90 90 3180934 960 
91 91 3182876 282 
92 92 3184818 284 
93 93 3186758 374 
94 94 3188700 354 
95 95 3190640 506 
96 96 3192582 394 
97 97 3194522 356 
98 98 3196464 580 
99 99 3198406 1340 
100 100 3200346 394 
101 101 3202288 402 
102 102 3204226 294 
103 103 3206170 410 
104 104 3208112 416 
105 105 3213818 3460 
106 106 3215878 1482 
107 107 3219760 2276 
108 108 3221702 398 
109 109 3223640 826 
110 110 3225582 414 
111 111 3227526 374 
112 112 3229466 1172 
113 113 3231408 1360 
114 114 3233350 334 
115 115 3235290 410 
116 116 3237232 460 
117 117 3239174 374 
117 117 3239174 374 
118 118 3241116 1066 
119 119 3243058 330 
120 120 3245000 1198 
121 121 3246942 1124 
122 122 3248884 396 
124 124 3252766 278 
125 125 3254708 336 
126 126 3256650 294 
127 127 3258590 294 
128 128 3262474 1846 
129 129 3264416 390 
130 130 3266358 428 
131 131 3268300 294 
132 132 3270240 394 
133 133 3272182 546 
134 134 3274124 1220 
135 135 3276064 406 
136 136 3278006 416 
136 136 3278006 416 
138 138 3285772 2052 
139 139 3287714 410 
141 141 3291596 334 
142 142 3295480 2044 
143 143 3297422 334 
144 144 3299364 400 
145 145 3301304 818 
146 146 3303246 314 
147 147 3305186 290 
148 148 3307128 292 
149 149 3309070 1022 
149 149 3309070 1022 
150 150 3311010 1456 
151 151 3312952 280 
152 152 3314892 336 
153 153 3316834 376 
154 154 3318774 550 
155 155 3320712 858 
156 156 3322658 728 
157 157 3326468 1568 
158 158 3328482 870 
159 159 3330424 336 
160 160 3332366 294 
161 161 3334308 686 
162 162 3336250 286 
163 163 3338190 430 
164 164 3340132 314 
165 165 3342074 294 
166 166 3344014 354 
167 167 3345956 414 
168 168 3347898 338 
169 169 3349840 332 
170 170 3351782 298 
171 171 3353722 508 
172 172 3355664 314 
173 173 3357606 390 
174 174 3359548 354 
175 175 3361488 374 
176 176 3363430 416 
177 177 3365372 332 
178 178 3367314 668 
179 179 3369256 434 
179 179 3369256 434 
180 180 3373050 1550 
181 181 3375080 280 
183 183 3378964 944 
184 184 3380906 354 
185 185 3382846 1110 
186 186 3384784 570 
187 187 3386728 290 
188 188 3388672 572 
189 189 3390614 1028 
190 190 3392554 374 
191 191 3394496 918 
192 192 3396438 394 
193 193 3398380 314 
194 194 3400322 488 
195 195 3402264 398 
196 196 3404204 378 
197 197 3406142 624 
198 198 3408086 318 
199 199 3410030 682 
200 200 3411970 1460 
201 201 3413912 416 
202 202 3415854 592 
203 203 3417796 966 
204 204 3419736 1324 
205 205 3421678 292 
206 206 3423620 314 
207 207 3425560 352 
208 208 3427502 414 
209 209 3429444 374 
210 210 3431386 358 
212 212 3435264 294 
213 213 3437204 352 
214 214 3439150 390 
215 215 3441092 280 
216 216 3443034 394 
217 217 3446860 1578 
218 218 3448858 394 
219 219 3450798 286 
220 220 3452740 376 
221 221 3454680 374 
222 222 3456620 286 
223 223 3458560 938 
224 224 3460502 356 
225 225 3462442 1058 
226 226 3464386 420 
227 227 3466330 372 
228 228 3468268 394 
229 229 3470208 414 
230 230 3472152 354 
231 231 3474094 294 
232 232 3476036 394 
233 233 3477978 350 
234 234 3479920 394 
235 235 3481860 338 
237 237 3485744 354 
238 238 3487682 394 
239 239 3489622 996 
240 240 3491564 288 
242 242 3495450 350 
243 243 3497392 706 
244 244 3499332 1320 
246 246 3503214 318 
247 247 3505156 298 
248 248 3507098 368 
250 250 3510982 950 
251 251 3512924 1208 
252 252 3514866 296 
253 253 3516806 338 
254 254 3518748 1414 
255 255 3520690 488 
256 256 3522632 414 
258 258 3526512 486 
259 259 3528452 660 
17476 17476 1145368183 1285598643 
261 261 3534202 1564 
263 263 3538162 390 
264 264 3540104 414 
265 265 3542046 352 
266 266 3543986 314 
267 267 3545928 816 
268 268 3547870 358 
269 269 3549810 960 
270 270 3551752 334 
271 271 3553694 284 
272 272 3555636 414 
273 273 3557576 396 
273 273 3557576 396 
274 274 3559518 1024 
275 275 3561460 314 
276 276 3563402 338 
277 277 3565340 962 
278 278 3567282 298 
279 279 3569226 428 
280 280 3571164 294 
281 281 3573108 1086 
282 282 3575048 396 
283 283 3576988 1152 
284 284 3578932 1092 
285 285 3580876 930 
286 286 3582816 334 
287 287 3584758 912 
288 288 3586700 1126 
289 289 3588642 372 
290 290 3590584 1052 
291 291 3592524 644 
292 292 3594466 400 
293 293 3598350 2702 
295 295 3602234 1136 
296 296 3604172 294 
298 298 3608050 282 
299 299 3609998 334 
300 300 3611942 318 
301 301 3613882 392 
302 302 3615824 420 
302 302 3615824 420 
303 303 3617766 1052 
304 304 3619708 294 
305 305 3621650 642 
306 306 3623590 418 
307 307 3627406 1570 
308 308 3629416 360 
309 309 3631358 414 
310 310 3633300 286 
311 311 3635240 286 
312 312 3637182 396 
313 313 3639124 486 
314 314 3641064 456 
315 315 3643006 352 
316 316 3644948 358 
318 318 3648830 334 
320 320 3652710 468 
321 321 3654650 374 
322 322 3656596 610 
323 323 3658538 534 
324 324 3660480 358 
325 325 3662420 472 
326 326 3664358 360 
327 327 3666298 284 
328 328 3670182 1832 
329 329 3672126 746 
330 330 3674068 954 
331 331 3676010 924 
332 332 3677950 410 
333 333 3679892 296 
334 334 3681834 1014 
335 335 3683774 330 
337 337 3687658 392 
338 338 3689598 398 
339 339 3691540 512 
341 341 3695422 482 
342 342 3697364 320 
343 343 3699304 314 
344 344 3701246 318 
344 344 3701246 318 
345 345 3705056 1564 
346 346 3707070 374 
347 347 3709012 316 
348 348 3710954 354 
349 349 3712896 354 
350 350 3714834 390 
351 351 3716774 350 
352 352 3718712 412 
353 353 3720656 394 
354 354 3722602 636 
355 355 3724544 634 
356 356 3726486 418 
356 356 3726486 418 
357 356 3730368 1644 
358 357 3732310 320 
358 357 3732310 320 
359 358 3734252 1252 
360 359 3736192 768 
362 361 3740076 336 
363 362 3742018 334 
364 363 3743958 750 
365 364 3745900 414 
366 365 3747842 1364 
367 366 3749784 1290 
368 367 3751724 318 
369 368 3753666 396 
370 369 3755608 924 
371 370 3757550 426 
372 371 3759488 510 
373 372 3761428 732 
374 373 3763370 294 
375 374 3767178 1568 
376 375 3769198 864 
377 376 3773082 3288 
378 377 3775024 896 
379 378 3776962 894 
380 379 3778904 528 
380 379 3778904 528 
382 381 3784732 358 
383 382 3786672 740 
384 383 3788614 510 
385 384 3790556 296 
386 385 3792498 298 
387 386 3794440 708 
388 387 3796380 294 
389 388 3798322 292 
390 389 3800262 356 
391 390 3802204 414 
392 391 3804146 554 
393 392 3806086 394 
394 393 3808028 378 
395 394 3809970 502 
396 395 3811910 932 
397 396 3813852 684 
398 397 3815794 502 
399 398 3819678 1930 
400 399 3821620 420 
402 401 3825500 610 
403 402 3827438 396 
404 403 3829382 570 
405 404 3831324 410 
406 405 3833268 334 
407 406 3835212 312 
408 407 3837154 392 
409 408 3839094 564 
410 409 3841036 300 
411 410 3842978 314 
412 411 3844918 550 
413 412 3846860 410 
414 413 3848802 960 
415 414 3850744 508 
416 415 3852686 442 
417 416 3854628 284 
418 417 3856570 1260 
419 418 3858512 294 
420 419 3860454 316 
420 419 3860454 316 
421 420 3862396 1204 
422 421 3864336 928 
423 422 3866278 282 
424 423 3868220 284 
425 424 3870162 708 
426 425 3872104 396 
427 426 3874046 312 
429 428 3877928 350 
429 428 3877928 350 
431 430 3881812 284 
432 431 3883754 468 
433 432 3885696 1294 
434 433 3889578 2022 
435 434 3891520 670 
436 435 3893462 316 
437 436 3895404 392 
438 437 3897346 988 
439 438 3899288 334 
440 439 3901230 378 
441 440 3903172 292 
442 441 3905114 336 
443 442 3907054 428 
444 443 3908996 752 
445 444 3910938 526 
446 445 3912880 360 
447 446 3914822 296 
448 447 3916764 338 
449 448 3918706 352 
450 449 3920648 380 
450 449 3920648 380 
451 450 3922590 1316 
452 451 3924532 416 
453 452 3926474 414 
454 453 3928416 284 
455 454 3930358 546 
457 456 3934240 736 
458 457 3936182 374 
459 458 3938124 286 
460 459 3940066 288 
461 460 3942008 664 
462 461 3943948 1306 
463 462 3945890 488 
464 463 3947832 300 
465 464 3949774 482 
466 465 3951714 398 
467 466 3953656 744 
468 467 3955598 672 
469 468 3957540 390 
471 470 3961422 414 
472 471 3963364 488 
473 472 3965306 292 
474 473 3967246 646 
475 474 3969188 1226 
476 475 3971126 298 
477 476 3973068 314 
479 478 3978894 2482 
480 479 3980834 418 
481 480 3982776 392 
482 481 3984716 318 
483 482 3986658 930 
484 483 3988598 984 
485 484 3990540 336 
486 485 3992480 396 
487 486 3994422 352 
488 487 3996362 1244 
489 488 3998304 468 
490 489 4000244 450 
491 490 4002186 354 
492 491 4004126 1226 
493 492 4006068 646 
494 493 4008008 506 
495 494 4009950 414 
496 495 4011892 378 
497 496 4013832 586 
498 497 4015774 398 
499 498 4017712 350 
500 499 4019656 690 
501 500 4021598 370 
502 501 4023540 392 
502 501 4023540 392 
503 502 4027422 1748 
504 503 4029364 922 
505 504 4031306 414 
505 504 4031306 414 
506 505 4033246 1276 
507 506 4035188 508 
508 507 4037130 378 
509 508 4039072 390 
510 509 4041014 448 
511 510 4042954 334 
512 511 4044896 574 
513 512 4046838 418 
514 513 4048778 396 
515 514 4050720 292 
516 515 4052662 554 
517 516 4054602 484 
518 517 4056544 398 
519 518 4062370 4492 
521 520 4066252 394 
522 521 4068194 748 
523 522 4070136 400 
524 523 4072078 486 
525 524 4074020 394 
526 525 4075962 376 
528 527 4079844 488 
529 528 4081786 392 
530 529 4083728 400 
531 530 4087612 1788 
532 531 4091494 1908 
533 532 4093436 352 
534 533 4095378 416 
535 534 4097316 616 
536 535 4099256 994 
538 537 4103144 286 
539 538 4105086 414 
540 539 4107028 472 
541 540 4110910 1992 
542 541 4112852 338 
543 542 4114794 332 
545 544 4118676 370 
546 545 4120616 418 
547 546 4122556 844 
548 547 4124498 670 
549 548 4126438 518 
550 549 4128380 320 
551 550 4130322 374 
552 551 4132262 376 
553 552 4134204 628 
555 554 4140032 604 
556 555 4141974 284 
556 555 4141974 284 
557 556 4143916 1196 
558 557 4145856 296 
559 558 4147798 374 
560 559 4149740 380 
561 560 4151680 648 
562 561 4153622 514 
563 562 4155562 354 
564 563 4157502 510 
565 564 4159444 1278 
566 565 4163160 1470 
567 566 4165270 292 
568 567 4167212 640 
569 568 4169152 314 
570 569 4171094 926 
571 570 4173036 1024 
572 571 4174978 432 
573 572 4176918 284 
574 573 4178860 372 
574 573 4178860 372 
575 574 4180802 1236 
576 575 4184586 1538 
576 575 4184586 1538 
577 576 4186622 946 
578 577 4188564 374 
579 578 4190506 648 
580 579 4192448 468 
581 580 4194390 484 
582 581 4198274 1960 
583 582 4200214 604 
584 583 4202156 416 
585 584 4204098 506 
586 585 4206040 730 
587 586 4207982 394 
588 587 4209920 352 
589 588 4213806 2228 
590 589 4215746 294 
591 590 4217688 394 
592 591 4219628 398 
593 592 4221570 280 
594 593 4223510 354 
595 594 4227392 2780 
596 595 4229334 354 
597 596 4231276 284 
598 597 4233218 318 
599 598 4235160 280 
599 598 4235160 280 
600 599 4239042 2726 
601 600 4240984 676 
602 601 4242926 338 
603 602 4244866 446 
605 604 4248750 1170 
607 606 4252634 662 
608 607 4254574 360 
608 607 4254574 360 
609 608 4256516 1230 
610 609 4258462 572 
611 610 4260404 282 
612 611 4262346 338 
614 613 4266230 358 
615 614 4268172 524 
617 616 4272054 332 
618 617 4273996 334 
619 618 4275938 664 
620 619 4277880 568 
621 620 4279820 684 
622 621 4281758 286 
623 622 4283700 374 
624 623 4285646 318 
624 623 4285646 318 
625 624 4287588 1246 
626 625 4289530 448 
