0 0 3762102 0 
1 1 3764696 348 
2 2 3767288 374 
3 3 3769878 410 
4 4 3772466 396 
5 5 3775062 330 
6 6 3777654 292 
7 7 3780242 352 
8 8 3782830 746 
9 9 3785422 408 
10 10 3788010 314 
11 11 3790602 280 
12 12 3793192 618 
14 12 3798368 506 
15 13 3800956 372 
17 14 3806134 410 
18 15 3808722 332 
19 16 3811310 372 
21 17 3816486 466 
22 18 3819074 688 
23 19 3821664 410 
24 20 3824252 312 
25 21 3826840 392 
26 21 3829428 814 
27 22 3832016 334 
28 23 3834604 314 
30 24 3839782 354 
31 25 3842370 310 
33 26 3847546 280 
34 27 3850136 286 
36 28 3855312 800 
37 29 3857902 370 
38 30 3860490 390 
39 31 3863078 368 
40 32 3865664 1454 
43 33 3873432 280 
44 34 3876020 1022 
45 34 3878608 310 
46 35 3881198 392 
48 36 3886376 710 
50 37 3891552 802 
51 38 3894140 1786 
52 39 3896730 418 
53 40 3901806 2188 
54 41 3904496 282 
56 42 3909672 470 
58 43 3914850 372 
59 44 3917440 394 
60 45 3920028 416 
61 46 3922616 334 
63 47 3927794 604 
64 48 3930382 314 
65 49 3932970 374 
66 50 3935560 336 
67 51 3938148 312 
69 52 3943324 390 
70 53 3945914 414 
71 54 3948502 682 
72 55 3951090 1178 
73 56 3953678 394 
74 57 3956266 296 
75 58 3958854 278 
79 61 3969208 280 
81 62 3974384 294 
82 63 3976974 330 
83 64 3979562 350 
85 65 3984740 370 
86 66 3987328 332 
87 67 3989918 350 
88 68 3992506 1208 
89 69 3995096 814 
90 70 3997684 336 
91 71 4000272 374 
93 72 4005452 310 
96 73 4013218 904 
97 74 4015808 1036 
98 74 4018396 354 
99 75 4020986 508 
101 76 4026164 330 
102 77 4028752 692 
103 78 4031340 312 
104 79 4033930 354 
105 80 4036518 354 
106 81 4039108 374 
107 82 4041694 278 
108 83 4044280 282 
109 84 4046872 378 
110 85 4049462 492 
112 86 4054638 396 
113 87 4057226 350 
114 88 4059814 282 
115 88 4062402 350 
116 89 4064990 690 
117 90 4067578 414 
118 91 4070166 394 
119 92 4072756 314 
120 93 4075344 312 
121 94 4077932 290 
123 95 4083110 308 
124 96 4085698 1218 
125 97 4088286 290 
126 98 4090874 286 
128 99 4098636 368 
63540 100 4101228 412 
130 100 4103816 466 
132 101 4108994 1114 
21845 21845 1428422655 -401409 
134 102 4114170 394 
135 103 4116760 528 
136 104 4119348 314 
137 105 4121936 310 
138 105 4124526 334 
139 106 4127114 504 
140 107 4129702 374 
142 108 4134880 336 
143 109 4137468 434 
144 110 4140056 412 
145 111 4142644 464 
146 112 4145232 282 
147 113 4147822 412 
148 114 4150410 394 
150 115 4155586 558 
151 116 4158176 366 
152 117 4163236 2184 
153 118 4165940 392 
154 119 4168530 420 
155 120 4171120 290 
157 121 4176294 540 
158 122 4178882 394 
160 123 4184060 286 
162 124 4189240 288 
163 125 4191828 1020 
165 126 4197002 310 
166 127 4199594 600 
167 128 4202180 394 
168 129 4204768 566 
169 130 4207356 410 
170 131 4209946 314 
172 132 4215126 330 
173 133 4217716 1010 
174 134 4220304 314 
175 135 4222894 334 
178 137 4230660 294 
180 139 4235838 294 
183 140 4246188 328 
184 141 4248780 282 
185 142 4251370 334 
186 143 4253960 286 
187 144 4256548 466 
188 145 4259136 394 
189 146 4261726 432 
191 147 4266904 392 
192 148 4269492 396 
193 148 4272082 390 
194 149 4274670 314 
195 150 4277258 488 
198 151 4285026 372 
199 152 4287616 280 
200 153 4290204 998 
201 154 4292794 288 
203 155 4297972 412 
204 156 4300562 334 
206 157 4308324 -1730 
207 158 4310914 410 
210 161 4318684 394 
212 163 4323862 376 
213 164 4326452 310 
214 165 4329040 334 
215 166 4331628 410 
216 167 4334218 278 
217 168 4336806 312 
219 169 4344574 280 
220 170 4347162 358 
223 172 4354926 390 
224 173 4357514 294 
225 174 4360106 372 
226 175 4362696 416 
227 176 4365286 374 
228 177 4367874 732 
229 178 4370464 280 
230 179 4373052 376 
232 180 4378230 338 
235 181 4385998 1036 
236 182 4388586 328 
237 183 4391174 410 
238 184 4396352 2952 
239 185 4398942 416 
240 186 4401532 396 
241 187 4404120 334 
242 188 4406710 748 
243 189 4409298 330 
244 190 4411888 392 
245 191 4414478 290 
247 192 4419656 542 
248 193 4422242 374 
249 194 4424830 354 
250 195 4427422 292 
251 196 4432530 2214 
252 197 4435188 354 
253 198 4437778 452 
254 199 4440368 392 
257 201 4448134 338 
258 201 4450724 550 
259 202 4453312 282 
260 203 4455900 1570 
261 204 4458490 278 
262 205 4461078 356 
263 206 4463666 1060 
265 208 4468846 372 
266 209 4471436 398 
267 210 4474024 414 
268 211 4476616 430 
269 212 4479206 524 
270 213 4481796 394 
272 214 4486974 374 
273 215 4489564 348 
274 216 4492154 394 
275 217 4494742 1010 
276 218 4497332 286 
277 219 4499922 1848 
52428 52428 -1393885684 -894445520 
281 221 4510280 642 
282 222 4512868 504 
284 223 4518048 376 
285 224 4520636 350 
286 225 4523226 332 
287 226 4525816 312 
289 226 4530994 546 
291 227 4536174 562 
293 228 4541352 352 
295 229 4546530 394 
296 230 4549116 314 
297 231 4551704 562 
298 232 4554294 618 
299 233 4556884 314 
300 234 4559472 336 
301 235 4562062 594 
302 236 4564650 394 
303 237 4567238 474 
305 238 4572420 414 
307 239 4577600 314 
308 240 4580188 318 
309 241 4582774 334 
312 242 4593130 2372 
313 243 4595722 412 
314 244 4598308 1208 
315 245 4600896 314 
316 246 4603486 334 
317 247 4606076 370 
318 248 4608664 344 
319 249 4611254 294 
320 249 4613844 818 
321 250 4616432 290 
322 251 4619026 294 
323 252 4621616 392 
325 253 4626794 370 
326 254 4629382 530 
327 255 4631972 278 
328 256 4634560 394 
329 257 4637150 462 
330 257 4639738 394 
331 258 4642328 330 
332 259 4644916 314 
334 260 4650094 294 
335 261 4655104 2118 
336 262 4657860 392 
337 262 4660450 372 
338 263 4663038 666 
339 264 4665628 390 
343 265 4675984 282 
344 266 4678570 418 
345 267 4681158 330 
346 268 4683746 1538 
347 269 4686336 668 
350 269 4694108 334 
352 270 4699286 314 
353 271 4701874 1234 
354 272 4704460 692 
355 273 4707048 592 
356 274 4709638 296 
357 275 4712226 544 
359 276 4717404 1074 
360 277 4719992 354 
361 278 4722578 1068 
362 279 4725166 670 
363 280 4727758 684 
364 281 4730352 334 
365 282 4732940 354 
366 283 4735530 376 
367 284 4738118 310 
368 285 4740706 568 
370 286 4745886 356 
372 287 4751064 284 
373 288 4753652 1118 
375 289 4758832 290 
376 290 4761420 314 
377 291 4764010 642 
378 292 4766600 516 
379 293 4769190 312 
380 294 4771778 1630 
381 295 4774368 290 
382 296 4776958 548 
383 297 4779546 524 
384 298 4782136 572 
388 299 4792492 674 
389 300 4795080 404 
390 301 4797670 490 
391 302 4800260 382 
392 303 4802848 368 
393 304 4805434 310 
394 305 4808022 978 
395 306 4810610 350 
396 306 4813204 294 
397 307 4815794 330 
398 308 4818384 394 
399 309 4820974 278 
400 310 4823562 982 
401 311 4826148 414 
402 312 4828738 968 
403 313 4831326 292 
404 314 4833920 312 
405 315 4836510 282 
406 316 4839100 570 
407 317 4841690 412 
408 318 4844280 416 
410 319 4849458 450 
412 320 4857228 3390 
413 321 4859818 1336 
415 322 4864998 278 
417 323 4870178 1898 
418 324 4872768 414 
419 325 4875356 362 
420 326 4877946 1040 
421 327 4880536 330 
423 327 4885716 506 
424 327 4888304 350 
425 328 4890894 388 
426 329 4893484 338 
427 330 4896074 344 
428 331 4898664 374 
429 332 4901254 686 
431 333 4906432 410 
433 335 4911612 280 
434 336 4916624 2120 
435 337 4919376 410 
436 338 4921966 840 
438 340 4927146 504 
439 341 4929734 298 
440 342 4932324 298 
441 343 4934914 392 
443 344 4940092 292 
444 345 4942684 428 
445 346 4945274 412 
446 347 4947864 548 
447 348 4950452 394 
449 349 4955632 310 
451 350 4960810 290 
452 351 4963400 686 
453 352 4965990 488 
454 353 4968578 394 
455 354 4971168 330 
456 355 4973758 690 
457 356 4976346 414 
458 357 4978936 412 
459 358 4981526 352 
460 359 4984116 414 
461 360 4986704 412 
462 361 4989294 394 
463 362 4994474 3214 
464 362 4997062 294 
466 364 5002238 484 
468 365 5007416 1912 
469 366 5010006 408 
471 367 5015184 564 
472 368 5017774 590 
473 369 5020364 330 
474 370 5022950 318 
475 371 5025538 410 
476 372 5028128 396 
477 373 5030720 288 
478 374 5033310 628 
479 375 5035900 1312 
480 376 5038488 284 
481 377 5041078 594 
482 378 5043668 394 
484 379 5048846 312 
486 380 5054030 394 
487 381 5056620 444 
488 382 5059208 332 
489 382 5061798 280 
491 383 5066976 392 
26112 0 15785506 -207831377 
495 384 5077336 294 
497 385 5082514 350 
498 386 5085104 286 
499 387 5087694 900 
500 388 5090284 416 
502 389 5095462 1660 
503 390 5098052 1038 
504 391 5100642 338 
505 392 5103230 330 
506 393 5105820 316 
507 394 5108410 394 
509 394 5113588 1020 
510 395 5116178 358 
512 396 5121356 416 
513 397 5123944 468 
514 398 5126534 412 
515 399 5129124 414 
516 400 5131714 1402 
518 401 5136894 1522 
519 402 5139482 282 
520 403 5142070 418 
521 404 5144662 666 
522 405 5147252 496 
523 406 5149842 488 
524 407 5152430 488 
526 409 5157610 1658 
528 410 5162788 398 
529 411 5165378 278 
530 412 5167968 284 
531 413 5170558 410 
532 414 5173146 354 
533 415 5175736 350 
534 416 5178326 298 
535 417 5180916 330 
536 418 5183502 376 
539 420 5191274 290 
540 421 5193864 390 
541 422 5196454 392 
543 423 5201630 284 
544 424 5204222 286 
545 425 5206808 394 
546 426 5209400 378 
547 426 5211992 1324 
548 427 5214582 540 
550 428 5219760 284 
551 429 5222350 372 
552 430 5224938 666 
553 431 5227528 352 
554 432 5230118 352 
555 433 5232708 310 
556 434 5235296 376 
557 435 5237886 468 
558 436 5240476 314 
559 437 5243066 486 
561 438 5248244 560 
562 438 5250832 336 
563 439 5253422 370 
564 440 5256014 506 
565 441 5258604 408 
567 442 5266276 -2024 
568 443 5268962 374 
569 444 5271550 294 
570 445 5274136 314 
571 446 5276728 1134 
572 447 5279314 376 
573 448 5281906 390 
574 448 5286952 2140 
575 448 5289676 936 
576 449 5292264 1518 
577 450 5294854 330 
578 451 5297440 356 
579 452 5300030 292 
580 453 5302622 418 
581 454 5305212 530 
582 455 5307802 294 
584 456 5312980 298 
585 457 5315570 390 
586 458 5318160 344 
587 459 5320748 294 
588 459 5323338 298 
589 460 5325928 370 
590 461 5328518 354 
592 462 5333696 392 
593 463 5336286 350 
594 464 5338874 394 
595 465 5341464 414 
596 466 5344052 294 
597 467 5346642 1080 
598 468 5349230 316 
599 469 5351820 352 
600 470 5354410 414 
601 471 5356998 566 
602 472 5359588 412 
603 473 5362178 542 
604 474 5364764 398 
605 475 5367352 312 
606 476 5369942 414 
607 477 5372532 290 
608 478 5375120 296 
609 479 5377710 414 
610 480 5380298 414 
611 481 5382892 370 
612 482 5385478 918 
613 483 5388066 354 
614 484 5390656 414 
615 485 5393244 282 
616 485 5395834 414 
617 486 5398426 464 
618 487 5401016 416 
620 487 5406192 416 
622 488 5411374 418 
623 488 5413962 950 
624 489 5416552 394 
625 490 5419140 290 
626 490 5421730 286 
627 491 5426910 2334 
628 491 5429498 372 
630 492 5434678 294 
631 493 5437266 414 
632 494 5439856 294 
633 495 5442444 332 
634 496 5445034 1138 
635 497 5450212 4632 
636 498 5452802 424 
637 498 5455392 370 
638 499 5457980 450 
639 500 5460570 410 
640 501 5463160 318 
641 502 5465748 492 
642 503 5468336 620 
643 504 5470926 332 
644 505 5473516 1070 
645 506 5476106 410 
646 507 5478694 410 
647 508 5481284 278 
648 509 5483872 292 
649 509 5486462 352 
650 510 5489052 510 
651 511 5491642 282 
652 512 5494230 394 
653 513 5496820 350 
654 514 5499410 648 
655 515 5502000 422 
656 515 5504590 296 
657 515 5507180 278 
658 516 5509770 368 
659 517 5512358 420 
660 518 5514948 312 
661 519 5517538 312 
662 520 5520128 592 
663 520 5522716 390 
664 521 5525306 708 
665 522 5527896 310 
666 523 5530484 376 
667 524 5533074 300 
668 525 5535664 418 
669 526 5538254 464 
670 526 5540844 296 
671 527 5543432 412 
672 528 5546022 294 
674 530 5551200 1202 
675 531 5553790 414 
676 532 5556378 336 
677 533 5558968 394 
679 534 5564146 410 
681 535 5569326 350 
682 536 5571914 314 
683 537 5574504 500 
684 538 5577094 432 
685 539 5579682 290 
687 540 5584862 390 
688 541 5587450 282 
689 542 5590040 350 
690 543 5592630 318 
691 544 5595220 334 
692 545 5597808 378 
694 546 5602988 374 
695 547 5605578 354 
696 548 5608166 282 
697 549 5610756 310 
698 550 5613344 286 
699 551 5615934 350 
700 552 5618524 338 
701 553 5621114 350 
702 553 5623702 296 
703 554 5626292 542 
704 555 5628882 670 
706 556 5634062 296 
707 556 5636650 368 
709 556 5641828 394 
710 557 5644418 502 
711 558 5647006 392 
712 559 5649596 294 
713 560 5652184 948 
714 561 5654774 292 
715 562 5657362 524 
716 562 5659952 640 
717 563 5662540 390 
718 564 5665130 278 
719 565 5667716 330 
720 566 5670304 394 
721 567 5672896 310 
722 568 5675486 450 
724 569 5680662 334 
725 570 5683250 330 
726 571 5685838 314 
727 572 5688428 414 
728 573 5691016 398 
731 574 5698780 584 
732 575 5701374 510 
733 576 5703962 374 
734 577 5706554 376 
735 578 5709140 358 
736 578 5711728 496 
737 579 5714316 2050 
738 580 5716906 646 
739 581 5719496 416 
740 581 5722088 414 
741 582 5724678 352 
742 583 5727266 314 
744 584 5732444 658 
745 585 5735034 294 
746 586 5737624 284 
747 587 5740212 684 
748 588 5742802 278 
749 589 5745392 310 
750 590 5747982 496 
751 591 5750570 410 
752 592 5753160 294 
753 593 5755748 412 
754 594 5758338 472 
755 595 5760926 310 
756 596 5763516 334 
757 597 5766106 738 
758 598 5768694 312 
759 599 5771284 1152 
760 600 5773874 418 
761 601 5776462 292 
762 602 5779052 348 
763 603 5781642 666 
764 604 5784232 396 
765 605 5786822 314 
766 606 5789410 470 
767 607 5792000 332 
768 608 5794588 284 
769 609 5797178 984 
770 610 5799768 354 
771 611 5802356 888 
772 612 5804942 386 
773 613 5807532 354 
774 614 5810120 768 
775 614 5812710 310 
776 615 5815300 408 
777 616 5817888 278 
778 617 5820478 396 
779 618 5823068 474 
780 619 5825658 728 
781 620 5828248 472 
782 621 5830840 824 
783 622 5833432 484 
784 623 5836020 1000 
786 624 5841198 338 
787 625 5843788 316 
788 626 5846378 570 
789 627 5848968 476 
790 628 5851558 1280 
791 629 5854148 452 
792 630 5856736 332 
793 631 5859326 280 
794 632 5864504 2458 
795 633 5867094 350 
796 634 5869684 294 
797 635 5872274 330 
798 636 5874862 356 
799 637 5877450 390 
800 638 5880040 396 
801 639 5882632 568 
802 640 5885220 408 
803 641 5887810 290 
804 642 5890400 376 
805 642 5892988 332 
807 643 5898164 396 
808 644 5900756 370 
809 645 5903346 290 
810 646 5905934 688 
811 646 5908524 664 
812 647 5911112 286 
813 648 5913698 286 
814 649 5916290 298 
815 650 5918878 576 
816 651 5921466 284 
817 652 5924058 350 
818 652 5926646 414 
819 653 5929234 688 
820 654 5931826 1740 
821 655 5934416 372 
822 655 5937006 314 
823 656 5939596 372 
824 657 5942184 314 
825 658 5944774 614 
826 659 5947362 610 
827 660 5949950 370 
828 661 5952540 288 
829 662 5955128 290 
830 663 5957716 394 
831 664 5960306 394 
832 664 5962894 396 
833 665 5965482 334 
836 666 5973250 396 
837 666 5975838 412 
838 667 5978428 394 
839 668 5981018 430 
840 669 5983606 284 
841 670 5986196 414 
842 671 5988786 414 
844 672 5993964 504 
845 673 5996554 504 
846 674 5999142 372 
847 675 6001728 372 
848 676 6004316 1244 
849 676 6006906 410 
850 677 6009496 418 
851 678 6012082 414 
852 679 6014670 414 
853 680 6017258 936 
854 681 6019848 390 
856 682 6025030 414 
858 683 6030208 416 
859 684 6032798 280 
860 685 6035386 338 
861 686 6037980 470 
862 687 6040570 638 
863 688 6043158 506 
864 689 6045748 418 
865 690 6048336 334 
866 691 6050924 506 
867 692 6053514 482 
868 693 6056102 376 
869 694 6058692 332 
870 695 6061280 394 
871 696 6063866 352 
872 697 6066458 284 
874 698 6071636 414 
875 699 6074222 372 
876 700 6076812 316 
877 701 6079402 280 
878 702 6081992 318 
879 703 6084580 838 
880 704 6087170 1802 
881 705 6089758 412 
882 705 6092348 604 
883 706 6094936 704 
887 707 6105288 1328 
888 708 6107882 414 
889 709 6110472 640 
890 710 6113060 352 
891 711 6115650 374 
892 712 6118238 352 
893 713 6120826 562 
894 714 6123416 504 
895 715 6126004 350 
896 716 6128592 614 
897 716 6131180 370 
898 717 6133770 370 
899 717 6136356 410 
900 718 6138942 354 
901 719 6141532 292 
902 720 6144124 284 
903 721 6146714 1380 
904 722 6149302 286 
905 723 6151892 354 
906 724 6154482 650 
907 725 6157070 754 
908 726 6159658 398 
909 726 6164826 2270 
911 727 6170014 350 
912 728 6172604 318 
913 729 6175192 318 
914 730 6177782 2098 
915 731 6180370 486 
916 732 6182958 316 
918 733 6188136 314 
919 734 6190726 632 
920 735 6193314 416 
921 736 6195904 292 
922 737 6198492 334 
923 738 6201080 394 
924 739 6203670 460 
925 740 6206258 394 
926 741 6208846 314 
927 742 6211434 592 
928 743 6214024 296 
930 744 6219200 394 
931 745 6221790 350 
933 746 6226968 1750 
934 747 6229556 376 
935 748 6232144 404 
936 749 6234734 414 
937 750 6237322 350 
938 751 6239910 708 
939 752 6242498 354 
940 753 6245088 288 
941 754 6247674 696 
942 755 6250264 394 
943 756 6252854 310 
944 757 6255444 286 
945 758 6258034 410 
946 759 6260622 706 
947 760 6263212 288 
948 761 6265802 436 
949 762 6268390 626 
950 762 6270980 374 
951 763 6273568 416 
952 763 6276158 356 
953 764 6278746 358 
954 765 6281336 408 
955 766 6283924 314 
956 767 6286512 418 
957 768 6289102 332 
958 769 6291690 374 
959 770 6294280 374 
960 771 6296870 396 
961 772 6299458 748 
962 773 6302046 354 
963 774 6307102 2170 
964 775 6309812 588 
966 776 6314986 312 
967 777 6317578 280 
968 778 6320168 468 
969 779 6322756 472 
970 780 6325346 288 
971 781 6327934 280 
972 782 6330524 372 
973 783 6333114 312 
974 784 6335702 316 
976 785 6340876 390 
977 785 6343464 286 
978 786 6346056 520 
979 787 6348646 422 
980 788 6351234 394 
981 789 6353824 390 
982 790 6356408 292 
983 791 6359000 388 
984 792 6361586 628 
985 793 6364176 338 
986 794 6366766 314 
987 795 6369354 394 
988 796 6371944 356 
989 797 6374528 372 
990 798 6377116 546 
991 799 6379704 478 
992 799 6382296 486 
993 800 6384886 290 
994 801 6387474 414 
995 802 6390062 414 
996 803 6392650 316 
997 804 6395238 434 
998 805 6397826 396 
999 806 6400414 396 
1000 807 6403002 1020 
1001 808 6405592 330 
1002 809 6408180 608 
1003 810 6410768 502 
1004 811 6413356 648 
1006 812 6418534 352 
1007 813 6421122 408 
1008 813 6423712 378 
1009 814 6426300 410 
1010 815 6428888 294 
1011 816 6431478 312 
1012 817 6434066 284 
1013 818 6436652 370 
1014 819 6439242 338 
1016 820 6444420 314 
1017 821 6447008 544 
1018 822 6449598 368 
1019 823 6452186 388 
1020 824 6454774 396 
1021 825 6457362 374 
1022 826 6459950 1274 
1023 827 6462540 444 
1024 828 6465128 414 
1025 829 6467716 390 
1026 830 6470306 332 
1027 831 6472894 314 
1028 832 6475482 374 
1029 833 6478072 394 
1030 834 6480660 630 
1031 834 6483248 332 
1032 835 6485836 336 
1033 836 6488424 414 
1034 837 6491014 288 
1035 838 6493602 688 
1036 839 6496190 1020 
1037 840 6498778 608 
1039 841 6503954 354 
1042 842 6511718 394 
1043 843 6514302 436 
1044 844 6516892 374 
1045 845 6519482 318 
1046 846 6522070 646 
1047 847 6524658 392 
1048 847 6527244 506 
1049 848 6529834 728 
1050 849 6532424 608 
1051 850 6535012 332 
1052 851 6537600 358 
1053 852 6540190 488 
1054 853 6542778 418 
1055 854 6545366 278 
1056 855 6547956 522 
1058 856 6553132 282 
1059 857 6555718 374 
1060 858 6558306 772 
1061 859 6560898 412 
1062 860 6563486 352 
1063 861 6566076 424 
1064 861 6568664 566 
1065 861 6571252 290 
1066 862 6573840 396 
1067 863 6576428 412 
1068 864 6579016 470 
1069 865 6581604 504 
1070 865 6584194 568 
1071 866 6586782 282 
1072 867 6589370 352 
1073 868 6591958 526 
1074 869 6594546 376 
1075 870 6597136 374 
1076 871 6599724 282 
1077 872 6602312 394 
1078 873 6604900 316 
1079 874 6607488 330 
1080 875 6610074 338 
1081 876 6612664 374 
1082 877 6615254 354 
1083 878 6617838 278 
1084 879 6620426 314 
1085 880 6623014 390 
1086 881 6625602 414 
1087 882 6628190 352 
1088 883 6630780 612 
1089 884 6633368 330 
1090 885 6635960 314 
1091 885 6638550 724 
1092 885 6641138 524 
1093 886 6643726 392 
1096 887 6651492 2036 
1097 888 6654082 292 
1098 889 6656670 466 
1099 890 6659258 410 
1100 891 6661848 292 
1101 892 6664436 278 
1102 893 6667026 410 
1103 894 6669616 2050 
1104 895 6672204 318 
1106 897 6677382 314 
1107 898 6679972 390 
1108 899 6682560 476 
1109 900 6685148 278 
1110 901 6687738 448 
1111 902 6690326 372 
1112 903 6692914 394 
1113 904 6695504 866 
1114 905 6698092 506 
1115 906 6700680 312 
1116 907 6703270 418 
1118 908 6708446 416 
1119 909 6711034 330 
1120 909 6713624 630 
1121 910 6716212 412 
1122 911 6718802 528 
1123 912 6721390 462 
1124 913 6723978 296 
1126 913 6729156 628 
1127 914 6731744 370 
1128 915 6734334 550 
1129 916 6736922 390 
1130 917 6739512 530 
1131 918 6742100 336 
1132 919 6744688 1002 
1133 920 6747278 410 
1134 921 6749866 368 
1135 922 6752456 280 
1136 923 6755044 644 
1137 924 6757632 354 
1139 925 6762810 524 
1140 926 6765400 336 
1141 927 6767988 394 
1142 928 6770578 348 
1144 930 6775756 294 
1145 931 6778344 424 
1146 932 6780934 414 
1147 932 6783522 312 
1148 933 6786112 528 
1149 934 6788702 1428 
1150 935 6791290 528 
1152 936 6796468 588 
1153 937 6799058 412 
1154 937 6801648 1082 
1155 938 6804236 410 
1156 939 6806826 374 
1157 939 6809414 292 
1158 940 6812004 398 
1159 941 6814594 416 
1160 942 6817182 352 
1161 943 6819772 332 
1162 944 6822360 354 
1163 945 6824950 682 
1164 946 6827540 338 
1165 946 6830128 388 
1166 947 6832718 600 
1167 948 6835308 370 
1168 949 6837896 418 
1169 950 6840486 372 
1170 951 6843074 666 
1171 952 6845664 354 
1172 953 6848252 314 
1173 954 6850842 354 
1174 955 6853430 296 
1176 956 6858608 670 
1177 957 6861198 350 
1178 958 6863786 434 
1179 959 6866374 278 
1180 960 6868964 298 
1181 961 6871552 330 
1183 962 6876732 278 
1184 963 6879320 570 
1185 964 6881910 310 
1186 965 6884498 530 
1187 966 6889678 2434 
1188 967 6892268 332 
1189 967 6894856 508 
1191 968 6900034 350 
1192 969 6902624 336 
1193 970 6905212 658 
1194 971 6907802 352 
1195 971 6910392 510 
1196 972 6912980 376 
1197 973 6915570 332 
1199 973 6920746 332 
1200 974 6923336 284 
1202 975 6928512 296 
1203 976 6931100 370 
1205 977 6936282 704 
1206 978 6941458 2380 
1207 979 6944048 544 
1208 980 6946636 314 
1210 981 6951818 620 
1211 982 6954408 998 
1212 983 6956996 374 
1213 984 6959586 368 
1214 985 6962176 374 
1215 986 6964764 526 
1216 987 6967354 336 
1217 988 6969942 486 
1218 989 6972532 992 
1220 989 6977710 356 
1221 990 6980300 1832 
1222 991 6982890 356 
1223 992 6985478 414 
1224 993 6988066 414 
1225 993 6990656 1702 
1226 994 6993246 294 
1227 995 6995834 756 
1229 996 7001012 312 
1230 996 7003602 374 
1232 997 7008780 358 
1233 998 7011368 492 
1234 999 7013958 418 
1235 1000 7016546 354 
1236 1001 7019134 286 
1237 1002 7021724 330 
1239 1003 7026900 354 
1240 1004 7029490 296 
1241 1005 7032078 278 
1242 1006 7034668 394 
1243 1007 7037258 414 
1244 1008 7039848 332 
1245 1009 7042436 522 
1246 1010 7045026 378 
1247 1011 7047614 520 
1248 1012 7050204 824 
1249 1013 7052792 278 
1250 1014 7055382 572 
1251 1015 7057970 646 
1252 1016 7060560 352 
1254 1017 7065734 590 
1255 1018 7068322 350 
1256 1019 7070914 408 
1259 1020 7081270 292 
1260 1021 7083858 1220 
1261 1022 7086448 310 
1262 1022 7089036 1454 
1263 1023 7091626 502 
1264 1024 7094214 394 
1265 1025 7096804 414 
1266 1026 7099392 374 
1267 1026 7101982 282 
1268 1027 7104572 334 
1269 1028 7107160 690 
1270 1029 7109750 510 
1271 1030 7112338 312 
1272 1031 7114928 334 
1273 1032 7117518 332 
1274 1033 7120106 1034 
1275 1034 7122696 398 
1276 1035 7125286 530 
1277 1036 7127876 410 
1278 1037 7130466 318 
1279 1038 7133054 370 
1280 1039 7135644 290 
1282 1040 7140822 354 
1283 1041 7143412 372 
1284 1042 7146002 1202 
1285 1043 7148592 412 
1286 1043 7151182 282 
1287 1044 7153770 506 
1288 1045 7156360 352 
1289 1046 7158950 414 
1290 1047 7161540 518 
1291 1048 7164128 644 
1292 1049 7166718 414 
1293 1050 7169308 314 
1294 1051 7171896 394 
1296 1051 7177076 296 
1298 1053 7182254 316 
1299 1054 7184844 504 
1300 1055 7187432 358 
1301 1056 7190022 278 
1302 1057 7192612 414 
1303 1057 7195200 482 
1305 1057 7200380 310 
1306 1058 7202968 1212 
1307 1059 7205558 374 
1308 1060 7208148 298 
1309 1061 7210736 372 
1310 1062 7213322 800 
1311 1063 7215912 650 
1312 1064 7218500 354 
1313 1065 7221090 332 
1315 1066 7226270 350 
1316 1067 7228860 396 
1317 1068 7231448 2102 
1318 1068 7234034 728 
1320 1069 7239212 414 
21845 21845 1430610166 -156529 
1322 1070 7244390 488 
1324 1071 7249572 294 
1325 1072 7252160 414 
1326 1073 7254750 286 
1328 1073 7259928 352 
1329 1073 7262518 526 
1330 1074 7265106 414 
1332 1074 7270284 396 
1333 1075 7272874 290 
1334 1076 7275464 282 
1335 1077 7278054 464 
1338 1077 7285820 396 
1339 1078 7288410 414 
1340 1079 7291000 928 
1341 1080 7293588 388 
1342 1081 7296178 282 
1343 1082 7298766 278 
1344 1083 7301356 412 
1345 1084 7303946 332 
1346 1085 7306534 314 
1347 1086 7309124 330 
1348 1086 7311714 414 
1349 1087 7314300 374 
1350 1088 7316888 316 
1351 1089 7319478 412 
1352 1090 7322070 454 
1353 1091 7324660 290 
1355 1092 7329840 292 
1356 1093 7332428 338 
1357 1093 7335018 330 
1358 1094 7337608 688 
1359 1095 7340196 602 
1360 1096 7342786 374 
1361 1097 7345376 410 
1362 1098 7347964 378 
1364 1099 7353138 626 
1365 1100 7355728 314 
1366 1101 7358320 314 
1367 1102 7360910 484 
1368 1103 7366084 3968 
1369 1104 7368676 280 
1370 1105 7371266 1276 
1371 1106 7373856 314 
1372 1107 7376444 394 
1373 1108 7379034 370 
1374 1109 7381622 286 
1375 1110 7384212 328 
1376 1111 7386800 286 
1377 1112 7389390 706 
1379 1113 7394568 412 
1380 1114 7397156 746 
1381 1115 7399744 370 
1383 1116 7404924 392 
1385 1117 7410102 292 
1386 1118 7412690 314 
1389 1119 7420458 350 
1390 1120 7423046 334 
1391 1121 7425636 426 
1392 1122 7428224 414 
1393 1122 7430814 466 
1394 1122 7433402 622 
1395 1123 7435992 310 
1396 1124 7438580 486 
1397 1125 7441170 332 
1398 1126 7443758 646 
1400 1127 7448936 348 
1401 1128 7451524 280 
1402 1129 7454114 546 
1403 1130 7456702 372 
1404 1131 7459292 286 
1405 1132 7461880 414 
1406 1133 7464468 286 
1407 1133 7467058 328 
1408 1134 7469646 394 
1409 1135 7472236 468 
1410 1136 7474824 1020 
1411 1137 7477414 372 
1412 1138 7480002 396 
1413 1139 7482590 294 
1414 1140 7485180 372 
1415 1141 7487768 334 
1416 1142 7490358 930 
1418 1143 7495536 354 
1419 1144 7498124 410 
1420 1145 7500714 542 
1421 1146 7503302 706 
1422 1147 7505892 658 
1423 1148 7508482 702 
1424 1149 7511070 294 
1426 1149 7516250 456 
1427 1150 7518840 382 
1428 1151 7521428 314 
1429 1152 7524016 292 
1430 1153 7526606 318 
1431 1154 7529194 292 
1432 1155 7531784 400 
1433 1156 7534372 312 
1434 1157 7536962 844 
1436 1158 7542138 588 
1437 1159 7544728 390 
1438 1160 7547316 308 
1439 1161 7549904 312 
1440 1162 7552492 648 
1441 1163 7555082 294 
1442 1164 7557670 372 
1443 1165 7560258 392 
1444 1166 7562848 314 
1445 1167 7565434 310 
1446 1168 7568024 456 
1447 1169 7570614 370 
1448 1170 7573204 472 
1449 1171 7575792 408 
1450 1172 7578382 1004 
1451 1173 7580970 624 
1452 1173 7583560 396 
1454 1175 7588738 490 
1455 1176 7591326 414 
1457 1178 7596504 278 
1458 1179 7599094 316 
1459 1180 7601682 522 
1460 1181 7604270 338 
1461 1182 7606860 350 
1462 1182 7609448 350 
1463 1183 7612038 712 
1464 1184 7614626 282 
1465 1184 7617214 1046 
1466 1185 7619804 538 
1467 1186 7622392 410 
1468 1187 7624980 588 
1469 1188 7627568 290 
1471 1190 7632746 602 
1472 1191 7635336 588 
1473 1192 7637924 394 
1474 1193 7640514 1102 
1475 1193 7643102 684 
1476 1194 7645692 358 
1477 1195 7648280 872 
1480 1196 7656048 358 
1481 1197 7658636 586 
1483 1199 7663814 370 
1484 1200 7666404 582 
1485 1201 7668992 726 
1486 1202 7671582 1432 
1488 1203 7676758 314 
1489 1204 7679348 312 
1490 1205 7681936 416 
1491 1206 7684524 748 
1493 1207 7689702 418 
1494 1208 7692290 378 
1495 1209 7694880 724 
1496 1210 7697468 392 
1497 1211 7700056 314 
1498 1212 7702644 396 
1499 1213 7705232 330 
1500 1214 7707822 378 
1501 1214 7710410 350 
1502 1215 7712998 398 
1503 1216 7715588 292 
1504 1217 7718174 336 
1505 1218 7720766 414 
1506 1219 7723352 1140 
1507 1220 7725944 1022 
1509 1221 7731122 332 
1512 1222 7741478 394 
1513 1223 7744068 820 
1514 1223 7746656 396 
1516 1224 7751836 414 
1517 1225 7754424 374 
1518 1226 7757014 354 
1519 1227 7759604 682 
1520 1228 7762192 378 
1521 1229 7764782 370 
1522 1230 7767372 414 
1523 1231 7769960 328 
1524 1232 7772550 568 
1525 1233 7775138 312 
1527 1234 7780316 292 
1528 1235 7782906 394 
1529 1236 7785494 404 
1530 1237 7788084 520 
1531 1238 7790672 292 
1532 1239 7793262 410 
1533 1240 7795850 666 
1534 1241 7798440 294 
1535 1242 7801030 392 
1537 1243 7808798 2366 
1538 1243 7811386 394 
1539 1244 7813976 280 
1540 1245 7819154 3472 
1541 1246 7821742 292 
1543 1247 7826922 294 
1544 1248 7829510 368 
1546 1249 7834688 318 
1547 1250 7837278 352 
1549 1251 7842456 312 
1550 1251 7845046 282 
1551 1252 7847636 1308 
1552 1253 7850224 316 
1553 1254 7852814 370 
1554 1255 7855404 354 
1555 1256 7857992 390 
1556 1257 7860582 358 
1557 1258 7863172 412 
1558 1259 7865762 394 
1559 1260 7868350 372 
1560 1261 7873530 2432 
1561 1262 7876120 290 
1563 1263 7881296 410 
1564 1264 7883886 356 
1566 1265 7889064 338 
1567 1266 7891654 606 
1568 1267 7894244 294 
1569 1268 7896828 1130 
1570 1269 7899420 576 
1571 1270 7902006 354 
1572 1271 7904598 310 
1573 1272 7907188 310 
1574 1273 7909778 298 
1575 1274 7912366 370 
1577 1275 7917546 -2216 
1578 1276 7920134 926 
1579 1277 7922724 350 
1580 1278 7925314 336 
1581 1279 7927904 1410 
1582 1280 7930492 394 
1583 1281 7933082 278 
1584 1282 7935672 418 
1585 1283 7938262 310 
1586 1284 7940852 344 
1587 1285 7943438 350 
1588 1285 7946030 394 
1589 1286 7948620 390 
1590 1287 7951210 770 
1591 1288 7953798 280 
1592 1289 7956388 394 
1593 1290 7958978 282 
1594 1291 7961564 314 
1595 1292 7964156 1100 
1596 1293 7966746 374 
1597 1294 7969334 284 
1598 1295 7971924 396 
1599 1296 7974512 332 
1600 1297 7977102 308 
1601 1298 7979692 584 
1602 1299 7982280 286 
1604 1300 7987456 336 
1607 1301 7995228 392 
1608 1302 7997816 1100 
1609 1303 8000406 282 
1610 1304 8002996 374 
1611 1305 8008176 3766 
1612 1306 8010766 356 
1613 1307 8013352 468 
1614 1308 8015940 312 
1615 1309 8018532 484 
1617 1310 8023712 388 
1618 1311 8026302 448 
1619 1312 8028890 330 
1620 1313 8031478 376 
1621 1314 8034068 310 
1623 1315 8039246 292 
1624 1315 8041836 978 
1625 1316 8044424 350 
1627 1317 8049604 294 
1628 1318 8052190 316 
1629 1319 8054778 290 
1630 1320 8057370 374 
1631 1321 8059958 720 
1632 1322 8062550 798 
1633 1323 8065140 314 
1634 1324 8067728 414 
1635 1325 8070318 582 
1636 1326 8072908 450 
1637 1327 8075498 352 
1638 1328 8078086 412 
1639 1329 8080676 556 
1640 1330 8083266 282 
1641 1331 8085854 456 
1645 1332 8096212 288 
1646 1332 8098802 296 
1647 1333 8101388 414 
1648 1334 8103976 470 
1649 1335 8106570 410 
1650 1336 8109160 282 
1651 1337 8111750 278 
1652 1338 8114338 726 
1653 1339 8116928 280 
1654 1340 8119518 636 
1655 1341 8122106 314 
1656 1342 8124696 690 
1657 1343 8127286 646 
1658 1344 8129876 408 
1659 1344 8132464 410 
1660 1345 8135054 708 
1661 1346 8137644 330 
1662 1347 8140232 408 
1663 1348 8142822 282 
1664 1349 8145412 2104 
1667 1350 8153180 318 
1668 1351 8155770 356 
1669 1352 8158360 350 
1670 1353 8160948 1340 
1671 1354 8163532 700 
1672 1355 8166120 418 
1673 1356 8168716 776 
1676 1356 8176486 310 
1677 1357 8179076 278 
1678 1357 8181666 546 
1679 1358 8184254 410 
1681 1360 8189434 330 
1682 1361 8192024 282 
1683 1362 8194612 372 
1684 1363 8197202 286 
1686 1364 8202378 298 
1687 1365 8204970 350 
1688 1366 8207560 354 
1690 1367 8212734 286 
1691 1367 8217894 2254 
1692 1368 8220506 468 
1693 1369 8223096 746 
1695 1370 8228276 314 
1696 1371 8230866 688 
1697 1371 8233454 390 
1698 1372 8236044 286 
1700 1374 8241224 336 
1701 1375 8243810 394 
1702 1376 8246402 338 
1703 1377 8248992 312 
1704 1378 8251582 388 
1705 1379 8254172 392 
1706 1380 8256762 354 
1707 1381 8259352 342 
1708 1382 8261942 406 
1709 1383 8264532 394 
1710 1384 8267122 414 
1711 1384 8269710 290 
1712 1385 8272300 448 
1713 1386 8274890 604 
1714 1387 8277476 952 
1715 1388 8280068 310 
1716 1389 8282658 314 
1717 1390 8285248 742 
1718 1391 8287838 1060 
1719 1392 8290428 508 
1720 1393 8293018 314 
1721 1394 8295606 314 
1722 1395 8298196 550 
1724 1396 8303376 318 
1726 1396 8308548 398 
1727 1397 8311140 372 
1728 1398 8313734 414 
1730 1399 8318914 430 
1731 1399 8321504 390 
1732 1400 8324092 412 
1733 1401 8326682 278 
1734 1402 8329270 314 
1735 1403 8331860 372 
1736 1404 8334450 508 
1738 1405 8339628 550 
1739 1406 8342214 696 
1740 1407 8344806 296 
1741 1408 8347396 682 
1742 1409 8349984 352 
1743 1410 8352574 370 
1744 1411 8355164 546 
1745 1412 8357754 392 
1746 1413 8360338 818 
1747 1414 8362928 308 
1749 1415 8368106 282 
1750 1416 8370698 338 
1751 1417 8373290 748 
1753 1418 8378468 1272 
1754 1419 8381058 394 
1755 1420 8383646 370 
1756 1421 8386232 334 
1757 1422 8388820 410 
1758 1423 8391412 882 
1759 1424 8394004 308 
1760 1425 8396592 298 
1761 1426 8399182 294 
1762 1427 8401772 1734 
1763 1428 8404360 352 
1764 1429 8406950 414 
1765 1430 8409540 814 
1766 1431 8412130 990 
1767 1432 8414716 648 
1768 1433 8417304 282 
1769 1434 8419896 278 
1770 1434 8422488 318 
1771 1435 8425076 288 
1772 1436 8427666 610 
1773 1437 8430256 394 
1774 1438 8432846 314 
1775 1439 8435434 348 
1777 1440 8440614 414 
1778 1441 8443204 356 
1779 1442 8445792 334 
1781 1443 8450970 314 
1782 1444 8453560 392 
1783 1445 8456150 966 
1784 1446 8458740 378 
1786 1447 8466508 354 
1787 1448 8469098 290 
1788 1449 8471688 688 
1789 1450 8474276 372 
1790 1451 8476866 276 
1791 1452 8479456 410 
1792 1453 8482046 548 
1793 1454 8484636 312 
1795 1454 8489814 294 
1796 1455 8492404 414 
1797 1456 8494992 524 
1798 1457 8497578 614 
1799 1458 8500172 374 
1800 1459 8502762 294 
1801 1460 8505354 506 
1802 1461 8507944 1310 
1803 1462 8510534 584 
1804 1463 8513122 316 
1805 1464 8515712 622 
1806 1465 8518300 354 
1807 1466 8520886 370 
1809 1467 8526064 368 
1810 1468 8528658 882 
93 1469 8531248 368 
1812 1469 8533838 738 
1813 1469 8536426 1260 
1814 1470 8539016 286 
1816 1471 8544194 354 
1817 1472 8546784 704 
1818 1473 8549374 354 
1819 1474 8551962 310 
1820 1475 8554552 294 
1821 1475 8557142 290 
1822 1476 8559730 1554 
1823 1477 8562320 410 
1824 1478 8564910 378 
1825 1479 8567496 942 
1826 1480 8570084 408 
1828 1481 8575262 356 
1829 1482 8577852 408 
1831 1483 8583032 370 
1832 1483 8585622 470 
1833 1484 8588210 374 
1834 1485 8590800 1302 
1835 1486 8593390 352 
1837 1488 8598568 390 
1838 1489 8601158 286 
1839 1490 8603748 394 
1840 1491 8606334 314 
1841 1492 8608924 396 
1842 1493 8611516 1670 
1843 1494 8614108 290 
1845 1495 8619288 866 
1846 1496 8621876 668 
1847 1497 8624466 396 
1848 1498 8627052 398 
1849 1499 8629640 776 
1850 1500 8632230 714 
1851 1501 8634820 410 
1852 1502 8637412 612 
1853 1503 8640002 1372 
1855 1504 8645180 350 
1856 1505 8647770 622 
1857 1506 8650360 280 
1858 1507 8652950 564 
1859 1508 8655538 334 
1860 1509 8658128 770 
1861 1510 8660716 390 
1862 1511 8663302 376 
1863 1512 8665894 642 
1864 1513 8668482 328 
1865 1514 8671074 350 
1867 1515 8676250 394 
1868 1516 8678842 394 
1869 1517 8681432 278 
1870 1518 8684022 416 
1871 1519 8686608 630 
1872 1520 8689196 580 
1873 1521 8691786 280 
1874 1522 8694376 578 
1875 1522 8696966 642 
1876 1523 8699554 606 
1877 1524 8702144 332 
1878 1525 8704734 418 
1879 1526 8707324 292 
1880 1527 8709914 430 
1881 1528 8712504 280 
1882 1529 8715090 314 
1884 1530 8720270 358 
1885 1531 8722858 866 
1886 1532 8725450 416 
1887 1532 8728042 352 
1888 1533 8730630 334 
1890 1534 8735808 414 
1892 1536 8740986 292 
1893 1537 8743578 312 
1894 1538 8746168 358 
1895 1539 8748758 292 
1896 1540 8751346 414 
1897 1541 8753936 484 
1899 1542 8759114 330 
1900 1543 8761704 866 
1901 1544 8764292 282 
1902 1545 8766882 314 
1904 1545 8772060 314 
1905 1546 8774650 414 
1906 1547 8777240 824 
1907 1548 8779830 408 
1908 1549 8782418 378 
1909 1550 8785008 390 
1910 1551 8790188 2738 
1911 1552 8792776 278 
1913 1553 8797954 330 
1914 1554 8800544 398 
1915 1555 8803132 312 
1916 1556 8805722 374 
1917 1557 8808308 330 
1918 1558 8810896 282 
1919 1559 8813486 310 
1920 1560 8816074 410 
1921 1561 8818664 1238 
1922 1562 8821252 470 
1924 1563 8826426 626 
1925 1564 8829016 374 
1926 1565 8831604 294 
1927 1566 8834194 544 
1928 1567 8836782 570 
1929 1568 8839372 370 
1931 1569 8844550 394 
1932 1569 8847142 312 
1933 1570 8849734 350 
1934 1571 8852324 418 
1935 1572 8854914 426 
1936 1573 8857502 468 
1937 1574 8860092 446 
1938 1575 8862680 336 
1939 1576 8865268 410 
1940 1577 8867858 294 
1941 1578 8870446 1510 
1942 1578 8873036 298 
1943 1579 8875624 602 
1944 1580 8878214 372 
1945 1580 8880802 312 
1946 1580 8883392 394 
1948 1581 8888570 318 
1949 1582 8891160 392 
1951 1583 8896338 312 
1952 1584 8898926 664 
1953 1584 8901514 390 
1954 1585 8904104 608 
1955 1586 8906692 390 
1958 1587 8914460 418 
1960 1588 8919638 544 
1961 1589 8922224 294 
1962 1589 8924812 296 
1963 1590 8927402 416 
1964 1590 8929992 872 
1965 1591 8932578 372 
1966 1592 8935166 398 
1967 1593 8937754 278 
1968 1594 8940344 292 
1969 1595 8942934 280 
1970 1596 8945524 416 
1971 1597 8948112 394 
1972 1598 8950702 344 
1974 1599 8955884 566 
1975 1600 8958478 352 
1976 1601 8961068 282 
1977 1602 8963658 990 
1978 1603 8966248 298 
1979 1604 8968836 602 
1980 1605 8971426 1128 
1981 1606 8974016 1222 
1982 1607 8976606 1190 
1983 1607 8979194 1182 
1984 1608 8981784 1852 
1985 1609 8984374 510 
1986 1610 8986964 946 
1987 1611 8989552 436 
1988 1612 8992142 566 
1989 1613 8994732 748 
1990 1613 8997320 284 
1991 1614 8999910 954 
1992 1615 9005088 3786 
1994 1616 9010266 356 
1995 1617 9012856 1520 
1996 1618 9015446 570 
1997 1619 9018034 294 
1998 1620 9020624 418 
1999 1621 9023214 508 
2000 1622 9025802 484 
2001 1623 9028392 410 
2002 1624 9030982 358 
2003 1624 9033570 332 
2005 1625 9038750 412 
2006 1626 9041336 414 
2007 1627 9043924 314 
2009 1628 9049104 310 
2010 1629 9062942 378 
2012 1630 9118214 416 
2013 1631 9141902 310 
