25146 24830 93919594 418 
25147 24831 93922274 888 
25148 24832 93924866 546 
25149 24833 93927458 940 
25150 24834 93930046 394 
25151 24835 93932634 314 
25152 24836 93935230 308 
25153 24837 93937822 390 
25154 24838 93940414 1156 
25156 24840 93945592 358 
25157 24841 93948186 414 
25158 24842 93950776 634 
25159 24843 93953364 484 
25161 24845 93958542 404 
25162 24846 93961130 356 
25163 24847 93963718 1526 
25164 24848 93966308 314 
25164 24848 93966308 314 
25165 24849 93968896 1194 
25166 24850 93971484 528 
25167 24851 93974072 394 
25168 24852 93976662 608 
25169 24853 93979250 354 
25170 24854 93981840 376 
25171 24855 93984428 1010 
25172 24856 93987018 296 
25173 24857 93989606 448 
25174 24858 93992194 1954 
25175 24859 93994784 370 
25176 24860 93997372 1072 
25177 24861 93999962 926 
25178 24862 94002546 378 
25178 24862 94002546 378 
25179 24863 94005138 1680 
25180 24864 94007728 284 
25181 24865 94010318 1222 
25181 24865 94010318 1222 
25182 24866 94012906 1124 
25183 24867 94015494 390 
25185 24869 94020674 334 
25187 24871 94025852 310 
25188 24872 94028438 374 
25189 24873 94031028 470 
25190 24874 94033618 988 
25191 24875 94036208 316 
25192 24876 94038796 746 
25193 24877 94041386 354 
25194 24878 94043976 338 
25195 24879 94046564 518 
25196 24880 94049152 334 
25197 24881 94051742 314 
25199 24883 94056920 354 
25200 24884 94059510 286 
25201 24885 94062100 394 
25202 24886 94064688 284 
25203 24887 94067278 374 
25204 24888 94069866 806 
25205 24889 94072456 280 
25206 24890 94075044 374 
25207 24891 94077634 338 
25208 24892 94080224 1956 
25209 24893 94082812 350 
25210 24894 94085402 732 
25211 24895 94087990 702 
25212 24896 94090578 334 
25214 24898 94095752 1270 
25215 24899 94098342 334 
25216 24900 94100932 394 
25217 24901 94103522 398 
25218 24902 94106110 648 
25219 24903 94108700 314 
25220 24904 94111288 708 
25221 24905 94113876 988 
25222 24906 94116466 414 
25223 24907 94119054 390 
25223 24907 94119054 390 
25224 24908 94121642 1262 
25225 24909 94124230 466 
25226 24910 94126820 528 
25227 24911 94129404 396 
25227 24911 94129404 396 
25228 24912 94131996 1020 
25230 24914 94139762 566 
25231 24915 94142352 310 
25231 24915 94142352 310 
26214 26214 1723241501 -1240332864 
25232 24916 94144940 1148 
25233 24917 94147530 1284 
25234 24918 94150118 618 
25235 24919 94152708 1026 
25236 24920 94155296 414 
25237 24921 94157884 314 
25238 24922 94160474 1356 
25239 24923 94163062 334 
25240 24924 94165648 420 
25241 24925 94168236 284 
25242 24926 94170826 420 
25243 24927 94173418 344 
25244 24928 94176008 496 
25244 24928 94176008 496 
25245 24929 94178596 1862 
25246 24930 94181186 314 
25247 24931 94183774 1770 
25248 24932 94186364 690 
25249 24933 94188952 1018 
25250 24934 94191538 1024 
25251 24935 94194130 642 
25251 24935 94194130 642 
25251 24935 94194130 642 
25252 24936 94196718 2094 
25253 24937 94199306 374 
25254 24938 94201896 356 
25255 24939 94204484 486 
25256 24940 94207072 506 
25257 24941 94209662 294 
25258 24942 94212250 748 
25260 24943 94217428 -2240 
25261 24944 94220016 686 
25262 24945 94222604 378 
25263 24946 94225194 336 
25264 24947 94227778 388 
25266 24949 94232954 552 
25267 24950 94235542 588 
25268 24951 94238132 380 
25269 24952 94240720 758 
25270 24953 94243312 808 
25271 24954 94245898 506 
25272 24955 94248486 444 
25273 24956 94251078 342 
25274 24957 94253668 376 
25275 24958 94256256 428 
25276 24959 94258844 314 
25277 24960 94261430 332 
25278 24961 94264018 648 
25279 24962 94266606 312 
25280 24963 94269194 512 
25281 24964 94271788 354 
25282 24965 94274376 294 
25283 24966 94276964 412 
25284 24967 94279554 286 
25286 24969 94284732 356 
25287 24970 94287320 314 
25289 24972 94292492 374 
25290 24973 94295082 950 
25291 24974 94297670 286 
25291 24974 94297670 286 
25292 24975 94300262 1806 
25293 24976 94302852 944 
25293 24976 94302852 944 
25295 24978 94308028 410 
25297 24980 94313206 414 
25298 24981 94315794 764 
25299 24982 94318382 616 
25300 24983 94320972 918 
25301 24984 94323560 778 
25302 24985 94326146 288 
25303 24986 94328734 414 
25305 24987 94336504 -2174 
25306 24988 94339090 394 
25307 24989 94341682 412 
25308 24990 94344270 394 
25309 24991 94346860 318 
25310 24992 94349448 652 
25311 24993 94352034 334 
25312 24994 94354622 910 
25313 24995 94357212 374 
25314 24996 94359800 298 
25315 24997 94362386 410 
25316 24998 94364978 286 
25317 24999 94367566 768 
25318 25000 94370156 424 
25319 25001 94372744 354 
25320 25002 94375336 1282 
25321 25003 94377928 354 
25322 25004 94380512 628 
25323 25005 94383104 292 
25324 25006 94385690 472 
25325 25007 94388282 292 
25326 25008 94390872 600 
25328 25010 94396050 770 
25329 25011 94398638 444 
25330 25012 94401228 380 
25333 25015 94408994 330 
25334 25016 94411584 374 
25335 25017 94414172 390 
25336 25018 94416762 1690 
25337 25019 94419350 434 
25338 25020 94421940 314 
25339 25021 94424528 988 
25340 25022 94427118 730 
25341 25023 94429706 844 
25342 25024 94432296 626 
25343 25025 94434884 858 
25343 25025 94434884 858 
25344 25026 94437472 1764 
25345 25027 94440062 724 
25346 25028 94442652 398 
25347 25029 94445240 280 
25348 25030 94447830 666 
25349 25031 94450418 314 
25350 25032 94453008 290 
25351 25033 94455598 332 
25352 25034 94458182 484 
25353 25035 94460770 354 
25355 25037 94465948 1290 
25356 25038 94468536 1066 
25356 25038 94468536 1066 
25357 25039 94473714 2442 
25358 25040 94476306 286 
25359 25041 94478896 634 
25360 25042 94481484 532 
25361 25043 94484072 370 
25362 25044 94486662 916 
25363 25045 94489250 394 
25364 25046 94491838 294 
25365 25047 94494426 414 
25366 25048 94499604 2548 
25367 25049 94502192 870 
25368 25050 94504780 692 
25369 25051 94507368 312 
25371 25053 94515136 584 
25372 25054 94517724 962 
25373 25055 94520312 394 
25374 25056 94522902 620 
25375 25057 94525490 414 
25376 25058 94528080 506 
25377 25059 94530668 332 
25378 25060 94533256 338 
25379 25061 94535842 504 
25381 25062 94541018 -2190 
25382 25063 94543608 498 
25383 25064 94546196 280 
25384 25065 94548788 450 
25385 25066 94551378 808 
25386 25067 94553966 1398 
25387 25068 94556554 318 
25388 25069 94559142 1118 
25389 25070 94561732 314 
25390 25071 94564318 354 
25391 25072 94566906 394 
25392 25073 94569494 732 
21845 25074 94572084 1178 
25394 25075 94574676 1482 
25395 25076 94577266 962 
25396 25077 94579854 650 
25397 25078 94582444 374 
25398 25079 94585032 284 
25399 25080 94587622 390 
25400 25081 94590212 394 
25401 25082 94592798 680 
25402 25083 94595386 1584 
25403 25084 94597974 286 
25404 25085 94600564 1354 
25405 25086 94603152 946 
25406 25087 94605742 354 
25407 25088 94608330 396 
25408 25089 94610920 398 
25408 25089 94610920 398 
25409 25090 94616096 2450 
25410 25091 94618686 298 
25411 25092 94621274 312 
25412 25093 94623862 632 
25413 25094 94626454 300 
25414 25095 94629044 418 
25415 25096 94631632 1236 
25416 25097 94636810 4318 
25417 25098 94639400 332 
25418 25099 94641986 1408 
25419 25100 94644574 280 
25421 25102 94649756 282 
25422 25103 94652346 608 
25423 25104 94654934 354 
25423 25104 94654934 354 
25424 25105 94660114 2648 
25426 25107 94665292 286 
25427 25108 94667882 446 
25428 25109 94670470 418 
25429 25110 94673060 312 
25430 25111 94675648 286 
25431 25112 94678238 298 
25432 25113 94680824 394 
25433 25114 94683412 334 
25434 25115 94686004 378 
25435 25116 94688592 334 
25436 25117 94691180 746 
25437 25118 94693768 706 
25438 25119 94696358 418 
25439 25120 94698948 418 
25440 25121 94704132 2860 
25441 25122 94706720 312 
25442 25123 94709310 396 
25443 25124 94711900 942 
25444 25125 94714490 494 
25445 25126 94717078 838 
25446 25127 94719666 772 
25447 25128 94722256 284 
25448 25129 94724844 354 
25449 25130 94727434 566 
25450 25131 94730020 414 
25451 25132 94732610 314 
25452 25133 94735200 418 
25453 25134 94737790 314 
25454 25135 94740378 508 
25455 25136 94742968 394 
25456 25137 94745558 374 
25457 25138 94748146 294 
25457 25138 94748146 294 
25458 25139 94750736 944 
25459 25140 94753322 762 
25460 25141 94755910 1668 
25461 25142 94758500 372 
25462 25143 94761088 338 
25463 25144 94763682 1046 
25464 25145 94766272 286 
25465 25146 94768860 314 
25466 25147 94771450 354 
25467 25148 94774038 280 
25468 25149 94776628 560 
25469 25150 94779216 1100 
25470 25151 94781806 630 
25471 25152 94784394 336 
25472 25153 94786980 870 
25473 25154 94789568 668 
25474 25155 94792156 1100 
25475 25156 94794748 438 
25476 25157 94797338 932 
25478 25159 94802516 530 
25479 25160 94805104 354 
25480 25161 94807692 288 
25481 25162 94810278 354 
25482 25163 94812866 294 
25483 25164 94815454 354 
25484 25165 94818042 408 
25485 25166 94820632 950 
25486 25167 94823220 396 
25487 25168 94825808 374 
25488 25169 94828400 374 
25489 25170 94830990 1170 
25490 25171 94833580 426 
25491 25172 94836168 410 
25492 25173 94841344 2620 
25493 25174 94846522 3580 
25494 25175 94849110 432 
25495 25176 94851698 284 
25496 25177 94854288 340 
25497 25178 94856876 632 
25498 25179 94859464 1190 
25499 25180 94862052 1122 
25500 25181 94864638 666 
25501 25182 94867226 1008 
25502 25183 94869814 398 
25503 25184 94872402 374 
25504 25185 94874994 420 
25505 25186 94877582 354 
25508 25188 94887932 1120 
25509 25189 94890520 1208 
25510 25190 94893112 334 
25511 25191 94895702 1588 
25512 25192 94898290 930 
25513 25193 94900878 584 
25514 25194 94903468 350 
25515 25195 94906056 414 
25516 25196 94908644 398 
25517 25197 94911232 334 
25518 25198 94913822 314 
25519 25199 94916408 414 
25520 25200 94918996 984 
25521 25201 94921584 486 
25522 25202 94924172 398 
25523 25203 94926762 370 
25524 25204 94929350 358 
25525 25205 94931940 456 
25526 25206 94937122 2396 
25529 25209 94944890 408 
25530 25210 94947480 732 
25531 25211 94950066 688 
25532 25212 94952654 708 
13107 13107 859336134 246601751 
25534 25214 94957836 1930 
25535 25215 94960426 354 
25536 25216 94963014 338 
25537 25217 94965604 356 
25538 25218 94968194 318 
25539 25219 94970782 996 
25540 25220 94973372 398 
25541 25221 94975960 320 
25542 25222 94978550 334 
25543 25223 94981140 350 
25544 25224 94983724 412 
25545 25225 94986314 550 
25546 25226 94988902 1304 
25547 25227 94991494 486 
25548 25228 94994084 482 
25549 25229 94996674 1354 
25550 25230 94999262 414 
25551 25231 95001850 352 
25552 25232 95004440 1552 
25553 25233 95007028 1166 
25554 25234 95009618 970 
25555 25235 95012206 514 
25556 25236 95014794 378 
25557 25237 95017384 394 
25558 25238 95019972 354 
25559 25239 95022560 1120 
25560 25240 95025150 376 
25561 25241 95030248 2214 
25562 25242 95032916 1252 
25563 25243 95035506 280 
21845 25244 95038094 334 
25565 25245 95040682 912 
25566 25246 95043270 394 
25567 25247 95045860 956 
25568 25248 95048448 318 
25570 25250 95056214 3350 
25571 25251 95058800 352 
25572 25252 95061388 378 
25573 25253 95063976 294 
25575 25255 95069158 392 
25576 25256 95071746 378 
25577 25257 95074334 392 
25578 25258 95076924 648 
25579 25259 95079512 446 
25580 25260 95082100 982 
25581 25261 95087278 2468 
25583 25263 95092454 524 
25584 25264 95095042 294 
25585 25265 95097630 334 
25586 25265 95100222 1610 
25587 25266 95102812 690 
25588 25267 95105400 336 
25589 25268 95107990 608 
25590 25269 95110578 378 
25591 25270 95113166 860 
25593 25272 95118344 352 
25593 25272 95118344 352 
25594 25273 95123522 2800 
25595 25274 95126110 310 
25596 25275 95128700 418 
25597 25276 95131288 312 
25598 25277 95133878 296 
25599 25278 95136466 920 
25600 25279 95139054 630 
25601 25280 95141644 414 
25602 25281 95144234 378 
25603 25282 95146822 530 
25604 25283 95149412 358 
25605 25284 95152000 414 
25606 25285 95154588 288 
25607 25286 95157178 410 
25607 25286 95157178 410 
25608 25287 95159766 822 
25609 25288 95162354 330 
25610 25289 95164942 316 
25611 25290 95167530 998 
25612 25291 95170114 398 
25613 25292 95172702 414 
25614 25293 95175292 400 
25615 25294 95177880 576 
25616 25295 95180472 398 
25617 25296 95183060 394 
25618 25297 95185650 1202 
25619 25298 95188240 354 
25620 25299 95190830 1166 
25621 25300 95193418 394 
25622 25301 95196004 904 
25623 25302 95198592 350 
25624 25303 95201184 1628 
25625 25304 95203774 414 
25626 25305 95206362 338 
25627 25306 95208952 1122 
25628 25307 95211540 356 
25629 25308 95214128 394 
25630 25309 95216718 996 
25631 25310 95219306 394 
25632 25311 95221896 1348 
25633 25312 95224484 330 
25634 25313 95227072 944 
25634 25313 95227072 944 
25635 25313 95229660 1620 
25636 25314 95232250 528 
25637 25315 95234838 394 
25638 25316 95237428 1496 
25639 25317 95240014 314 
25640 25318 95242604 398 
25641 25319 95245194 392 
25642 25320 95247782 286 
25643 25321 95250372 718 
25644 25322 95252960 1362 
25645 25323 95255548 608 
26214 26214 1713827466 2138849820 
25647 25325 95263140 2122 
25648 25326 95265902 746 
25649 25327 95268492 1000 
25651 25329 95273668 962 
25652 25330 95276256 334 
25653 25331 95278846 394 
25654 25332 95281434 338 
25655 25333 95284024 942 
25656 25334 95286612 334 
25657 25335 95289200 846 
25658 25336 95291786 482 
25659 25337 95294374 1008 
25660 25338 95296966 1744 
25661 25339 95299554 994 
25662 25340 95302144 318 
25663 25341 95304734 378 
25664 25342 95307324 394 
26214 26214 1724290617 1221564224 
25664 25342 95307324 394 
25665 25343 95312462 2248 
25666 25344 95315090 338 
25667 25345 95317678 294 
25668 25346 95320268 298 
25669 25347 95322856 726 
25670 25348 95325446 316 
25671 25349 95328034 280 
25672 25350 95330624 316 
25673 25351 95333212 372 
25674 25352 95335802 394 
25675 25353 95338392 392 
25676 25354 95340980 294 
25677 25355 95343570 466 
25679 25357 95348748 282 
25680 25358 95351336 630 
25681 25359 95353926 1328 
25682 25360 95356512 374 
25683 25361 95359098 1202 
25683 25361 95359098 1202 
25684 25362 95361692 1512 
25685 25363 95364282 414 
25687 25364 95369460 -2294 
25688 25365 95372050 294 
25689 25366 95374638 1046 
25690 25367 95377226 300 
25691 25368 95379816 628 
25692 25369 95382404 766 
25693 25370 95384994 356 
25694 25371 95387582 386 
25695 25372 95390172 330 
25696 25373 95392760 1874 
25697 25374 95395348 666 
25698 25375 95397938 314 
25700 25377 95403114 398 
25701 25378 95405702 646 
25702 25379 95408290 338 
25703 25380 95410880 414 
25704 25381 95413468 398 
25705 25382 95416054 282 
25705 25382 95416054 282 
25706 25383 95426412 8186 
25707 25384 95429000 574 
25708 25385 95431590 714 
25709 25386 95434178 508 
25710 25387 95436766 410 
25711 25388 95439352 354 
25712 25389 95441942 724 
25713 25390 95447120 2322 
25714 25391 95449706 880 
25715 25392 95452294 1970 
25716 25393 95454882 318 
25717 25394 95457474 280 
25718 25395 95460064 400 
25720 25397 95465240 434 
25721 25398 95467830 286 
25722 25399 95470418 530 
25723 25400 95473006 394 
25723 25400 95473006 394 
25724 25401 95475596 1266 
25726 25403 95480772 298 
25727 25404 95483362 1066 
25728 25405 95485950 1780 
25729 25406 95488540 1146 
25730 25407 95491128 418 
25730 25407 95491128 418 
25731 25408 95493716 898 
25732 25409 95496306 528 
25733 25410 95498894 578 
25734 25411 95501484 1044 
25735 25412 95504072 294 
25736 25413 95506660 338 
25737 25414 95509250 284 
25738 25415 95511832 1168 
25739 25416 95514422 310 
25740 25417 95517012 414 
25741 25418 95519600 334 
25742 25419 95522188 416 
25743 25420 95524778 330 
25743 25420 95524778 330 
25744 25421 95527370 910 
25745 25422 95529960 312 
25746 25423 95532546 378 
25747 25424 95535136 488 
25748 25425 95537726 1308 
25749 25426 95540314 394 
25750 25427 95542904 356 
25752 25429 95548078 1144 
25753 25430 95550666 640 
25754 25431 95553254 530 
25755 25432 95555846 506 
25756 25433 95558436 822 
25757 25434 95561024 372 
25758 25435 95563614 394 
25759 25436 95566202 394 
25760 25437 95568790 338 
25761 25438 95571380 310 
25762 25439 95573968 330 
25763 25440 95576556 1014 
25764 25441 95579144 1338 
25764 25441 95579144 1338 
25765 25442 95581732 1298 
25766 25443 95584322 990 
25767 25444 95586910 414 
25768 25445 95589498 334 
25769 25446 95592086 392 
25770 25447 95594674 812 
25771 25448 95597264 630 
25772 25449 95599852 416 
25773 25450 95602440 608 
25774 25451 95605030 1116 
25775 25452 95607618 414 
25776 25453 95610206 1140 
25777 25454 95612794 1038 
25778 25455 95615384 394 
25779 25456 95617972 394 
25779 25456 95617972 394 
25780 25457 95623150 2696 
25781 25458 95625740 968 
25783 25460 95630918 1134 
25784 25461 95633506 394 
25785 25462 95636096 316 
25786 25463 95638684 338 
25786 25463 95638684 338 
25788 25464 95646422 -1386 
25789 25465 95649040 354 
25790 25466 95651628 1050 
25791 25467 95654218 728 
25792 25468 95656806 632 
25793 25469 95659396 412 
25794 25470 95661984 390 
25795 25471 95664572 338 
25796 25472 95667160 318 
25797 25473 95669750 488 
25798 25474 95672338 314 
25800 25476 95677510 286 
25801 25477 95680100 336 
25802 25478 95682690 286 
25803 25479 95685278 1088 
25804 25480 95687868 978 
25805 25481 95690456 414 
25806 25482 95693046 316 
25807 25483 95695634 310 
25808 25484 95698224 624 
25809 25485 95700814 416 
25810 25486 95703406 354 
25811 25487 95705996 394 
25812 25488 95708584 334 
25813 25489 95711170 456 
25814 25490 95713758 338 
25815 25491 95716348 1058 
25816 25492 95718936 418 
25817 25493 95721528 1516 
25818 25494 95724118 1066 
25819 25495 95726708 372 
25820 25496 95729296 1200 
25821 25497 95731886 690 
25822 25498 95734472 338 
25823 25499 95737062 370 
25824 25500 95739652 470 
25825 25501 95742242 620 
25827 25503 95747420 378 
25828 25504 95750008 572 
25829 25505 95752598 648 
25829 25505 95752598 648 
25832 25507 95762954 334 
25833 25508 95765542 374 
25834 25509 95768132 374 
25835 25510 95770720 374 
25836 25511 95773310 286 
25837 25512 95775898 312 
25839 25514 95781074 1084 
25840 25515 95783664 420 
25841 25516 95786252 602 
25842 25517 95788840 1260 
25843 25518 95793946 2208 
25844 25519 95796608 374 
25845 25520 95799196 314 
25846 25521 95801784 394 
25848 25523 95806962 358 
25849 25524 95809550 316 
25850 25525 95812140 318 
25852 25527 95817318 1210 
25853 25528 95819906 414 
25854 25529 95822494 338 
25855 25530 95825082 394 
25856 25531 95827672 284 
25857 25532 95830260 668 
25858 25533 95832848 378 
25859 25534 95835436 418 
25859 25534 95835436 418 
25860 25535 95838026 1458 
25861 25536 95840610 372 
25862 25537 95843200 1370 
25863 25538 95845790 1326 
25864 25539 95848380 420 
25865 25540 95850968 924 
25866 25541 95853558 416 
25867 25542 95856146 582 
25868 25543 95858734 730 
25869 25544 95861322 354 
25870 25545 95863912 416 
25871 25546 95866500 358 
25872 25547 95869090 418 
25873 25548 95871680 510 
25874 25549 95874268 318 
25875 25550 95876858 374 
25876 25551 95882032 3794 
25877 25552 95887212 2340 
25878 25553 95889802 1982 
25879 25554 95892392 334 
25880 25555 95894980 510 
25881 25556 95897570 284 
25882 25557 95900158 448 
25883 25558 95902748 1344 
25884 25559 95905336 378 
25885 25560 95907926 356 
25886 25561 95910516 488 
25887 25562 95913104 398 
25888 25563 95915692 388 
25889 25564 95918282 278 
25889 25564 95918282 278 
25890 25565 95920870 1806 
25891 25566 95923458 374 
25892 25567 95926048 286 
25893 25568 95928636 354 
25894 25569 95931224 338 
25895 25570 95933814 600 
25896 25571 95936402 684 
25897 25572 95938990 392 
25898 25573 95941580 572 
25899 25574 95944168 412 
25900 25575 95946756 1094 
25901 25576 95949346 1020 
25902 25577 95951932 688 
25903 25578 95954522 386 
25905 25580 95959700 352 
25905 25580 95959700 352 
25907 25582 95964876 764 
25909 25584 95970054 294 
25910 25585 95972642 532 
25910 25585 95972642 532 
25911 25586 95975232 850 
25912 25587 95977820 418 
25913 25588 95980408 932 
25914 25589 95982996 590 
25915 25590 95985582 1320 
25916 25591 95988170 378 
25918 25592 95993346 -2104 
25919 25593 95995936 312 
25920 25594 95998524 286 
25920 25594 95998524 286 
25922 25596 96003702 528 
25923 25597 96006290 648 
25924 25598 96008880 356 
25924 25598 96008880 356 
25925 25599 96011468 1248 
25926 25600 96014062 474 
25927 25601 96016652 354 
25928 25602 96019240 394 
25929 25603 96024418 2362 
25930 25604 96027006 314 
25931 25605 96029596 310 
25932 25606 96032184 318 
25933 25607 96034772 484 
25934 25608 96037360 298 
25935 25609 96039948 426 
25938 25611 96047714 610 
25939 25612 96050302 410 
25940 25613 96052890 674 
25941 25614 96055480 526 
25942 25615 96058068 334 
25943 25616 96060654 1042 
25944 25617 96063242 286 
25945 25618 96065834 374 
25946 25619 96068424 358 
25947 25620 96071012 412 
25949 25622 96076190 1570 
25953 25624 96091724 296 
25954 25625 96094312 708 
25955 25626 96096902 372 
25956 25627 96099484 952 
25957 25628 96102074 282 
25958 25629 96104664 338 
25959 25630 96107252 314 
25960 25631 96109842 380 
25961 25632 96112430 548 
25962 25633 96115018 414 
25963 25634 96117606 332 
25964 25635 96120198 284 
25965 25636 96122788 1222 
25966 25637 96125376 570 
25967 25638 96127964 1192 
25968 25639 96130552 976 
25969 25640 96133140 374 
25970 25641 96135730 374 
25971 25642 96138318 808 
25972 25643 96140906 448 
25973 25644 96143494 494 
25974 25645 96146082 320 
25975 25646 96148670 414 
25976 25647 96151258 1058 
25977 25648 96153848 394 
25979 25650 96159024 646 
25980 25651 96161612 550 
25981 25652 96164200 374 
25982 25653 96166788 418 
25983 25654 96169374 292 
25984 25655 96171960 814 
25985 25656 96174552 280 
25986 25657 96177140 532 
25987 25658 96179728 940 
25988 25659 96182318 310 
25989 25660 96184906 650 
25990 25661 96187494 470 
25991 25662 96190082 1040 
25992 25663 96192670 420 
25993 25664 96195260 334 
25994 25665 96197848 286 
25995 25666 96200436 312 
25996 25667 96203020 338 
25997 25668 96205612 316 
25998 25669 96208198 396 
25999 25670 96210788 374 
26000 25671 96213378 284 
26001 25672 96215968 292 
26002 25673 96218556 312 
26003 25674 96221144 728 
26004 25675 96223734 410 
26005 25676 96226322 394 
26006 25677 96228912 288 
26007 25678 96231500 724 
26008 25679 96234090 1934 
26009 25680 96236678 330 
26010 25681 96239268 396 
26011 25682 96241856 1862 
26011 25682 96241856 1862 
26012 25683 96244442 1760 
26013 25684 96247030 630 
26014 25685 96249624 288 
26015 25686 96252212 446 
26016 25687 96254802 296 
26017 25688 96257390 452 
26018 25689 96259980 2048 
26019 25690 96262568 394 
26020 25691 96265156 670 
26021 25692 96267746 358 
26022 25693 96270334 550 
26023 25694 96272922 282 
26024 25695 96275512 766 
26025 25696 96278100 412 
26026 25697 96280688 688 
26027 25698 96283276 374 
26028 25699 96285862 340 
26029 25700 96288452 282 
26030 25701 96291042 288 
26032 25703 96296216 498 
26033 25704 96298804 600 
26034 25705 96301398 298 
26035 25706 96303986 358 
26035 25706 96303986 358 
26036 25707 96306576 1284 
26037 25708 96309164 294 
26038 25709 96311754 398 
26039 25710 96314342 394 
26040 25711 96316932 356 
26041 25712 96319520 374 
26042 25713 96322110 400 
26043 25714 96324698 332 
26044 25715 96327288 358 
26045 25716 96329876 588 
26046 25717 96332466 572 
26047 25718 96335054 568 
26049 25720 96340230 608 
26050 25721 96342820 870 
26051 25722 96345408 332 
26052 25723 96347996 786 
26053 25724 96350586 484 
26054 25725 96353172 336 
26055 25726 96355760 354 
26057 25728 96360942 374 
26058 25729 96363532 288 
26059 25730 96366120 544 
26060 25731 96368710 534 
26061 25732 96371298 1310 
26062 25733 96376476 2438 
26063 25734 96379066 336 
26064 25735 96381654 376 
26065 25736 96384244 478 
26066 25737 96386832 1834 
26067 25738 96389422 368 
26068 25739 96392010 286 
26069 25740 96394598 584 
26070 25741 96397186 320 
26071 25742 96399776 392 
26072 25743 96402364 298 
26073 25744 96404952 442 
26074 25745 96407540 996 
26075 25746 96410128 1774 
26076 25747 96412718 356 
26077 25748 96415306 332 
26077 25748 96415306 332 
26078 25749 96417894 882 
26079 25750 96420480 466 
26080 25751 96423068 288 
26081 25752 96425660 354 
26082 25753 96428246 418 
26083 25754 96430832 332 
26084 25755 96435866 2150 
26085 25756 96438602 412 
26086 25757 96441192 650 
26087 25758 96443782 374 
26088 25759 96446370 396 
26089 25760 96448958 290 
26090 25761 96451540 500 
26091 25762 96454132 280 
26093 25764 96459308 634 
26094 25765 96461896 378 
26095 25766 96464488 946 
26096 25767 96467078 770 
26097 25768 96469666 280 
26098 25769 96472254 398 
26100 25771 96477432 512 
26102 25773 96482610 420 
26103 25774 96485200 896 
26104 25775 96487788 354 
26105 25776 96490376 280 
26106 25777 96492966 1112 
26107 25778 96495554 1316 
26108 25779 96498140 652 
26109 25780 96500730 398 
26110 25781 96503320 356 
26110 25781 96503320 356 
26111 25782 96505908 1866 
26112 25783 96508498 1188 
26113 25784 96511086 390 
26114 25785 96513674 396 
26115 25786 96516262 974 
26116 25787 96518848 316 
26117 25788 96521440 310 
26118 25789 96524026 378 
26119 25790 96526616 1060 
26120 25791 96529206 288 
26214 26214 1724254992 -1812998503 
26121 25792 96534384 2552 
26122 25793 96536968 848 
26123 25794 96539556 414 
26124 25795 96542146 380 
26126 25797 96547322 432 
26127 25798 96549912 292 
26128 25799 96552500 608 
26130 25800 96557682 -2200 
26131 25801 96560270 286 
26132 25802 96562858 718 
26133 25803 96565446 294 
21845 21845 1431687581 -2003264929 
26135 25805 96570624 906 
26136 25806 96573214 414 
26137 25807 96575802 588 
26138 25808 96578390 1278 
26139 25809 96580980 370 
26140 25810 96583568 1234 
26141 25811 96586156 468 
26142 25812 96588742 288 
26143 25813 96591330 334 
26144 25814 96593918 358 
26145 25815 96596508 1100 
26146 25816 96599100 318 
26147 25817 96601688 294 
26148 25818 96604278 606 
26149 25819 96606866 414 
26150 25820 96609456 724 
26150 25820 96609456 724 
26151 25820 96612044 1698 
26152 25821 96614632 286 
26153 25822 96617222 690 
26154 25823 96619810 668 
26155 25824 96622400 644 
26156 25825 96624990 432 
26157 25826 96627574 590 
26158 25827 96630164 286 
26159 25828 96632752 336 
26160 25829 96635342 300 
26161 25830 96637930 1000 
26162 25831 96640520 300 
26163 25832 96643108 566 
26164 25833 96645696 1016 
26165 25834 96648286 284 
26166 25835 96650874 732 
26167 25836 96653466 446 
26167 25836 96653466 446 
26168 25837 96658640 4242 
26169 25838 96661228 392 
26170 25839 96663818 490 
26171 25840 96666410 1102 
26172 25841 96668996 416 
26173 25842 96671582 314 
26174 25843 96674176 1058 
26175 25844 96676764 490 
26176 25845 96679354 570 
26177 25846 96681942 408 
26179 25848 96687120 932 
26180 25849 96689708 594 
26181 25850 96692296 586 
26182 25851 96694886 394 
26183 25852 96697474 1748 
26184 25853 96700064 286 
26185 25854 96702648 460 
26187 25856 96707828 278 
26188 25857 96713006 3408 
26189 25858 96715594 636 
26190 25859 96718184 358 
26191 25860 96720772 292 
26192 25861 96723360 1036 
26193 25862 96725948 314 
26194 25863 96728536 616 
26195 25864 96731122 314 
26196 25865 96733712 374 
26197 25866 96736300 532 
26198 25867 96738888 356 
26199 25868 96744070 3364 
26200 25869 96746658 552 
26201 25870 96749246 444 
26202 25871 96751834 396 
26203 25872 96754422 284 
26204 25873 96757012 1214 
26205 25874 96759600 504 
26208 25876 96767366 -2194 
26209 25877 96769954 292 
26210 25878 96772544 334 
26211 25879 96775132 372 
26212 25880 96777722 706 
26213 25881 96780312 2070 
26214 25882 96782896 812 
26215 25883 96785484 482 
26216 25884 96788074 334 
26217 25885 96790666 394 
26218 25886 96793256 314 
26219 25887 96795844 472 
26220 25888 96798432 1146 
26221 25889 96803610 2358 
26222 25890 96806198 1336 
26223 25891 96808786 282 
26226 25894 96816552 284 
26227 25895 96819142 480 
26228 25896 96821730 374 
26229 25897 96824318 284 
26230 25898 96826908 416 
26231 25899 96829496 376 
26232 25900 96832080 338 
26233 25901 96834672 722 
26234 25902 96839844 2896 
26235 25903 96842432 334 
26236 25904 96845020 400 
26237 25905 96847608 376 
26238 25906 96850196 284 
26239 25907 96852784 294 
26241 25908 96857964 1706 
26242 25909 96860554 610 
26243 25910 96863138 414 
26244 25911 96865726 288 
26245 25912 96868314 284 
26246 25913 96870906 288 
26246 25913 96870906 288 
26247 25914 96873496 1696 
26248 25915 96876084 294 
26249 25916 96878672 690 
26250 25917 96881260 420 
26251 25918 96883850 354 
26252 25919 96886438 778 
26253 25920 96889026 808 
26254 25921 96891614 294 
26255 25922 96894202 392 
26256 25923 96896792 626 
26257 25924 96899380 870 
26258 25925 96901968 1568 
26259 25926 96904558 1184 
26260 25927 96907146 336 
26260 25927 96907146 336 
26261 25928 96909734 926 
26262 25929 96912322 298 
26263 25930 96914910 416 
26264 25931 96917500 380 
26265 25932 96920088 338 
26266 25933 96922676 396 
26267 25934 96925264 356 
26268 25935 96927854 286 
26269 25936 96930438 350 
26270 25937 96933028 672 
26271 25938 96935616 682 
26272 25939 96938204 1350 
26273 25940 96940796 294 
26274 25941 96943386 574 
26275 25942 96945976 418 
26276 25943 96948566 694 
26277 25944 96951154 372 
26278 25945 96953744 670 
26279 25946 96956334 950 
26280 25947 96958922 294 
26281 25948 96961512 448 
26282 25949 96964100 294 
26283 25950 96966690 338 
26284 25951 96969280 356 
26285 25952 96971866 312 
26286 25953 96974454 1136 
26287 25954 96977044 1084 
26288 25955 96979636 356 
26289 25956 96982226 994 
26290 25957 96984816 298 
26291 25958 96987404 554 
26292 25959 96989994 380 
26293 25960 96992582 508 
26294 25961 96995172 358 
26295 25962 96997762 394 
26296 25963 97000350 394 
26297 25964 97002940 316 
26298 25965 97005530 378 
26299 25966 97008116 350 
26300 25967 97010706 318 
26301 25968 97013296 376 
26302 25969 97015886 1078 
26303 25970 97018476 1180 
26304 25971 97021062 316 
26305 25972 97023648 742 
26306 25973 97026238 1030 
26307 25974 97028830 394 
26308 25975 97031420 674 
26309 25976 97034010 334 
26310 25977 97036600 294 
26311 25978 97039184 314 
26312 25979 97041774 1068 
26313 25980 97044362 516 
26314 25981 97046954 360 
26315 25982 97049546 448 
26316 25983 97052134 350 
26317 25984 97054724 284 
26318 25985 97057312 394 
26319 25986 97059900 354 
26320 25987 97062490 320 
26321 25988 97065078 486 
26322 25989 97067668 1496 
26323 25990 97070256 354 
26324 25991 97072846 574 
26325 25992 97075434 688 
26326 25993 97078024 494 
26327 25994 97080608 456 
26328 25995 97083198 552 
26329 25996 97085786 1844 
26330 25997 97088374 288 
26331 25998 97090968 314 
26333 26000 97096146 862 
26333 26000 97096146 862 
26334 26001 97098734 934 
26335 26002 97101324 472 
26336 26003 97103912 398 
17476 17476 1144710143 -1 
26337 26004 97106500 292 
26338 26005 97109090 1872 
26339 26006 97111678 506 
26340 26007 97114266 314 
26341 26008 97116854 508 
26342 26009 97119442 296 
26344 26011 97127206 2882 
26345 26012 97129794 346 
26346 26013 97132382 544 
26347 26014 97134970 280 
26347 26014 97134970 280 
26348 26015 97137558 1072 
26349 26016 97140146 488 
26350 26017 97142736 690 
26351 26018 97145324 312 
26352 26019 97147914 806 
26353 26020 97150498 314 
26354 26021 97153086 286 
26355 26022 97155676 390 
26356 26023 97158264 1344 
26357 26024 97160860 468 
26358 26025 97163450 396 
26359 26026 97166040 672 
26359 26026 97166040 672 
26360 26027 97171216 2818 
26361 26028 97173804 900 
26362 26029 97176392 340 
26363 26030 97178982 314 
26364 26031 97181570 318 
26365 26032 97184158 372 
26366 26033 97186746 474 
26367 26034 97189332 398 
26368 26035 97191920 974 
26369 26036 97194508 724 
26370 26037 97197096 416 
26371 26038 97199688 412 
26372 26039 97202278 360 
26373 26040 97204866 546 
26374 26041 97207454 300 
26375 26042 97210044 506 
26376 26043 97212632 416 
26377 26044 97215220 358 
26377 26044 97215220 358 
26378 26045 97217810 1560 
26378 26045 97217810 1560 
26379 26046 97220398 1708 
26380 26047 97222988 340 
26381 26048 97225576 352 
26382 26049 97228164 356 
26384 26051 97233342 398 
26385 26052 97235932 606 
26386 26053 97238518 1272 
26386 26053 97238518 1272 
26387 26054 97241106 986 
26388 26055 97243694 338 
26389 26056 97246284 316 
26390 26057 97248872 834 
26391 26058 97251462 310 
26391 26058 97251462 310 
26392 26059 97254050 1044 
26393 26060 97256640 296 
26394 26061 97259226 668 
26395 26062 97261814 334 
26396 26063 97264402 312 
26396 26063 97264402 312 
26397 26064 97266990 970 
26398 26065 97269582 908 
26399 26066 97272172 314 
26400 26067 97274764 284 
26401 26068 97277354 396 
26402 26069 97279942 356 
26404 26071 97285120 572 
26405 26072 97287708 374 
26405 26072 97287708 374 
26406 26073 97290298 1186 
26407 26074 97292886 428 
26408 26075 97295476 320 
26409 26076 97298060 314 
26410 26077 97300648 380 
26411 26078 97303238 296 
26412 26079 97305828 286 
26413 26080 97308418 1312 
26414 26081 97311008 356 
26415 26082 97313598 568 
26416 26083 97316186 420 
26417 26084 97318774 1840 
26418 26085 97321362 380 
26419 26086 97323952 586 
26420 26087 97326540 296 
26420 26087 97326540 296 
26421 26088 97329130 1306 
26422 26089 97331720 654 
26423 26090 97334308 410 
26424 26091 97336898 880 
26425 26092 97339486 354 
26428 26094 97349840 338 
26429 26095 97354894 2172 
26430 26096 97357606 904 
26432 26098 97362784 394 
26432 26098 97362784 394 
26433 26099 97367960 3316 
26434 26100 97370550 358 
26436 26102 97375732 340 
26437 26103 97378322 490 
26437 26103 97378322 490 
26439 26105 97386090 372 
26440 26106 97388678 358 
26214 26214 1717986835 -1447269806 
26441 26107 97391268 900 
26442 26108 97393856 894 
26443 26109 97396446 900 
26444 26110 97399034 314 
26445 26111 97401622 382 
26446 26112 97404208 394 
26447 26113 97406796 356 
26448 26114 97409386 1140 
26449 26115 97411974 294 
26450 26116 97414566 398 
26451 26117 97417156 312 
26452 26118 97419746 992 
26453 26119 97422334 986 
26454 26120 97424924 1608 
26455 26121 97427512 412 
26456 26122 97430102 414 
26457 26123 97432692 314 
26458 26124 97435280 334 
26459 26125 97437870 334 
26460 26126 97440458 318 
26461 26127 97443046 394 
26462 26128 97445636 338 
26463 26129 97448224 432 
26464 26130 97450814 390 
26465 26131 97453402 314 
26465 26131 97453402 314 
26466 26132 97455992 1258 
26467 26133 97458580 412 
26468 26134 97461168 338 
26469 26135 97463758 372 
26471 26137 97468936 292 
26472 26138 97471524 394 
26473 26139 97474110 528 
26474 26140 97476698 494 
26475 26141 97479288 338 
26476 26142 97481876 338 
26477 26143 97484466 1204 
26478 26144 97487054 350 
26479 26145 97489646 432 
26480 26146 97492236 400 
26481 26147 97497412 2350 
26482 26148 97500002 334 
26483 26149 97502590 716 
26484 26150 97505176 414 
26485 26151 97507760 332 
26486 26152 97510354 374 
26488 26154 97515526 408 
26489 26155 97518118 378 
26490 26156 97520706 750 
26491 26157 97523300 856 
26492 26158 97525890 314 
26493 26159 97528480 928 
26493 26159 97528480 928 
26494 26160 97531070 1346 
26495 26161 97533658 394 
26496 26162 97536246 378 
26497 26163 97538836 332 
26498 26164 97541424 418 
26499 26165 97544012 472 
26501 26167 97549190 414 
26502 26168 97551780 286 
26503 26169 97554368 280 
26505 26171 97559546 626 
26506 26172 97562134 930 
26507 26173 97564722 314 
26508 26174 97567312 670 
26509 26175 97569900 414 
26510 26176 97572488 468 
26511 26177 97575078 960 
26512 26178 97580232 2260 
26513 26179 97582844 416 
26514 26180 97585434 284 
26515 26181 97588022 1288 
26516 26182 97590610 354 
26517 26183 97593200 688 
26518 26184 97595788 1118 
26520 26186 97600964 734 
26520 26186 97600964 734 
26521 26187 97603554 1656 
26522 26188 97606142 318 
26523 26189 97608730 564 
26524 26190 97611320 420 
26525 26191 97613908 414 
26526 26192 97616498 378 
26527 26193 97619086 296 
26528 26194 97624264 3126 
26529 26195 97626852 746 
26530 26196 97629442 594 
26531 26197 97632030 350 
26531 26197 97632030 350 
26532 26198 97634620 1284 
26533 26199 97637208 294 
26534 26200 97639798 430 
26535 26201 97642386 418 
26537 26203 97647564 518 
26538 26204 97650150 354 
26539 26205 97652742 942 
26540 26206 97655332 378 
26541 26207 97657920 1240 
26542 26208 97660510 1004 
26543 26209 97663098 408 
26544 26210 97668276 2434 
26545 26211 97670864 394 
26546 26212 97673454 286 
26547 26213 97676042 504 
26548 26214 97678632 356 
26549 26215 97681220 364 
26550 26216 97683808 414 
26551 26217 97686398 334 
26551 26217 97686398 334 
26552 26218 97688986 1370 
26553 26219 97691576 1306 
26554 26220 97694164 1506 
26555 26221 97696754 332 
26556 26222 97699342 418 
26557 26223 97701930 290 
26558 26224 97704520 318 
26559 26225 97707108 1670 
26560 26226 97709696 512 
26561 26227 97712284 434 
26562 26228 97714874 300 
26563 26229 97717462 1450 
26564 26230 97720050 354 
26565 26231 97722638 418 
26566 26232 97725228 638 
26567 26233 97727816 626 
26568 26234 97730404 512 
26569 26235 97732994 538 
26569 26235 97732994 538 
26570 26236 97735582 858 
26571 26237 97738172 350 
26572 26238 97740760 972 
26573 26239 97743348 370 
26574 26240 97745938 400 
26575 26241 97748526 372 
26576 26242 97751114 298 
26577 26243 97753704 470 
26578 26244 97758880 2762 
26579 26245 97761470 374 
26580 26246 97764058 354 
26582 26248 97769236 1372 
26583 26249 97774414 2950 
26584 26250 97777002 1516 
26585 26251 97779592 342 
26214 26214 1727057912 -1143734279 
26587 26253 97784770 1772 
26588 26254 97787356 414 
26589 26255 97789946 486 
26590 26256 97792538 286 
26591 26257 97795126 294 
26593 26258 97802894 -2190 
26594 26259 97805484 488 
26596 26261 97810664 376 
26597 26262 97813250 426 
26598 26263 97815840 976 
26599 26264 97818432 568 
26600 26265 97821020 1008 
26601 26266 97823610 356 
26602 26267 97826198 286 
26603 26268 97828788 912 
26604 26269 97831376 416 
26605 26270 97836556 3288 
26607 26272 97841734 420 
26609 26274 97846912 414 
26610 26275 97849502 434 
26611 26276 97852090 564 
26612 26277 97859858 5348 
26613 26278 97862448 316 
26614 26279 97865036 528 
26615 26280 97867626 530 
26616 26281 97872802 2886 
26617 26282 97875388 688 
26618 26283 97877976 316 
26619 26284 97880568 412 
26621 26286 97885746 1402 
26622 26287 97888336 782 
26623 26288 97890924 290 
26624 26289 97893514 298 
26625 26290 97896104 280 
26627 26292 97901280 292 
26628 26293 97903868 866 
26629 26294 97906454 414 
26630 26295 97909044 1772 
26631 26296 97911638 416 
26632 26297 97914228 410 
26633 26298 97916816 390 
26634 26299 97919406 380 
26635 26300 97921996 314 
26636 26301 97924584 334 
26637 26302 97927170 350 
26638 26303 97929762 316 
26639 26304 97932352 280 
26640 26305 97934940 318 
26641 26306 97937530 488 
26642 26307 97940120 784 
26643 26308 97942708 404 
26645 26310 97947886 284 
26646 26311 97950476 896 
26647 26312 97953064 630 
26648 26313 97955654 314 
26649 26314 97958244 624 
26650 26315 97960832 378 
26651 26316 97963422 456 
26652 26317 97966010 354 
26653 26318 97968598 392 
26654 26319 97971188 296 
26655 26320 97973778 756 
26656 26321 97976366 338 
26657 26322 97978956 658 
26658 26323 97981544 288 
26659 26324 97984132 292 
26660 26325 97986722 478 
26661 26326 97989310 708 
26662 26327 97991900 466 
26663 26328 97994486 282 
26664 26329 97997074 668 
26665 26330 97999666 358 
26665 26330 97999666 358 
26668 26332 98010024 -2308 
26669 26333 98012614 1142 
26670 26334 98015202 406 
26671 26335 98017792 1172 
26673 26337 98022970 336 
26675 26339 98028150 414 
26676 26340 98030736 1108 
13107 13107 1929388718 -838861233 
26678 26342 98035916 1746 
26679 26343 98038502 334 
26680 26344 98041092 494 
26681 26345 98043684 314 
26682 26346 98046274 338 
26683 26347 98048864 774 
26684 26348 98051452 448 
26685 26349 98054042 838 
26686 26350 98056632 296 
26687 26351 98059220 968 
26688 26352 98061810 318 
26689 26353 98064398 374 
26690 26354 98066988 314 
26691 26355 98072010 2128 
26692 26356 98074756 298 
26693 26357 98077344 1016 
26694 26358 98079934 374 
26696 26360 98085112 588 
26697 26361 98087700 314 
26698 26362 98090290 286 
26699 26363 98092878 528 
26700 26364 98095468 320 
26701 26365 98098052 350 
26702 26366 98100642 1158 
26703 26367 98103230 354 
26704 26368 98105822 338 
26706 26370 98111002 288 
26706 26370 98111002 288 
26707 26371 98113590 1286 
26708 26372 98116178 288 
26709 26373 98118768 398 
26710 26374 98121356 338 
26711 26375 98123946 476 
26712 26376 98126534 966 
26713 26377 98129124 338 
26714 26378 98131714 608 
26715 26379 98134302 338 
26716 26380 98136892 858 
26717 26381 98139478 818 
26718 26382 98142064 466 
26719 26383 98144656 286 
26720 26384 98147244 400 
26721 26385 98149832 942 
26722 26386 98152424 822 
26723 26387 98155014 282 
26724 26388 98157602 658 
26724 26388 98157602 658 
26725 26389 98160192 872 
26726 26390 98162780 354 
26727 26391 98165370 566 
26728 26392 98167960 418 
26729 26393 98170548 356 
26730 26394 98173138 670 
26731 26395 98175726 746 
26732 26396 98178316 298 
26733 26397 98180904 584 
26734 26398 98183494 552 
26735 26399 98186084 1224 
26735 26399 98186084 1224 
26736 26400 98188672 976 
26737 26401 98191262 352 
26738 26402 98193850 530 
26739 26403 98196440 664 
26740 26404 98199028 358 
26741 26405 98201618 862 
26742 26406 98204206 296 
26743 26407 98206796 668 
26744 26408 98209378 418 
26745 26409 98211966 396 
26746 26410 98214560 666 
26747 26411 98217152 330 
26748 26412 98219742 608 
26749 26413 98222330 1082 
26750 26414 98224920 336 
26751 26415 98227508 896 
26752 26416 98230098 396 
26753 26417 98232686 392 
26754 26418 98237866 3652 
26755 26419 98240454 488 
26756 26420 98243044 416 
26757 26421 98245632 524 
26758 26422 98248218 398 
26759 26423 98250806 370 
26760 26424 98253400 510 
26761 26425 98255990 370 
26762 26426 98258576 360 
26763 26427 98261164 334 
26764 26428 98263756 286 
26766 26430 98268934 318 
26767 26431 98271524 1106 
26768 26432 98274112 316 
26769 26433 98279290 4264 
26770 26434 98281880 412 
26771 26435 98284468 548 
26772 26436 98289646 2526 
26773 26437 98292234 1862 
26774 26438 98294824 336 
26775 26439 98297412 334 
26776 26440 98300002 288 
26777 26441 98302590 414 
26778 26442 98305180 418 
26779 26443 98307770 410 
26779 26443 98307770 410 
26780 26444 98312948 3124 
26781 26445 98315538 408 
26782 26446 98318124 334 
26783 26447 98320710 684 
26784 26448 98323296 294 
26785 26449 98325888 564 
26786 26450 98328482 338 
26786 26450 98328482 338 
26787 26451 98331070 834 
26788 26452 98333660 316 
26789 26453 98336250 444 
26790 26454 98338840 394 
26791 26455 98341428 358 
26792 26456 98344018 296 
26793 26457 98346606 564 
26794 26458 98349196 374 
26795 26459 98351784 352 
26796 26460 98354374 588 
26797 26461 98356958 522 
26798 26462 98359546 1182 
26799 26463 98362138 406 
26800 26464 98364730 1132 
26801 26465 98367316 414 
26802 26466 98369904 470 
26803 26467 98372492 290 
26804 26468 98375086 350 
26805 26469 98377676 316 
26806 26470 98380264 646 
26807 26471 98382854 708 
26808 26472 98385442 394 
26809 26473 98388032 334 
26810 26474 98390622 320 
26811 26475 98395726 2220 
26812 26476 98398388 354 
26813 26477 98400976 390 
26814 26478 98403564 1122 
26815 26479 98406150 278 
26816 26480 98408742 394 
26817 26481 98411330 662 
26818 26482 98413920 320 
26819 26483 98416508 374 
26820 26484 98419098 358 
26821 26485 98421684 290 
26822 26486 98424274 334 
26823 26487 98426864 472 
26825 26489 98432040 1252 
26826 26490 98434630 296 
26828 26492 98439806 816 
26829 26493 98442396 392 
26830 26493 98447574 398 
26831 26494 98450162 410 
26832 26495 98455340 2524 
26833 26496 98457930 316 
26834 26497 98460518 912 
26835 26498 98463108 416 
26836 26499 98465692 374 
26837 26500 98468280 782 
26839 26501 98476052 -2296 
26840 26502 98478640 336 
26841 26503 98483816 4104 
26842 26504 98486406 922 
26843 26505 98488994 280 
26844 26506 98491582 510 
26845 26507 98494172 392 
26846 26508 98496760 972 
26847 26509 98499350 316 
26848 26510 98501938 1330 
26850 26512 98507114 650 
26851 26513 98509704 688 
26852 26514 98512292 412 
26853 26515 98514880 778 
26854 26516 98517468 338 
26855 26517 98520058 550 
26856 26518 98522642 1632 
26857 26519 98525234 412 
26858 26520 98527824 338 
26860 26522 98533002 320 
26861 26523 98535586 444 
26862 26524 98538174 334 
26863 26525 98540764 412 
26864 26526 98543354 358 
26865 26527 98545944 314 
26866 26528 98548534 340 
26867 26529 98551124 290 
26868 26530 98553712 290 
26869 26531 98556300 394 
26870 26532 98558890 338 
26871 26533 98561478 350 
26872 26534 98564068 722 
26873 26535 98566656 410 
26874 26536 98569244 398 
26875 26537 98571832 336 
26876 26538 98574418 510 
26877 26539 98577006 756 
26878 26540 98579596 316 
26879 26541 98582182 334 
26880 26542 98584774 708 
26881 26543 98587364 608 
26882 26544 98589952 970 
26883 26545 98592540 504 
26884 26546 98595130 300 
26885 26547 98597718 392 
26886 26548 98600308 378 
26887 26549 98602896 394 
26214 26214 1724304912 -2109211536 
26889 26551 98608074 1016 
26890 26552 98610662 356 
26891 26553 98613250 296 
26892 26554 98618428 3264 
26893 26555 98623606 4444 
26894 26556 98626194 316 
26895 26557 98628782 334 
26896 26558 98631368 376 
26897 26559 98633958 352 
26898 26560 98636548 1414 
26899 26561 98639136 312 
26901 26562 98646900 -2512 
26902 26563 98649492 966 
26903 26564 98652082 414 
26904 26565 98654670 590 
26905 26566 98657258 392 
26906 26567 98662436 3010 
26906 26567 98662436 3010 
26907 26568 98665024 1794 
26908 26569 98667614 924 
26908 26569 98667614 924 
26909 26570 98670202 948 
26910 26571 98672790 354 
26911 26572 98675378 830 
26912 26573 98677966 396 
26913 26574 98680552 700 
26914 26575 98683140 380 
26915 26576 98685728 1090 
26916 26577 98688320 298 
26917 26578 98690906 312 
26918 26579 98693492 750 
26919 26580 98696084 598 
26920 26581 98698674 294 
26921 26582 98701262 520 
26922 26583 98703850 668 
26923 26584 98706440 294 
26924 26585 98709028 298 
26925 26586 98711616 1272 
26926 26587 98714206 412 
26927 26588 98716794 596 
26928 26589 98719382 414 
26929 26590 98721972 526 
26930 26591 98724560 314 
26931 26592 98727148 392 
26932 26593 98729738 356 
26933 26594 98732326 1920 
26933 26594 98732326 1920 
26934 26595 98734916 980 
26935 26596 98737504 606 
26936 26597 98740090 984 
26937 26598 98742678 392 
26938 26599 98745270 480 
26939 26600 98747858 386 
26940 26601 98750448 286 
26942 26602 98758214 -2304 
26943 26603 98760804 394 
26944 26604 98763392 374 
26945 26605 98768498 2214 
26946 26606 98771160 998 
26947 26607 98773748 332 
26949 26608 98783948 2110 
26951 26610 98789284 416 
26953 26611 98794460 -2216 
26954 26612 98797050 864 
26955 26613 98799636 912 
26955 26613 98799636 912 
26956 26614 98804814 2680 
26957 26615 98807400 312 
26958 26616 98809990 408 
26959 26617 98812584 284 
26960 26618 98815174 314 
26961 26619 98817760 294 
26962 26620 98820348 418 
26963 26621 98822940 412 
26963 26621 98822940 412 
26964 26622 98825526 1590 
26966 26624 98830704 526 
26967 26625 98833296 336 
26968 26626 98835886 396 
26969 26627 98840976 2194 
26970 26628 98843652 398 
26214 26214 1719409410 1743572477 
26972 26629 98848830 1400 
26973 26630 98851418 314 
26974 26631 98854008 490 
26975 26632 98856596 570 
26976 26633 98859186 418 
26977 26634 98861774 352 
26978 26635 98864362 426 
26979 26636 98866952 1346 
26980 26637 98869542 288 
26981 26638 98872130 528 
26982 26639 98874720 570 
26983 26640 98877308 548 
26984 26641 98879898 712 
26985 26642 98882486 932 
26986 26643 98885076 944 
26987 26644 98887664 394 
26987 26644 98887664 394 
26988 26645 98890254 916 
26989 26646 98892842 282 
26990 26647 98895432 694 
26991 26648 98898020 374 
26992 26649 98900610 334 
26994 26650 98905788 286 
26995 26651 98908378 414 
26996 26652 98910966 490 
26997 26653 98913556 686 
26998 26654 98916146 374 
26998 26654 98916146 374 
26999 26655 98918734 1016 
27000 26656 98921322 576 
27001 26657 98923912 1186 
27002 26658 98926500 804 
27003 26659 98929090 464 
27004 26660 98931680 532 
27005 26661 98934268 414 
27006 26662 98936858 320 
27007 26663 98939448 290 
27008 26664 98942036 398 
27009 26665 98944624 296 
27010 26666 98947214 286 
27011 26667 98949802 312 
27012 26668 98952392 550 
27012 26668 98952392 550 
27013 26669 98954980 1058 
27014 26670 98957570 1872 
27015 26671 98960158 738 
27016 26672 98962746 1200 
27017 26673 98965336 1252 
27018 26674 98967924 854 
27019 26675 98970510 334 
27020 26676 98973100 378 
27021 26677 98975690 1356 
27022 26678 98978278 648 
27023 26679 98980868 1044 
27024 26680 98983456 620 
27025 26681 98986046 930 
27026 26682 98988634 358 
27027 26683 98991222 666 
27028 26684 98993812 1596 
27029 26685 98996400 354 
27030 26686 98998988 1244 
27031 26687 99001578 394 
27032 26688 99004166 354 
27034 26690 99009344 286 
27035 26691 99011932 1150 
27036 26691 99014522 1910 
27037 26692 99017110 330 
27038 26693 99019698 316 
27038 26693 99019698 316 
27039 26694 99022288 1578 
27040 26695 99024876 294 
27040 26695 99024876 294 
27041 26695 99030054 2898 
27042 26696 99032642 528 
27043 26697 99035230 392 
27044 26698 99037820 1550 
27045 26699 99040408 350 
27046 26700 99042998 1162 
27047 26701 99045582 1204 
27048 26702 99048168 418 
27049 26703 99050758 372 
27050 26704 99053352 398 
27051 26705 99055942 414 
27052 26706 99058530 410 
27053 26707 99061120 332 
27054 26708 99063708 284 
27055 26709 99066294 410 
27056 26710 99068884 740 
27057 26711 99071474 546 
27058 26712 99074062 1446 
27059 26713 99076650 412 
27060 26714 99079240 400 
27061 26715 99084414 2904 
27062 26716 99087002 314 
27063 26717 99089594 1138 
27064 26718 99092184 334 
27065 26719 99094766 280 
27066 26720 99097360 418 
27066 26720 99097360 418 
27067 26721 99099950 942 
27068 26722 99102540 334 
27069 26723 99105128 310 
27070 26724 99107718 338 
27071 26725 99110306 392 
27072 26726 99112896 1216 
27073 26727 99115484 642 
27074 26728 99118074 300 
27075 26729 99120662 372 
27076 26730 99123252 340 
27077 26731 99125840 290 
27078 26732 99128428 942 
27079 26733 99131018 1394 
27080 26734 99133606 358 
27081 26735 99136196 1722 
27082 26736 99138786 354 
27083 26737 99141374 280 
27083 26737 99141374 280 
27084 26738 99146552 2964 
27084 26738 99146552 2964 
27085 26739 99149142 942 
27086 26740 99151732 398 
27087 26741 99154320 334 
27088 26742 99156906 338 
27089 26743 99159498 278 
27090 26744 99162084 284 
27091 26745 99164672 394 
27092 26746 99167262 286 
27093 26747 99169850 392 
27094 26748 99175010 2274 
27095 26749 99177622 356 
27096 26750 99180212 490 
27097 26751 99182800 1998 
27098 26752 99203266 334 
