3256 2820 123166682 310 
3257 2821 123168636 524 
3258 2822 123170582 284 
3259 2823 123172524 592 
3260 2824 123174466 764 
3261 2825 123176408 290 
3262 2825 123178350 354 
3263 2826 123180292 328 
3264 2827 123182234 312 
3265 2828 123184178 410 
3267 2829 123188068 584 
3268 2830 123190014 668 
3269 2831 123191958 310 
3270 2832 123193900 566 
3272 2833 123197784 394 
3273 2834 123199724 408 
3274 2835 123201666 282 
3275 2836 123203608 392 
3276 2837 123205550 334 
3277 2838 123207490 370 
3278 2839 123209432 446 
3279 2840 123211374 390 
3280 2841 123213316 352 
3281 2842 123215256 310 
3282 2843 123217198 736 
3283 2844 123219140 1046 
3284 2845 123221082 1096 
3285 2846 123223022 360 
3286 2847 123224964 352 
3287 2848 123226906 280 
3288 2849 123228848 506 
30583 30583 2002489279 -1360010337 
3291 2850 123234672 388 
3292 2851 123236614 294 
3294 2852 123240496 608 
3295 2853 123242438 904 
3296 2854 123244380 396 
3297 2855 123246322 276 
3298 2856 123248262 294 
3299 2857 123250204 352 
3302 2858 123256030 1200 
3303 2859 123257972 350 
3304 2860 123259914 330 
3305 2861 123261856 504 
3306 2862 123263798 486 
3307 2863 123265740 524 
3308 2863 123267682 394 
3309 2864 123269624 522 
3310 2865 123271562 372 
3311 2866 123275448 1830 
3312 2867 123277390 710 
3315 2868 123285158 3260 
3316 2869 123287100 348 
3317 2870 123289040 448 
3320 2871 123294866 606 
3321 2872 123296808 330 
3322 2872 123298750 294 
3323 2873 123300692 348 
3324 2874 123302634 414 
3325 2874 123304576 334 
3326 2875 123306518 586 
3327 2876 123308460 314 
3328 2876 123310400 284 
3329 2877 123312342 388 
3330 2878 123314284 334 
3332 2879 123318168 456 
3333 2880 123320110 292 
3334 2881 123322048 414 
3335 2882 123323994 408 
3337 2883 123327878 524 
3338 2884 123329820 392 
3340 2885 123333704 334 
3341 2886 123335646 330 
3342 2887 123337588 466 
3343 2888 123339530 278 
3344 2889 123341472 282 
3345 2890 123343414 584 
3346 2891 123345356 352 
3347 2892 123347298 1064 
3348 2893 123349240 284 
3349 2894 123351180 426 
3350 2895 123353122 390 
3351 2896 123355066 276 
3352 2897 123357008 332 
3353 2898 123358950 390 
3354 2899 123360892 488 
3355 2900 123362834 408 
3356 2901 123364776 352 
3357 2902 123366718 408 
3358 2903 123368660 372 
3360 2904 123372544 546 
3361 2905 123374482 432 
3362 2906 123376426 392 
3363 2907 123378370 522 
3364 2908 123380312 606 
3365 2909 123382254 390 
3366 2910 123384196 372 
3367 2910 123386138 308 
3368 2911 123388080 312 
3369 2912 123390020 462 
3370 2913 123391962 354 
3371 2914 123393904 330 
3372 2915 123395846 466 
3373 2916 123397788 308 
3374 2917 123399728 312 
3375 2918 123401670 332 
3376 2919 123403612 376 
3377 2920 123405554 280 
3378 2921 123407496 334 
3379 2922 123409438 348 
3380 2923 123411378 354 
3381 2924 123413320 390 
3382 2925 123415262 314 
3383 2926 123417204 412 
3384 2927 123419146 282 
3385 2928 123421088 618 
3386 2929 123423030 446 
3387 2930 123424972 310 
3388 2931 123426914 292 
3389 2932 123428856 602 
3390 2933 123430798 730 
3392 2934 123434682 296 
3394 2935 123438566 292 
3395 2936 123440504 392 
3396 2937 123442446 838 
3397 2938 123444390 330 
3400 2940 123450220 334 
3401 2941 123452164 502 
3402 2942 123454106 292 
3403 2943 123456048 450 
3404 2944 123457990 284 
3405 2945 123459932 542 
3406 2946 123461874 284 
3407 2947 123463816 368 
3408 2948 123465758 352 
3409 2949 123469644 2410 
3411 2950 123473528 350 
3413 2951 123477412 288 
3414 2952 123479354 416 
3415 2953 123481294 310 
3417 2955 123485178 352 
3418 2956 123487122 374 
3419 2957 123489066 408 
3421 2958 123492950 350 
3422 2959 123494892 610 
3423 2960 123496834 392 
3425 2961 123500718 280 
3426 2962 123502660 414 
3427 2963 123504602 308 
3428 2964 123506544 292 
3429 2965 123508486 824 
3430 2966 123510424 436 
3431 2967 123512366 290 
3432 2968 123514308 312 
3434 2970 123518190 352 
3435 2971 123520136 348 
3436 2972 123522080 456 
3437 2973 123524022 368 
3438 2974 123525964 1158 
3439 2975 123527904 682 
3442 2978 123533730 562 
3443 2979 123535672 950 
3444 2980 123537612 354 
3445 2981 123539556 354 
3446 2982 123541498 556 
3449 2984 123549266 410 
3450 2984 123551208 800 
3451 2985 123553148 466 
3452 2986 123555092 686 
3454 2987 123558976 352 
3455 2988 123560916 580 
3456 2988 123562860 448 
3457 2989 123564804 370 
3459 2990 123568688 368 
3460 2991 123570630 336 
3461 2992 123572572 1274 
3462 2993 123574516 446 
3463 2994 123576458 502 
3464 2995 123578400 406 
3465 2996 123580342 308 
3466 2997 123582280 394 
3467 2998 123584224 484 
3468 2998 123586164 380 
3469 2999 123588108 278 
3470 3000 123590048 390 
3471 3001 123591990 388 
3472 3002 123593934 626 
3473 3003 123595874 602 
3474 3004 123597818 376 
3475 3005 123599762 446 
3476 3006 123601704 354 
3479 3009 123607528 388 
3480 3010 123609468 332 
3482 3012 123613354 566 
3483 3013 123615296 290 
3484 3014 123617238 282 
3485 3015 123619178 350 
3487 3016 123623060 594 
3488 3017 123625002 416 
3489 3018 123626944 1410 
3490 3019 123628886 782 
3491 3020 123630828 350 
3492 3021 123632770 314 
3493 3022 123634712 310 
3494 3023 123636654 368 
3495 3024 123638596 290 
3496 3025 123640538 530 
3497 3025 123642480 412 
3500 3028 123648306 414 
3501 3029 123650252 328 
3502 3030 123652194 332 
3503 3030 123654132 292 
3504 3031 123657964 1584 
3506 3033 123661904 284 
3507 3034 123663846 562 
3508 3035 123665788 376 
3509 3036 123667730 422 
3511 3038 123671614 390 
3512 3039 123673556 316 
3513 3040 123675498 490 
3514 3041 123677442 332 
3515 3042 123679384 410 
3516 3043 123681326 332 
3517 3044 123683268 642 
3518 3045 123685212 284 
3519 3046 123687154 432 
3520 3046 123689096 284 
3521 3047 123691038 390 
3523 3047 123694922 312 
3524 3048 123696866 310 
3525 3049 123698808 368 
3526 3050 123700746 284 
3527 3051 123702688 602 
3528 3052 123704630 510 
3530 3052 123708512 374 
3532 3054 123712396 546 
3533 3055 123714338 310 
3534 3056 123716284 732 
3536 3058 123720168 590 
3537 3059 123722112 350 
3539 3061 123725996 742 
3540 3062 123727938 352 
3542 3063 123731820 314 
3543 3064 123733760 282 
3544 3065 123735706 358 
3545 3066 123737652 540 
3546 3067 123739596 284 
3547 3068 123741538 348 
3548 3069 123743480 392 
3550 3070 123747364 414 
3551 3071 123749306 450 
3552 3072 123751248 292 
3553 3073 123753190 854 
3554 3074 123755132 436 
3555 3075 123757074 370 
3556 3076 123759016 508 
3557 3077 123760958 278 
3558 3078 123762900 728 
3559 3079 123764842 290 
3560 3080 123766784 470 
3561 3081 123768726 288 
3562 3082 123770670 1232 
3563 3083 123772612 458 
3564 3084 123774554 464 
3565 3085 123776494 408 
3566 3086 123778438 354 
3567 3087 123780380 442 
3568 3088 123782322 312 
3569 3089 123784264 410 
3570 3090 123786206 374 
3571 3091 123788148 290 
3572 3092 123790092 296 
3573 3093 123792034 388 
3574 3094 123793976 646 
3576 3095 123797862 412 
3577 3096 123799804 504 
3579 3097 123803688 876 
3581 3098 123807574 348 
3583 3100 123811458 874 
3584 3101 123813400 508 
3586 3103 123817282 352 
3587 3104 123819226 290 
3588 3105 123821166 282 
3589 3106 123823112 390 
3590 3107 123825054 330 
3591 3108 123826996 308 
3592 3109 123828938 414 
3593 3109 123830880 1082 
3594 3110 123832824 374 
3595 3111 123834766 350 
3596 3111 123836708 352 
3597 3112 123838650 390 
3598 3113 123840592 296 
3599 3114 123842534 384 
3600 3115 123844476 376 
3602 3117 123848362 408 
3603 3117 123850304 296 
3604 3118 123852246 354 
3605 3119 123854188 290 
3606 3120 123856130 1018 
3607 3121 123858072 312 
3608 3122 123860012 282 
3609 3123 123861952 1272 
3610 3124 123863896 390 
3611 3125 123865838 980 
3612 3126 123867776 526 
3613 3127 123869718 1052 
3614 3128 123871660 278 
3615 3129 123873602 310 
3616 3130 123875544 354 
3617 3131 123877486 368 
3619 3132 123881372 388 
3620 3133 123883314 584 
3621 3134 123885256 328 
3622 3135 123889146 1900 
3624 3136 123893032 336 
3625 3137 123894974 504 
3626 3138 123896916 316 
3627 3139 123898860 288 
3628 3140 123902740 2114 
3630 3141 123908566 394 
3632 3142 123912456 316 
3633 3143 123914398 310 
3634 3144 123916340 484 
3635 3145 123918282 312 
3636 3146 123920226 316 
3637 3147 123922168 362 
3638 3148 123925924 1512 
3639 3149 123927994 752 
3640 3150 123929938 296 
3641 3151 123931880 390 
3642 3152 123933822 412 
3643 3153 123935764 276 
3644 3154 123937706 1414 
3645 3155 123939648 604 
3647 3156 123943534 412 
3648 3157 123947420 1996 
3649 3158 123949362 288 
3650 3159 123951304 282 
3651 3160 123953246 392 
3652 3161 123955190 334 
3653 3162 123957132 604 
3654 3163 123959074 722 
3655 3164 123961016 328 
3656 3165 123962958 392 
3657 3166 123964896 1278 
3659 3167 123968784 1136 
3660 3168 123972670 1972 
3661 3169 123974612 762 
3662 3170 123976554 640 
3663 3171 123978498 310 
3664 3172 123980440 666 
3666 3174 123984326 336 
3667 3175 123986268 348 
3668 3176 123988210 734 
3669 3177 123990152 370 
3671 3178 123994036 368 
3672 3178 123995978 412 
3673 3179 123997920 330 
3674 3180 123999862 354 
3675 3181 124001804 330 
3676 3182 124003748 282 
3677 3182 124005690 390 
3678 3183 124007632 284 
3679 3184 124011512 1990 
3680 3184 124013458 608 
3681 3185 124015400 502 
3682 3186 124017342 352 
3683 3187 124019286 580 
3686 3190 124025112 526 
3687 3191 124027056 626 
3688 3192 124028998 514 
3689 3193 124030940 352 
3690 3194 124036766 4626 
3691 3195 124038708 564 
3692 3196 124040650 670 
3694 3198 124044536 290 
3695 3199 124046478 310 
3696 3200 124048420 746 
3697 3201 124050362 410 
3698 3202 124052304 372 
3699 3203 124054242 316 
3700 3203 124056184 390 
3701 3204 124058126 288 
3702 3205 124060072 296 
3703 3206 124062016 664 
3704 3207 124063958 392 
3705 3208 124065900 348 
3706 3209 124067842 284 
3707 3210 124071728 1708 
3708 3211 124073670 294 
3709 3212 124075612 308 
3710 3213 124077554 392 
3711 3214 124079496 350 
3712 3215 124081438 426 
3713 3216 124083382 350 
3714 3217 124085324 394 
3715 3218 124087266 330 
3716 3219 124089208 604 
3717 3219 124091148 278 
3718 3220 124093088 284 
3720 3222 124096976 284 
3721 3223 124098920 330 
3722 3224 124100862 312 
3723 3225 124102804 490 
3724 3226 124104746 430 
3725 3227 124106688 312 
3726 3227 124108630 446 
3727 3228 124110572 726 
3728 3229 124112514 314 
3729 3230 124114458 550 
3730 3231 124116400 636 
3731 3232 124118342 330 
3732 3232 124120284 332 
3733 3233 124122226 388 
3735 3233 124126110 588 
3737 3235 124129988 758 
3738 3236 124133876 2944 
3739 3237 124135818 296 
3740 3238 124137764 448 
3741 3239 124139708 736 
3743 3241 124143592 804 
3744 3242 124145534 284 
3745 3243 124147476 350 
3747 3244 124153304 328 
3748 3245 124155246 414 
3749 3245 124157184 390 
3750 3246 124159128 292 
3751 3247 124161072 666 
3752 3247 124163014 354 
3753 3248 124164956 348 
3754 3249 124166898 336 
3755 3250 124168838 370 
3756 3251 124170778 352 
3757 3252 124172720 706 
3758 3253 124174662 540 
3759 3254 124176608 308 
3760 3255 124178552 284 
21845 21845 1699557494 1467479935 
3762 3256 124182436 726 
3764 3258 124186320 354 
3765 3259 124188264 310 
3766 3260 124192148 3402 
3767 3261 124194090 290 
3768 3262 124196032 684 
3769 3263 124197974 288 
3770 3264 124199916 352 
3771 3265 124201858 350 
3773 3267 124205742 284 
3774 3268 124207682 414 
3776 3269 124211566 918 
3777 3270 124213508 330 
3778 3271 124215450 374 
3779 3272 124217390 290 
3780 3273 124219332 446 
3781 3274 124221274 646 
3782 3275 124223216 376 
3783 3276 124225158 744 
3784 3277 124227100 356 
3785 3278 124229038 462 
3786 3279 124230982 594 
3787 3280 124232922 390 
3788 3281 124234862 314 
3789 3282 124236804 372 
3790 3283 124238746 286 
3791 3284 124240688 290 
3792 3285 124242630 294 
3793 3286 124244572 310 
3794 3287 124246516 334 
3795 3288 124248458 388 
3796 3289 124250400 1228 
3797 3290 124252342 352 
3798 3291 124254284 358 
3799 3292 124256226 330 
3801 3293 124260112 330 
3802 3294 124262054 314 
3803 3295 124263996 634 
3804 3296 124265938 426 
3805 3297 124267882 310 
3807 3298 124271764 330 
3808 3299 124273708 546 
3809 3300 124275652 350 
3810 3300 124277596 490 
3811 3301 124279538 350 
3813 3303 124283422 308 
3816 3306 124289250 426 
3817 3307 124291192 390 
3818 3308 124293134 514 
3819 3309 124295078 292 
3820 3310 124297020 460 
3821 3310 124298962 308 
3822 3311 124300904 530 
3824 3312 124304790 414 
3825 3313 124306732 330 
3826 3314 124308674 428 
3827 3315 124310618 390 
3828 3316 124312560 354 
3830 3318 124316444 1050 
3831 3319 124318386 330 
3832 3320 124320328 730 
3833 3320 124322270 666 
3834 3321 124324214 524 
3835 3322 124326156 330 
3836 3323 124328098 284 
3837 3324 124330040 1256 
3838 3325 124331982 316 
3839 3326 124333926 352 
3840 3327 124335866 312 
3841 3328 124337806 630 
3842 3328 124339750 808 
3843 3328 124341690 426 
3844 3329 124343632 282 
3846 3331 124347516 650 
3847 3332 124349458 354 
3848 3333 124351402 928 
3849 3333 124353344 286 
3851 3334 124357228 330 
3852 3335 124359174 416 
3853 3336 124361116 278 
3854 3337 124363058 396 
3855 3338 124365002 308 
3856 3339 124366944 394 
3857 3340 124368886 290 
3858 3341 124370828 1022 
3859 3342 124372768 582 
3860 3343 124374708 292 
3861 3344 124376650 298 
3862 3345 124378592 842 
3864 3346 124382476 276 
3865 3347 124384422 484 
3866 3348 124386366 396 
3867 3349 124388308 716 
3868 3350 124390250 284 
3869 3351 124392192 1036 
3870 3352 124394134 284 
3871 3353 124396076 1156 
3872 3354 124398018 464 
3873 3355 124399960 288 
3874 3356 124401902 352 
3875 3357 124403844 290 
3876 3358 124405786 284 
3878 3359 124409670 316 
3879 3360 124411614 408 
3880 3361 124413556 314 
3882 3362 124417440 626 
3883 3363 124419382 584 
3884 3364 124421324 608 
3885 3365 124423266 330 
3886 3366 124425208 394 
3887 3367 124427152 390 
3888 3368 124429094 334 
3890 3370 124432978 374 
3891 3371 124434920 938 
3892 3372 124436862 728 
3894 3373 124440748 354 
3896 3374 124444632 414 
3897 3375 124446574 430 
3898 3376 124448516 282 
3899 3377 124450458 372 
3900 3378 124452400 276 
3901 3379 124454344 368 
3902 3380 124456286 284 
3903 3381 124458228 290 
3904 3382 124460170 414 
3905 3382 124462112 368 
21845 21845 1439029400 2045077004 
3907 3383 124465992 370 
3908 3384 124469876 1836 
3909 3385 124471818 290 
3911 3386 124477648 -1214 
3912 3387 124479590 282 
3913 3388 124481532 692 
3914 3389 124483474 314 
3915 3390 124485416 392 
3916 3391 124487358 412 
3917 3392 124489300 390 
3918 3393 124491242 332 
3919 3394 124493184 542 
3920 3395 124495126 374 
3921 3395 124497068 748 
3922 3396 124499010 332 
3924 3397 124502894 354 
3925 3398 124504836 764 
3926 3399 124506778 334 
3927 3400 124510662 1732 
3928 3401 124512604 414 
3929 3402 124514546 646 
3930 3403 124520374 3678 
3931 3404 124522316 278 
3932 3405 124524258 414 
3933 3406 124526200 350 
3935 3408 124530084 410 
3937 3409 124535910 -1658 
3938 3410 124537852 282 
3939 3411 124539794 330 
3940 3412 124541738 414 
3941 3413 124543680 308 
3942 3414 124545622 514 
3943 3414 124547564 308 
3944 3415 124549504 282 
3945 3415 124553390 1762 
3946 3416 124555334 374 
3947 3417 124557276 374 
3948 3418 124559218 556 
3949 3419 124561160 462 
3950 3420 124563102 866 
3951 3421 124565044 390 
3953 3422 124568928 1096 
3954 3423 124570872 312 
3955 3424 124572814 310 
3956 3425 124574756 412 
3957 3426 124576698 378 
3958 3427 124578640 284 
3959 3428 124580584 370 
3960 3428 124582526 412 
3961 3429 124584468 328 
3964 3430 124590294 526 
3965 3431 124592238 480 
3966 3432 124594180 332 
3967 3433 124596122 482 
3968 3434 124598064 332 
3969 3435 124600006 410 
3970 3436 124601948 294 
3971 3437 124603890 390 
3972 3438 124605832 394 
3973 3439 124607776 290 
3975 3440 124611656 410 
3976 3441 124613600 372 
3977 3442 124615544 312 
3978 3443 124617486 352 
3979 3444 124619428 768 
3980 3445 124621370 292 
3981 3446 124623312 278 
3982 3447 124625254 598 
3983 3448 124627198 390 
3984 3449 124629140 568 
3985 3450 124631082 410 
3986 3450 124633024 666 
3987 3451 124634966 280 
3988 3452 124636908 394 
3989 3453 124638850 410 
3990 3453 124640792 424 
3991 3454 124642734 408 
3992 3455 124644676 414 
3993 3456 124646618 462 
3994 3456 124648560 416 
3995 3457 124650502 350 
3996 3457 124652444 354 
3998 3458 124656328 376 
3999 3459 124658266 328 
4000 3460 124660210 316 
4001 3461 124662154 714 
4002 3461 124664096 724 
4006 3465 124671864 780 
4007 3466 124673802 424 
4008 3467 124675748 416 
4009 3468 124677686 416 
4010 3469 124679628 350 
4013 3470 124685454 310 
4014 3471 124687396 416 
4015 3472 124689338 390 
4016 3473 124691284 530 
4017 3474 124693226 410 
4018 3475 124695168 376 
4019 3476 124697108 410 
4020 3477 124699052 644 
4021 3478 124700992 352 
4022 3479 124702932 408 
4023 3480 124704874 372 
4024 3481 124706816 334 
4025 3482 124708758 330 
4027 3484 124712642 734 
4028 3485 124714584 286 
4029 3486 124716530 368 
4030 3487 124718470 656 
4031 3488 124720414 580 
4032 3489 124722356 414 
4034 3490 124726240 564 
4035 3491 124728182 292 
4036 3492 124730124 296 
4037 3493 124732066 278 
4038 3494 124734010 632 
4039 3495 124735950 414 
4040 3496 124737892 368 
4041 3496 124739834 310 
4042 3497 124741776 294 
4043 3498 124743718 330 
4044 3499 124745660 402 
4045 3499 124747602 312 
4046 3499 124749544 278 
4047 3500 124751486 370 
4050 3501 124757314 330 
4051 3502 124759254 282 
4052 3503 124761196 376 
4053 3504 124763140 278 
4054 3505 124765082 352 
4055 3506 124767024 716 
4056 3507 124768966 414 
4057 3508 124770908 290 
4058 3509 124772852 356 
4059 3510 124774790 390 
4060 3511 124776736 374 
4061 3512 124778678 354 
4062 3513 124780620 284 
4063 3514 124782560 702 
4064 3515 124784506 394 
4065 3516 124786448 278 
4066 3517 124788392 414 
4067 3518 124790330 416 
4068 3519 124792272 438 
4069 3520 124794214 292 
4070 3521 124796156 374 
4072 3522 124800046 332 
4073 3523 124801988 290 
4074 3524 124803926 416 
4075 3524 124805872 390 
4076 3525 124807812 444 
4079 3528 124813640 434 
4080 3529 124815580 386 
4081 3529 124817524 472 
4083 3529 124821410 370 
4086 3530 124827238 314 
4087 3530 124829176 290 
4088 3531 124833066 2948 
4089 3532 124835008 408 
4090 3533 124836950 374 
4091 3534 124838892 370 
4092 3535 124840834 416 
4095 3538 124846662 368 
4096 3539 124848604 414 
4097 3540 124850546 334 
4098 3541 124852490 942 
4099 3542 124854432 372 
4100 3543 124856374 684 
4102 3544 124860260 414 
4103 3544 124862202 310 
4104 3545 124866086 2386 
26214 26214 1722337154 -1511565139 
4106 3546 124869970 962 
4107 3547 124871914 370 
4109 3548 124875798 280 
4110 3549 124877740 468 
4111 3550 124879682 664 
4113 3551 124883566 1078 
4114 3552 124885510 372 
4115 3553 124887452 308 
4116 3554 124889394 414 
4117 3555 124891336 368 
4118 3556 124893278 374 
4119 3557 124895220 284 
4121 3559 124899104 348 
4122 3560 124901046 296 
4123 3561 124902988 392 
4124 3561 124904932 396 
4125 3562 124906874 352 
4127 3563 124910758 372 
4128 3564 124912700 650 
4129 3565 124914644 546 
4130 3566 124916586 308 
4131 3567 124918528 310 
4132 3568 124920470 332 
4135 3569 124926298 350 
4136 3570 124928240 414 
4137 3571 124930182 290 
4138 3572 124932124 446 
4139 3573 124934066 280 
4140 3574 124936008 446 
4141 3575 124937952 292 
4142 3576 124939894 1280 
4143 3577 124941836 502 
4144 3578 124943778 394 
4145 3579 124945720 474 
4146 3580 124947664 282 
4148 3581 124951548 414 
4149 3582 124953490 390 
4150 3583 124955432 332 
4151 3584 124957374 1336 
4152 3585 124959316 626 
4153 3586 124961258 280 
4155 3588 124965142 290 
4156 3589 124967084 296 
4157 3589 124969026 278 
4158 3590 124970968 486 
4159 3591 124972910 292 
28152 11022 1856017159 466542302 
4161 3592 124976794 288 
4162 3593 124978736 1076 
4163 3594 124980680 352 
4164 3595 124982622 566 
4165 3596 124984564 370 
4166 3597 124986506 372 
4167 3598 124988448 394 
4169 3600 124992332 392 
4170 3601 124994274 312 
4171 3602 124996216 294 
4172 3603 124998158 488 
4173 3604 125002044 2718 
4175 3605 125005928 334 
4176 3606 125007870 426 
4178 3607 125011754 334 
4179 3607 125013696 288 
4181 3609 125017580 410 
4182 3610 125019522 352 
4183 3611 125021464 442 
4184 3612 125023402 292 
4186 3613 125029232 394 
4187 3614 125031174 278 
4190 3615 125036998 334 
4192 3616 125040884 334 
4194 3618 125044768 1158 
4195 3619 125046712 292 
4196 3620 125048654 284 
4198 3621 125052534 352 
4199 3622 125054478 394 
4200 3623 125056418 568 
4201 3624 125058360 426 
4202 3625 125060306 296 
4203 3625 125062244 308 
4205 3626 125066132 368 
4206 3627 125068072 706 
4207 3628 125070016 316 
4208 3629 125071958 372 
4209 3630 125073902 332 
4210 3630 125075844 466 
4211 3631 125077786 278 
4213 3632 125081670 1446 
4214 3633 125083612 292 
4215 3634 125085554 410 
4216 3635 125087496 548 
4217 3636 125091380 1670 
4218 3637 125093324 646 
4219 3638 125095266 838 
4220 3639 125097208 352 
4221 3640 125099150 370 
4222 3641 125101092 428 
4223 3642 125103034 390 
4224 3642 125104976 746 
4225 3643 125106918 278 
4227 3644 125110802 348 
4228 3645 125112744 414 
4230 3647 125116628 406 
4231 3648 125118570 374 
4232 3649 125120512 376 
4234 3649 125124398 316 
4236 3650 125128282 392 
4237 3651 125130224 352 
4238 3652 125132166 284 
4239 3653 125134108 280 
4240 3654 125136052 394 
4241 3655 125137994 288 
4242 3656 125139936 466 
4243 3657 125141878 560 
4244 3658 125143820 1278 
4247 3659 125151590 -1588 
4248 3660 125153528 412 
4249 3661 125155472 308 
4250 3662 125157416 350 
4251 3663 125159358 278 
4252 3664 125161296 394 
4253 3665 125163240 372 
4254 3666 125165184 282 
4255 3667 125167126 996 
4256 3668 125169068 284 
4259 3669 125178780 310 
4260 3670 125180722 334 
4261 3671 125182664 682 
4263 3672 125188490 -1630 
4264 3673 125190434 524 
4265 3674 125192376 408 
4266 3675 125194318 560 
4267 3676 125196260 370 
4268 3677 125198204 408 
4269 3678 125200146 294 
4270 3679 125202088 1002 
4271 3680 125204030 328 
4272 3680 125205972 374 
4273 3681 125207914 1150 
4274 3682 125209856 408 
4275 3683 125211798 622 
4276 3684 125213740 564 
4277 3685 125215684 478 
4279 3687 125219568 284 
4280 3688 125223452 2286 
4281 3689 125225394 402 
4282 3690 125227336 374 
4283 3691 125229276 332 
4284 3691 125231220 312 
4285 3692 125235104 3072 
4287 3694 125238986 412 
4288 3695 125240930 388 
4289 3696 125242872 312 
4290 3697 125244814 980 
4291 3698 125246756 410 
4292 3699 125248698 412 
4293 3700 125250640 290 
4295 3701 125254526 624 
4296 3702 125256468 524 
4297 3703 125258410 574 
4299 3705 125262294 332 
4300 3706 125264236 284 
4301 3707 125266180 454 
4304 3710 125272006 392 
4305 3711 125273948 280 
4307 3712 125277832 848 
4308 3713 125279774 438 
4309 3714 125281716 410 
4310 3715 125283658 354 
4311 3716 125285600 484 
4312 3716 125287544 372 
4314 3717 125291428 312 
4315 3718 125295312 1996 
4317 3719 125299196 352 
4318 3720 125301140 282 
4319 3721 125303082 290 
4320 3722 125305024 650 
4322 3722 125308908 826 
4323 3722 125310852 390 
4324 3723 125312794 392 
4325 3724 125314736 348 
4326 3725 125316678 412 
4327 3726 125318620 434 
4328 3727 125320564 296 
4329 3728 125322506 370 
4330 3729 125324448 638 
4331 3730 125326390 292 
4332 3731 125328332 334 
4333 3732 125330276 410 
4334 3733 125332218 294 
4335 3734 125334160 482 
4337 3735 125338044 370 
4339 3736 125341928 798 
4340 3737 125345812 1814 
4342 3738 125349696 314 
4343 3739 125353580 2224 
4344 3739 125355522 356 
26214 26214 1721556479 -12289 
4346 3740 125359406 296 
4347 3741 125361348 312 
4348 3742 125363292 482 
4349 3743 125365234 390 
4350 3744 125367176 766 
4351 3745 125369118 408 
4352 3746 125371060 486 
4353 3747 125373002 416 
4354 3747 125374944 376 
4355 3748 125376886 410 
4356 3749 125378828 296 
4357 3750 125382714 1734 
4360 3751 125388540 312 
4362 3752 125392424 688 
4363 3753 125394366 290 
4364 3754 125396310 334 
4365 3755 125398252 290 
4366 3756 125400194 392 
4367 3757 125402136 464 
4368 3758 125404078 314 
4369 3759 125406020 544 
4373 3760 125413788 1180 
4375 3761 125417672 280 
4376 3762 125419614 354 
4377 3762 125421556 368 
4379 3763 125425440 278 
4380 3763 125427382 284 
4381 3764 125429322 388 
4382 3764 125431264 294 
4383 3765 125433206 314 
4384 3766 125435148 284 
4385 3767 125437090 394 
4386 3768 125439032 626 
4387 3769 125440974 1036 
4388 3770 125442916 354 
4389 3771 125448742 3756 
4390 3772 125450684 334 
4391 3773 125452626 442 
4392 3774 125454568 412 
4393 3775 125456510 1258 
4394 3776 125458452 296 
4395 3777 125460394 392 
4396 3778 125462336 394 
4398 3778 125466216 568 
4399 3779 125468162 290 
4400 3780 125470104 392 
4401 3781 125472046 292 
4402 3782 125473988 294 
4403 3783 125475930 442 
4404 3783 125477874 314 
4405 3784 125479816 336 
4406 3785 125481758 372 
4407 3786 125483700 330 
4408 3787 125485642 414 
4409 3788 125487584 352 
4410 3789 125489526 284 
4411 3790 125491466 484 
4412 3791 125493408 352 
4413 3792 125495352 500 
4414 3793 125497294 566 
4415 3794 125499236 686 
4416 3795 125501178 294 
4417 3795 125503120 392 
4418 3796 125505058 880 
4419 3796 125507004 334 
4420 3797 125508946 354 
4421 3798 125510888 604 
4423 3799 125516714 332 
4424 3800 125520488 1536 
4425 3801 125522542 408 
4426 3802 125524484 488 
4427 3803 125526426 350 
4428 3803 125528368 334 
4429 3804 125530310 294 
4430 3805 125532252 372 
4431 3806 125534194 312 
4432 3807 125536132 354 
4433 3808 125538078 368 
4435 3809 125541962 312 
4436 3810 125543906 506 
4437 3811 125545848 1180 
4438 3812 125547790 314 
4439 3813 125549732 288 
4440 3814 125551674 880 
4441 3815 125553616 1138 
4442 3816 125555558 336 
4443 3817 125557500 664 
4444 3818 125559444 484 
4445 3819 125561386 278 
4447 3821 125565270 290 
4448 3822 125567212 872 
4449 3823 125569154 466 
4450 3824 125571098 330 
4451 3825 125573040 416 
4452 3826 125574982 392 
4453 3827 125576924 370 
4454 3828 125578866 294 
4455 3829 125580808 392 
4458 3831 125586636 332 
4459 3832 125588578 978 
4460 3833 125590520 414 
4461 3834 125592462 280 
4462 3835 125594404 334 
4463 3836 125596346 914 
4464 3837 125598288 284 
4465 3837 125600230 1064 
4466 3838 125602172 412 
4467 3839 125604114 624 
4469 3840 125607998 878 
4472 3841 125615762 -1650 
4473 3842 125617704 412 
4474 3843 125619650 284 
30583 30583 2011658157 1452813391 
4477 3844 125625476 354 
4478 3845 125627420 522 
4480 3847 125631304 284 
4482 3848 125635188 282 
4483 3849 125637130 392 
4484 3850 125639072 394 
4485 3851 125641016 526 
4487 3852 125646842 562 
4488 3853 125648784 518 
4489 3854 125650726 748 
4490 3855 125652670 314 
4491 3856 125654612 694 
4492 3857 125656554 448 
4493 3858 125658496 370 
4494 3858 125660440 328 
4496 3858 125664324 414 
4497 3859 125666266 368 
4498 3860 125668208 378 
4499 3861 125670152 624 
4501 3862 125674036 662 
4502 3863 125675978 334 
4503 3864 125677920 700 
4504 3864 125679862 334 
4505 3865 125681806 522 
4506 3866 125687582 3536 
4507 3867 125689574 348 
4508 3868 125691512 352 
4509 3869 125693454 584 
4510 3870 125695398 414 
4511 3871 125697342 314 
4512 3872 125699284 636 
4513 3873 125701226 290 
4514 3874 125703168 486 
4515 3875 125705110 858 
4516 3876 125707052 456 
4517 3877 125708994 914 
4518 3878 125710936 370 
4519 3879 125712874 424 
4522 3880 125718696 356 
4523 3881 125720640 392 
4524 3882 125722586 294 
4526 3883 125726472 1318 
4527 3883 125728414 310 
4529 3884 125732298 380 
4530 3885 125734240 284 
4531 3886 125736182 408 
4532 3887 125738124 294 
4533 3888 125742008 2462 
4534 3889 125743950 282 
4535 3890 125745892 484 
4537 3891 125749776 308 
4538 3892 125751718 980 
4539 3892 125753660 328 
4540 3892 125755602 746 
4541 3893 125757544 348 
4542 3894 125759486 468 
4543 3895 125761428 388 
4544 3896 125763368 294 
4545 3897 125765310 700 
4546 3898 125767254 1016 
4547 3899 125769196 540 
4548 3900 125771138 1002 
4549 3901 125773080 410 
4550 3902 125775022 376 
4551 3902 125776960 280 
4552 3903 125778902 396 
4553 3904 125780848 564 
4554 3905 125782788 294 
4555 3906 125784730 290 
4556 3906 125786676 1338 
4557 3907 125788618 368 
4558 3908 125790562 294 
4559 3908 125792504 410 
4560 3909 125794446 414 
4561 3910 125796388 1020 
4563 3911 125800272 352 
4564 3912 125802214 284 
4566 3913 125806098 352 
4567 3914 125808040 368 
4568 3915 125809982 394 
4569 3916 125811924 332 
4570 3916 125813866 284 
4571 3917 125815808 452 
4572 3918 125817750 596 
4573 3919 125819692 278 
4574 3920 125821634 392 
4576 3922 125825518 392 
4577 3923 125827456 388 
4578 3924 125829398 294 
4579 3925 125831340 310 
4580 3926 125833282 488 
4581 3927 125835224 370 
4582 3928 125837170 668 
4583 3929 125839112 352 
4584 3930 125841054 568 
4585 3931 125842996 372 
4586 3931 125844938 582 
4587 3932 125846878 748 
4589 3933 125850764 310 
4590 3934 125852706 690 
4591 3935 125854646 522 
4592 3935 125856586 394 
4593 3936 125858532 290 
4594 3937 125860474 394 
4595 3938 125862416 310 
4597 3939 125866300 312 
4598 3940 125868242 292 
4599 3941 125870184 348 
4600 3942 125872126 454 
4601 3943 125874068 292 
4602 3944 125876010 372 
4603 3945 125877952 408 
4604 3946 125879894 392 
4605 3947 125881836 412 
4607 3949 125885716 278 
4608 3950 125887658 468 
4609 3951 125889600 310 
4610 3952 125891546 374 
4611 3953 125893488 368 
4612 3954 125895430 332 
4613 3955 125897372 354 
4614 3956 125899314 376 
4615 3957 125901256 426 
4616 3958 125903198 468 
4617 3959 125905142 352 
4618 3960 125907084 312 
4619 3961 125909026 410 
4620 3961 125910968 314 
4622 3961 125914854 314 
4624 3962 125918738 294 
4626 3964 125922622 284 
4627 3965 125924564 332 
4630 3967 125930392 350 
4631 3967 125932334 638 
4632 3968 125934276 446 
4633 3969 125936218 278 
4634 3970 125938160 354 
4635 3971 125940100 408 
4636 3972 125942042 294 
4637 3973 125943984 350 
4638 3974 125945926 394 
4639 3975 125947868 310 
4640 3976 125949814 668 
4641 3977 125951758 476 
4642 3978 125953700 390 
4643 3979 125955642 392 
4644 3980 125957580 626 
4645 3980 125959522 412 
4646 3981 125961468 568 
4648 3983 125965350 830 
4649 3984 125967292 400 
4650 3985 125969238 334 
4651 3986 125971182 424 
4652 3987 125973120 646 
4653 3988 125975066 392 
4654 3989 125977006 356 
4655 3990 125978948 410 
4656 3991 125980894 352 
4657 3992 125982836 388 
4658 3993 125984776 608 
4660 3994 125988664 414 
4661 3995 125992550 1794 
4662 3996 125994492 392 
4663 3997 125996432 282 
4664 3998 125998374 1148 
4665 3999 126000320 444 
4666 4000 126002264 294 
4668 4002 126006146 414 
4671 4003 126011976 288 
4672 4004 126013918 426 
4673 4004 126015860 408 
4674 4005 126017802 316 
4675 4006 126019742 962 
4676 4007 126021684 312 
4677 4008 126023624 488 
4678 4009 126025570 982 
4679 4010 126027512 352 
4680 4011 126029456 590 
4681 4012 126031398 314 
4682 4013 126033340 374 
4683 4014 126035282 278 
4684 4015 126037224 316 
4685 4015 126039166 394 
4686 4016 126041110 290 
4687 4017 126043052 602 
4688 4018 126044994 526 
4689 4019 126046936 390 
4690 4020 126048878 668 
4691 4021 126050820 358 
4693 4022 126058590 4742 
4694 4022 126060532 522 
4695 4023 126062472 666 
4696 4023 126064412 412 
4697 4024 126066356 332 
4698 4025 126068298 312 
4699 4026 126070240 412 
4700 4027 126072184 314 
4701 4028 126074126 352 
4702 4029 126076068 650 
4703 4030 126078010 586 
4704 4031 126079956 416 
4705 4032 126081900 290 
4706 4033 126083842 508 
4707 4034 126085784 388 
4708 4034 126087726 394 
4709 4035 126089670 394 
4710 4036 126091612 820 
4711 4036 126093554 280 
4712 4037 126095496 396 
4713 4038 126097438 526 
4714 4039 126099382 332 
4715 4040 126101324 288 
4717 4041 126105208 370 
4718 4042 126107150 374 
4719 4043 126109092 464 
4720 4044 126111034 394 
4721 4045 126112978 748 
4722 4045 126114920 288 
4723 4046 126116862 312 
4724 4047 126118804 416 
4725 4047 126120746 330 
4726 4048 126122690 336 
4728 4049 126126570 376 
4729 4050 126128512 308 
4730 4050 126130454 354 
4731 4051 126132396 334 
4733 4053 126136282 1076 
4734 4054 126138224 334 
4735 4055 126140166 1150 
4736 4056 126142108 546 
4737 4056 126144052 314 
4738 4057 126145994 1290 
4740 4058 126149882 474 
4741 4059 126151826 414 
4742 4060 126153768 374 
4743 4061 126155710 754 
4744 4062 126157652 414 
4745 4063 126159594 278 
4746 4064 126161538 314 
4747 4065 126163480 380 
4748 4066 126165422 284 
4749 4067 126167364 584 
4750 4068 126169306 644 
4751 4068 126171248 644 
4752 4069 126173188 292 
4753 4069 126175130 348 
4754 4070 126177072 334 
4755 4071 126179014 372 
4756 4072 126180956 524 
4757 4073 126182898 280 
4758 4073 126184840 416 
4759 4074 126186782 330 
4760 4075 126188726 352 
4763 4077 126194556 290 
4764 4078 126196498 296 
4766 4078 126200382 530 
4768 4079 126204268 284 
4769 4080 126206210 334 
4770 4081 126208152 388 
4771 4081 126210094 374 
4772 4081 126212036 374 
13107 13107 871328915 -1432296986 
4775 4082 126217862 384 
4777 4083 126221746 412 
4778 4084 126223688 388 
4781 4085 126229514 350 
4782 4086 126231456 296 
4783 4087 126233394 606 
4784 4088 126235336 282 
4785 4089 126237278 390 
4786 4090 126239220 668 
4787 4091 126241162 1248 
4788 4092 126243104 294 
4789 4093 126245046 350 
4790 4094 126246988 374 
4791 4095 126248930 294 
26214 26214 1721145143 -1560821633 
4794 4096 126254758 294 
4795 4097 126256700 392 
4796 4098 126258642 374 
4797 4099 126260584 314 
4798 4100 126262526 396 
4799 4101 126264470 446 
4800 4102 126266412 412 
4801 4103 126268354 334 
4803 4104 126272240 394 
4805 4104 126276124 350 
4806 4105 126278066 282 
4807 4106 126280008 410 
4808 4107 126281950 1008 
4809 4108 126283892 370 
4810 4109 126285834 316 
4811 4110 126287778 474 
4812 4111 126289720 310 
4813 4112 126291662 650 
4814 4112 126293604 314 
4815 4112 126295546 502 
4817 4113 126299434 412 
4818 4114 126301376 414 
4819 4114 126303318 1400 
4820 4115 126309144 3928 
4821 4116 126311086 392 
4822 4117 126313030 348 
4823 4118 126314972 392 
4824 4119 126316914 282 
4826 4120 126320798 486 
4827 4120 126322740 390 
4828 4121 126324682 374 
4830 4122 126328566 332 
4831 4123 126330508 288 
4833 4125 126334392 342 
4834 4126 126336334 414 
4835 4127 126338278 478 
4836 4128 126340220 374 
4837 4129 126342158 308 
4838 4130 126344100 296 
4839 4131 126347984 2006 
4840 4132 126349928 356 
4841 4133 126351870 1252 
4842 4134 126353812 548 
4843 4135 126355754 410 
4844 4136 126357696 354 
4845 4137 126359640 462 
4847 4138 126363524 288 
4848 4139 126365466 648 
4849 4140 126367408 290 
4850 4141 126369350 486 
4851 4142 126371292 390 
4852 4143 126373234 372 
4853 4144 126375178 308 
4855 4145 126381004 530 
4856 4146 126382948 488 
4857 4147 126384890 628 
4858 4148 126386832 414 
4860 4150 126390716 356 
4861 4150 126392660 356 
4863 4151 126396544 282 
4864 4152 126398486 282 
4865 4153 126400430 372 
4867 4155 126404314 410 
4868 4155 126406256 548 
4869 4156 126408200 1114 
4870 4157 126410142 716 
4871 4158 126412086 278 
4872 4159 126414024 352 
4873 4160 126415968 508 
4876 4161 126421798 332 
4877 4162 126423740 410 
4878 4163 126425684 416 
4879 4164 126427626 290 
4880 4165 126429570 374 
4881 4166 126431512 416 
4882 4167 126433454 534 
4883 4168 126435396 310 
4884 4169 126437340 428 
4885 4170 126439282 990 
4888 4173 126448870 3456 
4889 4173 126450940 446 
4890 4174 126452884 750 
4891 4175 126454826 412 
4892 4176 126456770 416 
4894 4178 126460654 526 
4895 4179 126462596 292 
4896 4180 126464540 296 
4897 4181 126466482 278 
4900 4183 126472310 284 
4901 4184 126474252 594 
4902 4185 126476194 286 
4904 4187 126480080 294 
4905 4187 126482022 472 
4906 4188 126483960 414 
21845 21845 1439131311 -538378518 
4908 4189 126487850 650 
4910 4190 126493678 294 
4911 4191 126495620 328 
4912 4192 126497562 898 
4913 4193 126499504 314 
4914 4194 126501448 354 
4915 4194 126503390 876 
4916 4195 126505332 926 
4917 4196 126507274 310 
4918 4197 126509218 374 
4919 4198 126511160 350 
4920 4199 126513098 1222 
4921 4200 126515040 314 
4923 4201 126518924 916 
4924 4202 126520866 354 
4925 4203 126522808 370 
4926 4204 126524752 418 
4927 4205 126526694 486 
4928 4206 126528636 314 
4929 4207 126530578 288 
4931 4208 126534466 506 
4932 4209 126536410 394 
4934 4211 126540294 626 
4935 4212 126542238 354 
4936 4213 126544180 1318 
4937 4214 126546122 464 
4938 4215 126548066 296 
4939 4216 126550008 280 
4940 4217 126551950 354 
4942 4219 126555836 316 
4944 4220 126559722 414 
4945 4221 126561664 622 
4946 4222 126563608 466 
4947 4223 126569436 3984 
4948 4224 126571378 428 
4949 4225 126573320 370 
4950 4226 126575262 316 
4952 4227 126579146 282 
4953 4228 126581088 312 
4954 4229 126583026 336 
4955 4230 126584972 280 
4956 4231 126586914 636 
4957 4232 126588854 370 
4958 4233 126590800 374 
4959 4234 126592742 486 
4960 4235 126594686 430 
4961 4236 126596628 308 
4962 4237 126598570 314 
4963 4238 126600514 838 
4964 4239 126602456 334 
4965 4240 126604398 370 
4966 4241 126606342 414 
4967 4242 126608284 312 
4968 4243 126610226 1214 
4969 4244 126612168 332 
4970 4245 126614110 334 
4971 4246 126616054 372 
4972 4247 126617996 412 
4976 4250 126625766 444 
4977 4251 126627708 1446 
4978 4252 126629650 284 
4979 4253 126631592 414 
4980 4254 126633536 314 
4981 4255 126635478 292 
4982 4256 126637416 294 
4983 4257 126639358 294 
4984 4258 126641300 314 
4985 4259 126643246 392 
4986 4260 126645190 282 
4987 4261 126647132 332 
4988 4262 126649074 336 
4989 4263 126651018 292 
4990 4264 126652956 508 
4991 4265 126654902 278 
4992 4266 126656846 1188 
4993 4267 126658788 278 
4994 4268 126660730 374 
4996 4269 126664614 354 
4997 4270 126668500 3388 
4998 4271 126670442 282 
4999 4272 126672382 412 
5001 4273 126676266 394 
5002 4274 126678212 294 
5003 4275 126680156 308 
5004 4276 126682098 444 
5005 4277 126684040 338 
5006 4278 126685982 430 
5007 4279 126687924 330 
5008 4280 126689866 290 
5009 4281 126691810 370 
5010 4281 126695694 2094 
5012 4282 126699580 408 
5013 4283 126701522 330 
5014 4284 126703464 312 
5015 4285 126705406 544 
5016 4286 126707348 416 
5017 4287 126709292 330 
5018 4288 126711234 546 
5019 4289 126713176 278 
5020 4290 126715118 468 
5022 4291 126720942 2440 
5023 4292 126722886 308 
5024 4293 126724828 466 
5025 4294 126726770 292 
5026 4295 126728712 528 
5027 4296 126730654 506 
5028 4297 126732598 544 
5029 4298 126736486 1952 
5030 4299 126738428 1020 
5033 4301 126744256 370 
5034 4302 126746198 314 
5035 4303 126748142 412 
5036 4304 126750084 354 
27338 61423 -700967654 348 
5038 4306 126753968 570 
5039 4307 126755912 666 
5040 4308 126757850 294 
5041 4309 126759796 614 
5042 4309 126761738 394 
5043 4310 126763678 330 
5044 4311 126765620 646 
5045 4312 126771452 4058 
5046 4313 126773392 354 
5047 4314 126775336 390 
5048 4315 126777280 376 
5049 4316 126779222 414 
5050 4317 126781164 294 
5051 4318 126783108 374 
5052 4319 126785050 648 
5053 4320 126786992 352 
5054 4321 126788934 454 
5055 4322 126790876 294 
5056 4323 126792818 296 
5057 4324 126794762 394 
5058 4325 126796704 332 
5059 4326 126798646 1322 
5060 4327 126800590 284 
5061 4328 126802532 436 
5062 4329 126804474 374 
5065 4330 126812244 -1606 
5066 4331 126814186 284 
5067 4332 126816128 282 
5068 4333 126818070 374 
5069 4334 126820014 278 
5070 4335 126821956 412 
5071 4336 126823898 288 
5072 4337 126825840 316 
5073 4338 126827784 986 
5074 4338 126829726 414 
5075 4339 126831668 294 
5076 4340 126833612 596 
5077 4341 126835554 742 
5079 4342 126841382 -1304 
5080 4343 126843324 294 
5081 4344 126845266 1136 
5082 4345 126847210 416 
5083 4346 126849152 1016 
5084 4347 126851094 334 
5085 4348 126853036 330 
5086 4349 126854980 398 
5087 4350 126856922 562 
5088 4351 126858864 294 
5089 4352 126860806 506 
5090 4353 126862750 638 
5091 4354 126866636 2986 
5092 4355 126868578 396 
5094 4356 126872464 284 
5095 4357 126874406 354 
5096 4358 126876350 804 
5097 4359 126878292 412 
5098 4360 126880236 282 
5100 4361 126884120 312 
5101 4362 126886062 334 
5103 4364 126889948 310 
5104 4365 126891892 374 
5105 4366 126893834 486 
5106 4367 126895776 282 
5107 4368 126897718 370 
5108 4368 126899660 628 
5109 4369 126901604 394 
5110 4370 126903546 520 
5111 4371 126905488 352 
5113 4372 126909374 372 
5114 4373 126911316 334 
5115 4374 126913258 290 
5116 4375 126915202 286 
5117 4376 126917144 288 
5118 4377 126919086 336 
5119 4377 126921030 626 
5120 4378 126922972 332 
5121 4379 126924914 392 
5122 4380 126926858 690 
5123 4381 126928800 284 
5124 4382 126930742 394 
5125 4382 126932684 368 
5126 4383 126934628 296 
5127 4384 126936570 392 
5128 4384 126938512 356 
5129 4385 126942398 3080 
5130 4386 126944340 414 
5132 4387 126948226 374 
5133 4388 126950168 356 
5134 4389 126952110 374 
5135 4390 126954054 410 
5137 4391 126957940 390 
5138 4391 126959882 374 
5139 4391 126961824 288 
5140 4392 126963766 396 
5142 4394 126969594 352 
5143 4395 126971538 462 
5144 4396 126973480 288 
5145 4397 126975422 390 
5147 4398 126979306 372 
5188 19780 -734325251 -1915630088 
5149 4399 126983192 350 
5150 4400 126985134 558 
5151 4401 126987076 390 
5152 4402 126989020 412 
5153 4403 126990962 292 
5155 4405 126994848 288 
5156 4406 126996790 474 
5158 4407 127000676 312 
5159 4408 127002618 352 
5160 4409 127004560 414 
5161 4410 127006504 290 
5162 4411 127008446 350 
5163 4412 127010388 374 
5164 4413 127012330 296 
5165 4414 127014272 412 
5166 4415 127016216 356 
5167 4415 127018154 410 
5168 4416 127020100 292 
5169 4417 127022044 290 
5170 4418 127023986 526 
5172 4419 127029814 3144 
5173 4420 127031758 1096 
5174 4421 127033700 388 
5175 4422 127035642 280 
5176 4423 127037586 314 
5177 4424 127039528 418 
5178 4425 127041470 294 
5179 4425 127043414 314 
5181 4426 127047298 350 
5184 4428 127053126 294 
5185 4429 127055066 502 
5186 4430 127057010 356 
5187 4431 127058954 290 
5188 4432 127060896 446 
5189 4433 127062838 312 
5191 4434 127066724 278 
5192 4435 127068666 316 
5193 4435 127070610 290 
5196 4436 127076436 570 
5197 4437 127078380 462 
5198 4437 127080322 586 
5200 4438 127084208 394 
5201 4439 127086150 330 
5202 4440 127088092 294 
5203 4441 127090034 410 
5204 4442 127091978 284 
5205 4443 127093920 1038 
5206 4444 127095862 354 
5207 4445 127097804 728 
5208 4446 127099748 294 
5210 4448 127103632 1042 
5211 4449 127105574 390 
5212 4450 127107518 332 
5213 4451 127109460 570 
5214 4452 127111402 626 
5215 4453 127113344 392 
5216 4454 127115288 392 
5217 4455 127117230 368 
5218 4456 127119172 434 
5220 4457 127123056 414 
5221 4458 127125000 860 
5224 4460 127130828 1080 
5226 4462 127134712 624 
5227 4463 127136652 1126 
5228 4464 127138594 510 
5229 4465 127140536 392 
5230 4466 127142482 316 
5231 4467 127144426 330 
5232 4468 127146368 354 
5233 4469 127148310 278 
5234 4470 127150252 1060 
5235 4471 127152194 392 
5236 4472 127154136 334 
5237 4473 127156078 646 
5238 4474 127158022 350 
5239 4475 127159964 286 
5240 4476 127161906 766 
5241 4477 127163848 502 
5242 4478 127165790 334 
5243 4479 127167734 410 
5244 4480 127169676 464 
5245 4481 127171618 642 
5247 4482 127175500 330 
5248 4483 127177444 506 
5249 4484 127179388 724 
5250 4485 127181330 356 
13107 13107 318892543 -1 
5252 4486 127185214 316 
5253 4487 127187156 774 
5254 4487 127189100 282 
5255 4487 127191042 370 
5257 4489 127194926 314 
5259 4490 127198812 652 
5260 4491 127200754 510 
5261 4492 127202698 282 
5262 4493 127204640 396 
5263 4494 127206582 562 
5264 4494 127208524 336 
5265 4495 127210466 372 
5266 4496 127212410 316 
5268 4497 127216294 292 
5269 4498 127218236 372 
5270 4499 127220178 1202 
5271 4500 127222122 352 
5272 4500 127224064 604 
5273 4501 127226006 542 
5274 4502 127227948 296 
5275 4503 127229892 372 
5277 4504 127233776 330 
5278 4505 127235720 316 
5279 4506 127237662 444 
5280 4507 127239604 374 
5281 4508 127241546 748 
5282 4509 127243488 354 
5283 4510 127245432 346 
5284 4511 127247374 292 
5285 4512 127249316 280 
5286 4513 127251258 750 
5287 4514 127253200 370 
5288 4515 127255138 314 
5289 4516 127257080 408 
5290 4517 127259028 374 
5291 4518 127260972 282 
5293 4519 127264856 506 
5296 4522 127270682 376 
5298 4523 127274566 898 
5299 4524 127276508 562 
5300 4525 127278448 376 
5301 4525 127280388 1176 
5302 4526 127282330 284 
5303 4527 127284276 410 
5304 4528 127286220 282 
5305 4529 127288162 466 
5306 4530 127290104 284 
5307 4531 127292046 388 
5308 4532 127293988 1142 
5310 4534 127297872 376 
5311 4535 127299814 332 
5312 4536 127301756 282 
5313 4537 127303698 734 
5314 4538 127305640 374 
5315 4539 127307582 288 
5316 4540 127309520 376 
5317 4540 127311466 390 
5318 4541 127313406 394 
5319 4541 127315350 350 
5321 4542 127319236 370 
5322 4543 127321178 374 
5323 4544 127323120 766 
5324 4545 127325064 314 
5325 4546 127327006 472 
5326 4547 127328948 558 
5327 4548 127330890 330 
5328 4549 127332834 1114 
5329 4550 127334776 334 
5330 4551 127336718 332 
5331 4551 127338660 606 
5332 4552 127340602 276 
5334 4553 127344486 374 
5335 4554 127346428 280 
5336 4555 127348370 448 
5337 4556 127350314 410 
5338 4557 127352256 294 
5339 4558 127354198 452 
5340 4559 127356140 418 
5341 4560 127358082 282 
5342 4560 127361966 1730 
5343 4561 127363908 290 
5344 4561 127365848 506 
5345 4562 127367792 330 
5346 4563 127369732 1202 
5347 4564 127371674 402 
5348 4564 127373616 368 
5349 4565 127375556 334 
5350 4566 127377496 352 
5351 4567 127379438 334 
5352 4568 127381380 406 
5353 4569 127383322 374 
5354 4570 127385264 376 
5355 4571 127387206 1338 
60180 4572 127389148 408 
5357 4572 127391090 390 
5358 4573 127393034 586 
5359 4574 127394978 316 
5360 4575 127396922 388 
5361 4576 127398864 390 
5362 4577 127400808 314 
5363 4578 127402750 312 
5365 4579 127406634 636 
13107 13107 872101443 1638216192 
5368 4580 127412462 374 
5369 4581 127414404 354 
5370 4582 127416348 284 
5371 4583 127418290 278 
5372 4584 127420232 332 
5373 4584 127422174 644 
5374 4585 127424116 334 
5375 4586 127426058 858 
5376 4587 127428000 900 
5377 4588 127429942 466 
5378 4589 127431886 708 
5379 4590 127433828 310 
5380 4590 127435770 352 
5381 4591 127437712 410 
5382 4592 127439654 374 
5383 4592 127441598 290 
5384 4592 127443540 516 
5385 4593 127445482 628 
5386 4594 127447424 316 
5387 4595 127451310 2306 
5388 4596 127453252 314 
5389 4596 127455194 394 
5390 4596 127457138 354 
5391 4597 127459080 464 
5392 4598 127461022 292 
5393 4599 127462964 464 
5394 4600 127464908 336 
5395 4601 127466850 388 
5397 4603 127470736 1216 
5398 4604 127472678 332 
5399 4605 127474620 288 
5402 4606 127480446 414 
5403 4607 127482388 542 
5404 4608 127484330 316 
5405 4609 127486272 522 
5406 4610 127488214 408 
5407 4611 127490156 314 
5408 4611 127492098 396 
5409 4612 127494040 662 
5411 4613 127497924 392 
5413 4615 127501808 706 
5414 4616 127503750 296 
5415 4617 127505692 292 
5416 4618 127507634 282 
26214 26214 1727129850 -1 
5418 4619 127511518 388 
5420 4620 127515402 568 
5421 4621 127517344 352 
5422 4621 127519286 622 
5423 4622 127521230 348 
5424 4623 127523172 352 
5425 4624 127525114 330 
5426 4625 127527056 374 
5427 4626 127528998 394 
5428 4626 127530942 370 
5429 4627 127532884 412 
5430 4628 127534826 394 
5431 4629 127536768 1254 
5432 4630 127538712 284 
5433 4631 127540654 410 
5434 4632 127544540 1962 
26214 26214 1711386729 -331727881 
5436 4633 127548426 418 
5437 4634 127550368 368 
5438 4635 127552310 938 
5439 4636 127556196 1792 
5440 4637 127558138 294 
5441 4638 127560080 370 
5442 4639 127562022 510 
5443 4639 127563966 410 
5444 4640 127565908 334 
5445 4641 127567850 634 
5446 4642 127569792 316 
5447 4643 127571734 1212 
5448 4644 127573680 1082 
5449 4645 127575620 390 
5450 4646 127577562 586 
5451 4647 127579508 330 
5452 4648 127581452 646 
5453 4649 127583394 414 
5454 4650 127585336 284 
5456 4650 127589220 334 
5457 4651 127591164 392 
5458 4651 127593106 858 
5459 4652 127595048 392 
5460 4653 127596992 334 
5461 4654 127598934 482 
5462 4655 127600876 392 
5464 4656 127604760 508 
5465 4657 127606702 1338 
5466 4658 127610588 3190 
5468 4660 127616416 372 
5469 4661 127618358 328 
5471 4663 127622240 368 
5472 4664 127624186 334 
5474 4664 127628072 356 
5475 4665 127630014 372 
5476 4666 127631956 1296 
5477 4667 127633898 350 
5478 4668 127635840 314 
5479 4669 127637784 724 
5481 4670 127643526 -1628 
5482 4671 127645552 314 
5483 4672 127647496 504 
5484 4673 127649438 456 
5485 4674 127651380 392 
5486 4675 127653322 532 
5487 4676 127655264 278 
5488 4677 127657208 318 
5490 4678 127663034 416 
5491 4679 127664976 528 
5492 4680 127666916 356 
5493 4681 127668860 278 
5494 4682 127670800 414 
5495 4683 127672744 816 
5497 4684 127676630 622 
5498 4684 127678572 316 
5499 4685 127680514 414 
5500 4686 127682458 286 
5501 4687 127684400 662 
5502 4687 127686342 294 
5503 4688 127688286 412 
5504 4689 127690228 284 
5505 4690 127692170 552 
5506 4691 127694112 668 
5508 4692 127697998 392 
5509 4693 127699940 408 
5512 4696 127705766 392 
5513 4697 127707708 390 
5514 4698 127709650 714 
5515 4699 127711592 410 
5517 4699 127715478 296 
5518 4700 127717420 392 
5519 4701 127719362 880 
5520 4701 127721304 396 
5521 4702 127723248 294 
5523 4703 127727132 522 
5524 4704 127729070 376 
5525 4705 127731012 394 
5526 4706 127732958 1322 
5527 4707 127734902 370 
5528 4708 127736844 334 
5529 4709 127738786 412 
5530 4710 127740728 448 
5531 4711 127742672 716 
5532 4712 127744614 352 
5533 4713 127746556 332 
5534 4714 127748498 428 
5535 4715 127750442 316 
5536 4716 127752384 294 
5537 4717 127754326 408 
5539 4718 127758212 410 
5540 4719 127760154 394 
5541 4720 127762098 410 
5542 4720 127764040 666 
5543 4721 127765982 354 
5544 4722 127767926 310 
5545 4723 127769868 464 
5546 4724 127771810 294 
5547 4725 127773754 372 
5548 4726 127775696 408 
5549 4727 127777638 580 
5550 4728 127779580 284 
5551 4729 127781520 292 
5552 4730 127783462 376 
5553 4731 127785408 388 
5554 4732 127787352 292 
5556 4733 127791238 316 
5557 4734 127793180 308 
5558 4735 127795122 1208 
5559 4736 127797066 458 
5560 4737 127799008 348 
5561 4738 127800950 878 
5562 4739 127802894 374 
5565 4740 127808720 312 
5566 4741 127810662 420 
5567 4742 127812606 330 
5568 4743 127814548 740 
5569 4744 127816490 280 
5570 4745 127818432 378 
5571 4746 127820374 512 
5572 4747 127822318 334 
5573 4748 127824260 554 
5574 4749 127826202 292 
5575 4750 127828144 352 
5576 4750 127830088 316 
5577 4750 127832030 502 
5578 4751 127833972 394 
5579 4752 127835916 284 
5580 4753 127837858 508 
5581 4754 127839798 292 
5582 4754 127841740 374 
5583 4755 127843682 392 
5586 4756 127849516 586 
5587 4757 127853400 2152 
5588 4758 127855342 336 
5589 4758 127857286 284 
5590 4759 127859228 316 
5591 4760 127861170 352 
5592 4761 127863112 336 
5593 4762 127865056 316 
5594 4762 127866998 446 
5595 4763 127868940 298 
5596 4764 127870882 760 
5597 4765 127872826 392 
5598 4766 127874768 330 
5599 4767 127876710 546 
5600 4767 127878654 374 
5601 4768 127880596 314 
5602 4768 127882538 546 
5603 4769 127884482 410 
5604 4770 127886424 292 
5606 4771 127890306 414 
5607 4772 127892248 350 
5608 4773 127894192 294 
5609 4774 127896134 480 
5610 4775 127898080 374 
5611 4775 127900024 828 
5612 4776 127901966 392 
5613 4777 127903908 1156 
5614 4778 127905852 1242 
5615 4779 127907794 422 
5616 4779 127909736 524 
5617 4779 127911678 350 
5618 4780 127913620 314 
5619 4781 127915564 294 
5621 4782 127919448 282 
5622 4782 127921390 588 
5623 4783 127923332 278 
5624 4783 127925274 356 
5625 4784 127927218 374 
5626 4785 127929160 348 
5628 4787 127933044 294 
5629 4788 127934986 368 
5630 4789 127936928 882 
5631 4790 127938870 544 
5632 4791 127940812 346 
5633 4792 127942754 456 
5634 4793 127946640 1830 
5635 4794 127948582 1044 
5636 4795 127950520 334 
5637 4796 127952462 390 
5638 4797 127954404 416 
5639 4798 127956350 310 
5641 4799 127960236 410 
5642 4800 127962178 374 
5643 4801 127964122 628 
5644 4802 127966064 288 
5645 4802 127968006 368 
5646 4803 127969948 282 
5647 4804 127971890 290 
5648 4805 127973832 1042 
5649 4806 127975774 350 
5650 4807 127977716 416 
5651 4808 127979660 336 
5652 4809 127981602 734 
5653 4810 127983544 348 
5654 4811 127985486 608 
5655 4812 127987428 280 
5656 4812 127989370 414 
5657 4813 127991312 662 
5658 4814 127993254 412 
5659 4815 127995196 544 
5660 4816 127997138 316 
5661 4817 127999080 278 
5662 4818 128001020 546 
5664 4819 128004902 372 
5665 4820 128006846 288 
5666 4821 128008792 354 
5667 4822 128010734 566 
5668 4823 128012676 294 
5669 4824 128014618 330 
5670 4825 128016560 286 
5671 4826 128018504 372 
5672 4827 128020446 296 
5673 4828 128022388 494 
5675 4829 128026272 666 
5676 4830 128028216 410 
5677 4831 128030158 292 
5678 4832 128032100 374 
5679 4833 128034042 486 
5680 4834 128035984 414 
5681 4835 128037926 368 
5682 4836 128039868 530 
5683 4837 128041810 352 
5684 4838 128043752 314 
5685 4839 128045696 292 
5686 4840 128047638 312 
5688 4841 128051522 606 
5689 4842 128057350 4292 
5690 4843 128059292 542 
5693 4844 128065114 314 
5694 4845 128067056 356 
5695 4846 128069002 522 
5696 4846 128070946 336 
5697 4847 128072888 392 
5699 4847 128076774 330 
5701 4848 128082600 -1614 
5705 4850 128090370 332 
5706 4851 128092314 524 
5707 4852 128094256 372 
5708 4853 128096198 374 
5709 4854 128098140 350 
5710 4855 128100084 376 
5711 4856 128102026 388 
5712 4857 128103968 336 
5713 4858 128105910 408 
5714 4859 128107854 310 
5715 4860 128109792 372 
5716 4861 128113676 2094 
5717 4862 128115620 328 
5718 4863 128117562 398 
5719 4864 128119508 764 
5720 4865 128121452 314 
5721 4866 128123394 332 
5723 4867 128127280 1118 
5724 4868 128129222 394 
5725 4869 128131164 314 
5726 4870 128133106 1200 
5727 4871 128135050 372 
5728 4872 128136992 294 
5729 4873 128138934 700 
5730 4874 128140876 284 
5731 4875 128142820 378 
5732 4876 128144762 406 
5733 4877 128146704 310 
5734 4878 128148648 390 
5735 4879 128150590 462 
5736 4880 128152534 336 
5737 4881 128154476 352 
5738 4882 128156418 314 
5739 4883 128158360 412 
5741 4884 128162246 880 
5742 4885 128164188 294 
5743 4886 128166130 278 
5744 4887 128168072 354 
5745 4888 128170014 290 
5747 4889 128173896 572 
5748 4890 128175838 1224 
5749 4891 128177780 602 
5750 4892 128179722 408 
5751 4892 128181668 370 
5752 4892 128183610 372 
5753 4892 128185554 714 
5754 4893 128187496 688 
5755 4893 128189438 334 
5756 4894 128191382 414 
5757 4894 128193324 680 
5758 4895 128195266 416 
5759 4896 128197210 1164 
5760 4897 128199152 500 
5761 4898 128201094 314 
5762 4898 128203038 378 
5763 4899 128204980 352 
5764 4900 128206922 650 
5765 4901 128208866 314 
5766 4902 128210808 294 
5767 4903 128212750 392 
5768 4904 128214692 392 
5769 4905 128216634 742 
5770 4906 128218574 284 
5771 4907 128220514 330 
5772 4908 128222458 292 
5773 4909 128224400 424 
5774 4910 128226342 438 
5775 4911 128228288 1008 
5776 4911 128230230 294 
5777 4912 128232174 434 
5778 4913 128234116 356 
5779 4914 128236058 606 
5780 4915 128238000 496 
5781 4915 128239944 310 
5782 4916 128241886 428 
5783 4917 128243828 728 
5784 4918 128245770 356 
5787 4919 128251598 314 
5788 4920 128253542 392 
5789 4921 128255484 332 
5790 4922 128257426 284 
5791 4923 128259368 474 
5792 4924 128261310 354 
5793 4925 128263254 314 
5794 4926 128265196 984 
5795 4926 128267138 288 
5796 4927 128269080 374 
5797 4928 128271022 504 
5798 4929 128272966 392 
5799 4930 128274908 330 
5801 4931 128278792 370 
5802 4932 128282676 1732 
5803 4933 128284614 394 
5804 4934 128286556 294 
5805 4934 128288498 292 
5806 4935 128290440 316 
5807 4936 128292386 370 
5808 4937 128294328 446 
5809 4937 128296270 278 
5811 4938 128300156 632 
5813 4939 128304040 388 
5814 4939 128305982 448 
5815 4940 128307924 332 
5816 4941 128309866 298 
5817 4942 128311808 282 
5818 4943 128313750 824 
5819 4944 128315694 1004 
5820 4945 128317636 394 
5821 4945 128319578 856 
5822 4946 128321520 702 
5823 4947 128323462 292 
5824 4948 128325404 608 
5825 4949 128327346 290 
5826 4950 128329284 476 
5827 4950 128331226 376 
5828 4951 128333168 336 
5829 4952 128337058 1686 
5830 4953 128339000 394 
5831 4953 128340944 390 
5832 4954 128342886 1334 
5833 4955 128344828 278 
5834 4956 128346770 284 
5836 4957 128350654 548 
5837 4958 128352596 502 
5838 4959 128354538 378 
5839 4959 128356482 334 
5840 4960 128358424 566 
5841 4961 128360366 310 
5842 4962 128362308 416 
5843 4963 128364252 396 
5844 4964 128366194 334 
5845 4965 128368136 290 
5846 4966 128370080 708 
5847 4967 128372022 312 
5848 4968 128373964 376 
5850 4969 128377850 292 
5851 4970 128379792 404 
5852 4971 128381734 316 
5853 4972 128383678 410 
5854 4973 128385620 636 
5855 4974 128387562 446 
5856 4975 128389506 374 
5858 4976 128393390 398 
5859 4977 128395330 664 
5860 4978 128397272 396 
5861 4979 128399214 372 
5862 4980 128401158 376 
5863 4981 128403100 414 
5864 4982 128405046 374 
5865 4982 128406988 292 
5867 4983 128410874 376 
5868 4984 128412816 782 
5869 4985 128414758 392 
5870 4986 128416702 296 
5871 4987 128418644 332 
5872 4988 128420586 496 
5873 4989 128422530 312 
5875 4989 128440378 332 
5876 4989 128476526 384 
