0.022989 0.011494 0.000000
0.022989 0.000000 0.000000
0.022989 0.034483 0.000000
0.022989 0.022989 0.000000
0.011494 0.022989 0.000000
0.011494 0.022989 0.000000
0.011494 0.022989 0.000000
0.011494 0.022989 0.000000
0.022989 0.022989 0.000000
0.011494 0.011494 0.000000
0.011494 0.022989 0.000000
0.022989 0.022989 0.000000
0.022989 0.045977 0.000000
0.011494 0.022989 0.000000
0.022989 0.022989 0.000000
0.022989 0.011494 0.000000
0.034483 0.022989 0.000000
0.011494 0.034483 0.000000
0.022989 0.011494 0.000000
0.022989 0.000000 0.000000
0.011494 0.022989 0.000000
0.022989 0.011494 0.000000
0.022989 0.022989 0.000000
0.011494 0.011494 0.000000
0.000000 0.000000 0.000000
0.022989 0.022989 0.000000
0.022989 0.000000 0.000000
0.022989 0.011494 0.000000
0.011494 0.011494 0.000000
0.022989 0.057471 0.000000
0.022989 0.011494 0.000000
0.011494 0.022989 0.000000
0.022989 0.022989 0.000000
0.034483 0.011494 0.000000
0.011494 0.022989 0.000000
0.022989 0.011494 0.000000
0.022989 0.022989 0.000000
0.011494 0.000000 0.000000
0.011494 0.000000 0.000000
0.022989 0.011494 0.000000
0.011494 0.011494 0.000000
0.011494 0.011494 0.000000
0.011494 0.022989 0.000000
0.022989 0.011494 0.000000
0.011494 0.011494 0.000000
0.022989 0.022989 0.000000
0.022989 0.000000 0.000000
0.011494 0.000000 0.000000
0.011494 0.057471 0.000000
0.011494 0.022989 0.000000
0.022989 0.022989 0.000000
0.011494 0.022989 0.000000
0.011494 0.011494 0.000000
0.011494 0.011494 0.000000
0.022989 0.022989 0.000000
0.022989 0.011494 0.000000
0.011494 0.022989 0.000000
0.022989 0.034483 0.000000
0.011494 0.022989 0.000000
0.022989 0.022989 0.000000
0.011494 0.022989 0.000000
0.022989 0.022989 0.000000
0.022989 0.011494 0.000000
0.011494 0.022989 0.000000
0.011494 0.011494 0.000000
0.011494 0.011494 0.000000
0.022989 0.057471 0.000000
0.011494 0.011494 0.000000
0.022989 0.011494 0.000000
0.011494 0.022989 0.000000
0.011494 0.011494 0.000000
0.011494 0.022989 0.000000
0.022989 0.022989 0.000000
0.011494 0.000000 0.000000
0.022989 0.011494 0.000000
0.022989 0.034483 0.000000
0.011494 0.022989 0.000000
0.011494 0.011494 0.000000
0.022989 0.022989 0.000000
0.022989 0.011494 0.000000
0.022989 0.022989 0.000000
0.022989 0.034483 0.000000
0.022989 0.011494 0.000000
0.011494 0.000000 0.000000
0.022989 0.022989 0.000000
0.011494 0.022989 0.000000
0.022989 0.057471 0.000000
0.011494 0.022989 0.000000
0.011494 0.011494 0.000000
0.022989 0.034483 0.000000
0.022989 0.011494 0.000000
0.022989 0.000000 0.000000
0.022989 0.011494 0.000000
0.022989 0.022989 0.000000
0.022989 0.011494 0.000000
0.011494 0.022989 0.000000
0.022989 0.011494 0.000000
0.011494 0.000000 0.000000
0.022989 0.022989 0.000000
0.011494 0.022989 0.000000
0.011494 0.034483 0.000000
0.011494 0.034483 0.000000
0.011494 0.011494 0.000000
0.022989 0.000000 0.000000
0.011494 0.000000 0.000000
0.022989 0.000000 0.000000
0.022989 0.022989 0.000000
0.011494 0.034483 0.000000
0.011494 0.022989 0.000000
0.034483 0.034483 0.000000
0.022989 0.057471 0.000000
0.011494 0.022989 0.000000
0.011494 0.000000 0.000000
0.011494 0.022989 0.000000
0.022989 0.045977 0.000000
0.011494 0.022989 0.000000
0.011494 0.034483 0.000000
0.011494 0.022989 0.000000
0.022989 0.022989 0.000000
0.022989 0.011494 0.000000
0.022989 0.011494 0.000000
0.034483 0.022989 0.000000
0.011494 0.000000 0.000000
0.011494 0.022989 0.000000
0.011494 0.000000 0.000000
0.022989 0.022989 0.000000
0.011494 0.000000 0.000000
0.011494 0.068966 0.000000
0.022989 0.011494 0.000000
0.011494 0.091954 0.000000
0.011494 0.022989 0.000000
0.011494 0.011494 0.000000
0.022989 0.034483 0.000000
0.034483 0.022989 0.000000
0.011494 0.000000 0.000000
0.011494 0.034483 0.000000
0.011494 0.011494 0.000000
0.022989 0.022989 0.000000
0.022989 0.045977 0.000000
0.000000 0.000000 0.000000
