 0.022  0.022  15.000 
  0.011  0.011  15.000 
  0.080  0.022  15.000 
  2.394  0.022  15.000 
  5.395  0.022  15.000 
  8.087  0.126  15.000 
  10.561  0.939  15.000 
  12.898  1.832  13.366 
  14.925  2.760  8.619 
  16.254  3.654  4.505 
  16.483  4.536  1.410 
  15.738  5.280  0.000 
  14.135  5.807  0.000 
  12.394  6.357  0.000 
  10.664  6.643  0.000 
  9.014  6.953  0.000 
  7.422  7.067  0.655 
  6.002  7.113  1.457 
  4.650  6.907  3.098 
  3.424  6.712  4.615 
  2.313  6.403  6.487 
  1.557  6.002  8.391 
  2.050  5.624  8.904 
  3.195  5.326  8.498 
  4.421  5.131  7.714 
  5.486  5.120  6.494 
  6.197  5.166  5.476 
  6.597  5.223  4.754 
  6.643  5.360  4.124 
  6.494  5.521  3.586 
  6.139  5.532  3.787 
  5.715  5.624  3.761 
  5.280  5.578  4.234 
  4.936  5.624  4.274 
  4.650  5.555  4.659 
  4.467  5.509  4.860 
  4.375  5.418  5.142 
  4.375  5.349  5.263 
  4.432  5.303  5.260 
  4.558  5.200  5.399 
  4.673  5.131  5.457 
  4.845  5.085  5.391 
  4.982  5.108  5.120 
  5.097  5.120  4.912 
  5.131  5.051  5.091 
  5.143  5.154  4.681 
  5.131  5.120  4.769 
  5.085  5.154  4.659 
  4.982  5.074  5.021 
  4.936  5.108  4.926 
  4.879  5.120  4.915 
  4.891  5.074  5.032 
  4.845  5.108  4.934 
  4.868  5.143  4.747 
  4.856  5.097  4.882 
  4.822  5.028  5.146 
  4.799  5.074  4.992 
  4.833  5.028  5.098 
  4.856  5.017  5.106 
  4.902  5.005  5.091 
  4.925  4.982  5.150 
  4.971  4.936  5.271 
  4.994  5.040  4.882 
  5.063  5.017  4.875 
  5.040  4.982  5.025 
  5.017  5.063  4.761 
  4.982  5.028  4.908 
  4.971  5.017  4.952 
  4.925  4.982  5.128 
  4.925  5.017  5.007 
  4.925  5.017  5.000 
  4.948  5.028  4.926 
  4.959  5.028  4.904 
  4.959  5.074  4.725 
  4.902  5.063  4.809 
  4.868  5.017  5.000 
  4.799  4.994  5.157 
  4.822  5.063  4.879 
  4.845  5.051  4.875 
  4.868  4.971  5.128 
  4.833  5.005  5.047 
  4.891  5.040  4.853 
  4.902  5.028  4.871 
  4.891  5.017  4.919 
  4.856  5.017  4.952 
  4.856  5.017  4.945 
  4.845  5.040  4.868 
  4.856  4.982  5.054 
  4.833  4.982  15.000 
  5.475  5.074  15.000 
  7.640  5.269  15.000 
  10.091  5.647  15.000 
  12.405  6.025  15.000 
  14.639  6.678  15.000 
  16.701  7.296  15.000 
  18.671  8.041  11.333 
  20.137  8.465  8.706 
  19.461  9.289  6.919 
  17.800  9.919  6.714 
  17.021  10.435  5.728 
  16.563  10.801  4.758 
  16.025  11.145  3.853 
  15.246  11.477  3.153 
  14.284  11.718  2.897 
  13.138  11.890  3.029 
  11.981  12.038  3.205 
  10.882  11.981  4.029 
  9.931  11.935  4.659 
  9.232  11.901  4.974 
  8.762  11.764  5.417 
  8.453  11.660  5.593 
  8.281  11.431  6.109 
  8.213  11.271  6.329 
  8.270  11.156  6.285 
  8.419  11.019  6.256 
  8.556  10.882  6.285 
  8.671  10.801  6.172 
  8.774  10.675  6.267 
  8.865  10.561  6.369 
  8.980  10.572  6.021 
  9.060  10.469  6.128 
  9.106  10.481  5.886 
  9.140  10.389  6.032 
  9.152  10.423  5.769 
  9.117  10.389  5.802 
  9.095  10.332  5.915 
  9.049  10.229  6.245 
  9.049  10.286  5.959 
  9.095  10.194  6.157 
  9.117  10.114  6.362 
  9.152  10.114  6.289 
  9.255  10.114  6.135 
  9.335  10.057  6.219 
  9.369  10.068  6.117 
  9.404  10.068  6.058 
  9.438  10.022  6.164 
  9.450  10.057  6.018 
  9.473  10.045  6.018 
  9.461  10.103  5.802 
  9.450  10.206  5.402 
  9.347  10.103  5.835 
  9.232  10.068  6.062 
  9.152  10.057  6.175 
  9.186  10.022  6.245 
  9.221  10.057  6.069 
  9.289  10.068  5.930 
  9.289  10.057  5.952 
  9.289  10.022  6.062 
  9.289  10.057  5.926 
  9.278  10.068  5.879 
  9.278  10.022  6.025 
  9.278  9.931  6.358 
  9.278  9.977  6.212 
  9.369  10.011  5.985 
  9.415  9.988  6.014 
  9.415  10.011  5.934 
  9.381  9.942  6.223 
  9.392  10.022  5.930 
  9.404  10.000  5.996 
  9.415  10.011  5.941 
  9.381  10.000  6.018 
  9.369  10.068  5.776 
  9.369  9.954  6.179 
  9.335  10.022  5.978 
  9.335  9.942  6.267 
  9.369  9.977  6.120 
  9.415  10.000  5.989 
  9.427  10.103  5.597 
  9.392  10.057  5.772 
  9.324  9.977  6.128 
  9.255  10.068  5.875 
  9.278  10.011  6.040 
  9.243  10.057  5.908 
  9.255  10.022  6.003 
  9.232  10.034  5.978 
  9.243  10.011  6.040 
  9.232  10.068  5.838 
  9.232  10.057  5.857 
  9.186  9.988  6.146 
  9.186  9.965  6.234 
  9.198  10.034  5.978 
  9.278  9.977  6.087 
  9.255  9.977  6.120 
  9.289  10.011  5.963 
  9.301  10.011  5.945 
  9.324  9.988  6.000 
  9.289  10.068  5.747 
  9.301  9.988  6.007 
  9.243  9.977  6.120 
  9.243  10.022  5.956 
  9.255  9.931  6.274 
  9.289  9.977  6.087 
  9.324  10.000  5.970 
  9.335  9.908  6.296 
  9.369  9.988  5.992 
  9.415  9.965  6.025 
  9.415  10.011  5.868 
  9.415  10.057  5.695 
  9.335  10.045  5.813 
  9.278  10.011  5.989 
 
