5151 5151 17345598 
5152 5152 17348194 
5153 5153 17350784 
5154 5154 17353374 
5155 5155 17355316 
5156 5156 17357258 
5157 5157 17359212 
5158 5158 17361158 
5159 5159 17363100 
5160 5160 17365042 
5161 5161 17366984 
5162 5162 17368928 
5163 5163 17371516 
5164 5164 17374106 
5165 5165 17376690 
5166 5166 17379284 
5167 5167 17381872 
5168 5168 17384460 
5169 5169 17387050 
5170 5170 17389640 
5171 5171 17392228 
5172 5172 17394816 
5173 5173 17397406 
5174 5174 17399994 
5175 5175 17401936 
5176 5176 17403876 
5177 5177 17405820 
5178 5178 17407760 
5179 5179 17409702 
5180 5180 17411644 
5181 5181 17413586 
5182 5182 17415528 
5183 5183 17417470 
5184 5184 17419412 
5185 5185 17421354 
5186 5186 17423296 
5187 5187 17425238 
5188 5188 17427180 
5189 5189 17429124 
5190 5190 17431064 
5191 5191 17433008 
5192 5192 17434950 
5193 5193 17436888 
5194 5194 17438834 
5195 5195 17440776 
5196 5196 17442720 
5197 5197 17444660 
5198 5198 17446602 
5199 5199 17448544 
5200 5200 17450486 
5201 5201 17452428 
5202 5202 17454370 
5203 5203 17456312 
5204 5204 17458254 
5205 5205 17460198 
5206 5206 17462138 
5207 5207 17464082 
5208 5208 17466024 
5209 5209 17467966 
5210 5210 17469906 
5211 5211 17471848 
5212 5212 17473790 
5213 5213 17475728 
5214 5214 17477672 
5215 5215 17479614 
5216 5216 17481554 
5217 5217 17483498 
5218 5218 17485440 
5219 5219 17487382 
5220 5220 17489324 
5221 5221 17491266 
5222 5222 17493208 
5223 5223 17495150 
5224 5224 17497092 
5225 5225 17499034 
5226 5226 17500976 
5227 5227 17502918 
5228 5228 17504858 
5229 5229 17506800 
5230 5230 17508742 
5231 5231 17510682 
5232 5232 17512626 
5233 5233 17514562 
5234 5234 17516508 
5235 5235 17518450 
5236 5236 17520392 
5237 5237 17522332 
5238 5238 17524274 
5239 5239 17526218 
5240 5240 17528160 
5241 5241 17530102 
5242 5242 17532044 
5243 5243 17533986 
5244 5244 17535928 
5245 5245 17537870 
5246 5246 17539812 
5247 5247 17541754 
5248 5248 17543694 
5249 5249 17545636 
5250 5250 17547576 
5251 5251 17549524 
5252 5252 17551466 
5253 5253 17553406 
5254 5254 17555348 
5255 5255 17557290 
5256 5256 17559234 
5257 5257 17561174 
5258 5258 17563112 
5259 5259 17565054 
5260 5260 17567000 
5261 5261 17568942 
5262 5262 17570886 
5263 5263 17572830 
5264 5264 17574772 
5265 5265 17576714 
5266 5266 17578654 
5267 5267 17580596 
5268 5268 17582536 
5269 5269 17584478 
5270 5270 17586416 
5271 5271 17588356 
5272 5272 17590298 
5273 5273 17592242 
5274 5274 17594190 
5275 5275 17596130 
5276 5276 17598072 
5277 5277 17600016 
5278 5278 17601958 
5279 5279 17603900 
5280 5280 17605842 
5281 5281 17607784 
5282 5282 17609726 
5283 5283 17611668 
5284 5284 17613612 
5285 5285 17615552 
5286 5286 17617492 
5287 5287 17619432 
5288 5288 17621378 
5289 5289 17623320 
5290 5290 17625262 
5291 5291 17627204 
5292 5292 17629146 
5293 5293 17631088 
5294 5294 17633028 
5295 5295 17634974 
5296 5296 17636918 
5297 5297 17638860 
5298 5298 17640800 
5299 5299 17642744 
5300 5300 17644684 
5301 5301 17646626 
5302 5302 17648568 
5303 5303 17650510 
5304 5304 17652452 
5305 5305 17654394 
5306 5306 17656336 
5307 5307 17658278 
5308 5308 17660216 
5309 5309 17662158 
5310 5310 17664106 
5311 5311 17666044 
5312 5312 17668634 
5313 5313 17671224 
5314 5314 17673812 
5315 5315 17675752 
5316 5316 17677694 
5317 5317 17679640 
5318 5318 17681578 
5319 5319 17683520 
5320 5320 17685462 
5321 5321 17687404 
5322 5322 17689350 
5323 5323 17691292 
5324 5324 17693232 
5325 5325 17695172 
5326 5326 17697120 
5327 5327 17699060 
5328 5328 17701004 
5329 5329 17702946 
5330 5330 17704888 
5331 5331 17706830 
5332 5332 17708770 
5333 5333 17710712 
5334 5334 17712654 
5335 5335 17714596 
5336 5336 17716538 
5337 5337 17718480 
5338 5338 17720422 
5339 5339 17722364 
5340 5340 17724306 
5341 5341 17726250 
5342 5342 17728192 
5343 5343 17730134 
5344 5344 17732076 
5345 5345 17734666 
5346 5346 17737902 
5347 5347 17739842 
5348 5348 17741784 
5349 5349 17743726 
5350 5350 17745668 
5351 5351 17747612 
5352 5352 17749554 
5353 5353 17751496 
5354 5354 17753438 
5355 5355 17755378 
5356 5356 17757322 
5357 5357 17759262 
5358 5358 17761206 
5359 5359 17763148 
5360 5360 17765088 
5361 5361 17767034 
5362 5362 17768974 
5363 5363 17770916 
5364 5364 17772856 
5365 5365 17774794 
5366 5366 17776740 
5367 5367 17778682 
5368 5368 17780624 
5369 5369 17782562 
5370 5370 17784508 
5371 5371 17786450 
5372 5372 17788392 
5373 5373 17790334 
5374 5374 17792276 
5375 5375 17794220 
5376 5376 17796162 
5377 5377 17798104 
5378 5378 17800694 
5379 5379 17802636 
5380 5380 17804574 
5381 5381 17806518 
5382 5382 17808460 
5383 5383 17810402 
5384 5384 17812344 
5385 5385 17814286 
5386 5386 17816228 
5387 5387 17818170 
5388 5388 17820112 
5389 5389 17822056 
5390 5390 17823998 
5391 5391 17825940 
5392 5392 17827884 
5393 5393 17829824 
5394 5394 17831768 
5395 5395 17833710 
5396 5396 17835650 
5397 5397 17837592 
5398 5398 17839536 
5399 5399 17841478 
5400 5400 17843420 
5401 5401 17845356 
5402 5402 17847304 
5403 5403 17849246 
5404 5404 17851186 
5405 5405 17853130 
5406 5406 17855072 
5407 5407 17857660 
5408 5408 17861544 
5409 5409 17864782 
5410 5410 17867368 
5411 5411 17869308 
5412 5412 17871246 
5413 5413 17873192 
5414 5414 17875136 
5415 5415 17877078 
5416 5416 17879020 
5417 5417 17880962 
5418 5418 17882904 
5419 5419 17884846 
5420 5420 17886788 
5421 5421 17888730 
5422 5422 17890674 
5423 5423 17893260 
5424 5424 17896498 
5425 5425 17901678 
5426 5426 17906860 
5427 5427 17909442 
5428 5428 17912030 
5429 5429 17915912 
5430 5430 17923682 
5431 5431 17930160 
5432 5432 17932748 
5433 5433 17934692 
5434 5434 17937280 
5435 5435 17940518 
5436 5436 17943102 
5437 5437 17946342 
5438 5438 17950874 
5439 5439 17956700 
5440 5440 17963170 
5441 5441 17969644 
5442 5442 17974828 
5443 5443 17976772 
5444 5444 17980004 
5445 5445 17982592 
5446 5446 17985828 
5447 5447 17989066 
5448 5448 17991658 
5449 5449 17995540 
5450 5450 17999426 
5451 5451 18003310 
5452 5452 18007838 
5453 5453 18012372 
5454 5454 18017546 
5455 5455 18023374 
5456 5456 18028550 
5457 5457 18032434 
5458 5458 18035026 
5459 5459 18037616 
5460 5460 18039560 
5461 5461 18042144 
5462 5462 18045380 
5463 5463 18049264 
5464 5464 18053154 
5465 5465 18056390 
5466 5466 18060920 
5467 5467 18064804 
5468 5468 18069984 
5469 5469 18073868 
5470 5470 18077752 
5471 5471 18080986 
5472 5472 18084222 
5473 5473 18088108 
5474 5474 18092640 
5475 5475 18097168 
5476 5476 18101704 
5477 5477 18106878 
5478 5478 18113350 
5479 5479 18121124 
5480 5480 18128240 
5481 5481 18137302 
5482 5482 18141834 
5483 5483 18147018 
5484 5484 18152190 
5485 5485 18156074 
5486 5486 18159956 
5487 5487 18163192 
5488 5488 18167076 
5489 5489 18170962 
5490 5490 18173550 
5491 5491 18176786 
5492 5492 18180024 
5493 5493 18183904 
5494 5494 18187790 
5495 5495 18191024 
5496 5496 18194262 
5497 5497 18198146 
5498 5498 18202026 
5499 5499 18206560 
5500 5500 18211090 
5501 5501 18215624 
5502 5502 18220800 
5503 5503 18227272 
5504 5504 18235682 
5505 5505 18244096 
5506 5506 18251864 
5507 5507 18257040 
5508 5508 18262218 
5509 5509 18266102 
5510 5510 18270632 
5511 5511 18273868 
5512 5512 18277752 
5513 5513 18281636 
5514 5514 18284870 
5515 5515 18288106 
5516 5516 18291990 
5517 5517 18295872 
5518 5518 18299756 
5519 5519 18303640 
5520 5520 18308170 
5521 5521 18312700 
5522 5522 18317878 
5523 5523 18323054 
5524 5524 18329528 
5525 5525 18335350 
5526 5526 18343118 
5527 5527 18350884 
5528 5528 18358008 
5529 5529 18365126 
5530 5530 18371602 
5531 5531 18376132 
5532 5532 18380664 
5533 5533 18383898 
5534 5534 18387782 
5535 5535 18392316 
5536 5536 18396846 
5537 5537 18400082 
5538 5538 18403968 
5539 5539 18407850 
5540 5540 18411734 
5541 5541 18416264 
5542 5542 18421442 
5543 5543 18426622 
5544 5544 18431798 
5545 5545 18438274 
5546 5546 18444746 
5547 5547 18452514 
5548 5548 18460284 
5549 5549 18467406 
5550 5550 18470642 
5551 5551 18472584 
5552 5552 18474526 
5553 5553 18476468 
5554 5554 18478410 
5555 5555 18480350 
5556 5556 18482292 
5557 5557 18484234 
5558 5558 18486174 
5559 5559 18488118 
5560 5560 18490062 
5561 5561 18492004 
5562 5562 18493946 
5563 5563 18495888 
5564 5564 18497830 
5565 5565 18500418 
5566 5566 18502360 
5567 5567 18504304 
5568 5568 18506246 
5569 5569 18508188 
5570 5570 18510130 
5571 5571 18512072 
5572 5572 18514014 
5573 5573 18517898 
5574 5574 18522428 
5575 5575 18527606 
5576 5576 18532136 
5577 5577 18536020 
5578 5578 18538610 
5579 5579 18541200 
5580 5580 18543140 
5581 5581 18545082 
5582 5582 18547672 
5583 5583 18549614 
5584 5584 18552204 
5585 5585 18554792 
5586 5586 18558030 
5587 5587 18561266 
5588 5588 18565150 
5589 5589 18572272 
5590 5590 18580034 
5591 5591 18588452 
5592 5592 18593636 
5593 5593 18596226 
5594 5594 18599462 
5595 5595 18602052 
5596 5596 18605288 
5597 5597 18609820 
5598 5598 18613056 
5599 5599 18616938 
5600 5600 18621466 
5601 5601 18626648 
5602 5602 18631828 
5603 5603 18640242 
5604 5604 18644774 
5605 5605 18648656 
5606 5606 18651246 
5607 5607 18653834 
5608 5608 18656424 
5609 5609 18659660 
5610 5610 18662894 
5611 5611 18667424 
5612 5612 18671962 
5613 5613 18676494 
5614 5614 18680374 
5615 5615 18683612 
5616 5616 18686202 
5617 5617 18688148 
5618 5618 18690088 
5619 5619 18692026 
5620 5620 18693972 
5621 5621 18696560 
5622 5622 18699148 
5623 5623 18701738 
5624 5624 18704326 
5625 5625 18706270 
5626 5626 18708208 
5627 5627 18710152 
5628 5628 18712092 
5629 5629 18714036 
5630 5630 18716624 
5631 5631 18719212 
5632 5632 18721802 
5633 5633 18724390 
5634 5634 18726980 
5635 5635 18729572 
5636 5636 18732158 
5637 5637 18735394 
5638 5638 18738626 
5639 5639 18741866 
5640 5640 18745100 
5641 5641 18748332 
5642 5642 18750920 
5643 5643 18753508 
5644 5644 18756100 
5645 5645 18758042 
5646 5646 18759982 
5647 5647 18761924 
5648 5648 18763870 
5649 5649 18765810 
5650 5650 18767758 
5651 5651 18769696 
5652 5652 18771638 
5653 5653 18773584 
5654 5654 18775526 
5655 5655 18778114 
5656 5656 18780700 
5657 5657 18783290 
5658 5658 18785880 
5659 5659 18788472 
5660 5660 18791062 
5661 5661 18793648 
5662 5662 18796242 
5663 5663 18798830 
5664 5664 18800768 
5665 5665 18803360 
5666 5666 18805952 
5667 5667 18809188 
5668 5668 18812424 
5669 5669 18815660 
5670 5670 18818898 
5671 5671 18821480 
5672 5672 18823428 
5673 5673 18825368 
5674 5674 18827308 
5675 5675 18829252 
5676 5676 18831194 
5677 5677 18833134 
5678 5678 18835076 
5679 5679 18837018 
5680 5680 18838958 
5681 5681 18840900 
5682 5682 18842842 
5683 5683 18844784 
5684 5684 18847376 
5685 5685 18850608 
5686 5686 18853842 
5687 5687 18856432 
5688 5688 18858374 
5689 5689 18860316 
5690 5690 18862256 
5691 5691 18864202 
5692 5692 18866144 
5693 5693 18868090 
5694 5694 18870028 
5695 5695 18872620 
5696 5696 18875858 
5697 5697 18879094 
5698 5698 18882332 
5699 5699 18884920 
5700 5700 18887510 
5701 5701 18889450 
5702 5702 18891394 
5703 5703 18893328 
5704 5704 18895274 
5705 5705 18897218 
5706 5706 18899156 
5707 5707 18901098 
5708 5708 18903040 
5709 5709 18904982 
5710 5710 18906926 
5711 5711 18909514 
5712 5712 18912752 
5713 5713 18918582 
5714 5714 18921820 
5715 5715 18924406 
5716 5716 18926350 
5717 5717 18928292 
5718 5718 18930234 
5719 5719 18932824 
5720 5720 18936708 
5721 5721 18943182 
5722 5722 18949006 
5723 5723 18951590 
5724 5724 18954184 
5725 5725 18956774 
5726 5726 18959364 
5727 5727 18961954 
5728 5728 18964544 
5729 5729 18967130 
5730 5730 18971012 
5731 5731 18976190 
5732 5732 18982664 
5733 5733 18989786 
5734 5734 18996908 
5735 5735 19004030 
5736 5736 19013092 
5737 5737 19023454 
5738 5738 19034458 
5739 5739 19046114 
5740 5740 19055826 
5741 5741 19062948 
5742 5742 19070070 
5743 5743 19075894 
5744 5744 19083022 
5745 5745 19090136 
5746 5746 19097258 
5747 5747 19105032 
5748 5748 19112150 
5749 5749 19121218 
5750 5750 19130926 
5751 5751 19141932 
5752 5752 19153592 
5753 5753 19159412 
5754 5754 19162002 
5755 5755 19164590 
5756 5756 19167180 
5757 5757 19169770 
5758 5758 19172362 
5759 5759 19175602 
5760 5760 19179488 
5761 5761 19183370 
5762 5762 19188552 
5763 5763 19193730 
5764 5764 19196968 
5765 5765 19200852 
5766 5766 19205384 
5767 5767 19208618 
5768 5768 19212500 
5769 5769 19220278 
5770 5770 19222220 
5771 5771 19224162 
5772 5772 19226104 
5773 5773 19228046 
5774 5774 19229988 
5775 5775 19231930 
5776 5776 19233872 
5777 5777 19235818 
5778 5778 19238408 
5779 5779 19240996 
5780 5780 19243588 
5781 5781 19247472 
5782 5782 19252000 
5783 5783 19255884 
5784 5784 19259122 
5785 5785 19261710 
5786 5786 19264296 
5787 5787 19266888 
5788 5788 19269478 
5789 5789 19272716 
5790 5790 19276600 
5791 5791 19283074 
5792 5792 19285664 
5793 5793 19287608 
5794 5794 19289550 
5795 5795 19291492 
5796 5796 19293436 
5797 5797 19295378 
5798 5798 19297320 
5799 5799 19299260 
5800 5800 19301204 
5801 5801 19303146 
5802 5802 19305090 
5803 5803 19307680 
5804 5804 19311564 
5805 5805 19316096 
5806 5806 19319980 
5807 5807 19321922 
5808 5808 19324512 
5809 5809 19326454 
5810 5810 19329036 
5811 5811 19331632 
5812 5812 19333576 
5813 5813 19336164 
5814 5814 19338754 
5815 5815 19341990 
5816 5816 19345228 
5817 5817 19351698 
5818 5818 19353636 
5819 5819 19355584 
5820 5820 19357522 
5821 5821 19359468 
5822 5822 19361406 
5823 5823 19363352 
5824 5824 19365296 
5825 5825 19367236 
5826 5826 19369178 
5827 5827 19371120 
5828 5828 19373064 
5829 5829 19375654 
5830 5830 19378890 
5831 5831 19382776 
5832 5832 19387306 
5833 5833 19389896 
5834 5834 19393134 
5835 5835 19397014 
5836 5836 19399606 
5837 5837 19402188 
5838 5838 19405428 
5839 5839 19409314 
5840 5840 19413850 
5841 5841 19419676 
5842 5842 19424856 
5843 5843 19426796 
5844 5844 19428738 
5845 5845 19430680 
5846 5846 19432622 
5847 5847 19434564 
5848 5848 19437152 
5849 5849 19439740 
5850 5850 19442980 
5851 5851 19446864 
5852 5852 19451398 
5853 5853 19457224 
5854 5854 19464990 
5855 5855 19474054 
5856 5856 19485058 
5857 5857 19495416 
5858 5858 19504478 
5859 5859 19509656 
5860 5860 19515482 
5861 5861 19520014 
5862 5862 19523898 
5863 5863 19528428 
5864 5864 19532310 
5865 5865 19537488 
5866 5866 19542664 
5867 5867 19547190 
5868 5868 19552370 
5869 5869 19559490 
5870 5870 19566610 
5871 5871 19575030 
5872 5872 19584094 
5873 5873 19595100 
5874 5874 19603516 
5875 5875 19609338 
5876 5876 19611928 
5877 5877 19614514 
5878 5878 19617102 
5879 5879 19619692 
5880 5880 19622282 
5881 5881 19624870 
5882 5882 19627462 
5883 5883 19629400 
5884 5884 19631342 
5885 5885 19633934 
5886 5886 19636522 
5887 5887 19639114 
5888 5888 19641702 
5889 5889 19644292 
5890 5890 19646882 
5891 5891 19649472 
5892 5892 19652710 
5893 5893 19655946 
5894 5894 19658534 
5895 5895 19660476 
5896 5896 19662420 
5897 5897 19665008 
5898 5898 19667600 
5899 5899 19670836 
5900 5900 19673422 
5901 5901 19675364 
5902 5902 19677308 
5903 5903 19679248 
5904 5904 19681190 
5905 5905 19683132 
5906 5906 19685072 
5907 5907 19687018 
5908 5908 19688956 
5909 5909 19691544 
5910 5910 19694138 
5911 5911 19697376 
5912 5912 19700612 
5913 5913 19703850 
5914 5914 19707086 
5915 5915 19710326 
5916 5916 19713560 
5917 5917 19716798 
5918 5918 19720034 
5919 5919 19723272 
5920 5920 19726508 
5921 5921 19729740 
5922 5922 19732974 
5923 5923 19735566 
5924 5924 19738800 
5925 5925 19741394 
5926 5926 19743986 
5927 5927 19747220 
5928 5928 19750458 
5929 5929 19753696 
5930 5930 19756930 
5931 5931 19760168 
5932 5932 19763404 
5933 5933 19766640 
5934 5934 19769878 
5935 5935 19773114 
5936 5936 19776352 
5937 5937 19778944 
5938 5938 19781532 
5939 5939 19784770 
5940 5940 19788004 
5941 5941 19791242 
5942 5942 19794478 
5943 5943 19797718 
5944 5944 19800304 
5945 5945 19803544 
5946 5946 19806780 
5947 5947 19810018 
5948 5948 19813254 
5949 5949 19815848 
5950 5950 19819082 
5951 5951 19822320 
5952 5952 19825556 
5953 5953 19828794 
5954 5954 19832032 
5955 5955 19835268 
5956 5956 19838504 
5957 5957 19841742 
5958 5958 19844978 
5959 5959 19848218 
5960 5960 19851452 
5961 5961 19855336 
5962 5962 19858572 
5963 5963 19861808 
5964 5964 19865046 
5965 5965 19868282 
5966 5966 19871518 
5967 5967 19874752 
5968 5968 19877988 
5969 5969 19881224 
5970 5970 19884464 
5971 5971 19887698 
5972 5972 19891582 
5973 5973 19895466 
5974 5974 19899348 
5975 5975 19903884 
5976 5976 19908416 
5977 5977 19913592 
5978 5978 19918768 
5979 5979 19923950 
5980 5980 19929774 
5981 5981 19936248 
5982 5982 19944012 
5983 5983 19953070 
5984 5984 19962778 
5985 5985 19973134 
5986 5986 19981550 
5987 5987 19988672 
5988 5988 19994502 
5989 5989 20001624 
5990 5990 20010038 
5991 5991 20017806 
5992 5992 20025576 
5993 5993 20033994 
5994 5994 20043056 
5995 5995 20047582 
5996 5996 20050820 
5997 5997 20054056 
5998 5998 20057294 
5999 5999 20061178 
6000 6000 20064414 
6001 6001 20068946 
6002 6002 20074124 
6003 6003 20076712 
6004 6004 20078654 
6005 6005 20081244 
6006 6006 20085770 
6007 6007 20095484 
6008 6008 20101960 
6009 6009 20105842 
6010 6010 20111022 
6011 6011 20114906 
6012 6012 20120084 
6013 6013 20126558 
6014 6014 20134974 
6015 6015 20145330 
6016 6016 20153096 
6017 6017 20157628 
6018 6018 20162158 
6019 6019 20167338 
6020 6020 20173166 
6021 6021 20181584 
6022 6022 20185468 
6023 6023 20191938 
6024 6024 20203584 
6025 6025 20210704 
6026 6026 20216528 
6027 6027 20221706 
6028 6028 20228178 
6029 6029 20233354 
6030 6030 20239828 
6031 6031 20247592 
6032 6032 20250824 
6033 6033 20254060 
6034 6034 20261828 
6035 6035 20278014 
6036 6036 20280604 
6037 6037 20283838 
6038 6038 20287076 
6039 6039 20290960 
6040 6040 20294842 
6041 6041 20299372 
6042 6042 20303902 
6043 6043 20309082 
6044 6044 20315552 
6045 6045 20318142 
6046 6046 20320726 
6047 6047 20323316 
6048 6048 20326554 
6049 6049 20333668 
6050 6050 20351148 
6051 6051 20353736 
6052 6052 20356326 
6053 6053 20358914 
6054 6054 20361504 
6055 6055 20364738 
6056 6056 20368622 
6057 6057 20372506 
6058 6058 20377036 
6059 6059 20382214 
6060 6060 20388038 
6061 6061 20390628 
6062 6062 20393218 
6063 6063 20396448 
6064 6064 20400982 
6065 6065 20410686 
6066 6066 20424936 
6067 6067 20426876 
6068 6068 20428818 
6069 6069 20430760 
6070 6070 20433348 
6071 6071 20435938 
6072 6072 20439174 
6073 6073 20442410 
6074 6074 20447588 
6075 6075 20453414 
6076 6076 20459238 
6077 6077 20462476 
6078 6078 20465706 
6079 6079 20468946 
6080 6080 20474124 
6081 6081 20490946 
6082 6082 20496776 
6083 6083 20499364 
6084 6084 20501306 
6085 6085 20503248 
6086 6086 20505190 
6087 6087 20507130 
6088 6088 20509718 
6089 6089 20512956 
6090 6090 20515544 
6091 6091 20520076 
6092 6092 20525252 
6093 6093 20529136 
6094 6094 20531076 
6095 6095 20533018 
6096 6096 20534960 
6097 6097 20536898 
6098 6098 20538842 
6099 6099 20540780 
6100 6100 20544016 
6101 6101 20547904 
6102 6102 20554372 
6103 6103 20562138 
6104 6104 20564078 
6105 6105 20566024 
6106 6106 20567964 
6107 6107 20569904 
6108 6108 20571842 
6109 6109 20573792 
6110 6110 20575726 
6111 6111 20578316 
6112 6112 20580260 
6113 6113 20582846 
6114 6114 20586734 
6115 6115 20590618 
6116 6116 20593208 
6117 6117 20595796 
6118 6118 20597738 
6119 6119 20599678 
6120 6120 20601620 
6121 6121 20603562 
6122 6122 20605504 
6123 6123 20607444 
6124 6124 20610682 
6125 6125 20613270 
6126 6126 20618448 
6127 6127 20626216 
6128 6128 20628158 
6129 6129 20630098 
6130 6130 20632040 
6131 6131 20633978 
6132 6132 20635920 
6133 6133 20637862 
6134 6134 20639804 
6135 6135 20641748 
6136 6136 20644334 
6137 6137 20646274 
6138 6138 20648860 
6139 6139 20652744 
6140 6140 20656632 
6141 6141 20659868 
6142 6142 20661810 
6143 6143 20663752 
6144 6144 20665690 
6145 6145 20667634 
6146 6146 20669576 
6147 6147 20671520 
6148 6148 20673458 
6149 6149 20676048 
6150 6150 20678638 
6151 6151 20681874 
6152 6152 20689642 
6153 6153 20692232 
6154 6154 20694818 
6155 6155 20696762 
6156 6156 20698704 
6157 6157 20700640 
6158 6158 20702580 
6159 6159 20704522 
6160 6160 20706464 
6161 6161 20708406 
6162 6162 20710346 
6163 6163 20712936 
6164 6164 20716174 
6165 6165 20720062 
6166 6166 20724592 
6167 6167 20727182 
6168 6168 20729122 
6169 6169 20731064 
6170 6170 20733004 
6171 6171 20734946 
6172 6172 20736888 
6173 6173 20738832 
6174 6174 20740774 
6175 6175 20743364 
6176 6176 20745954 
6177 6177 20751780 
6178 6178 20759544 
6179 6179 20761482 
6180 6180 20763424 
6181 6181 20765366 
6182 6182 20767306 
6183 6183 20769250 
6184 6184 20771192 
6185 6185 20773138 
6186 6186 20775082 
6187 6187 20777022 
6188 6188 20778964 
6189 6189 20782200 
6190 6190 20786084 
6191 6191 20789966 
6192 6192 20791908 
6193 6193 20793850 
6194 6194 20795792 
6195 6195 20797730 
6196 6196 20799674 
6197 6197 20801616 
6198 6198 20803560 
6199 6199 20805500 
6200 6200 20808086 
6201 6201 20810672 
6202 6202 20814556 
6203 6203 20821682 
6204 6204 20824272 
6205 6205 20826860 
6206 6206 20828804 
6207 6207 20830744 
6208 6208 20832684 
6209 6209 20834626 
6210 6210 20836568 
6211 6211 20838512 
6212 6212 20840454 
6213 6213 20842396 
6214 6214 20844984 
6215 6215 20848222 
6216 6216 20852106 
6217 6217 20856638 
6218 6218 20858582 
6219 6219 20860524 
6220 6220 20862464 
6221 6221 20864404 
6222 6222 20866346 
6223 6223 20868290 
6224 6224 20870230 
6225 6225 20872820 
6226 6226 20875404 
6227 6227 20878642 
6228 6228 20886408 
6229 6229 20892234 
6230 6230 20894180 
6231 6231 20896120 
6232 6232 20898060 
6233 6233 20900002 
6234 6234 20901944 
6235 6235 20903888 
6236 6236 20905830 
6237 6237 20907772 
6238 6238 20910358 
6239 6239 20912950 
6240 6240 20916830 
6241 6241 20920710 
6242 6242 20924594 
6243 6243 20927184 
6244 6244 20929124 
6245 6245 20931060 
6246 6246 20933006 
6247 6247 20934954 
6248 6248 20936896 
6249 6249 20939484 
6250 6250 20942070 
6251 6251 20945306 
6252 6252 20951780 
6253 6253 20960842 
6254 6254 20962780 
6255 6255 20964724 
6256 6256 20966666 
6257 6257 20968608 
6258 6258 20970548 
6259 6259 20972494 
6260 6260 20974434 
6261 6261 20977020 
6262 6262 20979606 
6263 6263 20982198 
6264 6264 20986726 
6265 6265 20991908 
6266 6266 20995798 
6267 6267 20997736 
6268 6268 20999674 
6269 6269 21001618 
6270 6270 21003564 
6271 6271 21005504 
6272 6272 21007446 
6273 6273 21010682 
6274 6274 21013918 
6275 6275 21019744 
6276 6276 21028158 
6277 6277 21030094 
6278 6278 21032040 
6279 6279 21033982 
6280 6280 21035922 
6281 6281 21037866 
6282 6282 21039806 
6283 6283 21041746 
6284 6284 21043684 
6285 6285 21046274 
6286 6286 21048860 
6287 6287 21051450 
6288 6288 21055980 
6289 6289 21061158 
6290 6290 21065046 
6291 6291 21066988 
6292 6292 21068930 
6293 6293 21070872 
6294 6294 21072812 
6295 6295 21074754 
6296 6296 21076696 
6297 6297 21079284 
6298 6298 21082520 
6299 6299 21087052 
6300 6300 21096762 
6301 6301 21099350 
6302 6302 21101290 
6303 6303 21103234 
6304 6304 21105176 
6305 6305 21107118 
6306 6306 21109056 
6307 6307 21111002 
6308 6308 21112944 
6309 6309 21114886 
6310 6310 21117470 
6311 6311 21120064 
6312 6312 21123944 
6313 6313 21128474 
6314 6314 21133004 
6315 6315 21135594 
6316 6316 21137536 
6317 6317 21139474 
6318 6318 21141420 
6319 6319 21143362 
6320 6320 21145950 
6321 6321 21149186 
6322 6322 21152422 
6323 6323 21160840 
6324 6324 21174434 
6325 6325 21176376 
6326 6326 21178316 
6327 6327 21180260 
6328 6328 21182198 
6329 6329 21184138 
6330 6330 21186080 
6331 6331 21188670 
6332 6332 21191904 
6333 6333 21195142 
6334 6334 21199674 
6335 6335 21204208 
6336 6336 21210034 
6337 6337 21212624 
6338 6338 21214566 
6339 6339 21216502 
6340 6340 21218448 
6341 6341 21221038 
6342 6342 21223626 
6343 6343 21227510 
6344 6344 21233336 
6345 6345 21242398 
6346 6346 21248220 
6347 6347 21250162 
6348 6348 21252104 
6349 6349 21254046 
6350 6350 21255986 
6351 6351 21257934 
6352 6352 21259874 
6353 6353 21261816 
6354 6354 21264406 
6355 6355 21267642 
6356 6356 21270876 
6357 6357 21275408 
6358 6358 21281234 
6359 6359 21285118 
6360 6360 21287708 
6361 6361 21289644 
6362 6362 21291586 
6363 6363 21294174 
6364 6364 21298058 
6365 6365 21301300 
6366 6366 21309716 
6367 6367 21323310 
6368 6368 21325252 
6369 6369 21327194 
6370 6370 21329136 
6371 6371 21331078 
6372 6372 21333020 
6373 6373 21335608 
6374 6374 21338846 
6375 6375 21342082 
6376 6376 21346612 
6377 6377 21351788 
6378 6378 21358258 
6379 6379 21362788 
6380 6380 21365378 
6381 6381 21369260 
6382 6382 21373790 
6383 6383 21379614 
6384 6384 21392558 
6385 6385 21411328 
6386 6386 21413268 
6387 6387 21415212 
6388 6388 21417152 
6389 6389 21419742 
6390 6390 21422978 
6391 6391 21426868 
6392 6392 21432694 
6393 6393 21439166 
6394 6394 21447584 
6395 6395 21451464 
6396 6396 21457928 
6397 6397 21463758 
6398 6398 21480588 
6399 6399 21498060 
6400 6400 21500000 
6401 6401 21502590 
6402 6402 21505826 
6403 6403 21509710 
6404 6404 21515536 
6405 6405 21521360 
6406 6406 21529774 
6407 6407 21541426 
6408 6408 21544656 
6409 6409 21549834 
6410 6410 21577672 
6411 6411 21580262 
6412 6412 21582852 
6413 6413 21586088 
6414 6414 21589324 
6415 6415 21593208 
6416 6416 21597738 
6417 6417 21604212 
6418 6418 21612624 
6419 6419 21617156 
6420 6420 21621686 
6421 6421 21627510 
6422 6422 21635924 
6423 6423 21659880 
6424 6424 21661822 
6425 6425 21663764 
6426 6426 21666350 
6427 6427 21668938 
6428 6428 21672174 
6429 6429 21676706 
6430 6430 21681238 
6431 6431 21687712 
6432 6432 21696126 
6433 6433 21700010 
6434 6434 21703242 
6435 6435 21706482 
6436 6436 21711660 
6437 6437 21718780 
6438 6438 21745966 
6439 6439 21747904 
6440 6440 21749850 
6441 6441 21752438 
6442 6442 21755026 
6443 6443 21758264 
6444 6444 21762146 
6445 6445 21767326 
6446 6446 21773152 
6447 6447 21780920 
6448 6448 21784804 
6449 6449 21788042 
6450 6450 21791924 
6451 6451 21796456 
6452 6452 21807462 
6453 6453 21830120 
6454 6454 21832058 
6455 6455 21834650 
6456 6456 21837240 
6457 6457 21840476 
6458 6458 21844364 
6459 6459 21849542 
6460 6460 21856016 
6461 6461 21864432 
6462 6462 21872200 
6463 6463 21877378 
6464 6464 21885142 
6465 6465 21914920 
6466 6466 21917508 
6467 6467 21920098 
6468 6468 21923334 
6469 6469 21927218 
6470 6470 21931748 
6471 6471 21936926 
6472 6472 21944690 
6473 6473 21955050 
6474 6474 21957634 
6475 6475 21960874 
6476 6476 21966052 
6477 6477 21978354 
6478 6478 21998416 
6479 6479 22000356 
6480 6480 22002298 
6481 6481 22004888 
6482 6482 22008126 
6483 6483 22012016 
6484 6484 22017840 
6485 6485 22024962 
6486 6486 22034668 
6487 6487 22038552 
6488 6488 22043082 
6489 6489 22056022 
6490 6490 22081266 
6491 6491 22083854 
6492 6492 22086442 
6493 6493 22089678 
6494 6494 22094210 
6495 6495 22100034 
6496 6496 22106504 
6497 6497 22116212 
6498 6498 22120098 
6499 6499 22123332 
6500 6500 22127222 
6501 6501 22137580 
6502 6502 22160232 
6503 6503 22162172 
6504 6504 22164114 
6505 6505 22166058 
6506 6506 22168000 
6507 6507 22170590 
6508 6508 22174476 
6509 6509 22178364 
6510 6510 22184192 
6511 6511 22191312 
6512 6512 22195198 
6513 6513 22197786 
6514 6514 22200376 
6515 6515 22203614 
6516 6516 22207496 
6517 6517 22212028 
6518 6518 22221734 
6519 6519 22237918 
6520 6520 22239858 
6521 6521 22241800 
6522 6522 22243744 
6523 6523 22246332 
6524 6524 22248924 
6525 6525 22252160 
6526 6526 22256692 
6527 6527 22262518 
6528 6528 22269638 
6529 6529 22272876 
6530 6530 22275464 
6531 6531 22278054 
6532 6532 22281290 
6533 6533 22285826 
6534 6534 22292296 
6535 6535 22306534 
6536 6536 22310424 
6537 6537 22313012 
6538 6538 22315602 
6539 6539 22318188 
6540 6540 22320774 
6541 6541 22324012 
6542 6542 22327896 
6543 6543 22333076 
6544 6544 22338902 
6545 6545 22346668 
6546 6546 22348608 
6547 6547 22350550 
6548 6548 22352494 
6549 6549 22355082 
6550 6550 22358320 
6551 6551 22364146 
6552 6552 22386158 
6553 6553 22388098 
6554 6554 22390040 
6555 6555 22391982 
6556 6556 22393926 
6557 6557 22396512 
6558 6558 22399104 
6559 6559 22402988 
6560 6560 22407522 
6561 6561 22413348 
6562 6562 22419820 
6563 6563 22422408 
6564 6564 22424352 
6565 6565 22426294 
6566 6566 22428882 
6567 6567 22431472 
6568 6568 22435356 
6569 6569 22439240 
6570 6570 22448302 
6571 6571 22459956 
6572 6572 22461896 
6573 6573 22463838 
6574 6574 22465780 
6575 6575 22468370 
6576 6576 22470960 
6577 6577 22474842 
6578 6578 22478728 
6579 6579 22485204 
6580 6580 22492326 
6581 6581 22497506 
6582 6582 22500094 
6583 6583 22503326 
6584 6584 22508510 
6585 6585 22513692 
6586 6586 22527936 
6587 6587 22540236 
6588 6588 22542176 
6589 6589 22544118 
6590 6590 22546706 
6591 6591 22549942 
6592 6592 22553826 
6593 6593 22558360 
6594 6594 22564188 
6595 6595 22573244 
6596 6596 22576480 
6597 6597 22579074 
6598 6598 22581662 
6599 6599 22584900 
6600 6600 22589428 
6601 6601 22595254 
6602 6602 22610792 
6603 6603 22613378 
6604 6604 22615322 
6605 6605 22617908 
6606 6606 22620498 
6607 6607 22623736 
6608 6608 22626972 
6609 6609 22630858 
6610 6610 22636034 
6611 6611 22641866 
6612 6612 22649634 
6613 6613 22651566 
6614 6614 22653512 
6615 6615 22655456 
6616 6616 22658042 
6617 6617 22661280 
6618 6618 22665814 
6619 6619 22674230 
6620 6620 22685236 
6621 6621 22687176 
6622 6622 22689118 
6623 6623 22691060 
6624 6624 22693002 
6625 6625 22695590 
6626 6626 22698180 
6627 6627 22701418 
6628 6628 22705308 
6629 6629 22710488 
6630 6630 22716960 
6631 6631 22720844 
6632 6632 22723426 
6633 6633 22726018 
6634 6634 22728606 
6635 6635 22731840 
6636 6636 22735724 
6637 6637 22744790 
6638 6638 22760328 
6639 6639 22762268 
6640 6640 22764210 
6641 6641 22766152 
6642 6642 22768740 
6643 6643 22771332 
6644 6644 22775216 
6645 6645 22780392 
6646 6646 22787516 
6647 6647 22797228 
6648 6648 22799170 
6649 6649 22801758 
6650 6650 22804996 
6651 6651 22810180 
6652 6652 22817948 
6653 6653 22841898 
6654 6654 22843836 
6655 6655 22845778 
6656 6656 22848368 
6657 6657 22851604 
6658 6658 22855488 
6659 6659 22860020 
6660 6660 22867142 
6661 6661 22876852 
6662 6662 22879442 
6663 6663 22882672 
6664 6664 22886562 
6665 6665 22894330 
6666 6666 22906632 
6667 6667 22925408 
6668 6668 22927348 
6669 6669 22929292 
6670 6670 22932528 
6671 6671 22935768 
6672 6672 22941592 
6673 6673 22948070 
6674 6674 22957778 
6675 6675 22964902 
6676 6676 22969432 
6677 6677 22975264 
6678 6678 22984328 
6679 6679 22997922 
6680 6680 23005694 
6681 6681 23009574 
6682 6682 23012812 
6683 6683 23016050 
6684 6684 23021222 
6685 6685 23026406 
6686 6686 23033528 
6687 6687 23043886 
6688 6688 23047126 
6689 6689 23051654 
6690 6690 23065898 
6691 6691 23094386 
6692 6692 23096970 
6693 6693 23100210 
6694 6694 23104088 
6695 6695 23109266 
6696 6696 23116388 
6697 6697 23126748 
6698 6698 23137748 
6699 6699 23140988 
6700 6700 23147464 
6701 6701 23174006 
6702 6702 23177242 
6703 6703 23180480 
6704 6704 23183716 
6705 6705 23187600 
6706 6706 23192134 
6707 6707 23197958 
6708 6708 23206376 
6709 6709 23213496 
6710 6710 23216086 
6711 6711 23219322 
6712 6712 23227086 
6713 6713 23253632 
6714 6714 23255574 
6715 6715 23258162 
6716 6716 23260752 
6717 6717 23263990 
6718 6718 23267876 
6719 6719 23273054 
6720 6720 23274798 
