0 0 0 
0 0 0 
0 0 1765227835 
0 0 406959931 
0 0 -1839331524 
0 0 -1593888196 
0 0 177954364 
64749 62265 -805273796 
64749 29498 1603506748 
60817 48698 -459038148 
38405 3387 -1942506948 
13762 14907 640926524 
17694 28731 786419516 
20181 36923 2007883580 
59706 45371 -593106116 
33952 53563 1717172284 
64749 62267 660079165 
38405 3388 -2141714371 
11796 8252 1731006013 
46102 13372 1908216381 
9997 18748 1847138621 
30443 24380 292953661 
46269 30524 -763681987 
63943 34620 438904893 
7176 41276 2084188733 
10725 44348 750401341 
9398 47932 955071293 
7559 51516 -322158787 
1612 55356 1717388349 
61200 59196 166283581 
53327 63036 -1699197123 
22471 573 -400010179 
48864 2621 -2026940355 
8247 4925 -219062979 
33677 6973 1423204925 
57632 9277 -10917827 
15345 11325 -1329107651 
36862 13629 -2013826243 
58379 16189 -1860273859 
13654 18493 -1984004547 
32989 20797 -7044803 
50142 23357 77300797 
285 26173 -1677818307 
16475 28733 -222197443 
29971 31549 -1295611075 
21252 33597 1201704509 
27037 34877 -866086595 
32566 36413 -1008496067 
5102 37693 -685796035 
9668 39229 -331246019 
14234 40765 303077437 
18544 42301 1298241853 
55396 43837 25205309 
26457 45373 90676029 
29804 46909 -1927373763 
65437 48445 1200200509 
2030 49981 -828007619 
37407 51773 1487116861 
39791 53309 -227894979 
41919 54845 291870525 
12017 56381 347968829 
15364 58173 -954690755 
18967 59709 1296011325 
55563 61245 575573309 
60129 62525 -211252675 
64695 64061 -1410562499 
51255 62 -1076723139 
21252 830 -1035961027 
40897 1342 1976070717 
44399 2110 -264476099 
31502 2878 1242062909 
36223 3390 -1295690435 
24801 3902 248269885 
46372 4670 927023677 
52056 5182 313472829 
25710 5694 1331375421 
32613 6206 1754997821 
23373 6718 373758781 
63269 7230 1511199293 
22255 7486 -1774319043 
14234 7998 96076093 
39462 8510 523302204 
64690 8766 -1439897540 
57632 9278 1585634108 
18544 9534 1525600572 
45247 9790 1580975932 
5903 10302 45137980 
64 10558 1213577532 
43617 10814 -944393412 
5748 11070 -397430980 
17271 11326 -376722628 
44937 11582 1849731132 
40573 11838 -90069956 
51584 12094 1359324732 
47220 12350 469805116 
58743 12606 506112572 
37980 12862 -1671058372 
33360 13118 1710534204 
28740 13374 2134159676 
24120 13630 -847269060 
35387 13886 -1463764676 
30767 14142 984793148 
42290 14398 1249953596 
53813 14654 623234620 
15944 14910 1332859964 
43610 15166 -2127439300 
21628 15422 1979310908 
65437 15678 633661756 
59598 15934 1937239612 
54015 16190 -1081675204 
64319 16702 108001852 
8832 16958 -1134035396 
35535 17214 -1767112643 
61726 17726 -709426883 
22638 17982 1842807869 
65484 18238 -1309473475 
42027 18750 126617149 
19082 19006 -1479473603 
61928 19262 -1780546499 
54870 19774 -810875331 
31925 20030 9765949 
24611 20542 131662141 
18065 20798 -1010893508 
60655 21054 -1533084868 
37454 21566 -1758988740 
64157 21822 -1896616132 
40956 22078 -1680742084 
51004 22590 -253698500 
12172 22846 -1156589508 
6589 23102 -1736847044 
16893 23358 -1670265028 
60190 23870 -1019626436 
38464 24126 -2035567300 
49987 24382 1928047420 
12118 24638 838181180 
7498 24894 -1045522628 
2878 25150 -700476868 
31507 25406 -695236292 
60392 25406 650018876 
23486 25662 527134780 
35972 25918 353722172 
16428 26174 -1156950212 
13283 26174 -396670660 
43131 26430 141244988 
7188 26686 1518220348 
37292 26686 -1973278660 
50997 26942 -362994884 
64958 26942 -1301733316 
62264 27198 -227076804 
60082 27198 941232700 
57644 27454 -1994256324 
39319 27454 -474151620 
37137 27710 2002127676 
18812 27710 -729218500 
16630 27710 1779957820 
47441 27966 919993403 
45259 27966 -1628371396 
9572 28222 1418594108 
40639 28222 1905984828 
54344 28478 -277412804 
18913 28478 610143292 
16475 28734 -848885188 
30180 28734 -64482756 
43885 28990 -1082783940 
8198 29246 -736948932 
4797 29246 -1212476612 
34645 29502 -1247342788 
31244 29758 181081148 
43986 29758 -1888743620 
40585 30014 -1820325828 
53327 30270 -1877537732 
17640 30270 1162151228 
13983 30526 -777191877 
10326 30782 774697019 
56573 30782 584245307 
37029 31038 -1358704069 
34591 31294 -830553285 
48552 31294 3909179 
62257 31550 585073723 
43932 31550 1802734395 
59112 31550 -951090117 
7282 31806 -1137552069 
22206 31806 1229667131 
22206 31806 1103020858 
22206 31806 -1520236485 
22206 31806 -1544548549 
22206 31806 -1233512901 
22206 31806 2063342651 
22206 31806 -1484971205 
22206 31806 -1552275141 
22206 31806 167718203 
22206 31806 1431974459 
22206 31806 498153019 
22206 31806 -196920517 
22206 31806 1252147259 
22206 31806 808928827 
22206 31806 -323990469 
22206 31806 204624699 
22206 31806 1121999163 
22206 31806 21979707 
22206 31806 -1520801733 
22206 31806 -2069445 
22206 31806 1635348795 
22206 31806 -1828620485 
22206 31806 -1465418437 
22206 31806 1261601595 
22206 31806 -1845262277 
22206 31806 516459067 
22206 31806 -365916101 
22206 31806 -67201989 
22206 31806 -1781622725 
52054 32062 -1510433989 
33729 32062 36721467 
47178 32318 497904187 
62102 32318 610818875 
27634 32318 881273659 
42558 32574 -1991840710 
8090 32574 -1489120966 
7127 32574 -121360837 
7127 32574 1503799611 
7127 32574 -253743301 
7127 32574 1554986555 
7127 32574 -662805189 
7127 32574 -764311493 
7127 32574 -1719301829 
7127 32574 -1664378309 
7127 32574 -1900700357 
7127 32574 1792711995 
7127 32574 -1686725317 
7127 32574 1979227195 
7127 32574 -2023252933 
7127 32574 1622842171 
7127 32574 1979751227 
7127 32574 -802842053 
7127 32574 1816303931 
7127 32574 305567803 
7127 32574 -449347269 
7127 32574 -2092924869 
7127 32574 -653961669 
7127 32574 -997314501 
7127 32574 -69193157 
7127 32574 -1728105413 
7127 32574 749867835 
7127 32574 -976810181 
7127 32574 1538658619 
7127 32574 -755886789 
7127 32574 1647516731 
7127 32574 1332618043 
7127 32574 1420634683 
7127 32574 -385994437 
7127 32574 1917139515 
7127 32574 -1414839237 
7127 32574 -2112128709 
7127 32574 1369811771 
7127 32574 2065154107 
7127 32574 -1646739909 
7127 32574 1280425275 
7127 32574 -1172652997 
7127 32574 -1846298053 
7127 32574 -1932024773 
7127 32574 2115740731 
7127 32574 -1058763205 
7127 32574 -1003253957 
7127 32574 2030401083 
7127 32574 -1598719941 
7127 32574 1809873467 
7127 32574 1529894971 
7127 32574 671374139 
7127 32574 -954375877 
7127 32574 -44931269 
7127 32574 2007264571 
7127 32574 -924879813 
7127 32574 1177648187 
7127 32574 1816232763 
7127 32574 986815547 
7127 32574 -776620485 
7127 32574 -2052928453 
7127 32574 1616306491 
7127 32574 -606871749 
7127 32574 1117642299 
7127 32574 997645627 
7127 32574 962250555 
7127 32574 715048507 
7127 32574 -1968716485 
7127 32574 -550194629 
7127 32574 -1750355653 
7127 32574 -1660575941 
7127 32574 -2130862277 
7127 32574 2096467259 
7127 32574 1549045563 
7127 32574 39948859 
7127 32574 -1652845253 
7127 32574 899979323 
7127 32574 4365371 
7127 32574 -2048811205 
7127 32574 -1853184965 
7127 32574 -79774149 
7127 32574 738383931 
7127 32574 1955654971 
7127 32574 -649793989 
7127 32574 -1493500101 
7127 32574 461177148 
7127 32574 -1601109700 
7127 32574 -1387462340 
7127 32574 2082275644 
39413 32574 -1059192772 
59680 32830 710475323 
42574 32830 -29100229 
50036 32830 -1436300229 
49073 32830 1625607483 
56535 32830 815575867 
55316 33086 1148102203 
37954 33086 1479772731 
61559 33086 -1105767621 
28310 33086 -1914750661 
19629 33086 -1486017477 
27347 33086 -1830739397 
59377 33086 1054598714 
1304 33342 -1093109702 
49477 33342 -1416910790 
49477 33342 1457722682 
49477 33342 2078334522 
49477 33342 1010210874 
49477 33342 -2031228358 
49477 33342 -94506950 
49477 33342 820333371 
49477 33342 -1097960901 
49477 33342 1503233595 
49477 33342 -803433157 
49477 33342 345477179 
49477 33342 26839867 
49477 33342 -612792517 
49477 33342 1458930491 
49477 33342 -1588494277 
49477 33342 -1434169029 
49477 33342 -1268496325 
49477 33342 -1595129541 
49477 33342 711988795 
49477 33342 -987427525 
49477 33342 -601895622 
49477 33342 -1224099526 
49477 33342 -574404806 
49477 33342 960311354 
49477 33342 -901832134 
49477 33342 1386004792 
49477 33342 -1255299913 
49477 33342 -2075103816 
49477 33342 -474209862 
49477 33342 -757191494 
49477 33342 2078877882 
8510 33342 756949690 
57902 33342 -38596678 
50696 33342 -1252664647 
25872 33342 254625466 
25872 33342 -797375942 
25872 33342 -70972358 
57902 33342 285973050 
49477 33342 1656428091 
49477 33342 239990074 
49477 33342 1167723067 
49477 33342 -398063813 
49477 33342 1671168059 
49477 33342 1216082746 
49477 33342 376366650 
49477 33342 -919479494 
49477 33342 1344852026 
49477 33342 -1260469958 
49477 33342 1226398522 
49477 33342 -259770822 
49477 33342 806110520 
49477 33342 1096191416 
49477 33342 482425786 
49477 33342 524374970 
49477 33342 169434810 
33334 33342 -1944142662 
1304 33342 1308212410 
25872 33342 -694276166 
25872 33342 -2108450886 
25872 33342 763291322 
25872 33342 -1439524166 
25872 33342 697407162 
25872 33342 1430951354 
25872 33342 837522362 
25872 33342 -1719102790 
25872 33342 434277562 
25872 33342 197715385 
25872 33342 -1259079880 
25872 33342 -1930617798 
24653 33342 1862375226 
24653 33342 -660532934 
24653 33342 -671062855 
24653 33342 -1590053447 
49477 33342 -1605572167 
33334 33342 -1644163398 
25872 33342 719622842 
25872 33342 2048050361 
25872 33342 -1791325254 
25872 33342 -222390342 
25872 33342 -1328615494 
25872 33342 2007430586 
25872 33342 853081018 
25872 33342 -2146555717 
25872 33342 2027759803 
25872 33342 1666328763 
25872 33342 -776394821 
25872 33342 -972544069 
25872 33342 -346544965 
25872 33342 -163842118 
25872 33342 1152186042 
25872 33342 249279674 
25872 33342 1015124920 
25872 33342 -1449017286 
25872 33342 357132347 
25872 33342 -1703495621 
25872 33342 197520955 
25872 33342 1579946300 
57902 33342 1963862588 
40796 33342 -523091908 
64401 33342 -140487620 
22471 33342 -333813444 
37395 33598 -1279626436 
11608 33598 -2076671428 
26532 33598 -1748596676 
16888 33598 788762428 
6988 33854 -756247492 
13487 33854 1034656316 
3331 34110 -1446666436 
9830 34110 1618060604 
16073 34110 399158332 
63283 34366 552841532 
44958 34366 1963571516 
42520 34622 1263975228 
64906 34622 -1787182276 
62724 34878 2097137468 
60542 34878 136694844 
58104 34878 -1210330820 
6274 35134 -929639108 
44803 35390 -102836164 
33940 35390 -1562124996 
22821 35646 -1897864644 
12214 35646 720496444 
1095 35902 1436609596 
55767 35902 827453756 
20080 36158 -1306133956 
49928 36414 993853244 
55208 36414 901710397 
19521 36670 1758659901 
65512 36670 1106643261 
45968 36926 989269053 
26168 37182 -1917906883 
47847 37182 843322429 
3479 37438 583276349 
40533 37694 -236250819 
37132 37950 -555279043 
49874 37950 -2101207235 
62616 38206 -15851203 
9567 38462 -1557322947 
63020 38718 -1018878659 
51194 38718 2083399485 
39112 38974 136129341 
1950 39230 655174973 
6011 39486 1331441213 
50783 39742 -632148163 
54844 39998 -1089982403 
34337 40254 -1164758979 
38398 40254 -1879756739 
17635 40510 -921423811 
21440 40766 -721801667 
25757 41022 -844944067 
4994 41278 1026763581 
8799 41534 -731305923 
12860 41790 -1366153923 
16921 42046 -1884741059 
20982 42046 1201217341 
24787 42302 258939709 
53672 42558 -973859523 
16766 42814 -1386999747 
4684 43070 1606421053 
58137 43326 574620989 
5600 43326 -424739012 
1943 43582 -2094402244 
64077 43838 1697900860 
44277 43838 1964433468 
24733 44094 975296316 
5189 44350 -1039413700 
35293 44350 1374732348 
65141 44606 -268847300 
53766 44862 989572156 
2192 44862 -704338628 
65289 45118 2016714812 
38539 45118 523344956 
61181 45118 -1959553476 
18032 45374 696947260 
65242 45374 -2087481028 
46405 45630 -388395972 
28080 45630 315722556 
34323 45886 -546206916 
16254 45886 2064877372 
47321 45886 490047036 
28740 46142 -381516228 
60063 46142 -467302852 
25595 46142 963085884 
56150 46398 950961724 
62649 46398 -504789444 
28181 46654 -154696132 
59248 46654 1713474364 
65491 46654 1691519292 
6199 46910 1029475132 
12698 46910 -1560048836 
19197 46910 -859861956 
25184 47166 784633404 
31427 47166 840535612 
12846 47422 -2005496004 
19601 47422 -1442737860 
25844 47422 -1216835524 
7263 47678 1484755772 
21224 47678 -1483632068 
10361 47934 -1290300100 
64777 48190 13865532 
13203 48190 -1570663364 
43051 48446 -1835821508 
57012 48446 1028363068 
45637 48702 -622358724 
35030 48702 1467650108 
48479 48958 -285110980 
21729 48958 1929414972 
10610 49214 -1909816004 
49395 49214 -1953464260 
63100 49470 -1394247620 
60918 49470 1387032380 
58480 49726 -680698308 
48836 49726 2033276476 
5431 49982 266161980 
36498 49982 -1269151428 
51422 49982 -48413892 
33097 50238 975453500 
48021 50238 1889414716 
22490 50238 318515004 
37158 50494 -1003412676 
36195 50494 -1827858884 
26295 50494 1171590972 
16139 50750 653462076 
56143 50750 -1612970692 
46243 50750 1239150907 
20712 50750 1486677563 
3094 51006 1296228155 
26699 51006 281466939 
50304 51006 -1674653125 
57766 51006 1413209659 
65484 51006 341433915 
7155 51006 1939593787 
55328 51262 -180103621 
38222 51262 -1672363973 
45940 51262 1328073275 
28578 51262 -1913403589 
60864 51262 1188676411 
43758 51262 1227208251 
1316 51518 1448392763 
33602 51518 1509667899 
353 51518 -325865157 
32383 51518 118468155 
39845 51518 1451605051 
47563 51518 -463431365 
63706 51518 1093177147 
55025 51518 -1557876421 
37407 51774 -1827949509 
61268 51774 -1651790021 
19082 51774 936940859 
1976 51774 -1511219653 
42943 51774 -1989572805 
9694 51774 -1522952389 
57611 52030 71084347 
65073 52030 -896501445 
64110 52030 2044750139 
14718 52030 -979267013 
55685 52030 2105119547 
6037 52030 -1514630597 
38323 52030 -302870725 
45785 52030 -219772613 
12536 52030 -1077574597 
35885 52286 -146516933 
27204 52286 -282509509 
43347 52286 179703355 
43347 52286 876160827 
43347 52286 -1362557381 
18523 52286 1853554747 
10098 52286 -1321469382 
10098 52286 -929586886 
10098 52286 2092737082 
10098 52286 -849892550 
10098 52286 -1326821318 
10098 52286 -1877710278 
10098 52286 2075230010 
10098 52286 -1128691142 
10098 52286 -136245190 
10098 52286 -868146374 
10098 52286 -1418247110 
10098 52286 -1727630534 
10098 52286 1618665274 
10098 52286 861598266 
10098 52286 -1647893189 
10098 52286 868035387 
10098 52286 -79613637 
10098 52286 -1871750341 
10098 52286 -1771479237 
10098 52286 2012832315 
10098 52286 1298629691 
10098 52286 60261947 
10098 52286 582583867 
10098 52286 750487099 
10098 52286 -1833204165 
10098 52286 -1715763653 
10098 52286 -1715763653 
10098 52286 -1715763653 
10098 52286 -574126789 
10098 52286 933061435 
10098 52286 -669227973 
10098 52286 534463035 
10098 52286 296894523 
10098 52286 254549307 
10098 52286 -925032645 
10098 52286 -1910430405 
10098 52286 1852451899 
10098 52286 1333343291 
10098 52286 -1984612037 
10098 52286 -2126955205 
10098 52286 -865583045 
10098 52286 786055995 
10098 52286 -1259714757 
10098 52286 -1492366277 
10098 52286 1919569979 
10098 52286 -303868357 
10098 52286 -1789689285 
10098 52286 -837581509 
10098 52286 -522746053 
10098 52286 1457364539 
10098 52286 -26173381 
10098 52286 -1676434629 
10098 52286 2092677435 
10098 52286 1000716603 
10098 52286 -2086487749 
10098 52286 636926011 
10098 52286 -1139497925 
10098 52286 162309179 
10098 52286 952275515 
10098 52286 -1438673605 
10098 52286 1150846267 
10098 52286 -1694988229 
10098 52286 -534344133 
10098 52286 491295547 
10098 52286 343185211 
10098 52286 1460313147 
10098 52286 582131771 
10098 52286 -1587562437 
10098 52286 2029239099 
10098 52286 457101883 
10098 52286 -2063543237 
10098 52286 356242747 
10098 52286 -57682117 
10098 52286 1592454203 
10098 52286 269413691 
10098 52286 -601428933 
25022 52286 692967227 
55833 52542 -1174883269 
46189 52542 684368955 
28827 52542 -1697749701 
11721 52542 -1220336069 
44007 52542 -139771589 
44007 52542 -569436869 
44007 52542 2032998459 
44007 52542 1332431675 
44007 52542 -1658825413 
19439 52542 -1441430725 
9283 52798 -108029637 
31925 52798 531992123 
22025 53054 429168955 
4663 53054 660301371 
19843 53054 752962363 
60810 53054 1436613178 
51873 53054 488578107 
51873 53054 1003041595 
51873 53054 347679035 
51873 53054 -999284933 
51873 53054 -870836933 
51873 53054 -998701253 
51873 53054 -1586191558 
51873 53054 1730927929 
51873 53054 1318691641 
51873 53054 964091065 
51873 53054 1911680697 
60810 53054 -763756358 
3700 53054 1459603897 
3700 53054 1996852153 
3700 53054 1432982457 
3700 53054 -549482823 
3700 53054 1230216505 
3700 53054 -107838151 
19843 53054 -1039706310 
19843 53054 -638240966 
19843 53054 -1300751046 
19843 53054 -781843398 
19843 53054 2082983993 
19843 53054 -813918407 
19843 53054 626998329 
19843 53054 2101346616 
19843 53054 -1811343687 
3700 53054 -1266779974 
61773 53054 877295034 
54055 53054 -910471750 
54055 53054 1883511994 
54055 53054 1879650234 
54055 53054 -1424886854 
54055 53054 -440057413 
54055 53054 -1770552133 
54055 53054 1274128315 
54055 53054 -999961669 
54055 53054 886697659 
54055 53054 925239740 
54055 53054 -337700164 
46849 53054 -1235474500 
64211 52798 -775343940 
24207 52798 -717340484 
50250 52798 -79608900 
51469 52798 1660700860 
36545 52542 -1986441540 
21621 52542 631657404 
47152 52542 -1203282500 
57308 52286 -1024303428 
42128 52286 554264508 
27204 52286 -1226411844 
37360 52030 1111978684 
46748 52030 670269116 
56648 52030 -1625521476 
1013 51774 -211515716 
10657 51774 -1141667140 
45125 51774 -681865284 
14314 51518 -1330408516 
48526 51518 692753340 
17459 51518 713725628 
11472 51262 160996540 
29797 51262 -692280644 
23042 51262 1382327996 
41623 51006 -875583044 
59948 51006 -53302084 
37818 50750 -304696900 
15176 50750 29931196 
58581 50494 49724348 
36195 50494 1215938236 
13553 50238 -375143748 
15735 50238 -1010645828 
18173 49982 -976303428 
61322 49982 -1947546436 
22537 49982 -1918644036 
24975 49726 1827066812 
51981 49726 235001276 
13708 49470 1367463868 
65282 49470 -1323575620 
51577 49214 1654969788 
37872 48958 -1219963460 
23911 48958 -1361062724 
10206 48702 -335490884 
61780 48702 1918880956 
48075 48446 -970274372 
9546 48446 1457963964 
36552 48190 290767036 
63558 48190 -311509572 
25285 47934 1318107836 
27467 47934 1031976380 
29905 47678 711635132 
7263 47678 -2101629508 
50668 47422 -211834436 
28026 47422 270313916 
46351 47422 1093969340 
64676 47166 -2130402372 
17722 47166 -1803116100 
36303 46910 -2061917508 
5236 46910 1404346300 
64272 46910 767795132 
33205 46654 -1291148868 
26962 46654 -1962630980 
20719 46398 -1310875972 
54931 46398 1071488956 
48688 46398 -315121220 
42701 46142 1936827068 
11634 46142 247505852 
5135 46142 -2096978500 
64427 45886 -837835076 
57928 45886 -368793668 
51941 45630 909421244 
45186 45630 629190076 
63511 45630 -1029656900 
57524 45374 -992562500 
51281 45374 -242371396 
4327 45118 -106907460 
22652 45118 -255084100 
65289 45118 102022844 
18335 44862 476364476 
36660 44862 1060225724 
14530 44606 1551025852 
57679 44606 -1720005956 
60117 44350 -356005444 
62299 44350 -898184004 
64737 44094 -71446852 
1384 44094 -1975529284 
3822 43838 -147664708 
5748 43838 -510274884 
33266 43582 -857091396 
59760 43582 -1576217924 
46055 43326 -2059021380 
7782 43326 -712256836 
9964 43070 829477820 
36714 43070 -611396932 
63976 42814 -137376068 
25447 42814 -1146630468 
52453 42558 1573833404 
13924 42558 884263612 
16362 42302 -627063108 
18544 42302 -1905998916 
45550 42046 -1109016900 
7021 42046 -1513571908 
9459 41790 1299952828 
52608 41790 543338428 
29966 41790 43100860 
7836 41534 -995973700 
50729 41534 1517460668 
3519 41278 -943548740 
22100 41278 -2132504132 
40681 41022 -2114811716 
9614 41022 -1282702404 
19002 41022 745569980 
53726 40766 414215868 
63626 40766 410019260 
7479 40766 958289340 
33778 40510 -26915652 
18854 40510 326188476 
3674 40510 1990473148 
4893 40510 -694342212 
6112 40254 -1619976260 
7331 40254 2054691516 
49261 40254 -373418564 
25400 40254 665126844 
26875 39998 -1074133572 
3270 39998 2057108923 
20632 39998 1253110459 
62306 39998 -2111771205 
54844 39998 1201333179 
6671 39998 1786764731 
15352 39742 69266107 
7890 39742 -1602360901 
41139 39742 1537922491 
24996 39742 -99430981 
42358 39742 1648028859 
34640 39742 -502932293 
27178 39742 877651131 
60683 39742 -1478897733 
3829 39486 -814753605 
37334 39486 1593169339 
5048 39486 255128763 
13473 39486 86163899 
22154 39486 -1609443653 
14692 39486 -1685073221 
14692 39486 1022087099 
14692 39486 66049467 
7230 39486 -165622597 
56622 39486 1126946747 
24336 39486 2097596603 
33273 39230 1906298299 
25811 39230 -555829573 
59060 39230 -778514757 
51598 39230 908901307 
60023 39230 981837499 
60023 39230 -684611397 
11850 39230 1563076283 
4388 39230 997231547 
21750 38974 182670267 
14288 38974 -1194368069 
14288 38974 2014712507 
14288 38974 626476219 
14288 38974 -247584325 
14288 38974 -950984005 
14288 38974 -1270341701 
14288 38974 -1325458245 
14288 38974 480451259 
14288 38974 -1512040517 
14288 38974 -1795353669 
14288 38974 555802810 
14288 38974 -2138451782 
14288 38974 2060307386 
14288 38974 640272826 
14288 38974 1468974778 
14288 38974 -1110523206 
14288 38974 -355812422 
14288 38974 1974908602 
14288 38974 2136060346 
14288 38974 309767610 
14288 38974 -172644166 
14288 38974 -1785420358 
14288 38974 -203578694 
14288 38974 -2145738822 
14288 38974 1394777018 
14288 38974 -1338580038 
14288 38974 -836640326 
14288 38974 837278650 
14288 38974 1795610298 
14288 38974 336842682 
14288 38974 -1217673030 
14288 38974 280085178 
14288 38974 -1245594438 
14288 38974 1640871354 
14288 38974 1915137978 
14288 38974 -928535622 
14288 38974 -568922950 
14288 38974 -550243142 
14288 38974 2012343482 
14288 38974 -1289299270 
14288 38974 -1730778182 
14288 38974 3559866 
14288 38974 -1338427462 
14288 38974 -87604552 
14288 38974 1720430391 
14288 38974 1465999672 
5607 38974 -985354952 
28956 39230 -1346822086 
45099 39230 397312442 
45099 39230 1367117754 
45099 39230 1228799929 
55255 38974 1715988409 
30431 38974 -764003526 
4388 39230 856102842 
45099 39230 -240394822 
45099 39230 1222761658 
5607 38974 -114634054 
14288 38974 1572638906 
14288 38974 -1614715719 
14288 38974 -882512712 
14288 38974 1658421814 
14288 38974 -947013832 
14288 38974 1493114937 
45099 39230 1423536185 
45099 39230 -265670727 
45099 39230 -429843271 
45099 39230 -534713160 
4388 39230 -1125753928 
62717 38974 1218389818 
21750 38974 -819475910 
21750 38974 127497018 
45099 39230 296382778 
11850 39230 1671601978 
11850 39230 839747642 
11850 39230 -738078407 
11850 39230 321947065 
4388 39230 2089505209 
55255 38974 1747913146 
55255 38974 -1646314950 
30431 38974 2021083962 
53780 39230 -720091334 
45099 39230 1725729082 
45099 39230 -1761156807 
45099 39230 -631015751 
45099 39230 819651641 
45099 39230 991165753 
11850 39230 -1858008262 
11850 39230 -1917989063 
11850 39230 -1961431751 
11850 39230 867629625 
11850 39230 -133889222 
11850 39230 -343013318 
11850 39230 174132794 
11850 39230 -1180166854 
11850 39230 898835770 
11850 39230 928819770 
11850 39230 1182512186 
11850 39230 891204922 
11850 39230 1646507322 
11850 39230 -1155287750 
11850 39230 -1054624454 
11850 39230 -1054624454 
11850 39230 -1054624454 
11850 39230 -1054624454 
11850 39230 -1054624454 
11850 39230 -1054624454 
11850 39230 426816314 
11850 39230 129517114 
11850 39230 357843770 
11850 39230 -44217542 
11850 39230 -1390914246 
11850 39230 -566665158 
11850 39230 1947889210 
11850 39230 1610974010 
11850 39230 1988724538 
11850 39230 -1373663942 
11850 39230 -2076927942 
11850 39230 -258629062 
11850 39230 1150264890 
11850 39230 -932467910 
11850 39230 484683834 
11850 39230 1302705466 
11850 39230 2146154810 
11850 39230 -2072592582 
11850 39230 -1548958406 
11850 39230 131779386 
11850 39230 2087571770 
11850 39230 -1000548294 
11850 39230 -587339718 
11850 39230 -1276513478 
11850 39230 -504497862 
11850 39230 1057160762 
11850 39230 -1364721605 
11850 39230 -1590689221 
11850 39230 1298673467 
52561 39230 1998794811 
10631 39230 -947573445 
987 39230 -1880566214 
17130 39230 987688506 
17130 39230 -1248422342 
17130 39230 969647418 
17130 39230 -59986118 
17130 39230 -1352482502 
17130 39230 337757754 
17130 39230 -984757190 
17130 39230 -1948462790 
17130 39230 -637937862 
17130 39230 1306582074 
17130 39230 -1821253062 
17130 39230 -1034360518 
17130 39230 658894906 
17130 39230 -2137917382 
17130 39230 -182582981 
17130 39230 -84081093 
17130 39230 349244219 
17130 39230 1906708539 
17130 39230 774706747 
17130 39230 -1968039109 
17130 39230 -449371845 
17130 39230 -1984092613 
17130 39230 -482202565 
17130 39230 1070084411 
17130 39230 -1706215621 
17130 39230 -153994181 
17130 39230 1364738619 
17130 39230 -170047685 
17130 39230 1382239547 
17130 39230 -1394060741 
17130 39230 1785616443 
17130 39230 -917742021 
17130 39230 -556047301 
17130 39230 637954619 
17130 39230 -1580569029 
17130 39230 1922593083 
17130 39230 224752955 
17130 39230 1982232891 
17130 39230 1995602747 
17130 39230 -926908613 
17130 39230 -1507884485 
17130 39230 1094485307 
17130 39230 -582383557 
17130 39230 -1120106181 
17130 39230 185109051 
17130 39230 289573691 
17130 39230 -2010542789 
17130 39230 -1385656517 
17130 39230 -1451781573 
17130 39230 -1500867781 
17130 39230 -791308741 
17130 39230 350067259 
17130 39230 -1073964229 
17130 39230 -276325061 
17130 39230 249994811 
17130 39230 -1021272005 
17130 39230 -1850760901 
17130 39230 39691323 
47941 39486 484751675 
45759 39486 1865185851 
35859 39742 -704231109 
58501 39742 -1269935301 
58501 39742 1818077242 
58501 39742 1886650683 
58501 39742 -973396165 
58501 39742 -1474078661 
41139 39742 1143756091 
31239 39998 -2054594757 
21595 39998 -1841870534 
21595 39998 -1082833350 
21595 39998 -693936330 
21595 39998 713236153 
46163 39998 1696296378 
47382 39998 365524410 
15352 39742 1675732666 
31239 39998 1005899832 
30020 39998 1567325113 
56319 39742 -581866822 
56319 39742 -202025543 
56319 39742 -1773807943 
56319 39742 108282554 
56319 39742 1079607738 
56319 39742 -396630342 
56319 39742 -2009924934 
56319 39742 1431318203 
56319 39742 -365612357 
56319 39742 1208170427 
56319 39742 -1433322821 
56319 39742 -645194821 
56319 39742 209523643 
56319 39742 -94361413 
56319 39742 513226683 
56319 39742 648562619 
56319 39742 -2087093573 
56319 39742 -72973893 
56319 39742 -149059653 
56319 39742 1416077243 
56319 39742 289579451 
56319 39742 -1516859717 
56319 39742 -869165637 
56319 39742 2075496891 
56319 39742 1692178619 
56319 39742 1118741179 
56319 39742 -281296709 
56319 39742 -1377320005 
56319 39742 39962811 
56319 39742 1698221499 
24996 39742 2067976891 
22154 39486 -877148997 
15655 39486 610544315 
34236 39230 -75955013 
26774 39230 -442053702 
60023 39230 -1810427973 
60023 39230 162999739 
60023 39230 -1121742149 
60023 39230 2103152571 
45099 39230 -1884578117 
55255 38974 -506239045 
14288 38974 1748974011 
14288 38974 395585211 
14288 38974 1098373562 
14288 38974 1356940986 
14288 38974 -1792463814 
20531 39230 613361722 
45099 39230 -1560529478 
14288 38974 -614644550 
14288 38974 -1083363911 
14288 38974 1385604282 
14288 38974 60067514 
14288 38974 1944833722 
14288 38974 -925190726 
14288 38974 1562678970 
14288 38974 399935929 
30431 38974 -563467206 
20531 39230 -1987464390 
20531 39230 -490619590 
20531 39230 1911008570 
20531 39230 -1432676806 
20531 39230 882662840 
4388 39230 1927030202 
4388 39230 671672761 
14288 38974 1006999737 
55255 38974 -1839287495 
20531 39230 -1007187654 
60023 39230 1628055610 
60023 39230 -1715372742 
60023 39230 -1638104774 
60023 39230 525893946 
60023 39230 525893946 
60023 39230 -1454604998 
60023 39230 237677113 
60023 39230 1468254521 
60023 39230 749032377 
19312 39230 1096973752 
35455 39230 1953186105 
35455 39230 2069914682 
35455 39230 -1059552710 
35455 39230 -882320838 
35455 39230 -506668742 
35455 39230 1892538682 
35455 39230 -1212186310 
35455 39230 382044474 
35455 39230 1943309882 
35455 39230 -897838278 
35455 39230 1528315450 
1950 39230 -1727345606 
17130 39230 -1522286278 
17130 39230 -500133574 
17130 39230 1570368058 
17130 39230 1526327610 
17130 39230 1878714682 
17130 39230 -951654342 
17130 39230 375951930 
17130 39230 -1110401478 
17130 39230 -1252938438 
17130 39230 1248639546 
17130 39230 512345914 
17130 39230 -814279109 
17130 39230 320673339 
17130 39230 1495078459 
17130 39230 -166521797 
17130 39230 -1348543686 
17130 39230 1118431290 
17130 39230 365360442 
17130 39230 728826171 
17130 39230 1661143611 
17130 39230 -1019201477 
17130 39230 -319998149 
17130 39230 -1768606149 
17130 39230 -595719109 
17130 39230 -1794501829 
17130 39230 -23586501 
17130 39230 1764171835 
17130 39230 -1951062469 
17130 39230 -1320276165 
17130 39230 1880513339 
17130 39230 1674074683 
17130 39230 -1296148421 
17130 39230 1372795451 
57841 39230 -206554821 
64084 39486 -642433989 
45759 39486 628002618 
45759 39486 1657465914 
45759 39486 -1683819974 
45759 39486 -1254285765 
45759 39486 1730099771 
45759 39486 693380923 
45759 39486 758831162 
45759 39486 -2057672134 
45759 39486 -1618571719 
45759 39486 2048959801 
45759 39486 599636537 
45759 39486 1459457850 
45759 39486 1661459770 
45759 39486 833621051 
45759 39486 2095248186 
45759 39486 -897157574 
45759 39486 758196537 
45759 39486 1968701113 
22154 39486 -962205767 
55403 39486 279517368 
6011 39486 -33269190 
45759 39486 552774458 
45759 39486 725303354 
45759 39486 -115797190 
45759 39486 1012316729 
45759 39486 -773859399 
55403 39486 2116482233 
55403 39486 1953960760 
45759 39486 -1913091530 
45759 39486 363333818 
14692 39486 747440826 
30835 39486 2051645242 
21191 39486 -201481159 
45759 39486 -2089584966 
14692 39486 -2026999878 
14692 39486 811983033 
14692 39486 -980228935 
14692 39486 1573971641 
14692 39486 -1206588999 
14692 39486 374991801 
14692 39486 247328185 
14692 39486 -2061700935 
14692 39486 998175417 
14692 39486 -1294076743 
14692 39486 1782577081 
14692 39486 1638136249 
14692 39486 -654115655 
14692 39486 -1905983815 
14692 39486 576913594 
14692 39486 -577633862 
14692 39486 -624688454 
14692 39486 -1762393158 
14692 39486 1881474490 
14692 39486 1280706234 
14692 39486 126224314 
14692 39486 79169722 
14692 39486 -538441286 
14692 39486 -1709700166 
14692 39486 1984498874 
14692 39486 813239738 
14692 39486 766185146 
14692 39486 165416890 
14692 39486 -1005907526 
14692 39486 -1623452998 
14692 39486 1517032378 
14692 39486 1469977786 
14692 39486 869209530 
14692 39486 -302115142 
14692 39486 -919660358 
14692 39486 -2074142278 
14692 39486 -2121196870 
14692 39486 1556224954 
14692 39486 401743034 
14692 39486 -215867718 
14692 39486 -816635974 
14692 39486 932323514 
14692 39486 -1043258950 
14692 39486 1242637242 
14692 39486 -1286658886 
14692 39486 1016014266 
14692 39486 -1546836294 
14692 39486 739059898 
14692 39486 -1790236230 
14692 39486 512436922 
14692 39486 -1463145542 
14692 39486 269036986 
14692 39486 -1706545478 
14692 39486 42414010 
14692 39486 -1933168454 
14692 39486 -201051462 
14692 39486 2101621690 
14692 39486 109327546 
14692 39486 1874998714 
14692 39486 -134137926 
14692 39486 1631598778 
14692 39486 -360760902 
14692 39486 1404975802 
14692 39486 -587383878 
14692 39486 1715289530 
14692 39486 -847561030 
14692 39486 1455112122 
14692 39486 -1074184006 
14692 39486 1211712186 
14692 39486 -1317583942 
14692 39486 414598330 
14692 39486 -2114697798 
14692 39486 171198394 
14692 39486 -1804384070 
14692 39486 -1430238790 
14692 39486 -519156806 
14692 39486 1783516346 
14692 39486 782912954 
14692 39486 797659066 
14692 39486 -1631104838 
14692 39486 493244858 
14692 39486 -1727704390 
14692 39486 566383290 
14692 39486 -1233300550 
14692 39486 -9153350 
0 0 0 
