0 0 827474 
1 1 829426 
2 2 831368 
3 3 833310 
4 4 835254 
5 5 837198 
6 6 839140 
7 7 841080 
8 8 843022 
9 9 844962 
10 10 846906 
11 11 848848 
12 12 850786 
13 13 852728 
14 14 854672 
15 15 856612 
16 16 858554 
17 17 860496 
18 18 862436 
19 19 864378 
20 20 866318 
21 21 868260 
22 22 870200 
23 23 872142 
24 24 874082 
25 25 876024 
26 26 877964 
27 27 879906 
28 28 881846 
29 29 883788 
30 30 885730 
31 31 887670 
32 32 889612 
33 33 891552 
34 34 893494 
35 35 895434 
36 36 897376 
37 37 899316 
38 38 901258 
39 39 903200 
40 40 905142 
41 41 907082 
42 42 909022 
43 43 910964 
44 44 912906 
45 45 914848 
46 46 916788 
47 47 918730 
48 48 920672 
49 49 922612 
50 50 924554 
51 51 926494 
52 52 928436 
53 53 930376 
54 54 932318 
55 55 934258 
56 56 936200 
57 57 938138 
58 58 940080 
59 59 942024 
60 60 943964 
61 61 945906 
62 62 947846 
63 63 949788 
64 64 951730 
65 65 953672 
66 66 955612 
67 67 957554 
68 68 959496 
69 69 961436 
70 70 963378 
71 71 965320 
72 72 967260 
73 73 969202 
74 74 971144 
75 75 973084 
76 76 975026 
77 77 976968 
78 78 978908 
79 79 980850 
80 80 982790 
81 81 984732 
82 82 986674 
83 83 988614 
84 84 990556 
85 85 992496 
86 86 994438 
87 87 996380 
88 88 998320 
89 89 1000260 
90 90 1002202 
91 91 1004144 
92 92 1006084 
93 93 1008026 
94 94 1009968 
95 95 1011908 
96 96 1013850 
97 97 1015790 
98 98 1017732 
99 99 1019672 
100 100 1021614 
101 101 1023556 
102 102 1025496 
103 103 1027434 
104 104 1029376 
105 105 1031318 
106 106 1033262 
107 107 1035202 
108 108 1037144 
109 109 1039086 
110 110 1041026 
111 111 1042968 
112 112 1044906 
113 113 1046850 
114 114 1048792 
115 115 1050734 
116 116 1052674 
117 117 1054614 
118 118 1056556 
119 119 1058498 
120 120 1060438 
121 121 1062380 
122 122 1064320 
123 123 1066262 
124 124 1068202 
125 125 1070144 
126 126 1072086 
127 127 1074026 
128 128 1075968 
129 129 1077910 
130 130 1079850 
131 131 1081792 
132 132 1083734 
133 133 1085676 
134 134 1087614 
135 135 1089554 
136 136 1091498 
137 137 1093440 
138 138 1095382 
139 139 1097324 
140 140 1099262 
141 141 1101202 
142 142 1103146 
143 143 1105090 
144 144 1107032 
145 145 1108972 
146 146 1110914 
147 147 1112856 
148 148 1114796 
149 149 1116738 
150 150 1118678 
151 151 1120620 
152 152 1122562 
153 153 1124502 
154 154 1126444 
155 155 1128384 
156 156 1130326 
157 157 1132266 
158 158 1134208 
159 159 1136150 
160 160 1138092 
161 161 1140032 
162 162 1141974 
163 163 1143916 
164 164 1145858 
165 165 1147800 
166 166 1149740 
167 167 1151682 
168 168 1153624 
169 169 1155566 
170 170 1157506 
171 171 1159448 
172 172 1161390 
173 173 1163332 
174 174 1165272 
175 175 1167214 
176 176 1169156 
177 177 1171098 
178 178 1173038 
179 179 1174980 
180 180 1176920 
181 181 1178862 
182 182 1180804 
183 183 1182744 
184 184 1184686 
185 185 1186628 
186 186 1188570 
187 187 1190510 
188 188 1192452 
189 189 1194394 
190 190 1196336 
191 191 1198276 
192 192 1200218 
193 193 1202160 
194 194 1204102 
195 195 1206044 
196 196 1207982 
197 197 1209922 
198 198 1211864 
199 199 1213804 
200 200 1215746 
201 201 1217688 
202 202 1219628 
203 203 1221568 
204 204 1223510 
205 205 1225450 
206 206 1227392 
207 207 1229334 
208 208 1231276 
209 209 1233216 
210 210 1235158 
211 211 1237098 
212 212 1239040 
213 213 1240984 
214 214 1242926 
215 215 1244868 
216 216 1246810 
217 217 1248750 
218 218 1250692 
219 219 1252634 
220 220 1254572 
221 221 1256512 
222 222 1258454 
223 223 1260394 
224 224 1262340 
225 225 1264282 
226 226 1266224 
227 227 1268166 
228 228 1270106 
229 229 1272048 
230 230 1273988 
231 231 1275930 
232 232 1277872 
233 233 1279814 
234 234 1281754 
235 235 1283696 
236 236 1285638 
237 237 1287580 
238 238 1289522 
239 239 1291462 
240 240 1293404 
241 241 1295346 
242 242 1297288 
243 243 1299228 
244 244 1301170 
245 245 1303112 
246 246 1305054 
247 247 1306994 
248 248 1308934 
249 249 1310874 
250 250 1312816 
251 251 1314758 
252 252 1316698 
253 253 1318644 
254 254 1320586 
255 255 1322528 
256 256 1324470 
257 257 1326410 
258 258 1328352 
259 259 1330294 
260 260 1332234 
261 261 1334176 
262 262 1336118 
263 263 1338060 
264 264 1340000 
265 265 1341942 
266 266 1343884 
267 267 1345822 
268 268 1347762 
269 269 1349702 
270 270 1351644 
271 271 1353586 
272 272 1355530 
273 273 1357470 
274 274 1359410 
275 275 1361352 
276 276 1363292 
277 277 1365238 
278 278 1367176 
279 279 1369120 
280 280 1371062 
281 281 1373004 
282 282 1374946 
283 283 1376888 
284 284 1378828 
285 285 1380770 
286 286 1382712 
287 287 1384652 
288 288 1386594 
289 289 1388536 
290 290 1390478 
291 291 1392418 
292 292 1394360 
293 293 1396302 
294 294 1398242 
295 295 1400184 
296 296 1402122 
297 297 1404062 
298 298 1406004 
299 299 1407948 
300 300 1409890 
301 301 1411832 
302 302 1413774 
303 303 1415714 
304 304 1417656 
305 305 1419598 
306 306 1421538 
307 307 1423480 
308 308 1425422 
309 309 1427362 
310 310 1429304 
311 311 1431246 
312 312 1433186 
313 313 1435128 
314 314 1437070 
315 315 1439012 
316 316 1440952 
317 317 1442894 
318 318 1444836 
319 319 1446774 
320 320 1448714 
321 321 1450656 
322 322 1452600 
323 323 1454542 
324 324 1456484 
325 325 1458424 
326 326 1460366 
327 327 1462308 
328 328 1464250 
329 329 1466192 
330 330 1468132 
331 331 1470074 
332 332 1472016 
333 333 1473956 
334 334 1475898 
335 335 1477840 
336 336 1479780 
337 337 1481722 
338 338 1483664 
339 339 1485604 
340 340 1487546 
341 341 1489484 
342 342 1491424 
343 343 1493370 
344 344 1495312 
345 345 1497254 
346 346 1499194 
347 347 1501136 
348 348 1503078 
349 349 1505020 
350 350 1506960 
351 351 1508902 
352 352 1510844 
353 353 1512786 
354 354 1514726 
355 355 1516668 
356 356 1518610 
357 357 1520552 
358 358 1522492 
359 359 1524432 
360 360 1526372 
361 361 1528314 
362 362 1530254 
363 363 1532196 
364 364 1534138 
365 365 1536078 
366 366 1538020 
367 367 1539962 
368 368 1541902 
369 369 1543844 
370 370 1545786 
371 371 1547728 
372 372 1549670 
373 373 1551612 
374 374 1553556 
375 375 1555498 
376 376 1557440 
377 377 1559382 
378 378 1561322 
379 379 1563264 
380 380 1565206 
381 381 1567146 
382 382 1569088 
383 383 1571030 
384 384 1572970 
385 385 1574912 
386 386 1576852 
387 387 1578794 
388 388 1580736 
389 389 1582676 
390 390 1584618 
391 391 1586560 
392 392 1588502 
393 393 1590442 
394 394 1592384 
395 395 1594324 
396 396 1596266 
397 397 1598208 
398 398 1600148 
399 399 1602090 
400 400 1604032 
401 401 1605970 
402 402 1607910 
403 403 1609850 
404 404 1611792 
405 405 1613736 
406 406 1615680 
407 407 1617620 
408 408 1619562 
409 409 1621502 
410 410 1623444 
411 411 1625386 
412 412 1627326 
413 413 1629268 
414 414 1631208 
415 415 1633150 
416 416 1635092 
417 417 1637032 
418 418 1638974 
419 419 1640914 
420 420 1642856 
421 421 1644796 
422 422 1646738 
423 423 1648680 
424 424 1650622 
425 425 1652564 
426 426 1654502 
427 427 1656442 
428 428 1658384 
429 429 1660326 
430 430 1662270 
431 431 1664214 
432 432 1666154 
433 433 1668096 
434 434 1670038 
435 435 1671978 
436 436 1673922 
437 437 1675862 
438 438 1677802 
439 439 1679744 
440 440 1681686 
441 441 1683628 
442 442 1685568 
443 443 1687510 
444 444 1689452 
445 445 1691392 
446 446 1693334 
447 447 1695276 
448 448 1697216 
449 449 1699158 
450 450 1701100 
451 451 1703042 
452 452 1704982 
453 453 1706924 
454 454 1708866 
455 455 1710806 
456 456 1712748 
457 457 1714686 
458 458 1716626 
459 459 1718568 
460 460 1720508 
461 461 1722452 
462 462 1724396 
463 463 1726336 
464 464 1728278 
465 465 1730218 
466 466 1732160 
467 467 1734102 
468 468 1736042 
469 469 1737984 
470 470 1739924 
471 471 1741866 
472 472 1743808 
473 473 1745750 
474 474 1747690 
475 475 1749632 
476 476 1751574 
477 477 1753514 
478 478 1755456 
479 479 1757396 
480 480 1759338 
481 481 1761280 
482 482 1763218 
483 483 1765158 
484 484 1767098 
485 485 1769040 
486 486 1770980 
487 487 1772924 
488 488 1774868 
489 489 1776808 
490 490 1778750 
491 491 1780690 
492 492 1782632 
493 493 1784574 
494 494 1786516 
495 495 1788456 
496 496 1790398 
497 497 1792340 
498 498 1794282 
499 499 1796224 
500 500 1798164 
501 501 1800106 
502 502 1802048 
503 503 1803988 
504 504 1805930 
505 505 1807872 
506 506 1809812 
507 507 1811754 
508 508 1813694 
509 509 1815636 
510 510 1817578 
511 511 1819520 
512 512 1821460 
513 513 1823398 
514 514 1825340 
515 515 1827280 
516 516 1829222 
517 517 1831166 
518 518 1833110 
519 519 1835052 
520 520 1836992 
521 521 1838934 
522 522 1840876 
523 523 1842816 
524 524 1844758 
525 525 1846700 
526 526 1848642 
527 527 1850582 
528 528 1852524 
529 529 1854466 
530 530 1856408 
531 531 1858350 
532 532 1860292 
533 533 1862234 
534 534 1864176 
535 535 1866118 
536 536 1868058 
537 537 1870000 
538 538 1871940 
539 539 1873880 
540 540 1875822 
541 541 1877764 
542 542 1879706 
543 543 1881650 
544 544 1883592 
545 545 1885534 
546 546 1887476 
547 547 1889418 
548 548 1891360 
549 549 1893300 
550 550 1895242 
551 551 1897184 
552 552 1899126 
553 553 1901068 
554 554 1903008 
555 555 1904950 
556 556 1906892 
557 557 1908834 
558 558 1910776 
559 559 1912718 
560 560 1914658 
561 561 1916600 
562 562 1918542 
563 563 1920484 
564 564 1922424 
565 565 1924366 
566 566 1926308 
567 567 1928250 
568 568 1930188 
569 569 1932128 
570 570 1934070 
571 571 1936012 
572 572 1937952 
573 573 1939898 
574 574 1941840 
575 575 1943782 
576 576 1945724 
577 577 1947664 
578 578 1949606 
579 579 1951546 
580 580 1953488 
581 581 1955430 
582 582 1957370 
583 583 1959312 
584 584 1961254 
585 585 1963194 
586 586 1965136 
587 587 1967078 
588 588 1969020 
589 589 1970960 
590 590 1972902 
591 591 1974844 
592 592 1976784 
593 593 1978726 
594 594 1980664 
595 595 1982604 
596 596 1984546 
597 597 1986488 
598 598 1988430 
599 599 1990374 
600 600 1992318 
601 601 1994258 
602 602 1996200 
603 603 1998142 
604 604 2000084 
605 605 2002026 
606 606 2003966 
607 607 2005908 
608 608 2007850 
609 609 2009792 
610 610 2011734 
611 611 2013676 
612 612 2015618 
613 613 2017560 
614 614 2019502 
615 615 2021442 
616 616 2023384 
617 617 2025326 
618 618 2027268 
619 619 2029210 
620 620 2031152 
621 621 2033094 
622 622 2035036 
623 623 2036978 
624 624 2038916 
625 625 2040856 
626 626 2042798 
627 627 2044740 
628 628 2046682 
629 629 2048624 
630 630 2050568 
631 631 2052510 
632 632 2054452 
633 633 2056394 
634 634 2058336 
635 635 2060276 
636 636 2062218 
637 637 2064160 
638 638 2066100 
639 639 2068042 
640 640 2069984 
641 641 2071926 
642 642 2073868 
643 643 2075810 
644 644 2077752 
645 645 2079694 
646 646 2081636 
647 647 2083578 
648 648 2085518 
649 649 2087458 
650 650 2089398 
651 651 2091340 
652 652 2093282 
653 653 2095222 
654 654 2097164 
655 655 2099108 
656 656 2101052 
657 657 2102992 
658 658 2104934 
659 659 2106876 
660 660 2108818 
661 661 2110760 
662 662 2112700 
663 663 2114642 
664 664 2116584 
665 665 2118524 
666 666 2120466 
667 667 2122408 
668 668 2124348 
669 669 2126290 
670 670 2128232 
671 671 2130174 
672 672 2132116 
673 673 2134058 
674 674 2136000 
675 675 2137942 
676 676 2139884 
677 677 2141826 
678 678 2143764 
679 679 2145708 
680 680 2147650 
681 681 2149594 
682 682 2151536 
683 683 2153476 
684 684 2155418 
685 685 2157360 
686 686 2159302 
687 687 2161244 
688 688 2163186 
689 689 2165128 
690 690 2167070 
691 691 2169012 
692 692 2170954 
693 693 2172896 
694 694 2174838 
695 695 2176780 
696 696 2178722 
697 697 2180664 
698 698 2182604 
699 699 2184546 
700 700 2186488 
701 701 2188430 
702 702 2190370 
703 703 2192314 
704 704 2194254 
705 705 2196196 
706 706 2198138 
707 707 2200080 
708 708 2202022 
709 709 2203964 
710 710 2205906 
711 711 2207844 
712 712 2209788 
713 713 2211730 
714 714 2213672 
715 715 2215614 
716 716 2217556 
717 717 2219498 
718 718 2221440 
719 719 2223382 
720 720 2225324 
721 721 2227266 
722 722 2229208 
723 723 2231150 
724 724 2233092 
725 725 2235034 
726 726 2236976 
727 727 2238918 
728 728 2240860 
729 729 2242800 
730 730 2244742 
731 731 2246682 
732 732 2248626 
733 733 2250568 
734 734 2252510 
735 735 2254452 
736 736 2256394 
737 737 2258332 
738 738 2260274 
739 739 2262218 
740 740 2264160 
741 741 2266102 
742 742 2268044 
743 743 2269986 
744 744 2271928 
745 745 2273870 
746 746 2275812 
747 747 2277754 
748 748 2279696 
749 749 2281638 
750 750 2283578 
751 751 2285520 
752 752 2287462 
753 753 2289404 
754 754 2291346 
755 755 2293288 
756 756 2295230 
757 757 2297172 
758 758 2299112 
759 759 2301054 
760 760 2302996 
761 761 2304938 
762 762 2306880 
763 763 2308822 
764 764 2310762 
765 765 2312704 
766 766 2314646 
767 767 2316588 
768 768 2318530 
769 769 2320472 
770 770 2322412 
771 771 2324354 
772 772 2326296 
773 773 2328238 
774 774 2330180 
775 775 2332120 
776 776 2334062 
777 777 2336004 
778 778 2337946 
779 779 2339888 
780 780 2341828 
781 781 2343770 
782 782 2345712 
783 783 2347652 
784 784 2349594 
785 785 2351536 
786 786 2353478 
787 787 2355418 
788 788 2357360 
789 789 2359302 
790 790 2361242 
791 791 2363184 
792 792 2365126 
793 793 2367068 
794 794 2369008 
795 795 2370950 
796 796 2372892 
797 797 2374832 
798 798 2376774 
799 799 2378714 
800 800 2380656 
801 801 2382598 
802 802 2384540 
803 803 2386480 
804 804 2388422 
805 805 2390362 
806 806 2392304 
807 807 2394246 
808 808 2396188 
809 809 2398128 
810 810 2400070 
811 811 2402012 
812 812 2403952 
813 813 2405894 
814 814 2407836 
815 815 2409776 
816 816 2411718 
817 817 2413660 
818 818 2415600 
819 819 2417542 
820 820 2419484 
821 821 2421426 
822 822 2423364 
823 823 2425304 
824 824 2427246 
825 825 2429190 
826 826 2431132 
827 827 2433074 
828 828 2435016 
829 829 2436958 
830 830 2438898 
831 831 2440840 
832 832 2442782 
833 833 2444724 
834 834 2446666 
835 835 2448606 
836 836 2450548 
837 837 2452490 
838 838 2454432 
839 839 2456372 
840 840 2458314 
841 841 2460256 
842 842 2462198 
843 843 2464138 
844 844 2466080 
845 845 2468022 
846 846 2469962 
847 847 2471904 
848 848 2473846 
849 849 2475788 
850 850 2477728 
851 851 2479670 
852 852 2481612 
853 853 2483552 
854 854 2485494 
855 855 2487436 
856 856 2489376 
857 857 2491318 
858 858 2493260 
859 859 2495202 
860 860 2497142 
861 861 2499084 
862 862 2501026 
863 863 2502966 
864 864 2504908 
865 865 2506850 
866 866 2508792 
867 867 2510734 
868 868 2512676 
869 869 2514618 
870 870 2516556 
871 871 2518496 
872 872 2520440 
873 873 2522382 
874 874 2524324 
875 875 2526266 
876 876 2528206 
877 877 2530148 
878 878 2532090 
879 879 2534032 
880 880 2535972 
881 881 2537914 
882 882 2539852 
883 883 2541794 
884 884 2543736 
885 885 2545680 
886 886 2547622 
887 887 2549564 
888 888 2551506 
889 889 2553446 
890 890 2555388 
891 891 2557330 
892 892 2559272 
893 893 2561214 
894 894 2563154 
895 895 2565096 
896 896 2567038 
897 897 2568980 
898 898 2570922 
899 899 2572864 
900 900 2574804 
901 901 2576746 
902 902 2578688 
903 903 2580628 
904 904 2582570 
905 905 2584512 
906 906 2586454 
907 907 2588396 
908 908 2590334 
909 909 2592276 
910 910 2594220 
911 911 2596162 
912 912 2598102 
913 913 2600044 
914 914 2601986 
915 915 2603926 
916 916 2605868 
917 917 2607810 
918 918 2609750 
919 919 2611692 
920 920 2613634 
921 921 2615576 
922 922 2617518 
923 923 2619458 
924 924 2621400 
925 925 2623342 
926 926 2625284 
927 927 2627226 
928 928 2629166 
929 929 2631108 
930 930 2633050 
931 931 2634992 
932 932 2636932 
933 933 2638874 
934 934 2640818 
935 935 2642760 
936 936 2644700 
937 937 2646642 
938 938 2648586 
939 939 2650528 
940 940 2652468 
941 941 2654410 
942 942 2656352 
943 943 2658294 
944 944 2660236 
945 945 2662176 
946 946 2664118 
947 947 2666060 
948 948 2668002 
949 949 2669944 
950 950 2671884 
951 951 2673826 
952 952 2675768 
953 953 2677710 
954 954 2679650 
955 955 2681592 
956 956 2683534 
957 957 2685476 
958 958 2687416 
959 959 2689358 
960 960 2691298 
961 961 2693238 
962 962 2695182 
963 963 2697124 
964 964 2699066 
965 965 2701008 
966 966 2702948 
967 967 2704890 
968 968 2706832 
969 969 2708772 
970 970 2710714 
971 971 2712656 
972 972 2714598 
973 973 2716540 
974 974 2718480 
975 975 2720422 
976 976 2722364 
977 977 2724306 
978 978 2726246 
979 979 2728188 
980 980 2730130 
981 981 2732072 
982 982 2734012 
983 983 2735954 
984 984 2737896 
985 985 2739838 
986 986 2741780 
987 987 2743720 
988 988 2745658 
989 989 2747598 
990 990 2749542 
991 991 2751486 
992 992 2753426 
993 993 2755368 
994 994 2757310 
995 995 2759252 
996 996 2761192 
997 997 2763134 
998 998 2765076 
999 999 2767018 
1000 1000 2768958 
1001 1001 2770900 
1002 1002 2772842 
1003 1003 2774782 
1004 1004 2776724 
1005 1005 2778666 
1006 1006 2780606 
1007 1007 2782548 
1008 1008 2784490 
1009 1009 2786430 
1010 1010 2788372 
1011 1011 2790314 
1012 1012 2792254 
1013 1013 2794196 
1014 1014 2796138 
1015 1015 2798078 
1016 1016 2800020 
1017 1017 2801962 
1018 1018 2803904 
1019 1019 2805846 
1020 1020 2807786 
1021 1021 2809728 
1022 1022 2811670 
1023 1023 2813612 
1024 1024 2815552 
1025 1025 2817494 
1026 1026 2819432 
1027 1027 2821376 
1028 1028 2823318 
1029 1029 2825260 
1030 1030 2827200 
1031 1031 2829142 
1032 1032 2831082 
1033 1033 2833024 
1034 1034 2834966 
1035 1035 2836906 
1036 1036 2838848 
1037 1037 2840790 
1038 1038 2842730 
1039 1039 2844672 
1040 1040 2846614 
1041 1041 2848554 
1042 1042 2850496 
1043 1043 2852436 
1044 1044 2854378 
1045 1045 2856318 
1046 1046 2858260 
1047 1047 2860200 
1048 1048 2862142 
1049 1049 2864084 
1050 1050 2866024 
1051 1051 2867966 
1052 1052 2869906 
1053 1053 2871848 
1054 1054 2873786 
1055 1055 2875730 
1056 1056 2877672 
1057 1057 2879614 
1058 1058 2881554 
1059 1059 2883496 
1060 1060 2885438 
1061 1061 2887378 
1062 1062 2889320 
1063 1063 2891260 
1064 1064 2893202 
1065 1065 2895144 
1066 1066 2897084 
1067 1067 2899026 
1068 1068 2900966 
1069 1069 2902908 
1070 1070 2904848 
1071 1071 2906790 
1072 1072 2908730 
1073 1073 2910672 
1074 1074 2912612 
1075 1075 2914554 
1076 1076 2916494 
1077 1077 2918436 
1078 1078 2920376 
1079 1079 2922318 
1080 1080 2924258 
1081 1081 2926200 
1082 1082 2928138 
1083 1083 2930082 
1084 1084 2932024 
1085 1085 2933964 
1086 1086 2935906 
1087 1087 2937846 
1088 1088 2939788 
1089 1089 2941730 
1090 1090 2943670 
1091 1091 2945612 
1092 1092 2947552 
1093 1093 2949494 
1094 1094 2951434 
1095 1095 2953376 
1096 1096 2955318 
1097 1097 2957258 
1098 1098 2959200 
1099 1099 2961142 
1100 1100 2963082 
1101 1101 2965024 
1102 1102 2966964 
1103 1103 2968906 
1104 1104 2970846 
1105 1105 2972788 
1106 1106 2974728 
1107 1107 2976670 
1108 1108 2978612 
1109 1109 2980552 
1110 1110 2982494 
1111 1111 2984432 
1112 1112 2986376 
1113 1113 2988318 
1114 1114 2990260 
1115 1115 2992200 
1116 1116 2994142 
1117 1117 2996084 
1118 1118 2998024 
1119 1119 2999966 
1120 1120 3001908 
1121 1121 3003848 
1122 1122 3005790 
1123 1123 3007732 
1124 1124 3009672 
1125 1125 3011614 
1126 1126 3013556 
1127 1127 3015496 
1128 1128 3017438 
1129 1129 3019378 
1130 1130 3021320 
1131 1131 3023260 
1132 1132 3025202 
1133 1133 3027142 
1134 1134 3029084 
1135 1135 3031024 
1136 1136 3032966 
1137 1137 3034908 
1138 1138 3036848 
1139 1139 3038786 
1140 1140 3040730 
1141 1141 3042672 
1142 1142 3044612 
1143 1143 3046554 
1144 1144 3048494 
1145 1145 3050436 
1146 1146 3052378 
1147 1147 3054318 
1148 1148 3056260 
1149 1149 3058200 
1150 1150 3060142 
1151 1151 3062084 
1152 1152 3064026 
1153 1153 3065968 
1154 1154 3067908 
1155 1155 3069850 
1156 1156 3071792 
1157 1157 3073734 
1158 1158 3075676 
1159 1159 3077616 
1160 1160 3079558 
1161 1161 3081500 
1162 1162 3083440 
1163 1163 3085382 
1164 1164 3087324 
1165 1165 3089266 
1166 1166 3091206 
1167 1167 3093148 
1168 1168 3095086 
1169 1169 3097030 
1170 1170 3098972 
1171 1171 3100914 
1172 1172 3102854 
1173 1173 3104796 
1174 1174 3106738 
1175 1175 3108680 
1176 1176 3110620 
1177 1177 3112562 
1178 1178 3114504 
1179 1179 3116444 
1180 1180 3118386 
1181 1181 3120328 
1182 1182 3122270 
1183 1183 3124210 
1184 1184 3126152 
1185 1185 3128094 
1186 1186 3130036 
1187 1187 3131976 
1188 1188 3133918 
1189 1189 3135860 
1190 1190 3137800 
1191 1191 3139742 
1192 1192 3141684 
1193 1193 3143626 
1194 1194 3145566 
1195 1195 3147508 
1196 1196 3149448 
1197 1197 3151390 
1198 1198 3153332 
1199 1199 3155272 
1200 1200 3157214 
1201 1201 3159156 
1202 1202 3161098 
1203 1203 3163038 
1204 1204 3164980 
1205 1205 3166922 
1206 1206 3168862 
1207 1207 3170804 
1208 1208 3172746 
1209 1209 3174688 
1210 1210 3176628 
1211 1211 3178570 
1212 1212 3180512 
1213 1213 3182452 
1214 1214 3184392 
1215 1215 3186334 
1216 1216 3188276 
1217 1217 3190218 
1218 1218 3192158 
1219 1219 3194100 
1220 1220 3196040 
1221 1221 3197982 
1222 1222 3199920 
1223 1223 3201862 
1224 1224 3203806 
1225 1225 3205748 
1226 1226 3207690 
1227 1227 3209632 
1228 1228 3211572 
1229 1229 3213514 
1230 1230 3215456 
1231 1231 3217398 
1232 1232 3219338 
1233 1233 3221280 
1234 1234 3223222 
1235 1235 3225164 
1236 1236 3227104 
1237 1237 3229046 
1238 1238 3230988 
1239 1239 3232930 
1240 1240 3234872 
1241 1241 3236812 
1242 1242 3238754 
1243 1243 3240696 
1244 1244 3242638 
1245 1245 3244580 
1246 1246 3246520 
1247 1247 3248462 
1248 1248 3250404 
1249 1249 3252342 
1250 1250 3254286 
1251 1251 3256228 
1252 1252 3258170 
1253 1253 3260112 
1254 1254 3262052 
1255 1255 3263994 
1256 1256 3265936 
1257 1257 3267878 
1258 1258 3269820 
1259 1259 3271760 
1260 1260 3273702 
1261 1261 3275644 
1262 1262 3277586 
1263 1263 3279528 
1264 1264 3281468 
1265 1265 3283410 
1266 1266 3285352 
1267 1267 3287294 
1268 1268 3289234 
1269 1269 3291176 
1270 1270 3293118 
1271 1271 3295060 
1272 1272 3296998 
1273 1273 3298942 
1274 1274 3300884 
1275 1275 3302826 
1276 1276 3304768 
1277 1277 3306710 
1278 1278 3308652 
1279 1279 3310592 
1280 1280 3312534 
1281 1281 3314476 
1282 1282 3316418 
1283 1283 3318360 
1284 1284 3320302 
1285 1285 3322242 
1286 1286 3324184 
1287 1287 3326126 
1288 1288 3328068 
1289 1289 3330010 
1290 1290 3331950 
1291 1291 3333892 
1292 1292 3335834 
1293 1293 3337776 
1294 1294 3339718 
1295 1295 3341660 
1296 1296 3343600 
1297 1297 3345542 
1298 1298 3347484 
1299 1299 3349424 
1300 1300 3351366 
1301 1301 3353308 
1302 1302 3355248 
1303 1303 3357190 
1304 1304 3359130 
1305 1305 3361072 
1306 1306 3363014 
1307 1307 3364956 
1308 1308 3366898 
1309 1309 3368836 
1310 1310 3370778 
1311 1311 3372722 
1312 1312 3374662 
1313 1313 3376604 
1314 1314 3378546 
1315 1315 3380486 
1316 1316 3382428 
1317 1317 3384368 
1318 1318 3386310 
1319 1319 3388250 
1320 1320 3390192 
1321 1321 3392134 
1322 1322 3394076 
1323 1323 3396016 
1324 1324 3397958 
1325 1325 3399900 
1326 1326 3401842 
1327 1327 3403782 
1328 1328 3405724 
1329 1329 3407666 
1330 1330 3409608 
1331 1331 3411548 
1332 1332 3413490 
1333 1333 3415430 
1334 1334 3417372 
1335 1335 3419314 
1336 1336 3421256 
1337 1337 3423196 
1338 1338 3425138 
1339 1339 3427080 
1340 1340 3429020 
1341 1341 3430962 
1342 1342 3432904 
1343 1343 3434846 
1344 1344 3436786 
1345 1345 3438728 
1346 1346 3440670 
1347 1347 3442610 
1348 1348 3444552 
1349 1349 3446494 
1350 1350 3448432 
1351 1351 3450374 
1352 1352 3452318 
1353 1353 3454258 
1354 1354 3456200 
1355 1355 3458142 
1356 1356 3460082 
1357 1357 3462024 
1358 1358 3463966 
1359 1359 3465908 
1360 1360 3467848 
1361 1361 3469790 
1362 1362 3471732 
1363 1363 3473674 
1364 1364 3475614 
1365 1365 3477556 
1366 1366 3479498 
1367 1367 3481440 
1368 1368 3483380 
1369 1369 3485322 
1370 1370 3487264 
1371 1371 3489206 
1372 1372 3491146 
1373 1373 3493088 
1374 1374 3495030 
1375 1375 3496970 
1376 1376 3498912 
1377 1377 3500850 
1378 1378 3502790 
1379 1379 3504732 
1380 1380 3506678 
1381 1381 3508620 
1382 1382 3510562 
1383 1383 3512502 
1384 1384 3514444 
1385 1385 3516386 
1386 1386 3518326 
1387 1387 3520268 
1388 1388 3522210 
1389 1389 3524152 
1390 1390 3526090 
1391 1391 3528034 
1392 1392 3529976 
1393 1393 3531918 
1394 1394 3533860 
1395 1395 3535802 
1396 1396 3537744 
1397 1397 3539684 
1398 1398 3541626 
1399 1399 3543568 
1400 1400 3545508 
1401 1401 3547450 
1402 1402 3549392 
1403 1403 3551334 
1404 1404 3553274 
1405 1405 3555216 
1406 1406 3557156 
1407 1407 3559100 
1408 1408 3561042 
1409 1409 3562984 
1410 1410 3564926 
1411 1411 3566866 
1412 1412 3568808 
1413 1413 3570750 
1414 1414 3572690 
1415 1415 3574632 
1416 1416 3576574 
1417 1417 3578512 
1418 1418 3580456 
1419 1419 3582398 
1420 1420 3584340 
1421 1421 3586278 
1422 1422 3588218 
1423 1423 3590162 
1424 1424 3592106 
1424 1424 3592106 
1425 1425 3594048 
1426 1426 3595988 
1427 1427 3597930 
1428 1428 3599872 
1429 1429 3601814 
1430 1430 3603754 
1431 1431 3605696 
1432 1432 3607638 
1433 1433 3609580 
1434 1434 3611522 
1435 1435 3613464 
1436 1436 3615406 
1437 1437 3617348 
1438 1438 3619288 
1439 1439 3621230 
1440 1440 3623170 
1441 1441 3625112 
1442 1442 3627054 
1443 1443 3628994 
1444 1444 3630936 
1445 1445 3632878 
1446 1446 3634820 
1447 1447 3636758 
1448 1448 3638698 
1449 1449 3640640 
1450 1450 3642582 
1451 1451 3644526 
1452 1452 3646468 
1453 1453 3648410 
1454 1454 3650352 
1455 1455 3652292 
1456 1456 3654234 
1457 1457 3656176 
1458 1458 3658116 
1459 1459 3660058 
1460 1460 3662000 
1461 1461 3663942 
1462 1462 3665882 
1463 1463 3667824 
1464 1464 3669766 
1465 1465 3671708 
1466 1466 3673650 
1467 1467 3675590 
1468 1468 3677532 
1469 1469 3679474 
1470 1470 3681416 
1471 1471 3683356 
1472 1472 3685298 
1473 1473 3687240 
1474 1474 3689182 
1475 1475 3691122 
1476 1476 3693064 
1477 1477 3695004 
1478 1478 3696946 
1479 1479 3698888 
1480 1480 3700830 
1481 1481 3702770 
1482 1482 3704712 
1483 1483 3706654 
1484 1484 3708594 
1485 1485 3710536 
1486 1486 3712476 
1487 1487 3714418 
1488 1488 3716358 
1489 1489 3718300 
1490 1490 3720242 
1491 1491 3722182 
1492 1492 3724124 
1493 1493 3726066 
1494 1494 3728006 
1495 1495 3729948 
1496 1496 3731890 
1497 1497 3733830 
1498 1498 3735772 
1499 1499 3737714 
1500 1500 3739654 
1501 1501 3741596 
1502 1502 3743538 
1503 1503 3745478 
1504 1504 3747420 
1505 1505 3749362 
1506 1506 3751302 
1507 1507 3753244 
1508 1508 3755184 
1509 1509 3757126 
1510 1510 3759066 
1511 1511 3761008 
1512 1512 3762948 
1513 1513 3764890 
1514 1514 3766832 
1515 1515 3768772 
1516 1516 3770714 
1517 1517 3772656 
1518 1518 3774598 
1519 1519 3776538 
1520 1520 3778480 
1521 1521 3780420 
1522 1522 3782362 
1523 1523 3784302 
1524 1524 3786244 
1525 1525 3788184 
1526 1526 3790126 
1527 1527 3792066 
1528 1528 3794008 
1529 1529 3795950 
1530 1530 3797890 
1531 1531 3799832 
1532 1532 3801774 
1533 1533 3803716 
1534 1534 3805656 
1535 1535 3807598 
1536 1536 3809538 
1537 1537 3811480 
1538 1538 3813422 
1539 1539 3815364 
1540 1540 3817304 
1541 1541 3819246 
1542 1542 3821188 
1543 1543 3823130 
1544 1544 3825070 
1545 1545 3827012 
1546 1546 3828954 
1547 1547 3830896 
1548 1548 3832836 
1549 1549 3834778 
1550 1550 3836716 
1551 1551 3838658 
1552 1552 3840602 
1553 1553 3842542 
1554 1554 3844482 
1555 1555 3846424 
1556 1556 3848366 
1557 1557 3850310 
1558 1558 3852250 
1559 1559 3854190 
1560 1560 3856130 
1561 1561 3858076 
1562 1562 3860018 
1563 1563 3861958 
1564 1564 3863900 
1565 1565 3865842 
1566 1566 3867782 
1567 1567 3869724 
1568 1568 3871666 
1569 1569 3873606 
1570 1570 3875548 
1571 1571 3877490 
1572 1572 3879430 
1573 1573 3881372 
1574 1574 3883312 
1575 1575 3885254 
1576 1576 3887194 
1577 1577 3889136 
1578 1578 3891078 
1579 1579 3893020 
1580 1580 3894960 
1581 1581 3896902 
1582 1582 3898844 
1583 1583 3900784 
1584 1584 3902726 
1585 1585 3904668 
1586 1586 3906610 
1587 1587 3908552 
1588 1588 3910492 
1589 1589 3912434 
1590 1590 3914376 
1591 1591 3916318 
1592 1592 3918258 
1593 1593 3920200 
1594 1594 3922142 
1595 1595 3924082 
1596 1596 3926024 
1597 1597 3927964 
1598 1598 3929906 
1599 1599 3931848 
1600 1600 3933790 
1601 1601 3935732 
1602 1602 3937672 
1603 1603 3939612 
1604 1604 3941554 
1605 1605 3943498 
1606 1606 3945438 
1607 1607 3947380 
1608 1608 3949322 
1609 1609 3951264 
1610 1610 3953204 
1611 1611 3955146 
1612 1612 3957088 
1613 1613 3959030 
1614 1614 3960970 
1615 1615 3962912 
1616 1616 3964854 
1617 1617 3966794 
1618 1618 3968736 
1619 1619 3970678 
1620 1620 3972618 
1621 1621 3974560 
1622 1622 3976502 
1623 1623 3978442 
1624 1624 3980384 
1625 1625 3982326 
1626 1626 3984268 
1627 1627 3986210 
1628 1628 3988150 
1629 1629 3990092 
1630 1630 3992034 
1631 1631 3993976 
1632 1632 3995916 
1633 1633 3997858 
1634 1634 3999800 
1635 1635 4001740 
1636 1636 4003682 
1637 1637 4005624 
1638 1638 4007566 
1639 1639 4009508 
1640 1640 4011448 
1641 1641 4013390 
1642 1642 4015332 
1643 1643 4017274 
1644 1644 4019214 
1645 1645 4021156 
1646 1646 4023098 
1647 1647 4025040 
1648 1648 4026982 
1649 1649 4028924 
1650 1650 4030864 
1651 1651 4032806 
1652 1652 4034748 
1653 1653 4036690 
1654 1654 4038630 
1655 1655 4040572 
1656 1656 4042514 
1657 1657 4044454 
1658 1658 4046396 
1659 1659 4048338 
1660 1660 4050280 
1661 1661 4052222 
1662 1662 4054162 
1663 1663 4056104 
1664 1664 4058046 
1665 1665 4059986 
1666 1666 4061928 
1667 1667 4063870 
1668 1668 4065812 
1669 1669 4067754 
1670 1670 4069694 
1671 1671 4071636 
1672 1672 4073578 
1673 1673 4075520 
1674 1674 4077462 
1675 1675 4079404 
1676 1676 4081344 
1677 1677 4083286 
1678 1678 4085228 
1679 1679 4087170 
1680 1680 4089110 
1681 1681 4091052 
1682 1682 4092992 
1683 1683 4094934 
1684 1684 4096874 
1685 1685 4098816 
1686 1686 4100756 
1687 1687 4102698 
1688 1688 4104640 
1689 1689 4106580 
1690 1690 4108522 
1691 1691 4110464 
1692 1692 4112404 
1693 1693 4114346 
1694 1694 4116286 
1695 1695 4118228 
1696 1696 4120168 
1697 1697 4122110 
1698 1698 4124052 
1699 1699 4125992 
1700 1700 4127934 
1701 1701 4129874 
1702 1702 4131814 
1703 1703 4133756 
1704 1704 4135696 
1705 1705 4137638 
1706 1706 4139580 
1707 1707 4141522 
1708 1708 4143462 
1709 1709 4145404 
1710 1710 4147346 
1711 1711 4149288 
1712 1712 4151230 
1713 1713 4153172 
1714 1714 4155114 
1715 1715 4157056 
1716 1716 4158996 
1717 1717 4160938 
1718 1718 4162880 
1719 1719 4164820 
1720 1720 4166762 
1721 1721 4168704 
1722 1722 4170644 
1723 1723 4172586 
1724 1724 4174528 
1725 1725 4176470 
1726 1726 4178412 
1727 1727 4180352 
1728 1728 4182294 
1729 1729 4184236 
1730 1730 4186176 
1731 1731 4188118 
1732 1732 4190060 
1733 1733 4192000 
1734 1734 4193942 
1735 1735 4195884 
1736 1736 4197826 
1737 1737 4199766 
1738 1738 4201708 
1739 1739 4203650 
1740 1740 4205590 
1741 1741 4207532 
1742 1742 4209474 
1743 1743 4211412 
1744 1744 4213356 
1745 1745 4215298 
1746 1746 4217240 
1747 1747 4219182 
1748 1748 4221124 
1749 1749 4223064 
1750 1750 4225006 
1751 1751 4226948 
1752 1752 4228890 
1753 1753 4230832 
1754 1754 4232774 
1755 1755 4234716 
1756 1756 4236658 
1757 1757 4238600 
1758 1758 4240538 
1759 1759 4242482 
1760 1760 4244424 
1761 1761 4246366 
1762 1762 4248308 
1763 1763 4250248 
1764 1764 4252190 
1765 1765 4254132 
1766 1766 4256074 
1767 1767 4258016 
1768 1768 4259956 
1769 1769 4261898 
1770 1770 4263840 
1771 1771 4265780 
1772 1772 4267722 
1773 1773 4269664 
1774 1774 4271606 
1775 1775 4273546 
1776 1776 4275488 
1777 1777 4277430 
1778 1778 4279372 
1779 1779 4281314 
1780 1780 4283252 
1781 1781 4285196 
1782 1782 4287138 
1783 1783 4289078 
1784 1784 4291020 
1785 1785 4292958 
1786 1786 4294902 
1787 1787 4296844 
1788 1788 4298786 
1789 1789 4300726 
1790 1790 4302668 
1791 1791 4304610 
1792 1792 4306552 
1793 1793 4308492 
1794 1794 4310434 
1795 1795 4312376 
1796 1796 4314318 
1797 1797 4316260 
1798 1798 4318200 
1799 1799 4320142 
1800 1800 4322084 
1801 1801 4324026 
1802 1802 4325966 
1803 1803 4327908 
1804 1804 4329850 
1805 1805 4331790 
1806 1806 4333732 
1807 1807 4335674 
1808 1808 4337616 
1809 1809 4339556 
1810 1810 4341498 
1811 1811 4343440 
1812 1812 4345382 
1813 1813 4347324 
1814 1814 4349262 
1815 1815 4351202 
1816 1816 4353144 
1817 1817 4355090 
1818 1818 4357032 
1819 1819 4358974 
1820 1820 4360914 
1821 1821 4362856 
1822 1822 4364798 
1823 1823 4366738 
1824 1824 4368680 
1825 1825 4370622 
1826 1826 4372564 
1827 1827 4374506 
1828 1828 4376446 
1829 1829 4378388 
1830 1830 4380330 
1831 1831 4382272 
1832 1832 4384212 
1833 1833 4386154 
1834 1834 4388096 
1835 1835 4390038 
1836 1836 4391980 
1837 1837 4393922 
1838 1838 4395862 
1839 1839 4397804 
1840 1840 4399746 
1841 1841 4401688 
1842 1842 4403628 
1843 1843 4405568 
1844 1844 4407512 
1845 1845 4409454 
1846 1846 4411396 
1847 1847 4413336 
1848 1848 4415278 
1849 1849 4417220 
1850 1850 4419162 
1851 1851 4421104 
1852 1852 4423044 
1853 1853 4424986 
1854 1854 4426928 
1855 1855 4428870 
1856 1856 4430810 
1857 1857 4432752 
1858 1858 4434694 
1859 1859 4436636 
1860 1860 4438576 
1861 1861 4440518 
1862 1862 4442460 
1863 1863 4444400 
1864 1864 4446342 
1865 1865 4448284 
1866 1866 4450224 
1867 1867 4452166 
1868 1868 4454106 
1869 1869 4456048 
1870 1870 4457990 
1871 1871 4459932 
1872 1872 4461872 
1873 1873 4463812 
1874 1874 4465754 
1875 1875 4467696 
1876 1876 4469636 
1877 1877 4471578 
1878 1878 4473520 
1879 1879 4475462 
1880 1880 4477404 
1881 1881 4479346 
1882 1882 4481286 
1883 1883 4483228 
1884 1884 4485170 
1885 1885 4487110 
1886 1886 4489052 
1887 1887 4490994 
1888 1888 4492936 
1889 1889 4494876 
1890 1890 4496818 
1891 1891 4498760 
1892 1892 4500702 
1893 1893 4502644 
1894 1894 4504584 
1895 1895 4506526 
1896 1896 4508468 
1897 1897 4510408 
1898 1898 4512350 
1899 1899 4514292 
1900 1900 4516234 
1901 1901 4518176 
1902 1902 4520118 
1903 1903 4522060 
1904 1904 4524002 
1905 1905 4525942 
1906 1906 4527884 
1907 1907 4529826 
1908 1908 4531766 
1909 1909 4533708 
1910 1910 4535650 
1911 1911 4537592 
1912 1912 4539532 
1913 1913 4541474 
1914 1914 4543416 
1915 1915 4545358 
1916 1916 4547300 
1917 1917 4549242 
1918 1918 4551182 
1919 1919 4553124 
1920 1920 4555066 
1921 1921 4557008 
1922 1922 4558950 
1923 1923 4560892 
1924 1924 4562832 
1925 1925 4564774 
1926 1926 4566716 
1927 1927 4568658 
1928 1928 4570600 
1929 1929 4572540 
1930 1930 4574482 
1931 1931 4576424 
1932 1932 4578364 
1933 1933 4580306 
1934 1934 4582248 
1935 1935 4584188 
1936 1936 4586130 
1937 1937 4588072 
1938 1938 4590014 
1939 1939 4591954 
1940 1940 4593896 
1941 1941 4595838 
1942 1942 4597778 
1943 1943 4599720 
1944 1944 4601660 
1945 1945 4603602 
1946 1946 4605542 
1947 1947 4607482 
1948 1948 4609424 
1949 1949 4611366 
1950 1950 4613308 
1951 1951 4615250 
1952 1952 4617190 
1953 1953 4619132 
1954 1954 4621074 
1955 1955 4623016 
1956 1956 4624958 
1957 1957 4626898 
1958 1958 4628840 
1959 1959 4630782 
1960 1960 4632724 
1961 1961 4634664 
1962 1962 4636606 
1963 1963 4638548 
1964 1964 4640490 
1965 1965 4642432 
1966 1966 4644374 
1967 1967 4646316 
1968 1968 4648258 
1969 1969 4650200 
1970 1970 4652142 
1971 1971 4654082 
1972 1972 4656024 
1973 1973 4657966 
1974 1974 4659908 
1975 1975 4661850 
1976 1976 4663792 
1977 1977 4665734 
1978 1978 4667676 
1979 1979 4669616 
1980 1980 4671558 
1981 1981 4673500 
1982 1982 4675442 
1983 1983 4677384 
1984 1984 4679326 
1985 1985 4681268 
1986 1986 4683210 
1987 1987 4685152 
1988 1988 4687094 
1989 1989 4689036 
1990 1990 4690978 
1991 1991 4692920 
1992 1992 4694862 
1993 1993 4696804 
1994 1994 4698746 
1995 1995 4700688 
1996 1996 4702628 
1997 1997 4704570 
1998 1998 4706512 
1999 1999 4708454 
2000 2000 4710394 
2001 2001 4712336 
2002 2002 4714278 
2003 2003 4716220 
2004 2004 4718162 
2005 2005 4720102 
2006 2006 4722044 
2007 2007 4723986 
2008 2008 4725928 
2009 2009 4727868 
2010 2010 4729810 
2011 2011 4731752 
2012 2012 4733692 
2013 2013 4735634 
2014 2014 4737576 
2015 2015 4739518 
2016 2016 4741460 
2017 2017 4743402 
2018 2018 4745342 
2019 2019 4747284 
2020 2020 4749224 
2021 2021 4751166 
2022 2022 4753104 
2023 2023 4755044 
2024 2024 4756986 
2025 2025 4758930 
2026 2026 4760874 
2027 2027 4762816 
2028 2028 4764758 
2029 2029 4766698 
2030 2030 4768640 
2031 2031 4770582 
2032 2032 4772522 
2033 2033 4774464 
2034 2034 4776404 
2035 2035 4778346 
2036 2036 4780288 
2037 2037 4782228 
2038 2038 4784170 
2039 2039 4786110 
2040 2040 4788052 
2041 2041 4789992 
2042 2042 4791934 
2043 2043 4793876 
2044 2044 4795818 
2045 2045 4797756 
2046 2046 4799698 
2047 2047 4801640 
2048 2048 4803582 
2049 2049 4805524 
2050 2050 4807464 
2051 2051 4809406 
2052 2052 4811346 
2053 2053 4813288 
2054 2054 4815230 
2055 2055 4817168 
2056 2056 4819110 
2057 2057 4821054 
2058 2058 4822994 
2059 2059 4824936 
2060 2060 4826878 
2061 2061 4828820 
2062 2062 4830762 
2063 2063 4832704 
2064 2064 4834646 
2065 2065 4836586 
2066 2066 4838528 
2067 2067 4840470 
2068 2068 4842410 
2069 2069 4844352 
2070 2070 4846294 
2071 2071 4848236 
2072 2072 4850176 
2073 2073 4852118 
2074 2074 4854060 
2075 2075 4856002 
2076 2076 4857944 
2077 2077 4859886 
2078 2078 4861826 
2079 2079 4863768 
2080 2080 4865710 
2081 2081 4867652 
2082 2082 4869590 
2083 2083 4871534 
2084 2084 4873476 
2085 2085 4875418 
2086 2086 4877360 
2087 2087 4879302 
2088 2088 4881242 
2089 2089 4883184 
2090 2090 4885126 
2091 2091 4887066 
2092 2092 4889008 
2093 2093 4890950 
2094 2094 4892892 
2095 2095 4894834 
2096 2096 4896774 
2097 2097 4898716 
2098 2098 4900658 
2099 2099 4902600 
2100 2100 4904540 
2101 2101 4906482 
2102 2102 4908424 
2103 2103 4910364 
2104 2104 4912306 
2105 2105 4914248 
2106 2106 4916190 
2107 2107 4918132 
2108 2108 4920074 
2109 2109 4922016 
2110 2110 4923956 
2111 2111 4925898 
2112 2112 4927836 
2113 2113 4929776 
2114 2114 4931720 
2115 2115 4933662 
2116 2116 4935604 
2117 2117 4937546 
2118 2118 4939488 
2119 2119 4941428 
2120 2120 4943370 
2121 2121 4945312 
2122 2122 4947252 
2123 2123 4949194 
2124 2124 4951134 
2125 2125 4953076 
2126 2126 4955018 
2127 2127 4956960 
2128 2128 4958902 
2129 2129 4960844 
2130 2130 4962786 
2131 2131 4964728 
2132 2132 4966668 
2133 2133 4968610 
2134 2134 4970552 
2135 2135 4972492 
2136 2136 4974434 
2137 2137 4976376 
2138 2138 4978318 
2139 2139 4980260 
2140 2140 4982200 
2141 2141 4984142 
2142 2142 4986084 
2143 2143 4988024 
2144 2144 4989966 
2145 2145 4991908 
2146 2146 4993850 
2147 2147 4995792 
2148 2148 4997732 
2149 2149 4999674 
2150 2150 5001614 
2151 2151 5003556 
2152 2152 5005498 
2153 2153 5007440 
2154 2154 5009382 
2155 2155 5011324 
2156 2156 5013266 
2157 2157 5015208 
2158 2158 5017148 
2159 2159 5019090 
2160 2160 5021032 
2161 2161 5022974 
2162 2162 5024916 
2163 2163 5026854 
2164 2164 5028796 
2165 2165 5030738 
2166 2166 5032682 
2167 2167 5034622 
2168 2168 5036564 
2169 2169 5038508 
2170 2170 5040446 
2171 2171 5042390 
2172 2172 5044334 
2173 2173 5046274 
2174 2174 5048216 
2175 2175 5050158 
2176 2176 5052100 
2177 2177 5054042 
2178 2178 5055984 
2179 2179 5057922 
2180 2180 5059862 
2181 2181 5061808 
2182 2182 5063750 
2183 2183 5065692 
2184 2184 5067634 
2185 2185 5069576 
2186 2186 5071518 
2187 2187 5073460 
2188 2188 5075400 
2189 2189 5077342 
2190 2190 5079284 
2191 2191 5081222 
2192 2192 5083164 
2193 2193 5085106 
2194 2194 5087052 
2195 2195 5088994 
2196 2196 5090936 
2197 2197 5092878 
2198 2198 5094820 
2199 2199 5096762 
2200 2200 5098704 
2201 2201 5100644 
2202 2202 5102586 
2203 2203 5104528 
2204 2204 5106468 
2205 2205 5108410 
2206 2206 5110352 
2207 2207 5112294 
2208 2208 5114234 
2209 2209 5116174 
2210 2210 5118116 
2211 2211 5120058 
2212 2212 5122000 
2213 2213 5123942 
2214 2214 5125884 
2215 2215 5127826 
2216 2216 5129766 
2217 2217 5131708 
2218 2218 5133650 
2219 2219 5135592 
2220 2220 5137534 
2221 2221 5139476 
2222 2222 5141418 
2223 2223 5143360 
2224 2224 5145302 
2225 2225 5147244 
2226 2226 5149184 
2227 2227 5151126 
2228 2228 5153068 
2229 2229 5155010 
2230 2230 5156952 
2231 2231 5158892 
2232 2232 5160834 
2233 2233 5162778 
2234 2234 5164718 
2235 2235 5166660 
2236 2236 5168602 
2237 2237 5170544 
2238 2238 5172486 
2239 2239 5174428 
2240 2240 5176370 
2241 2241 5178310 
2242 2242 5180252 
2243 2243 5182194 
2244 2244 5184136 
2245 2245 5186078 
2246 2246 5188020 
2247 2247 5189958 
2248 2248 5191902 
2249 2249 5193844 
2250 2250 5195786 
2251 2251 5197728 
2252 2252 5199670 
2253 2253 5201612 
2254 2254 5203552 
2255 2255 5205494 
2256 2256 5207438 
2257 2257 5209378 
2258 2258 5211320 
2259 2259 5213262 
2260 2260 5215204 
2261 2261 5217146 
2262 2262 5219088 
2263 2263 5221030 
2264 2264 5222970 
2265 2265 5224912 
2266 2266 5226854 
2267 2267 5228796 
2268 2268 5230738 
2269 2269 5232680 
2270 2270 5234622 
2271 2271 5236564 
2272 2272 5238506 
2273 2273 5240448 
2274 2274 5242390 
2275 2275 5244330 
2276 2276 5246272 
2277 2277 5248214 
2278 2278 5250156 
2279 2279 5252096 
2280 2280 5254038 
2281 2281 5255980 
2282 2282 5257922 
2283 2283 5259864 
2284 2284 5261806 
2285 2285 5263746 
2286 2286 5265688 
2287 2287 5267630 
2288 2288 5269572 
2289 2289 5271512 
2290 2290 5273454 
2291 2291 5275396 
2292 2292 5277338 
2293 2293 5279280 
2294 2294 5281222 
2295 2295 5283164 
2296 2296 5285106 
2297 2297 5287046 
2298 2298 5288988 
2299 2299 5290930 
2300 2300 5292872 
2301 2301 5294814 
2302 2302 5296754 
2303 2303 5298696 
2304 2304 5300638 
2305 2305 5302578 
2306 2306 5304522 
2307 2307 5306462 
2308 2308 5308404 
2309 2309 5310346 
2310 2310 5312288 
2311 2311 5314230 
2312 2312 5316170 
2313 2313 5318112 
2314 2314 5320054 
2315 2315 5321996 
2316 2316 5323938 
2317 2317 5325880 
2318 2318 5327820 
2319 2319 5329762 
2320 2320 5331704 
2321 2321 5333646 
2322 2322 5335588 
2323 2323 5337528 
2324 2324 5339470 
2325 2325 5341412 
2326 2326 5343354 
2327 2327 5345296 
2328 2328 5347238 
2329 2329 5349180 
2330 2330 5351120 
2331 2331 5353062 
2332 2332 5355004 
2333 2333 5356946 
2334 2334 5358888 
2335 2335 5360828 
2336 2336 5362770 
2337 2337 5364712 
2338 2338 5366652 
2339 2339 5368594 
2340 2340 5370536 
2341 2341 5372476 
2342 2342 5374418 
2343 2343 5376358 
2344 2344 5378302 
2345 2345 5380244 
2346 2346 5382186 
2347 2347 5384128 
2348 2348 5386070 
2349 2349 5388010 
2350 2350 5389952 
2351 2351 5391894 
2352 2352 5393836 
2353 2353 5395776 
2354 2354 5397718 
2355 2355 5399660 
2356 2356 5401602 
2357 2357 5403544 
2358 2358 5405484 
2359 2359 5407426 
2360 2360 5409368 
2361 2361 5411306 
2362 2362 5413250 
2363 2363 5415192 
2364 2364 5417134 
2365 2365 5419074 
2366 2366 5421016 
2367 2367 5422956 
2368 2368 5424898 
2369 2369 5426840 
2370 2370 5428782 
2371 2371 5430724 
2372 2372 5432666 
2373 2373 5434608 
2374 2374 5436550 
2375 2375 5438492 
2376 2376 5440434 
2377 2377 5442376 
2378 2378 5444318 
2379 2379 5446260 
2380 2380 5448202 
2381 2381 5450144 
2382 2382 5452086 
2383 2383 5454028 
2384 2384 5455970 
2385 2385 5457910 
2386 2386 5459852 
2387 2387 5461794 
2388 2388 5463736 
2389 2389 5465678 
2390 2390 5467620 
2391 2391 5469562 
2392 2392 5471504 
2393 2393 5473444 
2394 2394 5475384 
2395 2395 5477330 
2396 2396 5479272 
2397 2397 5481214 
2398 2398 5483156 
2399 2399 5485098 
2400 2400 5487040 
2401 2401 5488980 
2402 2402 5490922 
2403 2403 5492864 
2404 2404 5494806 
2405 2405 5496748 
2406 2406 5498690 
2407 2407 5500632 
2408 2408 5502572 
2409 2409 5504514 
2410 2410 5506456 
2411 2411 5508398 
2412 2412 5510338 
2413 2413 5512280 
2414 2414 5514222 
2415 2415 5516162 
2416 2416 5518102 
2417 2417 5520042 
2418 2418 5521986 
2419 2419 5523930 
2420 2420 5525870 
2421 2421 5527812 
2422 2422 5529754 
2423 2423 5531694 
2424 2424 5533636 
2425 2425 5535578 
2426 2426 5537520 
2427 2427 5539460 
2428 2428 5541402 
2429 2429 5543344 
2430 2430 5545286 
2431 2431 5547226 
2432 2432 5549168 
2433 2433 5551110 
2434 2434 5553052 
2435 2435 5554992 
2436 2436 5556934 
2437 2437 5558876 
2438 2438 5560816 
2439 2439 5562758 
2440 2440 5564700 
2441 2441 5566642 
2442 2442 5568582 
2443 2443 5570524 
2444 2444 5572466 
2445 2445 5574408 
2446 2446 5576350 
2447 2447 5578292 
2448 2448 5580234 
2449 2449 5582176 
2450 2450 5584114 
2451 2451 5586054 
2452 2452 5587998 
2453 2453 5589942 
2454 2454 5591884 
2455 2455 5593826 
2456 2456 5595768 
2457 2457 5597708 
2458 2458 5599650 
2459 2459 5601592 
2460 2460 5603534 
2461 2461 5605476 
2462 2462 5607416 
2463 2463 5609358 
2464 2464 5611300 
2465 2465 5613242 
2466 2466 5615184 
2467 2467 5617126 
2468 2468 5619068 
2469 2469 5621010 
2470 2470 5622950 
2471 2471 5624892 
2472 2472 5626834 
2473 2473 5628772 
2474 2474 5630712 
2475 2475 5632656 
2476 2476 5634598 
2477 2477 5636540 
2478 2478 5638482 
2479 2479 5640422 
2480 2480 5642364 
2481 2481 5644304 
2482 2482 5646246 
2483 2483 5648188 
2484 2484 5650130 
2485 2485 5652070 
2486 2486 5654012 
2487 2487 5655954 
2488 2488 5657894 
2489 2489 5659836 
2490 2490 5661778 
2491 2491 5663718 
2492 2492 5665660 
2493 2493 5667602 
2494 2494 5669542 
2495 2495 5671484 
2496 2496 5673426 
2497 2497 5675366 
2498 2498 5677308 
2499 2499 5679250 
2500 2500 5681190 
2501 2501 5683132 
2502 2502 5685074 
2503 2503 5687016 
2504 2504 5688958 
2505 2505 5690900 
2506 2506 5692836 
2507 2507 5694776 
2508 2508 5696720 
2509 2509 5698664 
2510 2510 5700606 
2511 2511 5702548 
2512 2512 5704490 
2513 2513 5706432 
2514 2514 5708372 
2515 2515 5710314 
2516 2516 5712256 
2517 2517 5714196 
2518 2518 5716138 
2519 2519 5718080 
2520 2520 5720022 
2521 2521 5721962 
2522 2522 5723904 
2523 2523 5725846 
2524 2524 5727786 
2525 2525 5729728 
2526 2526 5731668 
2527 2527 5733610 
2528 2528 5735552 
2529 2529 5737492 
2530 2530 5739430 
2531 2531 5741370 
2532 2532 5743316 
2533 2533 5745258 
2534 2534 5747198 
2535 2535 5749140 
2536 2536 5751080 
2537 2537 5753020 
2538 2538 5754962 
2539 2539 5756904 
2540 2540 5758844 
2541 2541 5760786 
2542 2542 5762726 
2543 2543 5764668 
2544 2544 5766610 
2545 2545 5768550 
2546 2546 5770492 
2547 2547 5772432 
2548 2548 5774374 
2549 2549 5776316 
2550 2550 5778256 
2551 2551 5780198 
2552 2552 5782140 
2553 2553 5784082 
2554 2554 5786022 
2555 2555 5787964 
2556 2556 5789906 
2557 2557 5791846 
2558 2558 5793788 
2559 2559 5795730 
2560 2560 5797670 
2561 2561 5799612 
2562 2562 5801552 
2563 2563 5803490 
2564 2564 5805430 
2565 2565 5807374 
2566 2566 5809318 
2567 2567 5811260 
2568 2568 5813200 
2569 2569 5815142 
2570 2570 5817082 
2571 2571 5819024 
2572 2572 5820966 
2573 2573 5822906 
2574 2574 5824846 
2575 2575 5826788 
2576 2576 5828730 
2577 2577 5830670 
2578 2578 5832612 
2579 2579 5834552 
2580 2580 5836494 
2581 2581 5838436 
2582 2582 5840376 
2583 2583 5842318 
2584 2584 5844258 
2585 2585 5846200 
2586 2586 5848138 
2587 2587 5850078 
2588 2588 5852022 
2589 2589 5853964 
2590 2590 5855906 
2591 2591 5857848 
2592 2592 5859788 
2593 2593 5861730 
2594 2594 5863670 
2595 2595 5865612 
2596 2596 5867552 
2597 2597 5869494 
2598 2598 5871436 
2599 2599 5873376 
2600 2600 5875318 
2601 2601 5877260 
2602 2602 5879202 
2603 2603 5881142 
2604 2604 5883084 
2605 2605 5885026 
2606 2606 5886968 
2607 2607 5888908 
2608 2608 5890850 
2609 2609 5892792 
2610 2610 5894734 
2611 2611 5896676 
2612 2612 5898616 
2613 2613 5900558 
2614 2614 5902500 
2615 2615 5904442 
2616 2616 5906384 
2617 2617 5908326 
2618 2618 5910268 
2619 2619 5912210 
2620 2620 5914148 
2621 2621 5916088 
2622 2622 5918032 
2623 2623 5919974 
2624 2624 5921916 
2625 2625 5923858 
2626 2626 5925800 
2627 2627 5927742 
2628 2628 5929682 
2629 2629 5931624 
2630 2630 5933566 
2631 2631 5935506 
2632 2632 5937448 
2633 2633 5939390 
2634 2634 5941330 
2635 2635 5943272 
2636 2636 5945214 
2637 2637 5947156 
2638 2638 5949096 
2639 2639 5951038 
2640 2640 5952980 
2641 2641 5954920 
2642 2642 5956860 
2643 2643 5958800 
2644 2644 5960744 
2645 2645 5962686 
2646 2646 5964628 
2647 2647 5966568 
2648 2648 5968510 
2649 2649 5970450 
2650 2650 5972390 
2651 2651 5974332 
2652 2652 5976274 
2653 2653 5978214 
2654 2654 5980156 
2655 2655 5982096 
2656 2656 5984038 
2657 2657 5985980 
2658 2658 5987920 
2659 2659 5989862 
2660 2660 5991804 
2661 2661 5993746 
2662 2662 5995686 
2663 2663 5997628 
2664 2664 5999570 
2665 2665 6001510 
2666 2666 6003452 
2667 2667 6005392 
2668 2668 6007334 
2669 2669 6009276 
2670 2670 6011216 
2671 2671 6013156 
2672 2672 6015098 
2673 2673 6017040 
2674 2674 6018980 
2675 2675 6020922 
2676 2676 6022860 
2677 2677 6024798 
2678 2678 6026740 
2679 2679 6028684 
2680 2680 6030626 
2681 2681 6032568 
2682 2682 6034508 
2683 2683 6036450 
2684 2684 6038390 
2685 2685 6040332 
2686 2686 6042274 
2687 2687 6044214 
2688 2688 6046156 
2689 2689 6048098 
2690 2690 6050038 
2691 2691 6051980 
2692 2692 6053920 
2693 2693 6055862 
2694 2694 6057804 
2695 2695 6059746 
2696 2696 6061686 
2697 2697 6063628 
2698 2698 6065566 
2699 2699 6067508 
2700 2700 6069452 
2701 2701 6071394 
2702 2702 6073336 
2703 2703 6075278 
2704 2704 6077220 
2705 2705 6079162 
2706 2706 6081102 
2707 2707 6083044 
2708 2708 6084986 
2709 2709 6086926 
2710 2710 6088868 
2711 2711 6090810 
2712 2712 6092752 
2713 2713 6094692 
2714 2714 6096634 
2715 2715 6098576 
2716 2716 6100516 
2717 2717 6102458 
2718 2718 6104400 
2719 2719 6106342 
2720 2720 6108282 
2721 2721 6110224 
2722 2722 6112166 
2723 2723 6114108 
2724 2724 6116048 
2725 2725 6117990 
2726 2726 6119932 
2727 2727 6121874 
2728 2728 6123816 
2729 2729 6125758 
2730 2730 6127700 
2731 2731 6129642 
2732 2732 6131582 
2733 2733 6133522 
2734 2734 6135460 
2735 2735 6137406 
2736 2736 6139348 
2737 2737 6141290 
2738 2738 6143232 
2739 2739 6145172 
2740 2740 6147114 
2741 2741 6149056 
2742 2742 6150996 
2743 2743 6152938 
2744 2744 6154880 
2745 2745 6156820 
2746 2746 6158762 
2747 2747 6160704 
2748 2748 6162644 
2749 2749 6164586 
2750 2750 6166528 
2751 2751 6168470 
2752 2752 6170412 
2753 2753 6172350 
2754 2754 6174290 
2755 2755 6176232 
2756 2756 6178174 
2757 2757 6180118 
2758 2758 6182060 
2759 2759 6184002 
2760 2760 6185942 
2761 2761 6187884 
2762 2762 6189826 
2763 2763 6191766 
2764 2764 6193708 
2765 2765 6195650 
2766 2766 6197592 
2767 2767 6199534 
2768 2768 6201474 
2769 2769 6203416 
2770 2770 6205358 
2771 2771 6207300 
2772 2772 6209240 
2773 2773 6211182 
2774 2774 6213124 
2775 2775 6215064 
2776 2776 6217006 
2777 2777 6218948 
2778 2778 6220888 
2779 2779 6222830 
2780 2780 6224772 
2781 2781 6226712 
2782 2782 6228654 
2783 2783 6230596 
2784 2784 6232538 
2785 2785 6234480 
2786 2786 6236422 
2787 2787 6238362 
2788 2788 6240304 
2789 2789 6242242 
2790 2790 6244182 
2791 2791 6246124 
2792 2792 6248070 
2793 2793 6250012 
2794 2794 6251954 
2795 2795 6253896 
2796 2796 6255838 
2797 2797 6257780 
2798 2798 6259722 
2799 2799 6261662 
2800 2800 6263604 
2801 2801 6265546 
2802 2802 6267488 
2803 2803 6269428 
2804 2804 6271370 
2805 2805 6273312 
2806 2806 6275254 
2807 2807 6277196 
2808 2808 6279138 
2809 2809 6281076 
2810 2810 6283016 
2811 2811 6284956 
2812 2812 6286902 
2813 2813 6288844 
2814 2814 6290786 
2815 2815 6292728 
2816 2816 6294668 
2817 2817 6296610 
2818 2818 6298552 
2819 2819 6300492 
2820 2820 6302434 
2821 2821 6304376 
2822 2822 6306316 
2823 2823 6308258 
2824 2824 6310200 
2825 2825 6312142 
2826 2826 6314084 
2827 2827 6316026 
2828 2828 6317968 
2829 2829 6319910 
2830 2830 6321852 
2831 2831 6323794 
2832 2832 6325736 
2833 2833 6327678 
2834 2834 6329620 
2835 2835 6331560 
2836 2836 6333502 
2837 2837 6335444 
2838 2838 6337386 
2839 2839 6339328 
2840 2840 6341270 
2841 2841 6343212 
2842 2842 6345154 
2843 2843 6347096 
2844 2844 6349036 
2845 2845 6350976 
2846 2846 6352916 
2847 2847 6354858 
2848 2848 6356800 
2849 2849 6358744 
2850 2850 6360686 
2851 2851 6362628 
2852 2852 6364570 
2853 2853 6366510 
2854 2854 6368452 
2855 2855 6370394 
2856 2856 6372336 
2857 2857 6374278 
2858 2858 6376218 
2859 2859 6378160 
2860 2860 6380100 
2861 2861 6382044 
2862 2862 6383984 
2863 2863 6385926 
2864 2864 6387868 
2865 2865 6389806 
2866 2866 6391746 
2867 2867 6393688 
2868 2868 6395632 
2869 2869 6397574 
2870 2870 6399516 
2871 2871 6401458 
2872 2872 6403398 
2873 2873 6405340 
2874 2874 6407282 
2875 2875 6409222 
2876 2876 6411164 
2877 2877 6413106 
2878 2878 6415046 
2879 2879 6416988 
2880 2880 6418930 
2881 2881 6420870 
2882 2882 6422812 
2883 2883 6424754 
2884 2884 6426696 
2885 2885 6428636 
2886 2886 6430578 
2887 2887 6432520 
2888 2888 6434462 
2889 2889 6436402 
2890 2890 6438344 
2891 2891 6440284 
2892 2892 6442226 
2893 2893 6444168 
2894 2894 6446110 
2895 2895 6448052 
2896 2896 6449994 
2897 2897 6451936 
2898 2898 6453876 
2899 2899 6455818 
2900 2900 6457760 
2901 2901 6459702 
2902 2902 6461640 
2903 2903 6463580 
2904 2904 6465522 
2905 2905 6467464 
2906 2906 6469408 
2907 2907 6471352 
2908 2908 6473294 
2909 2909 6475234 
2910 2910 6477176 
2911 2911 6479118 
2912 2912 6481060 
2913 2913 6483002 
2914 2914 6484944 
2915 2915 6486886 
2916 2916 6488826 
2917 2917 6490768 
2918 2918 6492710 
2919 2919 6494652 
2920 2920 6496594 
2921 2921 6498532 
2922 2922 6500472 
2923 2923 6502414 
2924 2924 6504360 
2925 2925 6506302 
2926 2926 6508244 
2927 2927 6510186 
2928 2928 6512128 
2929 2929 6514068 
2930 2930 6516010 
2931 2931 6517952 
2932 2932 6519892 
2933 2933 6521834 
2934 2934 6523776 
2935 2935 6525718 
2936 2936 6527658 
2937 2937 6529600 
2938 2938 6531542 
2939 2939 6533482 
2940 2940 6535424 
2941 2941 6537364 
2942 2942 6539306 
2943 2943 6541248 
2944 2944 6543188 
2945 2945 6545130 
2946 2946 6547072 
2947 2947 6549014 
2948 2948 6550956 
2949 2949 6552898 
2950 2950 6554840 
2951 2951 6556780 
2952 2952 6558722 
2953 2953 6560664 
2954 2954 6562606 
2955 2955 6564548 
2956 2956 6566490 
2957 2957 6568430 
2958 2958 6570370 
2959 2959 6572310 
2960 2960 6574252 
2961 2961 6576194 
2962 2962 6578138 
2963 2963 6580082 
2964 2964 6582024 
2965 2965 6583966 
2966 2966 6585908 
2967 2967 6587850 
2968 2968 6589792 
2969 2969 6591734 
2970 2970 6593676 
2971 2971 6595618 
2972 2972 6597558 
2973 2973 6599500 
2974 2974 6601442 
2975 2975 6603384 
2976 2976 6605322 
2977 2977 6607264 
2978 2978 6609206 
2979 2979 6611146 
2980 2980 6613090 
2981 2981 6615034 
2982 2982 6616976 
2983 2983 6618918 
2984 2984 6620860 
2985 2985 6622802 
2986 2986 6624744 
2987 2987 6626684 
2988 2988 6628626 
2989 2989 6630566 
2990 2990 6632508 
2991 2991 6634450 
2992 2992 6636390 
2993 2993 6638332 
2994 2994 6640274 
2995 2995 6642216 
2996 2996 6644158 
2997 2997 6646098 
2998 2998 6648040 
2999 2999 6649982 
3000 3000 6651924 
3001 3001 6653866 
3002 3002 6655806 
3003 3003 6657748 
3004 3004 6659690 
3005 3005 6661630 
3006 3006 6663572 
3007 3007 6665514 
3008 3008 6667456 
3009 3009 6669398 
3010 3010 6671340 
3011 3011 6673280 
3012 3012 6675222 
3013 3013 6677164 
3014 3014 6679104 
3015 3015 6681044 
3016 3016 6682986 
3017 3017 6684926 
3018 3018 6686868 
3019 3019 6688814 
3020 3020 6690758 
3021 3021 6692700 
3022 3022 6694640 
3023 3023 6696582 
3024 3024 6698524 
3025 3025 6700466 
3026 3026 6702408 
3027 3027 6704350 
3028 3028 6706292 
3029 3029 6708232 
3030 3030 6710174 
3031 3031 6712116 
3032 3032 6714056 
3033 3033 6715996 
3034 3034 6717936 
3035 3035 6719878 
3036 3036 6721824 
3037 3037 6723766 
3038 3038 6725708 
3039 3039 6727650 
3040 3040 6729592 
3041 3041 6731534 
3042 3042 6733474 
3043 3043 6735416 
3044 3044 6737358 
3045 3045 6739298 
3046 3046 6741240 
3047 3047 6743182 
3048 3048 6745124 
3049 3049 6747066 
3050 3050 6749008 
3051 3051 6750950 
3052 3052 6752892 
3053 3053 6754832 
3054 3054 6756774 
3055 3055 6758716 
3056 3056 6760658 
3057 3057 6762600 
3058 3058 6764542 
3059 3059 6766484 
3060 3060 6768426 
3061 3061 6770368 
3062 3062 6772310 
3063 3063 6774252 
3064 3064 6776194 
3065 3065 6778136 
3066 3066 6780076 
3067 3067 6782018 
3068 3068 6783960 
3069 3069 6785902 
3070 3070 6787840 
3071 3071 6789782 
3072 3072 6791724 
3073 3073 6793666 
3074 3074 6795606 
3075 3075 6797552 
3076 3076 6799494 
3077 3077 6801436 
3078 3078 6803378 
3079 3079 6805320 
3080 3080 6807260 
3081 3081 6809202 
3082 3082 6811144 
3083 3083 6813086 
3084 3084 6815028 
3085 3085 6816970 
3086 3086 6818912 
3087 3087 6820854 
3088 3088 6822792 
3089 3089 6824732 
3090 3090 6826674 
3091 3091 6828616 
3092 3092 6830562 
3093 3093 6832504 
3094 3094 6834446 
3095 3095 6836388 
3096 3096 6838330 
3097 3097 6840272 
3098 3098 6842214 
3099 3099 6844156 
3100 3100 6846098 
3101 3101 6848038 
3102 3102 6849980 
3103 3103 6851922 
3104 3104 6853862 
3105 3105 6855804 
3106 3106 6857746 
3107 3107 6859688 
3108 3108 6861630 
3109 3109 6863572 
3110 3110 6865514 
3111 3111 6867456 
3112 3112 6869398 
3113 3113 6871340 
3114 3114 6873282 
3115 3115 6875224 
3116 3116 6877166 
3117 3117 6879108 
3118 3118 6881050 
3119 3119 6882992 
3120 3120 6884934 
3121 3121 6886876 
3122 3122 6888818 
3123 3123 6890760 
3124 3124 6892702 
3125 3125 6894644 
3126 3126 6896586 
3127 3127 6898524 
3128 3128 6900466 
3129 3129 6902408 
3130 3130 6904348 
3131 3131 6906290 
3132 3132 6908236 
3133 3133 6910178 
3134 3134 6912120 
3135 3135 6914062 
3136 3136 6916004 
3137 3137 6917944 
3138 3138 6919886 
3139 3139 6921828 
3140 3140 6923770 
3141 3141 6925712 
3142 3142 6927652 
3143 3143 6929592 
3144 3144 6931532 
3145 3145 6933472 
3146 3146 6935414 
3147 3147 6937356 
3148 3148 6939300 
3149 3149 6941242 
3150 3150 6943184 
3151 3151 6945124 
3152 3152 6947066 
3153 3153 6949008 
3154 3154 6950948 
3155 3155 6952890 
3156 3156 6954832 
3157 3157 6956774 
3158 3158 6958714 
3159 3159 6960656 
3160 3160 6962598 
3161 3161 6964538 
3162 3162 6966480 
3163 3163 6968422 
3164 3164 6970364 
3165 3165 6972304 
3166 3166 6974246 
3167 3167 6976188 
3168 3168 6978128 
3169 3169 6980070 
3170 3170 6982012 
3171 3171 6983954 
3172 3172 6985894 
3173 3173 6987836 
3174 3174 6989778 
3175 3175 6991720 
3176 3176 6993662 
3177 3177 6995604 
3178 3178 6997546 
3179 3179 6999488 
3180 3180 7001430 
3181 3181 7003372 
3182 3182 7005314 
3183 3183 7007252 
3184 3184 7009192 
3185 3185 7011134 
3186 3186 7013076 
3187 3187 7015018 
3188 3188 7016964 
3189 3189 7018906 
3190 3190 7020848 
3191 3191 7022788 
3192 3192 7024732 
3193 3193 7026674 
3194 3194 7028616 
3195 3195 7030558 
3196 3196 7032500 
3197 3197 7034442 
3198 3198 7036384 
3199 3199 7038326 
3200 3200 7040268 
3201 3201 7042208 
3202 3202 7044150 
3203 3203 7046092 
3204 3204 7048034 
3205 3205 7049976 
3206 3206 7051918 
3207 3207 7053860 
3208 3208 7055802 
3209 3209 7057744 
3210 3210 7059686 
3211 3211 7061628 
3212 3212 7063570 
3213 3213 7065512 
3214 3214 7067454 
3215 3215 7069396 
3216 3216 7071338 
3217 3217 7073280 
3218 3218 7075222 
3219 3219 7077164 
3220 3220 7079106 
3221 3221 7081046 
3222 3222 7082988 
3223 3223 7084930 
3224 3224 7086872 
3225 3225 7088814 
3226 3226 7090756 
3227 3227 7092698 
3228 3228 7094640 
3229 3229 7096582 
3230 3230 7098524 
3231 3231 7100466 
3232 3232 7102408 
3233 3233 7104350 
3234 3234 7106292 
3235 3235 7108234 
3236 3236 7110176 
3237 3237 7112118 
3238 3238 7114058 
3239 3239 7116002 
3240 3240 7117942 
3241 3241 7119884 
3242 3242 7121826 
3243 3243 7123764 
3244 3244 7125708 
3245 3245 7127652 
3246 3246 7129594 
3247 3247 7131534 
3248 3248 7133476 
3249 3249 7135418 
3250 3250 7137360 
3251 3251 7139302 
3252 3252 7141242 
3253 3253 7143184 
3254 3254 7145128 
3255 3255 7147070 
3256 3256 7149012 
3257 3257 7150954 
3258 3258 7152894 
3259 3259 7154836 
3260 3260 7156778 
3261 3261 7158718 
3262 3262 7160662 
3263 3263 7162604 
3264 3264 7164546 
3265 3265 7166488 
3266 3266 7168430 
3267 3267 7170368 
3268 3268 7172312 
3269 3269 7174256 
3270 3270 7176198 
3271 3271 7178140 
3272 3272 7180080 
3273 3273 7182022 
3274 3274 7183964 
3275 3275 7185906 
3276 3276 7187848 
3277 3277 7189790 
3278 3278 7191732 
3279 3279 7193674 
3280 3280 7195616 
3281 3281 7197556 
3282 3282 7199498 
3283 3283 7201440 
3284 3284 7203382 
3285 3285 7205324 
3286 3286 7207264 
3287 3287 7209206 
3288 3288 7211148 
3289 3289 7213088 
3290 3290 7215030 
3291 3291 7216972 
3292 3292 7218914 
3293 3293 7220856 
3294 3294 7222796 
3295 3295 7224738 
3296 3296 7226680 
3297 3297 7228620 
3298 3298 7230562 
3299 3299 7232504 
3300 3300 7234446 
3301 3301 7236386 
3302 3302 7238328 
3303 3303 7240270 
3304 3304 7242212 
3305 3305 7244154 
3306 3306 7246096 
3307 3307 7248036 
3308 3308 7249978 
3309 3309 7251918 
3310 3310 7253860 
3311 3311 7255802 
3312 3312 7257744 
3313 3313 7259684 
3314 3314 7261626 
3315 3315 7263566 
3316 3316 7265510 
3317 3317 7267452 
3318 3318 7269394 
3319 3319 7271336 
3320 3320 7273278 
3321 3321 7275218 
3322 3322 7277158 
3323 3323 7279098 
3324 3324 7281042 
3325 3325 7282986 
3326 3326 7284928 
3327 3327 7286870 
3328 3328 7288812 
3329 3329 7290754 
3330 3330 7292696 
3331 3331 7294638 
3332 3332 7296578 
3333 3333 7298518 
3334 3334 7300462 
3335 3335 7302404 
3336 3336 7304346 
3337 3337 7306288 
3338 3338 7308230 
3339 3339 7310172 
3340 3340 7312112 
3341 3341 7314054 
3342 3342 7315996 
3343 3343 7317936 
3344 3344 7319876 
3345 3345 7321820 
3346 3346 7323762 
3347 3347 7325704 
3348 3348 7327646 
3349 3349 7329588 
3350 3350 7331528 
3351 3351 7333470 
3352 3352 7335412 
3353 3353 7337354 
3354 3354 7339296 
3355 3355 7341238 
3356 3356 7343180 
3357 3357 7345120 
3358 3358 7347062 
3359 3359 7349004 
3360 3360 7350946 
3361 3361 7352888 
3362 3362 7354830 
3363 3363 7356772 
3364 3364 7358712 
3365 3365 7360656 
3366 3366 7362598 
3367 3367 7364540 
3368 3368 7366482 
3369 3369 7368422 
3370 3370 7370364 
3371 3371 7372306 
3372 3372 7374248 
3373 3373 7376190 
3374 3374 7378132 
3375 3375 7380074 
3376 3376 7382016 
3377 3377 7383958 
3378 3378 7385900 
3379 3379 7387842 
3380 3380 7389784 
3381 3381 7391722 
3382 3382 7393666 
3383 3383 7395610 
3384 3384 7397552 
3385 3385 7399494 
3386 3386 7401436 
3387 3387 7403378 
3388 3388 7405318 
3389 3389 7407260 
3390 3390 7409204 
3391 3391 7411146 
3392 3392 7413086 
3393 3393 7415028 
3394 3394 7416970 
3395 3395 7418912 
3396 3396 7420854 
3397 3397 7422796 
3398 3398 7424738 
3399 3399 7426680 
3400 3400 7428620 
3401 3401 7430558 
3402 3402 7432502 
3403 3403 7434446 
3404 3404 7436386 
3405 3405 7438328 
3406 3406 7440270 
3407 3407 7442210 
3408 3408 7444152 
3409 3409 7446094 
3410 3410 7448036 
3411 3411 7449978 
3412 3412 7451920 
3413 3413 7453862 
3414 3414 7455802 
3415 3415 7457746 
3416 3416 7459688 
3417 3417 7461628 
3418 3418 7463570 
3419 3419 7465510 
3420 3420 7467452 
3421 3421 7469396 
3422 3422 7471336 
3423 3423 7473278 
3424 3424 7475220 
3425 3425 7477160 
3426 3426 7479102 
3427 3427 7481042 
3428 3428 7482984 
3429 3429 7484926 
3430 3430 7486866 
3431 3431 7488808 
3432 3432 7490750 
3433 3433 7492690 
3434 3434 7494632 
3435 3435 7496574 
3436 3436 7498514 
3437 3437 7500456 
3438 3438 7502396 
3439 3439 7504338 
3440 3440 7506280 
3441 3441 7508220 
3442 3442 7510162 
3443 3443 7512104 
3444 3444 7514046 
3445 3445 7515986 
3446 3446 7517928 
3447 3447 7519870 
3448 3448 7521812 
3449 3449 7523754 
3450 3450 7525694 
3451 3451 7527636 
3452 3452 7529578 
3453 3453 7531520 
3454 3454 7533460 
3455 3455 7535402 
3456 3456 7537342 
3457 3457 7539286 
3458 3458 7541228 
3459 3459 7543168 
3460 3460 7545110 
3461 3461 7547052 
3462 3462 7548994 
3463 3463 7550934 
3464 3464 7552876 
3465 3465 7554818 
3466 3466 7556760 
3467 3467 7558700 
3468 3468 7560642 
3469 3469 7562584 
3470 3470 7564526 
3471 3471 7566466 
3472 3472 7568408 
3473 3473 7570350 
3474 3474 7572292 
3475 3475 7574234 
3476 3476 7576176 
3477 3477 7578118 
3478 3478 7580058 
3479 3479 7582000 
3480 3480 7583942 
3481 3481 7585884 
3482 3482 7587826 
3483 3483 7589768 
3484 3484 7591708 
3485 3485 7593650 
3486 3486 7595594 
3487 3487 7597534 
3488 3488 7599476 
3489 3489 7601418 
3490 3490 7603360 
3491 3491 7605302 
3492 3492 7607244 
3493 3493 7609182 
3494 3494 7611124 
3495 3495 7613068 
3496 3496 7615010 
3497 3497 7616952 
3498 3498 7618892 
3499 3499 7620834 
3500 3500 7622776 
3501 3501 7624718 
3502 3502 7626658 
3503 3503 7628600 
3504 3504 7630542 
3505 3505 7632484 
3506 3506 7634426 
3507 3507 7636366 
3508 3508 7638308 
3509 3509 7640250 
3510 3510 7642192 
3511 3511 7644132 
3512 3512 7646074 
3513 3513 7648016 
3514 3514 7649958 
3515 3515 7651898 
3516 3516 7653840 
3517 3517 7655782 
3518 3518 7657724 
3519 3519 7659666 
3520 3520 7661608 
3521 3521 7663550 
3522 3522 7665490 
3523 3523 7667432 
3524 3524 7669374 
3525 3525 7671316 
3526 3526 7673258 
3527 3527 7675200 
3528 3528 7677140 
3529 3529 7679082 
3530 3530 7681020 
3531 3531 7682964 
3532 3532 7684908 
3533 3533 7686850 
3534 3534 7688790 
3535 3535 7690732 
3536 3536 7692674 
3537 3537 7694616 
3538 3538 7696558 
3539 3539 7698500 
3540 3540 7700442 
3541 3541 7702384 
3542 3542 7704326 
3543 3543 7706266 
3544 3544 7708208 
3545 3545 7710150 
3546 3546 7712092 
3547 3547 7714034 
3548 3548 7715972 
3549 3549 7717916 
3550 3550 7719860 
3551 3551 7721802 
3552 3552 7723744 
3553 3553 7725686 
3554 3554 7727626 
3555 3555 7729568 
3556 3556 7731510 
3557 3557 7733452 
3558 3558 7735394 
3559 3559 7737336 
3560 3560 7739278 
3561 3561 7741220 
3562 3562 7743162 
3563 3563 7745104 
3564 3564 7747046 
3565 3565 7748988 
3566 3566 7750930 
3567 3567 7752872 
3568 3568 7754814 
3569 3569 7756756 
3570 3570 7758698 
3571 3571 7760640 
3572 3572 7762582 
3573 3573 7764524 
3574 3574 7766464 
3575 3575 7768406 
3576 3576 7770348 
3577 3577 7772290 
3578 3578 7774232 
3579 3579 7776174 
3580 3580 7778114 
3581 3581 7780056 
3582 3582 7781998 
3583 3583 7783940 
3584 3584 7785880 
3585 3585 7787822 
3586 3586 7789764 
3587 3587 7791706 
3588 3588 7793648 
3589 3589 7795588 
3590 3590 7797528 
3591 3591 7799472 
3592 3592 7801414 
3593 3593 7803356 
3594 3594 7805298 
3595 3595 7807240 
3596 3596 7809182 
3597 3597 7811124 
3598 3598 7813066 
3599 3599 7815008 
3600 3600 7816950 
3601 3601 7818892 
3602 3602 7820834 
3603 3603 7822776 
3604 3604 7824718 
3605 3605 7826660 
3606 3606 7828598 
3607 3607 7830542 
3608 3608 7832484 
3609 3609 7834428 
3610 3610 7836370 
3611 3611 7838312 
3612 3612 7840254 
3613 3613 7842196 
3614 3614 7844138 
3615 3615 7846078 
3616 3616 7848020 
3617 3617 7849962 
3618 3618 7851904 
3619 3619 7853846 
3620 3620 7855788 
3621 3621 7857730 
3622 3622 7859672 
3623 3623 7861614 
3624 3624 7863556 
3625 3625 7865498 
3626 3626 7867438 
3627 3627 7869380 
3628 3628 7871322 
3629 3629 7873264 
3630 3630 7875206 
3631 3631 7877148 
3632 3632 7879088 
3633 3633 7881030 
3634 3634 7882972 
3635 3635 7884914 
3636 3636 7886856 
3637 3637 7888796 
3638 3638 7890738 
3639 3639 7892680 
3640 3640 7894622 
3641 3641 7896564 
3642 3642 7898506 
3643 3643 7900448 
3644 3644 7902390 
3645 3645 7904332 
3646 3646 7906270 
3647 3647 7908212 
3648 3648 7910156 
3649 3649 7912098 
3650 3650 7914040 
3651 3651 7915982 
3652 3652 7917924 
3653 3653 7919866 
3654 3654 7921808 
3655 3655 7923750 
3656 3656 7925692 
3657 3657 7927634 
3658 3658 7929576 
3659 3659 7931518 
3660 3660 7933460 
3661 3661 7935402 
3662 3662 7937344 
3663 3663 7939286 
3664 3664 7941228 
3665 3665 7943170 
3666 3666 7945112 
3667 3667 7947050 
3668 3668 7948994 
3669 3669 7950938 
3670 3670 7952880 
3671 3671 7954822 
3672 3672 7956764 
3673 3673 7958706 
3674 3674 7960648 
3675 3675 7962590 
3676 3676 7964532 
3677 3677 7966474 
3678 3678 7968418 
3679 3679 7970360 
3680 3680 7972302 
3681 3681 7974244 
3682 3682 7976184 
3683 3683 7978126 
3684 3684 7980070 
3685 3685 7982012 
3686 3686 7983954 
3687 3687 7985896 
3688 3688 7987838 
3689 3689 7989780 
3690 3690 7991722 
3691 3691 7993664 
3692 3692 7995608 
3693 3693 7997550 
3694 3694 7999492 
3695 3695 8001434 
3696 3696 8003376 
3697 3697 8005318 
3698 3698 8007260 
3699 3699 8009202 
3700 3700 8011144 
3701 3701 8013084 
3702 3702 8015026 
3703 3703 8016972 
3704 3704 8018912 
3705 3705 8020856 
3706 3706 8022798 
3707 3707 8024740 
3708 3708 8026682 
3709 3709 8028624 
3710 3710 8030566 
3711 3711 8032508 
3712 3712 8034450 
3713 3713 8036392 
3714 3714 8038334 
3715 3715 8040276 
3716 3716 8042218 
3717 3717 8044160 
3718 3718 8046102 
3719 3719 8048042 
3720 3720 8049986 
3721 3721 8051928 
3722 3722 8053868 
3723 3723 8055810 
3724 3724 8057752 
3725 3725 8059694 
3726 3726 8061636 
3727 3727 8063578 
3728 3728 8065520 
3729 3729 8067462 
3730 3730 8069404 
3731 3731 8071346 
3732 3732 8073288 
3733 3733 8075228 
3734 3734 8077170 
3735 3735 8079112 
3736 3736 8081054 
3737 3737 8082996 
3738 3738 8084938 
3739 3739 8086880 
3740 3740 8088822 
3741 3741 8090764 
3742 3742 8092706 
3743 3743 8094648 
3744 3744 8096590 
3745 3745 8098532 
3746 3746 8100474 
3747 3747 8102416 
3748 3748 8104358 
3749 3749 8106300 
3750 3750 8108242 
3751 3751 8110184 
3752 3752 8112126 
3753 3753 8114068 
3754 3754 8116008 
3755 3755 8117950 
3756 3756 8119888 
3757 3757 8121832 
3758 3758 8123776 
3759 3759 8125716 
3760 3760 8127658 
3761 3761 8129600 
3762 3762 8131542 
3763 3763 8133484 
3764 3764 8135426 
3765 3765 8137366 
3766 3766 8139308 
3767 3767 8141250 
3768 3768 8143192 
3769 3769 8145134 
3770 3770 8147076 
3771 3771 8149016 
3772 3772 8150958 
3773 3773 8152900 
3774 3774 8154842 
3775 3775 8156784 
3776 3776 8158726 
3777 3777 8160666 
3778 3778 8162608 
3779 3779 8164548 
3780 3780 8166490 
3781 3781 8168432 
3782 3782 8170374 
3783 3783 8172316 
3784 3784 8174258 
3785 3785 8176200 
3786 3786 8178142 
3787 3787 8180084 
3788 3788 8182026 
3789 3789 8183964 
3790 3790 8185908 
3791 3791 8187852 
3792 3792 8189794 
3793 3793 8191734 
3794 3794 8193676 
3795 3795 8195618 
3796 3796 8197560 
3797 3797 8199502 
3798 3798 8201442 
3799 3799 8203384 
3800 3800 8205326 
3801 3801 8207268 
3802 3802 8209210 
3803 3803 8211152 
3804 3804 8213092 
3805 3805 8215034 
3806 3806 8216976 
3807 3807 8218918 
3808 3808 8220860 
3809 3809 8222802 
3810 3810 8224744 
3811 3811 8226686 
3812 3812 8228628 
3813 3813 8230568 
3814 3814 8232510 
3815 3815 8234452 
3816 3816 8236394 
3817 3817 8238336 
3818 3818 8240278 
3819 3819 8242220 
3820 3820 8244160 
3821 3821 8246102 
3822 3822 8248044 
3823 3823 8249986 
3824 3824 8251928 
3825 3825 8253868 
3826 3826 8255810 
3827 3827 8257752 
3828 3828 8259694 
3829 3829 8261636 
3830 3830 8263576 
3831 3831 8265518 
3832 3832 8267460 
3833 3833 8269402 
3834 3834 8271344 
3835 3835 8273286 
3836 3836 8275228 
3837 3837 8277170 
3838 3838 8279110 
3839 3839 8281052 
3840 3840 8282994 
3841 3841 8284932 
3842 3842 8286876 
3843 3843 8288820 
3844 3844 8290762 
3845 3845 8292704 
3846 3846 8294644 
3847 3847 8296586 
3848 3848 8298528 
3849 3849 8300470 
3850 3850 8302412 
3851 3851 8304352 
3852 3852 8306294 
3853 3853 8308236 
3854 3854 8310178 
3855 3855 8312120 
3856 3856 8314062 
3857 3857 8316004 
3858 3858 8317946 
3859 3859 8319888 
3860 3860 8321830 
3861 3861 8323772 
3862 3862 8325714 
3863 3863 8327656 
3864 3864 8329598 
3865 3865 8331540 
3866 3866 8333480 
3867 3867 8335422 
3868 3868 8337364 
3869 3869 8339306 
3870 3870 8341248 
3871 3871 8343190 
3872 3872 8345132 
3873 3873 8347074 
3874 3874 8349016 
3875 3875 8350958 
3876 3876 8352898 
3877 3877 8354840 
3878 3878 8356782 
3879 3879 8358720 
3880 3880 8360662 
3881 3881 8362606 
3882 3882 8364548 
3883 3883 8366490 
3884 3884 8368432 
3885 3885 8370372 
3886 3886 8372314 
3887 3887 8374256 
3888 3888 8376196 
3889 3889 8378138 
3890 3890 8380080 
3891 3891 8382022 
3892 3892 8383962 
3893 3893 8385904 
3894 3894 8387846 
3895 3895 8389788 
3896 3896 8391730 
3897 3897 8393670 
3898 3898 8395610 
3899 3899 8397552 
3900 3900 8399496 
3901 3901 8401438 
3902 3902 8403380 
3903 3903 8405322 
3904 3904 8407262 
3905 3905 8409204 
3906 3906 8411146 
3907 3907 8413088 
3908 3908 8415030 
3909 3909 8416972 
3910 3910 8418914 
3911 3911 8420856 
3912 3912 8422798 
3913 3913 8424740 
3914 3914 8426682 
3915 3915 8428624 
3916 3916 8430564 
3917 3917 8432506 
3918 3918 8434448 
3919 3919 8436390 
3920 3920 8438332 
3921 3921 8440274 
3922 3922 8442216 
3923 3923 8444158 
3924 3924 8446100 
3925 3925 8448042 
3926 3926 8449984 
3927 3927 8451926 
3928 3928 8453868 
3929 3929 8455810 
3930 3930 8457752 
3931 3931 8459694 
3932 3932 8461634 
3933 3933 8463576 
3934 3934 8465518 
3935 3935 8467460 
3936 3936 8469402 
3937 3937 8471344 
3938 3938 8473286 
3939 3939 8475228 
3940 3940 8477170 
3941 3941 8479112 
3942 3942 8481054 
3943 3943 8482996 
3944 3944 8484938 
3945 3945 8486880 
3946 3946 8488822 
3947 3947 8490764 
3948 3948 8492706 
3949 3949 8494648 
3950 3950 8496590 
3951 3951 8498532 
3952 3952 8500470 
3953 3953 8502412 
3954 3954 8504356 
3955 3955 8506298 
3956 3956 8508240 
3957 3957 8510180 
3958 3958 8512122 
3959 3959 8514064 
3960 3960 8516006 
3961 3961 8517948 
3962 3962 8519890 
3963 3963 8521832 
3964 3964 8523774 
3965 3965 8525716 
3966 3966 8527658 
3967 3967 8529600 
3968 3968 8531542 
3969 3969 8533484 
3970 3970 8535426 
3971 3971 8537366 
3972 3972 8539308 
3973 3973 8541250 
3974 3974 8543192 
3975 3975 8545134 
3976 3976 8547076 
3977 3977 8549018 
3978 3978 8550960 
3979 3979 8552902 
3980 3980 8554842 
3981 3981 8556784 
3982 3982 8558726 
3983 3983 8560668 
3984 3984 8562610 
3985 3985 8564552 
3986 3986 8566492 
3987 3987 8568434 
3988 3988 8570376 
3989 3989 8572318 
3990 3990 8574260 
3991 3991 8576200 
3992 3992 8578142 
3993 3993 8580082 
3994 3994 8582024 
3995 3995 8583966 
3996 3996 8585908 
3997 3997 8587850 
3998 3998 8589792 
3999 3999 8591734 
4000 4000 8593676 
4001 4001 8595618 
4002 4002 8597560 
4003 4003 8599500 
4004 4004 8601442 
4005 4005 8603386 
4006 4006 8605328 
4007 4007 8607270 
4008 4008 8609210 
4009 4009 8611152 
4010 4010 8613094 
4011 4011 8615036 
4012 4012 8616978 
4013 4013 8618920 
4014 4014 8620862 
4015 4015 8622804 
4016 4016 8624746 
4017 4017 8626686 
4018 4018 8628628 
4019 4019 8630570 
4020 4020 8632510 
4021 4021 8634452 
4022 4022 8636396 
4023 4023 8638338 
4024 4024 8640280 
4025 4025 8642222 
4026 4026 8644164 
4027 4027 8646106 
4028 4028 8648048 
4029 4029 8649990 
4030 4030 8651932 
4031 4031 8653874 
4032 4032 8655816 
4033 4033 8657758 
4034 4034 8659700 
4035 4035 8661640 
4036 4036 8663582 
4037 4037 8665520 
4038 4038 8667464 
4039 4039 8669408 
4040 4040 8671348 
4041 4041 8673290 
4042 4042 8675232 
4043 4043 8677174 
4044 4044 8679116 
4045 4045 8681058 
4046 4046 8683000 
4047 4047 8684942 
4048 4048 8686884 
4049 4049 8688826 
4050 4050 8690768 
4051 4051 8692710 
4052 4052 8694652 
4053 4053 8696594 
4054 4054 8698536 
4055 4055 8700476 
4056 4056 8702420 
4057 4057 8704362 
4058 4058 8706304 
4059 4059 8708246 
4060 4060 8710188 
4061 4061 8712130 
4062 4062 8714070 
4063 4063 8716014 
4064 4064 8717956 
4065 4065 8719898 
4066 4066 8721840 
4067 4067 8723782 
4068 4068 8725724 
4069 4069 8727666 
4070 4070 8729608 
4071 4071 8731550 
4072 4072 8733492 
4073 4073 8735430 
4074 4074 8737374 
4075 4075 8739318 
4076 4076 8741260 
4077 4077 8743202 
4078 4078 8745144 
4079 4079 8747086 
4080 4080 8749028 
4081 4081 8750970 
4082 4082 8752912 
4083 4083 8754854 
4084 4084 8756794 
4085 4085 8758736 
4086 4086 8760678 
4087 4087 8762620 
4088 4088 8764562 
4089 4089 8766504 
4090 4090 8768444 
4091 4091 8770386 
4092 4092 8772328 
4093 4093 8774270 
4094 4094 8776210 
4095 4095 8778152 
4096 4096 8780092 
4097 4097 8782032 
4098 4098 8783976 
4099 4099 8785918 
4100 4100 8787860 
4101 4101 8789802 
4102 4102 8791744 
4103 4103 8793684 
4104 4104 8795626 
4105 4105 8797568 
4106 4106 8799510 
4107 4107 8801452 
4108 4108 8803394 
4109 4109 8805334 
4110 4110 8807276 
4111 4111 8809218 
4112 4112 8811160 
4113 4113 8813102 
4114 4114 8815040 
4115 4115 8816982 
4116 4116 8818926 
4117 4117 8820868 
4118 4118 8822810 
4119 4119 8824752 
4120 4120 8826692 
4121 4121 8828634 
4122 4122 8830576 
4123 4123 8832518 
4124 4124 8834458 
4125 4125 8836400 
4126 4126 8838342 
4127 4127 8840284 
4128 4128 8842226 
4129 4129 8844166 
4130 4130 8846108 
4131 4131 8848050 
4132 4132 8849992 
4133 4133 8851930 
4134 4134 8853872 
4135 4135 8855816 
4136 4136 8857758 
4137 4137 8859700 
4138 4138 8861642 
4139 4139 8862952 
4140 4140 8886944 
4141 4141 8895622 
