62890 38459 32831 
32242 14010 2131286074 
32242 14010 1452315963 
32242 14010 235666747 
32242 14010 -1949749700 
32242 14010 -84389060 
64749 29625 -885226180 
7343 25658 2053089084 
11796 8251 208588604 
64749 29499 1016066364 
39260 39483 -420609987 
51577 49211 -1904473539 
54654 59451 527504445 
56885 2364 1484856125 
11796 8252 -270851779 
27622 14140 -523950275 
38572 20540 964111933 
40538 27452 -536202179 
21252 33596 1413495101 
20181 36924 190987837 
16416 40764 1095254845 
12907 44348 724191549 
4522 48188 -1641328579 
61928 52028 -702916803 
53543 56124 -587899587 
38356 60220 -1250008003 
23169 64572 -1077843395 
1553 1853 1994551613 
23326 4157 1154644285 
42917 6461 97615933 
61033 9021 2055242813 
13870 11581 1226672445 
29804 14141 985894205 
45994 16701 1068405053 
59490 19517 -1738369475 
5269 22333 -105998019 
15364 25405 1922801213 
23533 28221 791388733 
29971 31549 225617469 
50137 33597 313633085 
51046 35389 -2070761923 
18706 37181 -664161475 
51194 38717 -1778993603 
49665 40765 1276427069 
16362 42301 -1964327619 
47119 44349 -1133461699 
44883 46141 1425457469 
9398 47933 -623328707 
37461 49981 -2026978499 
1013 51773 -1836006851 
61618 53821 -176570051 
23695 55869 -1669611715 
19021 57917 -1081885379 
47852 59709 -1225737667 
10636 61757 -960972995 
40430 63549 1221702461 
35112 62 1497018173 
33994 830 -560747971 
16733 1854 -1066752707 
65007 2622 -1098342595 
31603 3646 -953247171 
31704 4414 1440256829 
15406 5438 1675202109 
16470 6206 978684221 
34640 6974 1725923901 
36923 7742 -1678215107 
56824 8254 225406013 
43927 9022 -2090311619 
27885 9790 -448507587 
28693 10814 -405519811 
30976 11582 -1781843651 
1229 12094 376253757 
54123 12862 -423353027 
61026 13374 1623137597 
35387 13886 -394913475 
43765 14142 1544557629 
19601 14654 1862471997 
60972 15166 -409530819 
20409 15422 -1033237443 
27568 15934 1579682365 
18328 16446 -369948099 
24975 16958 -1024784067 
15735 17470 -405796291 
6751 17982 1157499709 
13654 18494 -585495235 
20301 19006 -1335816131 
11061 19518 -1386933955 
17964 20030 -731245507 
40754 20542 1366693693 
63800 21054 187177533 
23749 21310 -1754915779 
65120 21822 344267837 
5269 22334 -1436869059 
10953 22846 1725439805 
16893 23358 -1839914179 
22321 24126 -1550244803 
12118 24638 -1885591747 
33945 25150 -2005391299 
6380 25662 -192403395 
27951 26430 689776701 
642 26942 -744675523 
38356 27454 -1038800579 
10791 28222 -1126095555 
48761 28734 674899005 
4797 29246 -2075910083 
26624 30014 -165995459 
32564 30526 -2016405699 
21849 31038 -1936780483 
11646 31550 -1705111747 
48141 32318 1363478589 
26431 32830 -2097610179 
45416 33086 977793596 
48258 33342 -898832324 
17851 33598 -1335438020 
12268 33854 -264648900 
14854 34366 -1353991876 
19171 34366 1207610428 
23232 34622 1711055164 
35718 34878 -1714316484 
7237 35134 340038204 
4092 35134 -1452962500 
691 35390 -512719812 
21858 35646 1140949052 
34344 35902 -439716036 
38405 36158 -203461060 
58609 36158 962422076 
38102 36414 1497589052 
49369 36670 1539728444 
60892 36926 1894473788 
63734 37182 -235447748 
59114 37438 2010203964 
5102 37694 -1260634308 
41449 37950 -112907460 
52972 38206 131011900 
23528 38462 1742203195 
36014 38718 -1278433221 
32613 38974 1151108923 
30431 38974 9775163 
45099 39230 -1544794566 
11850 39230 2054091321 
11850 39230 -1729263814 
11850 39230 -307916230 
11850 39230 -2133025222 
11850 39230 419232314 
11850 39230 -1448738757 
11850 39230 -260832197 
11850 39230 905054267 
11850 39230 -965997253 
11850 39230 -175584710 
11850 39230 -1645226694 
11850 39230 -2034984390 
11850 39230 -1589397446 
11850 39230 1553519674 
11850 39230 -963976390 
11850 39230 1665529402 
11850 39230 -443217861 
11850 39230 1861042235 
11850 39230 -1084131525 
11850 39230 978812731 
11850 39230 -361659845 
11850 39230 539910971 
11850 39230 -1095679685 
11850 39230 222973243 
11850 39230 -1984472773 
11850 39230 -266115525 
11850 39230 1485861435 
11850 39230 -1099726789 
11850 39230 -1946969285 
11850 39230 -1481596357 
17130 39230 -915621061 
63121 39486 -773415365 
28653 39486 -567670469 
2610 39742 207848250 
17534 39742 -1940701894 
17534 39742 1938866233 
17534 39742 703911994 
17534 39742 -800529350 
17534 39742 1094576442 
17534 39742 335550267 
17534 39742 -1841816261 
17534 39742 1852064059 
17534 39742 -1625340101 
17534 39742 -50903493 
17534 39742 422014011 
17534 39742 -1892127429 
17534 39742 1747020091 
17534 39742 -1044028357 
17534 39742 -66157509 
17534 39742 -366771909 
17534 39742 -703038661 
17534 39742 664564539 
17534 39742 -1014340293 
17534 39742 -1442629829 
17534 39742 -615710149 
17534 39742 862319930 
17534 39742 1514183738 
17534 39742 -1780741574 
17534 39742 1394276280 
17534 39742 -1159957576 
58501 39742 652342 
58501 39742 1056900282 
33677 39742 2018747961 
172 39742 415487546 
172 39742 1353720635 
172 39742 1760904251 
172 39742 -1560006597 
41139 39742 -417322949 
7890 39742 -1389945285 
64744 39742 -1165161413 
47382 39998 -1374800326 
13877 39998 2130215993 
5452 39998 805643450 
5452 39998 1432314810 
5452 39998 -375600454 
13877 39998 -187969606 
15352 39742 -1958100550 
15352 39742 1152313018 
15352 39742 319087290 
15352 39742 -1745168454 
15352 39742 861105850 
15352 39742 1092593593 
15352 39742 1589260345 
15352 39742 -99205319 
15352 39742 -388099015 
56319 39742 204270904 
54844 39998 -1180427974 
46163 39998 805574074 
47382 39998 1388603833 
56319 39742 653084346 
56319 39742 420304314 
56319 39742 1285089210 
56319 39742 1182146235 
56319 39742 606937019 
56319 39742 884416443 
56319 39742 322183355 
56319 39742 -1747574853 
56319 39742 190311354 
56319 39742 1975644090 
56319 39742 875209658 
56319 39742 1750381242 
56319 39742 700106170 
56319 39742 -1319508550 
56319 39742 893924795 
56319 39742 -1648007749 
56319 39742 959407803 
56319 39742 -189176133 
56319 39742 1631872955 
56319 39742 1069639611 
56319 39742 -1455462725 
56319 39742 1154366907 
56319 39742 -1576395333 
56319 39742 655170747 
56319 39742 1303322555 
56319 39742 347284923 
56319 39742 -2114238789 
56319 39742 -199919685 
56319 39742 1462075067 
56319 39742 -717651781 
56319 39742 686326203 
56319 39742 807901115 
56319 39742 604084411 
56319 39742 1345427643 
56319 39742 -614360901 
56319 39742 -493709125 
56319 39742 -422930245 
56319 39742 -2012177989 
56319 39742 1215797435 
56319 39742 -1147763781 
56319 39742 -1971427141 
56319 39742 1212778427 
56319 39742 -766210885 
56319 39742 1581682619 
56319 39742 -1198938693 
56319 39742 -1169840197 
56319 39742 128494011 
56319 39742 -1801273669 
56319 39742 170508219 
56319 39742 -2124693573 
56319 39742 1536409531 
56319 39742 684900283 
56319 39742 -836845381 
56319 39742 -484720709 
56319 39742 -145188677 
56319 39742 7187131 
172 39742 -1419989573 
23932 38974 1703548091 
21649 38206 1993179450 
15965 37694 1792961340 
59673 37182 -1408526020 
62670 36414 655151420 
40843 35902 1061161277 
19016 35390 -642508227 
37900 34878 2017211965 
57040 34110 -1710274243 
51356 33598 794187581 
4705 33086 -146118851 
63321 32318 1571190077 
51953 31038 1408335933 
40585 30014 1829537597 
44848 28990 -1670738883 
49879 27710 1916310077 
38511 26686 -1314744515 
10744 25406 614833213 
32625 24382 15704637 
22732 23102 -691427267 
28470 22078 322219581 
18065 20798 -1995655875 
39946 19774 471055165 
61827 18494 -1575304899 
34060 17470 583386941 
6805 16190 -972435907 
60972 15166 1366218045 
49348 13886 -1508123331 
5694 12862 -1516509891 
27831 11582 -2098205123 
17170 10558 -1114965955 
7021 9278 331809086 
62407 7998 -708114370 
52002 6974 -1277227458 
57740 5694 1456934974 
47847 4414 458232126 
53329 3390 478220606 
59323 2110 782635326 
15413 1086 -1832513218 
9309 65341 -1058336450 
19822 63037 -368504258 
63584 60733 2133660222 
42774 58429 1481314878 
22732 55869 1282019902 
1922 53565 1048908350 
46903 51261 1000215102 
58379 48957 1907429950 
36862 46397 -222424514 
47119 44349 80155198 
25346 42045 -959901122 
35859 39741 -339340738 
14086 37437 -826338754 
24599 35133 1353650750 
35112 32829 664146494 
