34634 34634 727317556 338 
34635 34635 727319500 290 
34636 34636 727321452 358 
34637 34637 727323394 280 
34638 34638 727325338 314 
34639 34639 727327280 298 
34640 34640 727329222 394 
34641 34641 727331164 350 
34642 34642 727333110 294 
34643 34643 727335054 330 
34644 34644 727336996 338 
34645 34645 727338938 370 
34646 34646 727340882 376 
34647 34647 727342822 418 
34648 34648 727344764 316 
34649 34649 727346706 348 
34650 34650 727348648 358 
34651 34651 727350590 350 
34652 34652 727352532 334 
34653 34653 727354474 354 
34654 34654 727356418 286 
34655 34655 727358358 314 
34656 34656 727360302 354 
34657 34657 727362246 410 
34658 34658 727364186 338 
34659 34659 727366128 280 
34660 34660 727368070 374 
34661 34661 727371308 294 
34662 34662 727375840 376 
34663 34663 727380372 290 
34664 34664 727384902 356 
34665 34665 727389434 390 
34666 34666 727393966 414 
34667 34667 727398494 410 
34668 34668 727403024 284 
34669 34669 727407556 334 
34670 34670 727412088 296 
34671 34671 727416618 278 
34672 34672 727421150 394 
