51413 51413 1515414282 294 
51414 51414 1515416962 298 
51415 51415 1515419562 374 
51416 51416 1515422150 394 
51417 51417 1515424740 330 
51418 51418 1515427330 334 
51419 51419 1515429274 314 
51420 51420 1515431222 296 
51421 51421 1515433168 410 
51422 51422 1515435118 286 
51423 51423 1515437060 394 
51424 51424 1515439002 284 
51425 51425 1515440944 280 
51426 51426 1515443542 378 
51427 51427 1515446134 410 
51428 51428 1515448722 358 
51429 51429 1515451314 316 
51430 51430 1515453906 294 
51431 51431 1515456496 414 
51432 51432 1515459084 414 
51433 51433 1515461674 354 
51434 51434 1515464266 316 
51435 51435 1515466856 330 
51436 51436 1515469446 454 
51437 51437 1515471390 392 
51438 51438 1515473332 334 
51439 51439 1515475274 672 
51440 51440 1515477218 340 
51441 51441 1515479160 372 
51442 51442 1515481102 294 
51443 51443 1515483046 404 
51444 51444 1515484988 452 
51445 51445 1515486932 330 
51446 51446 1515488876 378 
51447 51447 1515490818 290 
51448 51448 1515492762 354 
51449 51449 1515494704 290 
51450 51450 1515496648 380 
51451 51451 1515498590 294 
51452 51452 1515500534 396 
51453 51453 1515502476 280 
51454 51454 1515504418 414 
51455 51455 1515506362 336 
51456 51456 1515508952 418 
51457 51457 1515511542 390 
51458 51458 1515514132 286 
51459 51459 1515516718 280 
51460 51460 1515519312 340 
51461 51461 1515521904 358 
51462 51462 1515524494 280 
51463 51463 1515527084 290 
51464 51464 1515529026 374 
51465 51465 1515530970 290 
51466 51466 1515532914 374 
51467 51467 1515534854 296 
51468 51468 1515536798 334 
51469 51469 1515538740 412 
51470 51470 1515540684 336 
51471 51471 1515542626 294 
51472 51472 1515544570 394 
51473 51473 1515546514 390 
51474 51474 1515548456 288 
51475 51475 1515551046 314 
51476 51476 1515553636 394 
51477 51477 1515556228 374 
51478 51478 1515558818 286 
51479 51479 1515561408 394 
51480 51480 1515563998 314 
51481 51481 1515566592 294 
51482 51482 1515569182 358 
51483 51483 1515571772 372 
51484 51484 1515574364 358 
51485 51485 1515576954 390 
51486 51486 1515579546 412 
51487 51487 1515582136 410 
51488 51488 1515584726 314 
51489 51489 1515587312 356 
51490 51490 1515589910 420 
51491 51491 1515592498 394 
51492 51492 1515595088 354 
51493 51493 1515597680 314 
51494 51494 1515600270 356 
51495 51495 1515602860 330 
51496 51496 1515605450 354 
51497 51497 1515608040 526 
51498 51498 1515610630 338 
51499 51499 1515613222 336 
51500 51500 1515615812 318 
51501 51501 1515618402 290 
51502 51502 1515620992 378 
51503 51503 1515623578 352 
51504 51504 1515626174 376 
51505 51505 1515628764 354 
51506 51506 1515631354 396 
51507 51507 1515633944 544 
51508 51508 1515636534 288 
51509 51509 1515639124 314 
51510 51510 1515641716 418 
51511 51511 1515644306 354 
51512 51512 1515646896 298 
51513 51513 1515649486 282 
51514 51514 1515652078 398 
51515 51515 1515654666 334 
51516 51516 1515657258 376 
51517 51517 1515659848 370 
51518 51518 1515662438 288 
51519 51519 1515665028 284 
51520 51520 1515667618 466 
51521 51521 1515670204 390 
51522 51522 1515673440 298 
51523 51523 1515676034 608 
51524 51524 1515679272 360 
51525 51525 1515681864 352 
51526 51526 1515685102 284 
51527 51527 1515688340 354 
51528 51528 1515691572 396 
51529 51529 1515694816 294 
51530 51530 1515698052 282 
51531 51531 1515701292 334 
51532 51532 1515704530 378 
51533 51533 1515707768 374 
51534 51534 1515711006 298 
51535 51535 1515714244 416 
51536 51536 1515717482 288 
51537 51537 1515720720 474 
51538 51538 1515723960 396 
51539 51539 1515727192 290 
51540 51540 1515730426 358 
51541 51541 1515733666 350 
51542 51542 1515736902 356 
51543 51543 1515740146 354 
51544 51544 1515744036 354 
51545 51545 1515747276 434 
51546 51546 1515750516 318 
51547 51547 1515753752 310 
51548 51548 1515756990 284 
51549 51549 1515760228 414 
51550 51550 1515763466 420 
51551 51551 1515766704 412 
51552 51552 1515770588 418 
51553 51553 1515774476 354 
51554 51554 1515778362 378 
51555 51555 1515782248 332 
51556 51556 1515786134 564 
51557 51557 1515790018 374 
51558 51558 1515793902 314 
51559 51559 1515797792 466 
51560 51560 1515801678 654 
51561 51561 1515805560 746 
51562 51562 1515809450 398 
51563 51563 1515813338 410 
51564 51564 1515817226 690 
51565 51565 1515821754 492 
51566 51566 1515826286 484 
51567 51567 1515830820 284 
51568 51568 1515835348 356 
51569 51569 1515839880 548 
51570 51570 1515844420 388 
51571 51571 1515848956 330 
51572 51572 1515853490 338 
51573 51573 1515858022 392 
51574 51574 1515862556 296 
51575 51575 1515867090 314 
51576 51576 1515871622 572 
51577 51577 1515875510 374 
51578 51578 1515878746 316 
51579 51579 1515882632 548 
51580 51580 1515886518 340 
51581 51581 1515890404 724 
51582 51582 1515894290 318 
51583 51583 1515898174 394 
51584 51584 1515902706 318 
51585 51585 1515906592 354 
51586 51586 1515911124 380 
51587 51587 1515916306 416 
51588 51588 1515921486 284 
51589 51589 1515926660 280 
51590 51590 1515932492 396 
51591 51591 1515937022 586 
51592 51592 1515941554 338 
51593 51593 1515947382 332 
51594 51594 1515953862 316 
51595 51595 1515959042 316 
51596 51596 1515965520 378 
51597 51597 1515969404 314 
51598 51598 1515973290 416 
51599 51599 1515977822 314 
51600 51600 1515983650 416 
51601 51601 1515990126 526 
51602 51602 1515997248 336 
51603 51603 1516006308 408 
51604 51604 1516014086 318 
51605 51605 1516017970 466 
51606 51606 1516021856 356 
51607 51607 1516025742 396 
51608 51608 1516031568 286 
51609 51609 1516038688 396 
51610 51610 1516047754 288 
51611 51611 1516053580 288 
51612 51612 1516060708 360 
51613 51613 1516067184 350 
51614 51614 1516074952 358 
51615 51615 1516082078 390 
51616 51616 1516085964 282 
51617 51617 1516088554 392 
51618 51618 1516091146 396 
51619 51619 1516093736 390 
51620 51620 1516096974 296 
51621 51621 1516100212 410 
51622 51622 1516104098 298 
51623 51623 1516107984 354 
51624 51624 1516112518 360 
51625 51625 1516117698 314 
51626 51626 1516124170 300 
51627 51627 1516132586 296 
51628 51628 1516137768 316 
51629 51629 1516145546 350 
51630 51630 1516154608 550 
51631 51631 1516160440 358 
51632 51632 1516162382 338 
51633 51633 1516164974 374 
51634 51634 1516167564 298 
51635 51635 1516170154 394 
51636 51636 1516174040 318 
51637 51637 1516178570 548 
51638 51638 1516183752 314 
51639 51639 1516188934 356 
51640 51640 1516194762 376 
51641 51641 1516201884 626 
51642 51642 1516210952 334 
51643 51643 1516223256 410 
51644 51644 1516229730 286 
51645 51645 1516248514 312 
51646 51646 1516259520 418 
51647 51647 1516266646 664 
51648 51648 1516271826 414 
51649 51649 1516277008 416 
51650 51650 1516281542 370 
51651 51651 1516286722 354 
51652 51652 1516291256 378 
51653 51653 1516296436 394 
51654 51654 1516302266 284 
51655 51655 1516309388 556 
51656 51656 1516317806 298 
51657 51657 1516329460 292 
51658 51658 1516345640 414 
51659 51659 1516371538 314 
51660 51660 1516377366 418 
51661 51661 1516383846 394 
51662 51662 1516389672 314 
51663 51663 1516395500 336 
51664 51664 1516400682 336 
51665 51665 1516406508 330 
51666 51666 1516412984 374 
51667 51667 1516421404 394 
51668 51668 1516431766 360 
51669 51669 1516446660 642 
51670 51670 1516451194 374 
51671 51671 1516453778 280 
51672 51672 1516455722 416 
51673 51673 1516457666 354 
51674 51674 1516460256 604 
51675 51675 1516462844 282 
51676 51676 1516466084 296 
51677 51677 1516469970 354 
51678 51678 1516474506 298 
51679 51679 1516480332 294 
51680 51680 1516489398 358 
51681 51681 1516508176 374 
51682 51682 1516517886 318 
51683 51683 1516523714 358 
51684 51684 1516530834 292 
51685 51685 1516539254 392 
51686 51686 1516547024 378 
51687 51687 1516554146 314 
51688 51688 1516559326 420 
51689 51689 1516563860 334 
51690 51690 1516568390 378 
51691 51691 1516572922 374 
51692 51692 1516576808 296 
51693 51693 1516581340 280 
51694 51694 1516585872 334 
51695 51695 1516591052 394 
51696 51696 1516597528 288 
51697 51697 1516607240 414 
51698 51698 1516620836 318 
51699 51699 1516628606 398 
51700 51700 1516636376 528 
51701 51701 1516646734 336 
51702 51702 1516649974 356 
51703 51703 1516654508 314 
51704 51704 1516662280 286 
51705 51705 1516670050 314 
51706 51706 1516676524 350 
51707 51707 1516684290 546 
51708 51708 1516694650 320 
51709 51709 1516701776 280 
51710 51710 1516712138 314 
51711 51711 1516715376 332 
51712 51712 1516718612 418 
51713 51713 1516721202 282 
51714 51714 1516723792 294 
51715 51715 1516726382 662 
51716 51716 1516728972 294 
51717 51717 1516731564 354 
51718 51718 1516734800 298 
51719 51719 1516737390 412 
51720 51720 1516739980 320 
51721 51721 1516742572 376 
51722 51722 1516745808 284 
51723 51723 1516749046 372 
51724 51724 1516751636 296 
51725 51725 1516754226 296 
51726 51726 1516756818 418 
51727 51727 1516759408 416 
51728 51728 1516761996 358 
51729 51729 1516764586 352 
51730 51730 1516767176 340 
51731 51731 1516769766 370 
51732 51732 1516772358 418 
51733 51733 1516774948 312 
51734 51734 1516777538 630 
51735 51735 1516780128 392 
51736 51736 1516782718 334 
51737 51737 1516785306 414 
51738 51738 1516788542 416 
51739 51739 1516791780 410 
51740 51740 1516795016 334 
51741 51741 1516798250 284 
51742 51742 1516801494 284 
51743 51743 1516804730 284 
51744 51744 1516807966 296 
51745 51745 1516811206 398 
51746 51746 1516814442 286 
51747 51747 1516817678 354 
51748 51748 1516820916 400 
51749 51749 1516824152 284 
51750 51750 1516827390 282 
51751 51751 1516830626 282 
51752 51752 1516833866 338 
51753 51753 1516837104 330 
51754 51754 1516840342 336 
51755 51755 1516843576 294 
51756 51756 1516846816 310 
51757 51757 1516850056 354 
51758 51758 1516853942 394 
51759 51759 1516857826 370 
51760 51760 1516862358 318 
51761 51761 1516866888 336 
51762 51762 1516872068 398 
51763 51763 1516876606 376 
51764 51764 1516881138 314 
51765 51765 1516885672 414 
51766 51766 1516890204 316 
51767 51767 1516894738 488 
51768 51768 1516899918 354 
51769 51769 1516905098 318 
51770 51770 1516909626 336 
51771 51771 1516914812 354 
51772 51772 1516919344 414 
51773 51773 1516924524 336 
51774 51774 1516929700 394 
51775 51775 1516935530 312 
51776 51776 1516941358 350 
51777 51777 1516947186 356 
51778 51778 1516953010 528 
51779 51779 1516958840 294 
51780 51780 1516965318 376 
51781 51781 1516971796 578 
51782 51782 1516978918 414 
51783 51783 1516986042 412 
51784 51784 1516993168 378 
51785 51785 1517000940 284 
51786 51786 1517008712 292 
51787 51787 1517016486 394 
51788 51788 1517023608 414 
51789 51789 1517032028 396 
51790 51790 1517041092 356 
51791 51791 1517052106 394 
51792 51792 1517062468 418 
51793 51793 1517071538 336 
51794 51794 1517080602 298 
51795 51795 1517091610 278 
51796 51796 1517103266 378 
51797 51797 1517114924 370 
51798 51798 1517124638 318 
51799 51799 1517135648 338 
51800 51800 1517151190 400 
51801 51801 1517163496 416 
51802 51802 1517169972 314 
51803 51803 1517176446 334 
51804 51804 1517183568 286 
51805 51805 1517194574 354 
51806 51806 1517211410 416 
51807 51807 1517232126 412 
51808 51808 1517248308 378 
51809 51809 1517269678 716 
51810 51810 1517288458 374 
51811 51811 1517303350 330 
51812 51812 1517315654 316 
51813 51813 1517328606 310 
51814 51814 1517342200 394 
51815 51815 1517344142 576 
51816 51816 1517346740 396 
51817 51817 1517351272 372 
51818 51818 1517355156 394 
51819 51819 1517358398 356 
51820 51820 1517361634 296 
51821 51821 1517364874 394 
51822 51822 1517368760 354 
51823 51823 1517373938 390 
51824 51824 1517381710 358 
51825 51825 1517396606 376 
51826 51826 1517401784 358 
51827 51827 1517410848 356 
51828 51828 1517422506 468 
51829 51829 1517438050 412 
51830 51830 1517441936 286 
51831 51831 1517451002 294 
51832 51832 1517460714 358 
51833 51833 1517469780 410 
51834 51834 1517478846 286 
51835 51835 1517489854 376 
51836 51836 1517507338 354 
51837 51837 1517539710 350 
51838 51838 1517560428 376 
51839 51839 1517569494 510 
51840 51840 1517579206 336 
51841 51841 1517590214 318 
51842 51842 1517602520 602 
51843 51843 1517620654 294 
51844 51844 1517644614 350 
51845 51845 1517665980 646 
51846 51846 1517676990 354 
51847 51847 1517683466 312 
51848 51848 1517686704 354 
51849 51849 1517689942 340 
51850 51850 1517693180 586 
51851 51851 1517695770 414 
51852 51852 1517699008 338 
51853 51853 1517701600 532 
51854 51854 1517704840 398 
51855 51855 1517708078 314 
51856 51856 1517711316 294 
51857 51857 1517714552 374 
51858 51858 1517717790 596 
51859 51859 1517721032 374 
51860 51860 1517724270 298 
51861 51861 1517727508 356 
51862 51862 1517731396 416 
51863 51863 1517734632 354 
51864 51864 1517737222 338 
51865 51865 1517739812 330 
51866 51866 1517742402 354 
51867 51867 1517744992 332 
51868 51868 1517747582 282 
51869 51869 1517750170 684 
51870 51870 1517752760 338 
51871 51871 1517755996 418 
51872 51872 1517759234 632 
51873 51873 1517762472 414 
51874 51874 1517765710 318 
51875 51875 1517768948 334 
51876 51876 1517772186 374 
51877 51877 1517776070 394 
51878 51878 1517779956 514 
51879 51879 1517783840 290 
51880 51880 1517787724 338 
51881 51881 1517791616 392 
51882 51882 1517795500 414 
51883 51883 1517799388 356 
51884 51884 1517803272 338 
51885 51885 1517807158 396 
51886 51886 1517811044 450 
51887 51887 1517814930 394 
51888 51888 1517818816 374 
51889 51889 1517822702 280 
51890 51890 1517826588 418 
51891 51891 1517831122 416 
51892 51892 1517835654 394 
51893 51893 1517840184 414 
51894 51894 1517845370 396 
51895 51895 1517850552 396 
51896 51896 1517855734 360 
51897 51897 1517860916 292 
51898 51898 1517866096 286 
51899 51899 1517871278 416 
51900 51900 1517876458 378 
51901 51901 1517881638 526 
51902 51902 1517887466 278 
51903 51903 1517893944 374 
51904 51904 1517901062 298 
51905 51905 1517908840 372 
51906 51906 1517917258 396 
51907 51907 1517925678 294 
51908 51908 1517933446 334 
51909 51909 1517940574 374 
51910 51910 1517948344 286 
51911 51911 1517957408 390 
51912 51912 1517963238 478 
51913 51913 1517969068 394 
51914 51914 1517976194 298 
51915 51915 1517983966 330 
51916 51916 1517993034 316 
51917 51917 1518002104 566 
51918 51918 1518009872 398 
51919 51919 1518018940 284 
51920 51920 1518029948 298 
51921 51921 1518044192 1030 
51922 51922 1518057144 574 
51923 51923 1518068794 310 
51924 51924 1518078510 490 
51925 51925 1518083688 294 
51926 51926 1518101170 296 
51927 51927 1518105702 284 
51928 51928 1518116062 374 
51929 51929 1518130304 410 
51930 51930 1518145198 394 
51931 51931 1518154916 294 
51932 51932 1518163982 300 
51933 51933 1518174346 334 
51934 51934 1518190536 284 
51935 51935 1518215144 284 
51936 51936 1518231336 398 
51937 51937 1518250760 390 
51938 51938 1518257236 398 
51939 51939 1518276016 334 
51940 51940 1518281842 284 
51941 51941 1518288320 416 
51942 51942 1518294796 374 
51943 51943 1518302564 370 
51944 51944 1518316168 314 
51945 51945 1518322636 280 
51946 51946 1518347892 414 
51947 51947 1518381574 340 
51948 51948 1518386754 358 
51949 51949 1518397114 312 
51950 51950 1518410062 394 
51951 51951 1518491652 394 
51952 51952 1518502012 288 
51953 51953 1518514318 416 
51954 51954 1518588136 284 
51955 51955 1518604970 290 
51956 51956 1518621808 378 
51957 51957 1518660654 336 
51958 51958 1518698850 466 
51959 51959 1518706620 350 
51960 51960 1518718922 378 
51961 51961 1518766184 310 
51962 51962 1518797264 300 
51963 51963 1518805034 374 
51964 51964 1518816692 318 
51965 51965 1518874974 396 
51966 51966 1518902816 284 
51967 51967 1518911882 292 
51968 51968 1518924832 358 
51969 51969 1518975322 294 
51970 51970 1519015474 336 
51971 51971 1519026484 566 
51972 51972 1519041374 294 
51973 51973 1519043962 568 
51974 51974 1519045904 338 
51975 51975 1519047846 354 
51976 51976 1519049788 314 
51977 51977 1519051732 280 
51978 51978 1519053674 538 
51979 51979 1519055616 376 
51980 51980 1519057558 358 
51981 51981 1519059500 374 
51982 51982 1519061442 506 
51983 51983 1519063384 334 
51984 51984 1519065328 452 
51985 51985 1519067268 414 
51986 51986 1519069212 470 
51987 51987 1519071154 350 
51988 51988 1519073096 398 
51989 51989 1519075038 352 
51990 51990 1519076980 376 
51991 51991 1519078922 284 
51992 51992 1519080866 398 
51993 51993 1519082808 290 
51994 51994 1519084750 378 
51995 51995 1519086692 356 
51996 51996 1519088636 412 
51997 51997 1519090580 706 
51998 51998 1519092522 410 
51999 51999 1519094464 354 
52000 52000 1519096406 418 
52001 52001 1519098348 280 
52002 52002 1519100292 320 
52003 52003 1519102234 416 
52004 52004 1519104178 398 
52005 52005 1519106120 376 
52006 52006 1519108710 538 
52007 52007 1519110654 336 
52008 52008 1519112596 292 
52009 52009 1519114538 294 
52010 52010 1519116480 376 
52011 52011 1519118424 336 
52012 52012 1519120364 330 
52013 52013 1519122306 330 
52014 52014 1519124250 564 
52015 52015 1519126192 350 
52016 52016 1519128132 442 
52017 52017 1519130078 314 
52018 52018 1519132018 288 
52019 52019 1519133962 280 
52020 52020 1519135904 320 
52021 52021 1519137846 412 
52022 52022 1519139790 356 
52023 52023 1519141732 412 
52024 52024 1519143674 316 
52025 52025 1519145616 334 
52026 52026 1519147558 414 
52027 52027 1519149500 290 
52028 52028 1519151444 338 
52029 52029 1519153386 414 
52030 52030 1519155328 358 
52031 52031 1519157270 370 
52032 52032 1519159214 298 
52033 52033 1519161158 294 
52034 52034 1519163100 358 
52035 52035 1519165044 336 
52036 52036 1519168834 1552 
52037 52037 1519170872 668 
52038 52038 1519172816 318 
52039 52039 1519174758 588 
52040 52040 1519176702 416 
52041 52041 1519178644 604 
52042 52042 1519180588 418 
52043 52043 1519182530 394 
52044 52044 1519184472 394 
52045 52045 1519186416 372 
52046 52046 1519188358 298 
52047 52047 1519190302 528 
52048 52048 1519192244 372 
52049 52049 1519194186 334 
52050 52050 1519196128 316 
52051 52051 1519198072 354 
52052 52052 1519200012 340 
52053 52053 1519201954 280 
52054 52054 1519203898 298 
52055 52055 1519205842 334 
52056 52056 1519207786 574 
52057 52057 1519209728 394 
52058 52058 1519211670 360 
52059 52059 1519213614 414 
52060 52060 1519215554 686 
52061 52061 1519217498 336 
52062 52062 1519220088 396 
52063 52063 1519223326 296 
52064 52064 1519227858 356 
52065 52065 1519230448 338 
52066 52066 1519232390 396 
52067 52067 1519234980 354 
52068 52068 1519236924 288 
52069 52069 1519238866 280 
52070 52070 1519240808 286 
52071 52071 1519242750 372 
52072 52072 1519244694 296 
52073 52073 1519246636 1226 
52074 52074 1519248578 418 
52075 52075 1519250520 294 
52076 52076 1519252464 300 
52077 52077 1519254406 390 
52078 52078 1519256348 488 
52079 52079 1519258292 374 
52080 52080 1519260232 314 
52081 52081 1519262176 284 
52082 52082 1519264120 1076 
52083 52083 1519266060 294 
52084 52084 1519268652 378 
52085 52085 1519271242 392 
52086 52086 1519274476 414 
52087 52087 1519278366 390 
52088 52088 1519282900 318 
52089 52089 1519286784 1026 
52090 52090 1519290668 398 
52091 52091 1519293906 396 
52092 52092 1519297144 318 
52093 52093 1519299734 414 
52094 52094 1519302324 298 
52095 52095 1519304914 282 
52096 52096 1519307504 338 
52097 52097 1519310094 310 
52098 52098 1519312684 318 
52099 52099 1519315274 444 
52100 52100 1519318512 296 
52101 52101 1519321750 296 
52102 52102 1519325636 378 
52103 52103 1519330816 282 
52104 52104 1519339234 360 
52105 52105 1519343120 376 
52106 52106 1519347004 532 
52107 52107 1519350242 284 
52108 52108 1519353478 392 
52109 52109 1519356716 354 
52110 52110 1519359954 378 
52111 52111 1519363190 352 
52112 52112 1519366428 288 
52113 52113 1519369666 288 
52114 52114 1519372902 298 
52115 52115 1519376788 468 
52116 52116 1519381320 284 
52117 52117 1519386502 354 
52118 52118 1519396216 294 
52119 52119 1519403988 568 
52120 52120 1519410466 298 
52121 52121 1519416294 370 
52122 52122 1519422122 528 
52123 52123 1519429244 290 
52124 52124 1519438304 352 
52125 52125 1519460324 280 
52126 52126 1519463560 282 
52127 52127 1519468740 316 
52128 52128 1519474568 358 
52129 52129 1519481044 410 
52130 52130 1519488814 356 
52131 52131 1519504356 330 
52132 52132 1519519252 298 
52133 52133 1519534142 456 
52134 52134 1519571056 300 
52135 52135 1519576884 412 
52136 52136 1519588538 622 
52137 52137 1519613142 292 
52138 52138 1519628684 298 
52139 52139 1519666242 378 
52140 52140 1519673364 296 
52141 52141 1519687612 418 
52142 52142 1519709628 320 
52143 52143 1519730352 394 
52144 52144 1519764022 400 
52145 52145 1519778918 292 
52146 52146 1519808704 346 
52147 52147 1519826838 412 
52148 52148 1519857920 284 
52149 52149 1519874108 392 
52150 52150 1519912312 376 
52151 52151 1519956986 374 
52152 52152 1519961518 394 
52153 52153 1520003606 392 
52154 52154 1520008786 448 
52155 52155 1520019144 354 
52156 52156 1520035328 508 
52157 52157 1520043748 294 
52158 52158 1520052164 398 
52159 52159 1520061876 374 
52160 52160 1520076122 318 
52161 52161 1520100076 314 
52162 52162 1520107198 320 
52163 52163 1520120148 296 
52164 52164 1520138930 284 
52165 52165 1520167422 390 
52166 52166 1520188794 374 
52167 52167 1520212106 332 
52168 52168 1520223762 374 
52169 52169 1520243196 398 
52170 52170 1520333858 468 
52171 52171 1520354584 414 
52172 52172 1520437474 318 
52173 52173 1520460142 390 
52174 52174 1520547570 354 
52175 52175 1520568296 648 
52176 52176 1520655718 336 
52177 52177 1520685922 314 
