0 0 17546076 0 
2 2 17553856 560 
3 3 17556446 520 
4 4 17558388 412 
5 5 17560334 410 
6 6 17562286 314 
7 7 17564236 276 
8 8 17566826 284 
9 9 17569412 390 
10 10 17572004 334 
11 11 17574594 330 
12 12 17577184 690 
13 13 17579772 702 
14 14 17582362 284 
15 15 17584950 410 
16 16 17587540 336 
17 17 17590130 368 
18 18 17592718 280 
19 19 17594660 388 
20 20 17596602 372 
21 21 17598544 500 
22 22 17600486 334 
23 23 17602428 1316 
24 24 17604370 418 
25 25 17606312 292 
26 26 17608254 330 
28 27 17612138 292 
29 28 17614080 542 
30 29 17616016 428 
31 30 17617958 314 
32 31 17619904 284 
33 32 17621846 278 
34 33 17623788 416 
35 34 17625728 276 
36 35 17628314 294 
37 36 17630258 702 
38 37 17632198 374 
39 38 17634140 1016 
40 39 17636084 334 
41 40 17638024 400 
42 41 17639966 282 
43 42 17641908 544 
44 43 17644498 1714 
45 44 17647086 328 
46 45 17649674 352 
47 46 17652264 590 
49 48 17657442 1804 
50 49 17660030 410 
51 50 17662620 330 
52 51 17665210 486 
53 52 17667800 766 
54 53 17670388 314 
55 54 17672978 368 
56 55 17675568 294 
57 56 17678156 368 
58 57 17680748 284 
59 58 17683336 996 
60 59 17685926 336 
61 60 17688516 310 
62 61 17691108 392 
63 62 17693696 276 
65 64 17698876 582 
66 65 17701458 434 
67 66 17704052 684 
68 67 17706644 334 
69 68 17709232 408 
70 69 17711822 414 
71 70 17714412 1324 
72 71 17717002 294 
73 72 17719590 742 
74 73 17722180 354 
75 74 17724768 278 
76 75 17727358 394 
77 76 17729948 290 
78 77 17732538 466 
80 79 17737716 352 
81 80 17740306 776 
82 81 17742896 294 
83 82 17745486 1296 
84 83 17748074 1860 
85 84 17750664 562 
86 85 17753254 312 
87 86 17755838 956 
88 87 17758434 746 
90 88 17763612 284 
91 89 17766200 370 
92 90 17768790 396 
93 91 17771380 388 
94 92 17773970 354 
95 93 17776560 408 
96 94 17779148 314 
97 95 17782386 290 
98 96 17785622 1140 
99 97 17788860 738 
100 98 17792096 354 
101 99 17795332 368 
102 100 17798570 284 
103 101 17801806 278 
104 102 17805042 372 
105 103 17808278 498 
106 104 17811516 544 
107 105 17814752 350 
108 106 17817342 282 
109 107 17820572 350 
110 108 17823808 354 
111 109 17827046 924 
112 110 17830288 314 
113 111 17833522 382 
114 112 17836758 860 
115 113 17839998 292 
116 114 17843878 328 
117 115 17847758 620 
118 116 17851646 1218 
119 117 17855530 622 
120 118 17859412 566 
121 119 17863294 466 
123 120 17871068 288 
124 121 17874950 1300 
126 123 17882720 568 
127 124 17886600 524 
128 125 17890488 312 
129 126 17894372 370 
130 127 17898256 376 
131 128 17902138 596 
132 129 17906670 334 
133 130 17911200 310 
134 131 17915726 646 
135 132 17920258 2430 
136 133 17924788 1098 
137 134 17928676 330 
138 135 17932558 294 
139 136 17936442 602 
140 137 17940330 458 
141 138 17944858 664 
142 139 17950038 482 
143 140 17955216 2040 
144 141 17959746 374 
145 142 17964930 392 
146 143 17970104 808 
147 144 17975288 328 
148 145 17980468 414 
149 146 17985648 966 
150 147 17991472 508 
152 148 18001184 412 
153 149 18005712 408 
154 150 18010890 706 
155 151 18016712 410 
156 152 18023186 504 
158 153 18037432 -6848 
159 154 18043904 310 
160 155 18050376 328 
161 156 18055556 332 
162 157 18061382 282 
163 158 18067208 278 
165 159 18082742 288 
166 160 18090506 588 
167 161 18096332 1722 
168 162 18102804 334 
169 163 18109922 276 
170 164 18118990 334 
171 165 18128044 278 
172 166 18133224 314 
173 167 18139700 368 
175 168 18153940 420 
176 169 18157172 330 
177 170 18159760 390 
178 171 18162348 394 
179 172 18164938 642 
180 173 18168174 484 
181 174 18171410 960 
182 175 18175294 688 
184 176 18183706 292 
185 177 18188884 350 
186 178 18195356 386 
187 179 18205068 350 
188 180 18210250 414 
189 181 18219310 328 
190 182 18224490 408 
191 183 18228372 348 
192 184 18232256 372 
193 185 18238082 310 
194 186 18245204 688 
195 187 18253618 564 
196 188 18265916 332 
197 189 18290512 330 
198 190 18309282 394 
199 191 18318350 276 
200 192 18325470 374 
201 193 18331944 1260 
202 194 18338416 284 
203 195 18344240 404 
204 196 18350714 308 
205 197 18358482 634 
206 198 18367546 588 
207 199 18381786 460 
208 200 18394732 374 
209 201 18397322 412 
210 202 18399912 574 
212 204 18405740 282 
213 205 18409622 962 
214 206 18413506 334 
215 207 18418036 460 
216 208 18423214 292 
218 210 18444574 334 
219 211 18447810 430 
221 212 18458168 348 
222 213 18463996 506 
223 214 18470470 412 
226 216 18483420 414 
227 217 18486656 328 
228 218 18489894 392 
229 219 18493130 290 
230 220 18497014 314 
231 221 18500900 350 
232 222 18504782 414 
234 224 18513198 354 
235 225 18517730 526 
236 226 18523556 334 
237 227 18531326 414 
239 229 18552688 288 
240 230 18559164 354 
241 231 18566284 394 
242 232 18574052 464 
243 233 18583764 282 
244 234 18590238 292 
245 235 18595416 332 
246 236 18600596 372 
247 237 18605128 390 
248 238 18609658 282 
249 239 18614188 370 
250 240 18618724 372 
251 241 18623254 278 
252 242 18628438 474 
253 243 18634264 604 
254 244 18642032 372 
256 245 18667932 412 
257 246 18676350 370 
258 247 18686708 392 
259 248 18704188 410 
260 249 18707426 354 
261 250 18712606 288 
262 251 18717138 528 
263 252 18722316 390 
264 253 18727496 332 
265 254 18732676 502 
266 255 18737856 940 
268 257 18750802 612 
269 258 18762456 342 
270 259 18776054 348 
271 260 18784472 410 
272 261 18796126 648 
273 262 18820082 500 
275 264 18828496 290 
276 265 18833676 508 
277 266 18840150 958 
278 267 18844034 312 
280 268 18850508 284 
281 269 18853746 1074 
282 270 18856984 314 
283 271 18860222 408 
284 272 18863460 372 
285 273 18866696 348 
286 274 18869934 374 
287 275 18872524 330 
288 276 18875760 314 
289 277 18879000 330 
290 278 18882238 292 
291 279 18885474 350 
292 280 18888710 394 
293 281 18891302 472 
294 282 18893890 332 
296 283 18901660 -2168 
297 284 18904250 310 
298 285 18906840 314 
300 286 18914610 -1916 
301 287 18917202 412 
302 288 18919792 394 
303 289 18922382 370 
304 290 18924972 314 
305 291 18928208 308 
306 292 18931446 312 
307 293 18935330 330 
308 294 18939214 374 
309 295 18943098 342 
310 296 18946336 294 
311 297 18950220 422 
312 298 18953458 292 
313 299 18956694 294 
314 300 18960580 294 
315 301 18964460 390 
316 302 18966404 284 
319 304 18974178 794 
320 305 18977414 392 
321 306 18980004 330 
322 307 18982592 314 
323 308 18985182 276 
324 309 18987772 294 
325 310 18990356 350 
326 311 18993596 334 
327 312 18998128 706 
328 313 19003308 586 
329 314 19008486 370 
330 315 19012370 334 
331 316 19016254 564 
332 317 19020786 394 
333 318 19025318 412 
334 319 19029850 1202 
335 320 19035678 410 
336 321 19042152 280 
338 323 19053152 1426 
339 324 19057688 400 
340 325 19062222 394 
341 326 19067400 348 
342 327 19073226 284 
343 328 19079700 928 
344 329 19086820 410 
345 330 19094584 404 
346 331 19103652 464 
347 332 19112714 564 
350 334 19137312 282 
351 335 19144434 442 
352 336 19152846 546 
353 337 19161908 276 
354 338 19173560 280 
355 339 19190396 390 
356 340 19208524 352 
357 341 19218880 522 
358 342 19231828 1500 
359 343 19246072 334 
360 344 19266788 528 
361 345 19283622 350 
362 346 19288800 464 
363 347 19297864 564 
364 348 19308224 444 
365 349 19319230 472 
366 350 19336062 352 
367 351 19340588 280 
368 352 19342534 292 
369 353 19344474 566 
370 354 19346418 292 
371 355 19348362 308 
372 356 19352248 1890 
373 357 19357426 310 
374 358 19361310 396 
375 359 19364548 318 
376 360 19369080 372 
377 361 19376202 480 
378 362 19404034 546 
379 363 19406626 328 
381 365 19420220 564 
382 366 19431874 308 
383 367 19439642 500 
384 368 19444820 292 
385 369 19450648 410 
386 370 19455828 314 
387 371 19461006 308 
388 372 19466834 624 
389 373 19472658 328 
390 374 19479132 384 
392 375 19507616 356 
393 376 19510852 350 
394 377 19517974 392 
395 378 19527038 424 
396 379 19538042 728 
397 380 19552934 622 
399 382 19558760 600 
400 383 19562644 392 
401 384 19567176 276 
404 385 19585300 -5518 
405 386 19594368 312 
406 387 19615730 284 
407 388 19619614 328 
408 389 19628678 506 
409 390 19649396 408 
410 391 19651338 564 
411 392 19654574 2250 
412 393 19659106 414 
413 394 19664286 312 
414 395 19670112 392 
415 396 19677234 388 
416 397 19686298 282 
417 398 19719316 314 
418 399 19723846 780 
419 400 19740028 372 
420 401 19754918 890 
421 402 19760098 332 
424 404 19780168 276 
425 405 19787934 310 
426 406 19797000 312 
427 407 19811242 416 
428 408 19816416 686 
429 409 19820950 330 
430 410 19825482 346 
431 411 19830014 376 
433 413 19837780 622 
434 414 19841664 536 
435 415 19845550 328 
436 416 19849434 284 
437 417 19853318 370 
438 418 19857198 332 
439 419 19861080 328 
440 420 19865616 486 
441 421 19870148 832 
442 422 19874678 326 
443 423 19878562 288 
444 424 19882446 314 
445 425 19886976 416 
447 426 19896038 290 
448 427 19900572 392 
449 428 19905750 370 
450 429 19910930 368 
451 430 19916110 350 
452 431 19921286 414 
453 432 19926472 410 
454 433 19931650 354 
455 434 19936828 390 
456 435 19942008 580 
457 436 19947186 310 
458 437 19952368 392 
459 438 19958194 288 
460 439 19964022 686 
461 440 19969846 350 
462 441 19975674 682 
463 442 19981500 332 
464 443 19987328 334 
465 444 19993156 410 
466 445 19999630 412 
468 447 20014516 476 
469 448 20022934 414 
470 449 20033294 392 
471 450 20036526 354 
472 451 20038466 474 
473 451 20040414 330 
474 452 20044944 314 
475 453 20054652 292 
476 454 20065006 312 
477 455 20075370 370 
479 456 20098028 288 
480 457 20104502 482 
481 458 20111622 368 
482 459 20118742 414 
483 460 20128454 448 
484 461 20134928 1180 
485 462 20149814 432 
486 463 20164698 276 
487 464 20171174 330 
488 465 20178944 314 
489 466 20187358 408 
490 467 20204186 392 
491 468 20207422 288 
492 469 20221016 626 
493 470 20248200 330 
494 471 20263728 316 
495 472 20279260 310 
496 473 20293506 374 
497 474 20304510 280 
498 475 20317458 282 
499 476 20349824 704 
500 477 20381540 392 
501 478 20385422 310 
502 479 20393192 356 
503 480 20402902 372 
504 481 20467634 392 
505 482 20483814 442 
506 483 20495460 334 
508 485 20586724 282 
510 487 20608080 2824 
511 488 20625554 278 
512 489 20701936 352 
513 490 20710348 276 
514 491 20724588 350 
515 492 20751132 1278 
516 493 20755662 314 
517 494 20791264 388 
518 495 20800324 1112 
519 496 20813920 370 
520 497 20832686 292 
521 498 20918132 330 
522 499 20933020 330 
523 500 21019122 310 
524 501 21037888 334 
525 502 21059246 276 
526 503 21140158 408 
528 505 21175120 416 
529 506 21177062 584 
530 507 21179006 334 
531 508 21180948 1020 
532 509 21182890 414 
533 510 21184830 308 
536 513 21190658 628 
537 514 21192598 544 
538 515 21194542 374 
539 516 21196486 736 
540 517 21198428 372 
541 518 21200368 278 
542 519 21202310 416 
543 520 21204254 278 
545 521 21208140 410 
546 522 21210080 482 
547 523 21212024 492 
548 524 21213966 878 
549 525 21215908 1294 
550 526 21217852 316 
551 527 21219794 330 
552 528 21221738 396 
553 529 21223680 390 
554 530 21225622 284 
555 531 21227564 280 
556 532 21229508 412 
557 533 21231450 350 
558 534 21233392 354 
559 535 21235982 402 
560 536 21238572 372 
561 537 21240514 368 
562 538 21242456 352 
564 540 21246342 860 
565 541 21248284 280 
566 542 21250226 282 
567 543 21252170 390 
568 544 21254112 1380 
569 545 21256054 522 
570 546 21257996 312 
571 547 21259938 292 
572 548 21261880 284 
573 549 21263822 276 
574 550 21265764 374 
575 551 21267706 330 
576 552 21269648 394 
577 553 21271588 350 
578 554 21273530 350 
580 555 21277416 374 
581 556 21279356 308 
583 558 21283240 310 
584 559 21285184 356 
586 561 21289068 568 
587 562 21291012 332 
588 563 21292952 372 
589 564 21294898 412 
590 565 21296838 312 
591 566 21298782 410 
592 567 21301372 374 
593 568 21303962 408 
594 569 21305904 724 
596 571 21309788 334 
597 572 21311730 568 
598 573 21313674 294 
600 574 21317558 1152 
601 575 21319500 544 
602 576 21321442 284 
603 577 21323384 814 
604 578 21325326 426 
605 579 21327270 352 
606 580 21329212 414 
607 581 21332950 1502 
608 582 21335684 332 
609 583 21338276 350 
610 584 21340866 426 
611 585 21344104 280 
612 586 21347988 352 
613 587 21354464 392 
614 588 21357700 1100 
615 589 21360938 410 
616 590 21364176 292 
617 591 21367412 390 
618 592 21370648 278 
619 593 21373886 512 
620 594 21376478 446 
621 595 21379714 522 
622 596 21382952 284 
623 597 21386188 388 
624 598 21389426 688 
625 599 21393310 410 
626 600 21398490 938 
628 602 21413378 284 
629 603 21419204 486 
630 604 21425032 394 
631 605 21430208 388 
632 606 21436034 1240 
633 607 21442508 312 
634 608 21450924 882 
635 609 21467108 276 
636 610 21470344 352 
637 611 21475522 410 
638 612 21480054 374 
639 613 21485234 290 
640 614 21491060 334 
641 615 21497534 410 
642 616 21507242 768 
643 617 21530550 408 
645 619 21557096 1176 
646 620 21581696 686 
647 621 21588816 606 
648 622 21599176 632 
649 623 21643198 746 
650 624 21647082 294 
651 625 21679454 276 
652 626 21683338 368 
653 627 21690458 348 
654 628 21698876 506 
655 629 21714412 310 
657 631 21748078 396 
658 632 21781744 720 
659 633 21786274 330 
660 634 21796636 414 
661 635 21812822 462 
662 636 21838070 334 
663 637 21849072 278 
664 638 21882098 1082 
665 639 21889866 348 
666 640 21904112 294 
667 641 22003810 370 
668 642 22020642 374 
669 643 22120984 294 
670 644 22139762 412 
671 645 22238166 308 
672 646 22259528 414 
673 647 22357932 288 
674 648 22456330 284 
676 650 22566378 330 
677 651 22587100 328 
678 652 22686796 350 
679 653 22711396 328 
680 654 22796852 284 
681 655 22814752 1146 
682 656 22835942 354 
