3 1 6373954 410 
4 2 6376546 336 
6 3 6381724 338 
10 5 6392084 -2206 
13 6 6399856 -2276 
14 7 6402442 286 
16 8 6407618 -2196 
17 9 6410206 332 
21 10 6420556 394 
22 11 6423144 374 
23 12 6425732 286 
25 12 6430908 332 
26 13 6433496 378 
27 14 6436084 278 
29 15 6441258 372 
31 16 6446434 -2274 
32 17 6449022 338 
34 18 6454196 318 
35 19 6456780 390 
37 20 6461958 -2294 
39 21 6467134 -2294 
41 22 6472308 292 
42 23 6474896 414 
44 24 6480072 -2234 
45 25 6482656 332 
46 26 6485246 318 
30583 30583 2001150590 1393206138 
50 28 6495598 358 
52 29 6500774 -2308 
53 30 6503362 370 
54 31 6505950 396 
61 33 6524064 -7478 
26214 26214 1725429669 -363819759 
63 34 6529240 294 
64 35 6531828 314 
65 36 6534416 370 
66 37 6537004 316 
69 38 6544766 -2254 
70 39 6547352 354 
71 40 6549938 408 
72 41 6552526 282 
73 42 6555116 332 
75 43 6560292 -2252 
76 44 6562878 354 
77 45 6565466 310 
78 46 6568054 338 
80 47 6573230 -2258 
83 48 6580996 -4848 
84 49 6583584 378 
88 50 6593936 -4778 
91 52 6601702 -2212 
92 53 6604290 334 
95 55 6612054 332 
96 56 6614642 314 
102 58 6630166 -2256 
103 59 6632754 370 
104 60 6635342 286 
106 61 6640518 -2256 
108 62 6645694 -2256 
109 63 6648282 414 
110 64 6650868 374 
112 64 6656046 -2238 
113 65 6658636 294 
114 66 6661224 286 
115 67 6663812 280 
118 68 6671582 -4868 
120 69 6676758 -2196 
121 70 6679346 332 
122 71 6681934 356 
124 72 6687108 -2236 
127 73 6694868 -2248 
131 74 6705224 -7476 
134 75 6712994 -4896 
135 76 6715582 372 
136 77 6718170 414 
137 78 6720758 372 
138 79 6723344 314 
140 81 6728520 354 
142 82 6733700 -2306 
144 84 6738880 354 
146 85 6744056 -2310 
147 86 6746642 390 
149 87 6751824 350 
151 88 6757002 -2174 
152 89 6759590 294 
153 90 6762176 330 
154 91 6764766 368 
155 92 6767356 390 
157 93 6772532 -2234 
159 94 6777710 -2236 
161 96 6782886 280 
163 97 6788062 374 
165 99 6793240 354 
167 100 6798412 -2214 
168 101 6801000 358 
169 102 6803588 280 
173 103 6813944 -7406 
175 104 6819118 -2190 
177 105 6824294 -2274 
180 106 6832064 -4768 
181 107 6834652 290 
183 108 6839830 -2256 
184 109 6842418 296 
187 110 6850184 412 
188 111 6852774 410 
189 112 6855362 332 
192 114 6863128 418 
195 115 6870894 -4790 
197 116 6876068 -2172 
200 117 6883834 -4882 
201 118 6886422 410 
204 120 6894190 -2282 
206 121 6899370 -2262 
207 122 6901960 314 
211 123 6912316 -7392 
212 124 6914904 334 
214 125 6920084 -2260 
216 126 6925262 -2174 
217 127 6927850 392 
220 127 6935618 394 
221 128 6938208 370 
224 129 6945974 -4762 
227 130 6953740 -4886 
229 131 6958918 -2306 
235 132 6974452 298 
237 133 6979630 -2194 
239 134 6984808 -2210 
241 135 6989984 -2232 
242 136 6992574 286 
243 137 6995162 334 
246 138 7002930 -4760 
249 140 7010698 392 
250 141 7013286 314 
251 142 7015876 410 
252 143 7018466 416 
253 144 7021054 390 
254 145 7023644 376 
256 146 7028822 -2180 
259 147 7036592 332 
261 148 7041768 352 
263 149 7046944 -2302 
265 150 7052120 -2272 
266 151 7054708 334 
267 152 7057298 282 
268 153 7059886 282 
269 154 7062474 292 
270 155 7065064 314 
271 156 7067652 292 
272 157 7070240 296 
277 159 7083190 -2304 
279 160 7088366 278 
280 161 7090956 334 
281 162 7093542 278 
282 163 7096130 314 
284 164 7101308 -2218 
287 164 7109080 -4848 
290 165 7116848 394 
293 166 7124616 -4864 
294 167 7127200 294 
295 168 7129790 330 
300 170 7142738 294 
301 171 7145328 354 
302 172 7147918 314 
304 173 7153094 -2294 
308 175 7163446 -4838 
310 176 7168624 374 
311 177 7171214 314 
312 178 7173806 394 
314 179 7178986 -2240 
315 180 7181574 412 
316 181 7184164 338 
318 182 7189342 -2260 
321 183 7197110 -2214 
325 184 7207466 -7436 
326 185 7210052 314 
328 186 7215230 -2278 
329 186 7217818 350 
330 187 7220408 284 
333 188 7228174 390 
336 189 7235946 372 
337 190 7238536 414 
338 191 7241124 374 
339 192 7243712 412 
340 193 7246302 376 
341 194 7248892 286 
342 195 7251480 372 
348 197 7267014 -7438 
349 198 7269604 370 
352 199 7277372 314 
353 200 7279958 334 
354 201 7282546 414 
355 202 7285136 412 
356 203 7287724 354 
359 204 7295492 412 
360 205 7298086 414 
362 206 7303264 336 
364 207 7308444 -2200 
365 208 7311034 330 
366 209 7313620 398 
367 210 7316208 290 
369 211 7321388 -2272 
373 212 7331750 290 
374 213 7334338 294 
375 214 7336928 330 
377 215 7342108 -2172 
378 216 7344696 298 
379 217 7347284 350 
382 218 7355054 -4788 
386 219 7365412 -7486 
389 220 7373180 -4786 
390 221 7375768 374 
392 222 7380948 -2310 
393 223 7383538 280 
395 224 7388712 -2236 
397 225 7393890 -2210 
398 226 7396480 418 
400 227 7401662 -2212 
404 229 7412014 -2300 
405 230 7414604 354 
407 231 7419782 -2190 
412 232 7432726 -9980 
415 233 7440498 -4892 
417 233 7445676 -2232 
418 234 7448266 416 
419 235 7450854 278 
420 236 7453444 280 
422 237 7458618 418 
423 238 7461210 290 
425 239 7466390 -2176 
427 240 7471568 -2274 
429 241 7476746 -2296 
430 241 7479334 354 
434 242 7489690 316 
435 243 7492280 292 
438 245 7500048 334 
442 246 7510404 -7484 
449 248 7528520 314 
450 249 7531108 338 
452 250 7536286 -2298 
453 251 7538874 392 
454 251 7541464 282 
455 252 7544052 410 
456 253 7546644 334 
459 254 7554412 -4828 
460 255 7557000 388 
461 255 7559588 392 
465 256 7569942 -7346 
466 257 7572532 334 
468 258 7577708 -2310 
471 259 7585476 -4766 
472 259 7588064 334 
475 259 7595830 -4898 
477 260 7601008 -2212 
479 261 7606184 -2272 
480 262 7608774 334 
482 263 7613952 -2220 
13107 13107 871033694 1444667663 
484 265 7619130 294 
485 266 7621720 350 
487 267 7626898 -2290 
489 268 7632072 -2292 
490 269 7634660 396 
495 271 7647604 414 
498 272 7655374 398 
499 273 7657964 292 
500 274 7660554 394 
501 275 7663142 334 
502 276 7665732 318 
504 277 7670910 -2310 
506 278 7676084 -2236 
510 279 7686448 -7384 
511 280 7689036 370 
512 281 7691626 330 
513 282 7694216 392 
515 283 7699392 -2192 
517 284 7704572 -2176 
520 285 7712340 -4892 
521 286 7714928 278 
522 287 7717518 314 
529 288 7735642 -12610 
532 289 7743410 286 
533 290 7746000 334 
534 291 7748588 316 
535 292 7751178 332 
538 293 7758942 -4892 
539 294 7761534 310 
540 295 7764122 394 
541 296 7766714 290 
545 297 7777072 -7476 
546 298 7779662 334 
551 299 7792608 -7396 
552 300 7795198 286 
555 301 7802966 -4898 
556 302 7805554 356 
557 303 7808144 394 
560 304 7815912 -4894 
561 305 7818500 372 
562 306 7821086 336 
563 307 7823678 414 
565 308 7828858 -2252 
566 309 7831446 376 
567 310 7834034 310 
568 311 7836624 352 
570 312 7841802 -2310 
573 313 7849568 278 
574 314 7852158 348 
575 315 7854746 278 
577 315 7859926 392 
578 316 7862514 392 
579 317 7865104 290 
582 318 7872872 -2180 
583 319 7875454 278 
584 320 7878044 298 
585 321 7880636 314 
586 322 7883224 388 
588 323 7888402 -2280 
589 324 7890994 410 
592 325 7898762 -4882 
597 326 7911702 -4788 
598 327 7914292 414 
602 329 7924652 -4884 
603 330 7927240 312 
605 331 7932418 370 
606 332 7935008 336 
610 334 7945364 316 
611 335 7947954 354 
612 335 7950542 354 
614 336 7955722 -2194 
615 337 7958310 290 
616 338 7960900 334 
626 340 7986790 -12532 
627 341 7989380 310 
628 342 7991970 286 
634 343 8007500 -12566 
635 344 8010092 332 
638 345 8017860 -4842 
639 346 8020450 418 
640 347 8023040 378 
642 348 8028220 414 
644 349 8033398 -2312 
650 350 8048936 -4782 
652 351 8054116 -2260 
653 352 8056704 370 
654 353 8059294 370 
656 354 8064472 -2180 
658 355 8069650 334 
662 357 8080008 284 
663 358 8082598 312 
664 359 8085186 316 
665 360 8087776 412 
666 361 8090366 358 
667 362 8092954 390 
669 363 8098132 -2252 
670 364 8100722 278 
673 365 8108490 -4810 
677 366 8118846 -2252 
678 367 8121436 278 
680 368 8126614 -2218 
681 369 8129204 332 
682 370 8131794 294 
683 371 8134384 414 
684 372 8136972 376 
685 373 8139562 354 
688 374 8147332 -2260 
690 375 8152510 -2280 
691 376 8155100 290 
692 377 8157686 294 
693 378 8160274 394 
694 379 8162866 374 
695 380 8165454 288 
699 381 8175814 -7472 
701 383 8180988 390 
706 384 8193932 -9980 
708 385 8199114 -2242 
711 386 8206878 394 
712 387 8209468 328 
713 388 8212056 334 
714 389 8214644 416 
715 390 8217234 418 
717 391 8222410 -2172 
718 392 8225000 278 
719 393 8227588 410 
722 394 8235356 -4764 
723 395 8237944 282 
725 396 8243122 332 
728 397 8250890 -4864 
732 398 8261246 -7392 
733 399 8263834 394 
734 400 8266424 378 
737 401 8274190 370 
738 402 8276780 416 
740 403 8281956 -2216 
741 404 8284546 282 
742 405 8287134 374 
744 406 8292312 -2308 
749 407 8305256 -10042 
750 408 8307844 376 
751 409 8310432 330 
752 410 8313022 318 
754 411 8318194 -2268 
757 412 8325964 -4902 
758 413 8328554 394 
761 414 8336318 -4786 
763 415 8341496 -2214 
765 416 8346672 -2236 
767 417 8351848 -2252 
769 418 8357024 -2302 
771 419 8362202 -2294 
772 420 8364790 282 
774 421 8369966 -2234 
777 423 8377732 -2234 
779 424 8382910 348 
26214 26214 1720120665 -515033790 
783 425 8393266 392 
787 426 8403622 -2276 
789 427 8408800 294 
790 428 8411388 336 
791 428 8413976 334 
793 429 8419154 -2276 
794 430 8421744 286 
795 431 8424332 414 
796 432 8426922 334 
798 433 8432100 -2176 
799 434 8434688 290 
800 435 8437278 334 
801 435 8439866 354 
802 436 8442456 374 
803 437 8445044 412 
805 438 8450224 -2172 
806 439 8452812 370 
811 442 8465756 410 
812 443 8468344 378 
813 444 8470932 290 
814 445 8473522 282 
817 446 8481288 -2216 
820 447 8489054 -4892 
821 448 8491642 312 
823 449 8496820 290 
825 450 8501998 330 
826 451 8504586 376 
828 452 8509764 412 
830 453 8514942 -2300 
831 454 8517528 310 
832 455 8520118 394 
833 456 8522708 314 
834 457 8525296 336 
836 458 8530472 -2196 
837 459 8533062 282 
839 460 8538238 -2306 
841 461 8543414 -2234 
842 462 8546004 298 
843 463 8548592 332 
844 463 8551182 374 
845 464 8553770 378 
848 465 8561536 294 
849 466 8564126 310 
852 468 8571890 286 
854 469 8577070 -2312 
855 470 8579658 370 
856 471 8582248 414 
858 472 8587426 318 
861 473 8595192 -2274 
865 474 8605548 -4898 
866 475 8608136 392 
867 476 8610724 350 
868 477 8613312 354 
869 478 8615902 318 
870 479 8618490 374 
872 480 8623666 -2274 
874 481 8628842 -2278 
875 482 8631430 352 
878 483 8639196 -2194 
880 484 8644368 -2258 
890 486 8670254 -4820 
891 486 8672844 372 
892 487 8675432 294 
893 488 8678020 310 
896 489 8685784 -4862 
900 490 8696136 -7392 
901 491 8698724 290 
902 492 8701312 392 
903 493 8703902 354 
904 494 8706490 294 
906 495 8711668 416 
907 496 8714256 310 
909 497 8719434 -2214 
910 498 8722022 354 
916 499 8737552 -4888 
917 500 8740142 354 
920 501 8747912 -4786 
921 502 8750500 356 
922 503 8753090 414 
923 504 8755678 296 
924 505 8758266 394 
0 0 49052 1429474643 
926 506 8763444 284 
927 507 8766034 290 
929 508 8771210 -2296 
932 509 8778978 -4826 
933 510 8781566 392 
935 511 8786744 -2234 
941 512 8802274 -12532 
945 513 8812634 -7484 
947 514 8817810 -2196 
948 515 8820400 296 
952 516 8830754 414 
953 517 8833344 290 
954 518 8835932 298 
956 519 8841112 358 
958 520 8846288 -2178 
960 521 8851466 -2300 
962 522 8856644 -2176 
966 523 8866998 -7350 
967 524 8869588 352 
969 525 8874762 374 
970 526 8877352 334 
971 527 8879940 412 
972 528 8882530 338 
974 529 8887710 416 
976 530 8892884 376 
978 531 8898064 -2180 
979 532 8900652 290 
980 533 8903242 286 
981 534 8905832 372 
982 535 8908424 354 
983 536 8911014 410 
984 537 8913602 318 
985 538 8916192 312 
986 539 8918780 374 
989 540 8926544 -2196 
994 541 8939490 -2180 
996 542 8944672 334 
998 543 8949850 -2310 
1000 544 8955028 -2300 
1001 545 8957618 350 
1003 546 8962796 -2292 
1004 547 8965384 376 
1007 548 8973152 -4884 
1009 549 8978330 -2174 
1010 549 8980916 282 
1012 550 8986092 -2192 
1015 551 8993864 -2238 
1016 552 8996450 286 
1017 553 8999042 354 
1018 554 9001630 412 
1024 555 9017162 -12666 
1032 556 9037878 -17846 
1038 557 9053412 -10062 
1039 558 9056000 310 
1040 559 9058590 394 
1043 560 9066350 -4764 
1044 561 9068940 396 
1045 562 9071534 312 
1048 563 9079302 -4802 
1049 564 9081892 280 
1050 565 9084480 338 
1052 566 9089658 -2234 
1053 567 9092248 414 
1055 568 9097424 312 
1058 570 9105192 -2258 
1059 571 9107780 292 
1061 572 9112960 -2176 
1062 573 9115552 398 
1065 574 9123322 -4808 
1066 575 9125910 354 
1068 576 9131090 -2280 
1074 577 9146624 -10004 
1076 578 9151804 -2198 
1077 579 9154392 348 
1078 580 9156982 314 
1080 581 9162160 -2254 
1081 582 9164750 330 
1082 583 9167338 374 
1084 584 9172516 -2240 
1085 585 9175106 310 
1088 587 9182870 -2238 
1090 588 9188048 -2232 
1091 589 9190638 410 
1095 591 9201000 -2256 
1098 592 9208768 286 
1100 593 9213946 -2196 
1103 594 9221716 -4770 
1104 595 9224306 294 
1107 596 9232070 -4900 
1108 597 9234660 294 
1109 598 9237252 390 
1110 599 9239842 354 
1111 600 9242432 392 
1113 601 9247610 -2296 
1116 602 9255378 -4784 
1117 603 9257966 392 
1119 604 9263146 -2276 
1120 605 9265732 318 
1122 606 9270914 -2310 
1124 608 9276092 328 
1126 609 9281268 -2256 
1127 610 9283858 418 
1129 611 9289040 -2194 
1131 612 9294220 -2214 
1133 612 9299398 -2302 
1135 612 9304576 -2274 
1137 613 9309752 -2214 
1140 614 9317524 -4866 
1141 615 9320112 278 
1143 616 9325292 -2216 
1145 617 9330470 -2304 
1146 618 9333060 294 
1148 619 9338238 -2176 
1149 620 9340828 280 
1150 621 9343418 418 
1152 622 9348596 -2238 
1153 623 9351186 282 
1154 624 9353774 416 
1155 625 9356360 292 
1158 626 9364132 -4892 
1159 627 9366720 376 
1161 628 9371898 312 
1163 629 9377076 -2302 
1164 630 9379664 416 
1167 631 9387430 394 
1171 631 9397788 -7476 
1172 632 9400376 356 
1175 633 9408142 -4844 
1176 634 9410730 314 
1179 635 9418494 -4790 
1181 636 9423676 -2296 
1183 637 9428854 -2236 
1188 638 9441800 -9958 
1189 639 9444388 282 
1191 640 9449566 -2304 
1193 641 9454744 -2172 
1195 642 9459920 -2194 
1197 643 9465098 -2304 
1198 644 9467684 318 
1199 645 9470272 350 
1201 646 9475454 -2174 
1203 647 9480632 -2270 
1204 648 9483220 296 
1208 649 9493576 418 
1209 650 9496166 370 
1210 650 9498754 416 
1211 651 9501344 410 
1212 652 9503934 286 
1215 653 9511700 -4768 
1216 654 9514290 394 
1218 655 9519468 318 
1219 656 9522056 310 
1220 657 9524646 336 
1221 658 9527236 278 
1222 659 9529820 334 
1225 660 9537592 -2224 
1230 661 9550536 378 
1237 662 9568654 -15252 
1239 663 9573832 354 
1241 665 9579006 294 
1242 666 9581594 336 
1246 667 9591954 -7422 
1248 668 9597134 -2200 
1249 669 9599722 328 
1250 670 9602312 298 
1252 670 9607490 -2300 
1253 671 9610078 332 
1254 672 9612668 414 
1256 673 9617846 286 
1258 674 9623024 -2258 
1259 675 9625612 290 
1260 676 9628202 358 
1262 677 9633378 -2200 
1263 677 9635968 332 
1264 678 9638556 282 
1265 679 9641140 278 
1266 680 9643728 292 
1267 681 9646320 394 
1268 682 9648910 296 
1272 683 9659264 -7432 
1273 684 9661852 390 
1275 685 9667030 -2232 
1276 686 9669620 284 
1277 687 9672208 310 
1278 688 9674798 394 
1285 688 9692916 408 
1286 688 9695504 414 
1288 688 9700686 -2224 
1290 689 9705864 -2298 
1291 690 9708454 392 
1292 691 9711042 394 
1296 692 9721398 -7436 
1299 693 9729166 414 
1305 694 9744700 -12550 
1306 695 9747288 416 
1307 696 9749878 294 
1309 697 9755056 -2304 
1310 698 9757642 358 
1311 699 9760230 370 
1312 700 9762820 374 
1315 701 9770590 -4872 
1317 702 9775768 -2176 
1321 702 9786120 -7346 
1322 703 9788708 358 
1323 704 9791298 390 
1324 705 9793886 412 
1325 706 9796476 280 
1326 706 9799064 418 
1327 707 9801652 280 
1329 708 9806834 280 
1330 709 9809420 336 
1333 710 9817184 -4804 
1334 711 9819776 414 
1336 712 9824954 -2216 
1337 712 9827544 410 
1338 713 9830132 336 
1339 714 9832720 350 
1340 715 9835310 374 
1342 716 9840488 -2256 
1344 717 9845666 -2312 
1347 718 9853432 -4846 
1349 719 9858610 -2304 
1350 719 9861200 286 
1351 720 9863788 412 
1353 721 9868966 -2214 
1354 722 9871554 286 
1355 723 9874140 312 
1356 724 9876732 396 
1357 725 9879322 290 
1358 726 9881910 286 
1363 727 9894852 -10074 
1364 728 9897438 376 
1367 729 9905208 -4888 
1369 730 9910386 -2304 
1370 731 9912972 334 
1371 732 9915560 374 
1372 733 9918148 314 
1375 734 9925916 392 
1376 735 9928504 334 
1377 736 9931094 390 
1378 737 9933682 418 
1379 738 9936272 330 
1381 739 9941454 352 
1382 740 9944042 372 
1383 741 9946630 348 
1385 742 9951808 370 
1390 743 9964748 -9936 
1396 744 9980284 -12574 
1397 745 9982874 280 
1398 745 9985462 394 
1400 745 9990640 -2308 
1401 746 9993230 332 
1402 747 9995818 284 
1403 748 9998406 350 
1404 749 10000994 296 
1408 750 10011350 -4844 
1409 751 10013938 394 
1410 752 10016528 358 
1411 753 10019116 328 
1416 754 10032060 -4824 
1417 755 10034648 310 
1419 755 10039826 -2176 
1421 756 10045004 -2174 
1422 757 10047592 310 
1424 758 10052770 -2200 
1425 759 10055360 292 
1426 760 10057950 314 
1428 761 10063128 416 
1429 762 10065716 410 
1431 763 10070894 -2298 
1434 764 10078662 -4784 
1435 765 10081250 394 
1437 766 10086430 -2276 
1440 767 10094198 -4804 
1444 768 10104556 -7378 
1446 768 10109734 -2254 
1447 769 10112322 310 
1448 770 10114912 396 
1449 771 10117500 370 
1452 772 10125268 -4844 
1454 773 10130448 -2240 
1457 774 10138216 290 
1460 774 10145982 376 
1462 775 10151162 -2196 
1464 776 10156340 -2312 
1465 777 10158930 372 
1467 778 10164108 -2200 
1468 779 10166696 376 
1469 780 10169286 280 
1470 781 10171876 296 
1472 782 10177054 -2198 
1473 783 10179642 408 
30037 21845 -1780415864 -285366276 
1476 784 10187410 294 
1477 785 10190000 310 
1479 786 10195178 -2276 
1481 787 10200358 -2176 
1482 788 10202946 374 
1483 789 10205536 280 
1485 790 10210714 -2276 
1486 791 10213302 394 
1487 792 10215892 408 
1488 793 10218480 354 
1489 794 10221068 410 
1491 795 10226244 -2300 
1493 795 10231422 -2280 
1494 796 10234012 374 
1495 797 10236600 282 
1496 798 10239188 318 
1497 799 10241778 310 
1499 800 10246954 -2234 
1500 801 10249542 284 
1501 802 10252132 358 
1502 802 10254720 334 
1505 803 10262488 -4808 
1508 804 10270254 -4894 
1509 805 10272842 310 
1511 806 10278020 -2272 
1512 807 10280610 338 
1514 808 10285788 282 
1517 809 10293556 -4766 
1518 810 10296144 292 
1519 811 10298734 392 
1520 812 10301322 394 
1522 813 10306500 -2300 
1529 814 10324622 -2236 
1530 815 10327210 312 
1531 816 10329800 390 
1533 817 10334976 -2210 
1534 818 10337566 294 
1537 819 10345334 -2172 
1538 820 10347922 292 
1539 821 10350512 410 
1540 822 10353100 414 
1542 823 10358278 -2280 
1543 823 10360868 280 
1544 824 10363456 394 
1548 825 10373814 -4842 
1549 826 10376402 356 
1550 827 10378992 338 
1551 828 10381580 390 
1553 829 10386756 354 
1555 830 10391938 290 
1556 831 10394526 414 
1557 832 10397114 412 
1560 833 10404882 -2176 
1562 834 10410060 -2180 
1563 835 10412650 310 
1564 836 10415238 282 
1566 837 10420416 -2216 
1569 838 10428184 -4768 
1570 839 10430774 396 
1571 839 10433362 374 
1573 840 10438538 394 
1574 841 10441124 368 
1575 842 10443716 372 
1576 843 10446306 334 
1577 844 10448896 354 
1578 845 10451484 376 
1580 846 10456662 -2296 
1581 847 10459252 392 
1582 848 10461840 328 
1583 849 10464428 310 
1585 849 10469606 -2212 
1586 849 10472194 316 
1587 849 10474784 370 
1588 850 10477372 332 
1589 851 10479960 330 
1590 852 10482550 414 
1592 853 10487728 -2296 
1593 854 10490316 334 
1594 855 10492902 354 
1596 856 10498084 -2198 
1597 857 10500672 328 
1598 858 10503260 312 
1602 859 10513616 -7414 
1604 860 10518794 -2240 
1607 861 10526562 292 
1609 862 10531740 -2230 
1611 863 10536918 374 
1612 864 10539506 336 
1613 865 10542094 392 
1617 866 10552448 -7394 
1618 867 10555038 414 
1619 868 10557628 414 
1621 869 10562806 -2252 
1622 870 10565394 394 
1623 871 10567984 310 
1626 872 10575750 -4764 
1627 873 10578340 392 
1631 874 10588690 -7406 
1632 875 10591278 414 
1633 876 10593866 410 
1634 877 10596458 410 
1636 878 10601632 -2228 
1638 879 10606814 -2280 
1639 880 10609404 280 
1641 881 10614576 -2288 
1646 882 10627518 -9938 
1647 883 10630108 332 
1648 884 10632696 282 
1650 886 10637878 284 
1651 887 10640464 352 
1652 888 10643056 374 
1654 889 10648234 -2220 
1659 890 10661178 -4786 
1660 890 10663764 336 
1661 890 10666352 368 
1662 891 10668946 356 
1663 892 10671536 278 
1664 893 10674124 318 
1665 894 10676714 392 
1669 895 10687070 -7352 
1670 896 10689658 294 
1671 897 10692248 330 
1672 898 10694836 314 
1674 899 10700016 394 
1675 900 10702604 352 
1678 901 10710368 -4786 
1679 901 10712960 310 
1680 902 10715548 314 
1681 903 10718136 334 
1683 904 10723314 -2256 
1685 905 10728492 294 
1686 906 10731082 298 
1688 907 10736260 -2194 
1689 908 10738848 294 
1690 909 10741436 286 
1692 910 10746614 -2176 
1694 911 10751796 -2218 
1696 912 10756974 -2194 
17476 17476 1145574576 -19290229 
1699 914 10764740 -2272 
1700 915 10767330 286 
1701 916 10769918 414 
1702 917 10772506 284 
1703 918 10775094 290 
1704 919 10777684 372 
1706 920 10782864 396 
1707 921 10785454 394 
1708 922 10788042 414 
1709 923 10790632 330 
1711 924 10795810 -2254 
1712 925 10798398 316 
1713 926 10800988 292 
1716 927 10808754 -4896 
1717 928 10811344 410 
1720 928 10819108 -4758 
1721 929 10821700 336 
1722 930 10824288 414 
1723 931 10826878 312 
1724 932 10829462 278 
1725 933 10832052 330 
1726 934 10834640 352 
1730 935 10844996 -7478 
1735 936 10857942 290 
1737 938 10863122 330 
1738 939 10865712 314 
1741 940 10873478 -4848 
1742 941 10876066 294 
1746 941 10886422 -7474 
1747 942 10889012 354 
1750 943 10896778 -4864 
1751 944 10899368 330 
1753 945 10904544 352 
1755 946 10909722 294 
1758 947 10917488 -4842 
1760 948 10922666 -2276 
1761 949 10925252 374 
1762 950 10927842 374 
1763 950 10930432 332 
1764 951 10933022 376 
1765 952 10935610 374 
1766 952 10938198 334 
1767 953 10940784 412 
1769 954 10945960 -2174 
1770 955 10948550 398 
1772 956 10953726 -2174 
1773 957 10956316 370 
1776 958 10964082 -2180 
1777 959 10966672 290 
1779 960 10971854 -2204 
1784 961 10984798 -10008 
1785 962 10987388 396 
1787 963 10992562 -2252 
1788 964 10995154 294 
1792 966 11005512 -2220 
1793 967 11008100 368 
1795 968 11013278 -2232 
1797 969 11018456 -2236 
1798 970 11021044 356 
1799 971 11023632 292 
1800 972 11026222 286 
1801 973 11028810 408 
1805 974 11039164 -7448 
1807 975 11044340 292 
1808 976 11046928 336 
1809 977 11049518 292 
1810 978 11052106 286 
1811 979 11054692 292 
1812 980 11057280 334 
1815 981 11065048 -4860 
1816 982 11067638 334 
1817 983 11070226 332 
1818 984 11072814 416 
1819 985 11075404 410 
1820 986 11077996 334 
1823 987 11085762 -4848 
1824 988 11088352 354 
1826 989 11093530 -2256 
1828 990 11098704 -2180 
1829 991 11101292 280 
1830 992 11103884 296 
1831 993 11106474 370 
1833 994 11111652 330 
1834 995 11114242 288 
1835 995 11116830 330 
1836 995 11119420 286 
1837 996 11122008 280 
1839 997 11127186 -2294 
1840 998 11129774 282 
1841 999 11132364 350 
1842 1000 11134952 416 
1844 1000 11140126 -2256 
1846 1001 11145306 -2274 
1847 1002 11147896 410 
1848 1003 11150486 354 
1849 1004 11153076 310 
1850 1004 11155664 374 
1852 1005 11160838 -2236 
1853 1006 11163428 308 
1854 1007 11166016 370 
1855 1008 11168604 280 
1857 1009 11173782 372 
1860 1010 11181550 338 
1861 1011 11184140 330 
1862 1012 11186728 310 
1864 1013 11191906 308 
1865 1014 11194498 278 
1866 1015 11197088 356 
1868 1016 11202266 -2200 
1871 1017 11210030 -4826 
1872 1018 11212622 376 
1873 1019 11215212 372 
1876 1020 11222980 -4824 
1878 1022 11228158 308 
1879 1023 11230748 412 
1881 1024 11235926 -2212 
1883 1025 11241106 -2296 
1884 1026 11243694 388 
1891 1027 11261814 -4828 
1892 1028 11264402 416 
1894 1029 11269580 -2240 
1896 1030 11274758 -2254 
1897 1031 11277348 408 
1901 1032 11287704 -7410 
1902 1033 11290294 416 
1904 1034 11295472 -2262 
1905 1035 11298060 370 
1907 1036 11303242 -2216 
1908 1037 11305832 354 
1910 1038 11311008 -2194 
1912 1039 11316184 -2176 
1913 1039 11318770 350 
1914 1040 11321362 286 
1915 1041 11323952 330 
1917 1042 11329130 -2216 
1918 1043 11331718 374 
1919 1044 11334308 330 
1921 1045 11339486 -2272 
1922 1046 11342074 296 
1923 1046 11344664 314 
1924 1047 11347252 316 
1925 1047 11349842 330 
1926 1047 11352430 282 
1928 1048 11357604 -2214 
1930 1049 11362786 -2314 
1931 1050 11365376 280 
1938 1051 11383494 -15234 
1940 1052 11388670 -2278 
1941 1053 11391260 416 
1943 1054 11396436 -2276 
1944 1055 11399026 414 
1945 1056 11401614 370 
1946 1057 11404202 286 
1948 1058 11409380 -2260 
1949 1059 11411972 410 
1950 1060 11414562 414 
1954 1061 11424914 -7454 
1956 1062 11430094 -2236 
1958 1062 11435274 -2260 
1960 1063 11440452 -2310 
1961 1064 11443040 292 
1962 1065 11445628 414 
1963 1066 11448218 318 
1964 1067 11450806 376 
1967 1068 11458572 -4884 
1969 1069 11463748 -2240 
1971 1069 11468926 334 
1972 1070 11471516 358 
1979 1071 11489634 -2174 
1983 1072 11499990 -4882 
1984 1073 11502580 318 
1986 1074 11507758 414 
1988 1075 11512936 -2300 
1989 1076 11515526 352 
1992 1077 11523296 -4864 
1994 1077 11528474 -2236 
1995 1078 11531062 416 
1996 1079 11533648 394 
1997 1080 11536236 310 
1999 1081 11541418 -2216 
2002 1081 11549184 376 
2004 1082 11554362 -2220 
2005 1083 11556952 278 
2006 1083 11559540 318 
2007 1084 11562130 374 
2008 1085 11564720 374 
2012 1086 11575070 -7426 
2013 1087 11577664 328 
2015 1088 11582842 280 
2016 1089 11585432 358 
2018 1089 11590610 -2198 
2020 1090 11595788 -2180 
2021 1091 11598376 414 
2022 1092 11600966 414 
2023 1093 11603554 418 
2024 1094 11606142 374 
2025 1095 11608732 314 
2027 1096 11613908 -2174 
2028 1096 11616496 286 
2030 1096 11621674 -2172 
2031 1097 11624262 388 
2032 1098 11626852 296 
2033 1099 11629442 412 
2034 1100 11632030 286 
2038 1101 11642388 -7434 
2043 1102 11779080 -52756 
