611 611 20562184 
612 612 20569320 
613 613 20576444 
614 614 20582924 
615 615 20589394 
616 616 20596512 
617 617 20603628 
618 618 20610100 
619 619 20617864 
620 620 20624336 
621 621 20632102 
622 622 20638572 
623 623 20646340 
624 624 20652162 
625 625 20657990 
626 626 20663814 
627 627 20668992 
628 628 20674166 
629 629 20679344 
630 630 20684520 
631 631 20689050 
632 632 20693580 
633 633 20698110 
634 634 20702640 
635 635 20707818 
636 636 20713644 
637 637 20720764 
638 638 20729178 
639 639 20736944 
640 640 20743416 
641 641 20749242 
642 642 20754418 
643 643 20758950 
644 644 20763480 
645 645 20768012 
646 646 20773186 
647 647 20779012 
648 648 20786130 
649 649 20794544 
650 650 20804250 
651 651 20819784 
652 652 20834670 
653 653 20843734 
654 654 20857972 
655 655 20872860 
656 656 20889040 
657 657 20903928 
658 658 20936292 
659 659 20940822 
660 660 20969296 
661 661 20974480 
662 662 20986776 
663 663 21027552 
664 664 21037908 
665 665 21069620 
666 666 21073502 
667 667 21086448 
668 668 21134988 
669 669 21186122 
670 670 21192594 
671 671 21263134 
672 672 21292910 
673 673 21373808 
674 674 21495488 
675 675 21628790 
676 676 21700624 
677 677 21751108 
678 678 21767292 
679 679 21785414 
680 680 21797066 
681 681 21858558 
682 682 21862438 
683 683 21872150 
684 684 21883154 
685 685 21892862 
686 686 21901276 
687 687 21909690 
688 688 21918104 
689 689 21927166 
690 690 21937522 
691 691 21947878 
692 692 21959528 
693 693 21969884 
694 694 21977650 
695 695 21985418 
696 696 21992538 
697 697 22002894 
698 698 22021664 
699 699 22029428 
700 700 22037844 
701 701 22046258 
702 702 22054672 
703 703 22063082 
704 704 22078620 
705 705 22088328 
706 706 22109042 
707 707 22118754 
708 708 22162766 
709 709 22170534 
710 710 22211312 
711 711 22213254 
712 712 22217138 
713 713 22224906 
714 714 22250792 
715 715 22253380 
716 716 22259204 
717 717 22270208 
718 718 22305156 
719 719 22307744 
720 720 22313570 
721 721 22326516 
722 722 22354346 
723 723 22357582 
724 724 22367288 
725 725 22417124 
726 726 22419712 
727 727 22425538 
728 728 22461136 
729 729 22463076 
730 730 22466958 
731 731 22476014 
732 732 22510322 
733 733 22512262 
734 734 22515500 
735 735 22521324 
736 736 22529090 
737 737 22541392 
738 738 22543330 
739 739 22546568 
740 740 22552394 
741 741 22560158 
742 742 22570516 
743 743 22607414 
744 744 22609354 
745 745 22613238 
746 746 22622302 
747 747 22656604 
748 748 22658546 
749 749 22663074 
750 750 22674078 
751 751 22714852 
752 752 22717438 
753 753 22722618 
754 754 22732974 
755 755 22760162 
756 756 22762752 
757 757 22769224 
758 758 22780876 
759 759 22824246 
760 760 22828126 
761 761 22837190 
762 762 22844312 
763 763 22850784 
764 764 22857900 
765 765 22866968 
766 766 22878620 
767 767 22888328 
768 768 22896096 
769 769 22903864 
770 770 22912280 
771 771 22921990 
772 772 22931694 
773 773 22942054 
774 774 22953054 
775 775 22962116 
776 776 22969876 
777 777 22977004 
778 778 22988654 
779 779 23001598 
780 780 23011306 
781 781 23021010 
782 782 23032018 
783 783 23046260 
784 784 23060502 
785 785 23076684 
786 786 23105164 
787 787 23112284 
788 788 23149824 
789 789 23160828 
790 790 23206784 
791 791 23209370 
792 792 23217786 
793 793 23250152 
794 794 23252738 
795 795 23258564 
796 796 23268272 
797 797 23292220 
798 798 23296750 
799 799 23309048 
800 800 23345938 
801 801 23347880 
802 802 23351116 
803 803 23357590 
804 804 23382836 
805 805 23384776 
806 806 23388658 
807 807 23395778 
808 808 23406784 
809 809 23424262 
810 810 23426850 
811 811 23432028 
812 812 23438502 
813 813 23447564 
814 814 23455332 
815 815 23460512 
816 816 23470222 
817 817 23487046 
818 818 23512940 
819 819 23519412 
820 820 23569896 
821 821 23574426 
822 822 23620384 
823 823 23624266 
824 824 23634622 
825 825 23664402 
826 826 23668284 
827 827 23679938 
828 828 23722010 
829 829 23725244 
830 830 23736248 
831 831 23767318 
832 832 23773144 
833 833 23789982 
834 834 23817810 
835 835 23822988 
836 836 23835290 
837 837 23863774 
838 838 23868304 
839 839 23884486 
840 840 23911016 
841 841 23915546 
842 842 23927852 
843 843 23961506 
844 844 23965388 
845 845 23978988 
846 846 24013292 
847 847 24017174 
848 848 24028174 
849 849 24066366 
850 850 24070896 
851 851 24085782 
852 852 24117490 
853 853 24121372 
854 854 24131730 
855 855 24171854 
856 856 24175090 
857 857 24184798 
858 858 24222340 
859 859 24224928 
860 860 24230754 
861 861 24242408 
862 862 24263768 
863 863 24268296 
864 864 24278652 
865 865 24326544 
866 866 24328486 
867 867 24331722 
868 868 24342074 
869 869 24359542 
870 870 24363424 
871 871 24369894 
872 872 24378952 
873 873 24415840 
874 874 24417780 
875 875 24421016 
876 876 24426842 
877 877 24434610 
878 878 24446258 
879 879 24448194 
880 880 24451434 
881 881 24455316 
882 882 24460494 
883 883 24468262 
884 884 24485090 
885 885 24488326 
886 886 24495444 
887 887 24503860 
888 888 24511622 
889 889 24523276 
890 890 24526508 
891 891 24534278 
892 892 24548514 
893 893 24591884 
894 894 24594472 
895 895 24600944 
896 896 24631360 
897 897 24634596 
898 898 24641070 
899 899 24652716 
900 900 24677314 
901 901 24679902 
902 902 24684434 
903 903 24691556 
904 904 24699970 
905 905 24711620 
906 906 24714206 
907 907 24718736 
908 908 24725854 
909 909 24736210 
910 910 24768572 
911 911 24770514 
912 912 24774398 
913 913 24782812 
914 914 24813238 
915 915 24815178 
916 916 24819060 
917 917 24827474 
918 918 24864364 
919 919 24866304 
920 920 24869542 
921 921 24874722 
922 922 24882488 
923 923 24893490 
924 924 24896728 
925 925 24901912 
926 926 24907736 
927 927 24914854 
928 928 24925210 
929 929 24942036 
930 930 24945916 
931 931 24956274 
932 932 24971810 
933 933 24993816 
934 934 24998346 
935 935 25016466 
936 936 25047530 
937 937 25054650 
938 938 25107068 
939 939 25110304 
940 940 25154312 
941 941 25157548 
942 942 25165314 
943 943 25203498 
944 944 25206084 
945 945 25213202 
946 946 25232616 
947 947 25236500 
948 948 25243618 
949 949 25252034 
950 950 25262388 
951 951 25298626 
952 952 25301860 
953 953 25312218 
954 954 25351046 
955 955 25353634 
956 956 25358814 
957 957 25369810 
958 958 25392458 
959 959 25396340 
960 960 25405402 
961 961 25423524 
962 962 25427406 
963 963 25446178 
964 964 25462360 
965 965 25480482 
966 966 25491488 
967 967 25551674 
968 968 25608622 
969 969 25672042 
970 970 25673984 
971 971 25675926 
972 972 25677866 
973 973 25680456 
974 974 25683044 
975 975 25685636 
976 976 25688870 
977 977 25692106 
978 978 25695344 
979 979 25699224 
980 980 25703754 
981 981 25708932 
982 982 25714110 
983 983 25719288 
984 984 25725112 
985 985 25732880 
986 986 25740644 
987 987 25747762 
988 988 25754236 
989 989 25760060 
990 990 25765886 
991 991 25780124 
992 992 25796952 
993 993 25809250 
994 994 25822196 
995 995 25844852 
996 996 25856502 
997 997 25871384 
998 998 25896624 
999 999 25904390 
1000 1000 25925098 
1001 1001 25956158 
1002 1002 25992396 
1003 1003 26024748 
1004 1004 26046748 
1005 1005 26080392 
1006 1006 26098518 
1007 1007 26132818 
1008 1008 26181350 
1009 1009 26184584 
1010 1010 26193644 
1011 1011 26218230 
1012 1012 26222112 
1013 1013 26231170 
1014 1014 26249938 
1015 1015 26254466 
1016 1016 26262878 
1017 1017 26271284 
1018 1018 26282288 
1019 1019 26293282 
1020 1020 26298462 
1021 1021 26312048 
1022 1022 26351520 
1023 1023 26354752 
1024 1024 26362520 
1025 1025 26394226 
1026 1026 26396812 
1027 1027 26401988 
1028 1028 26412986 
1029 1029 26435634 
1030 1030 26437574 
1031 1031 26440812 
1032 1032 26446634 
1033 1033 26454400 
1034 1034 26465400 
1035 1035 26467988 
1036 1036 26472518 
1037 1037 26481572 
1038 1038 26517808 
1039 1039 26519748 
1040 1040 26523630 
1041 1041 26530746 
1042 1042 26541098 
1043 1043 26558568 
1044 1044 26566334 
1045 1045 26613572 
1046 1046 26618748 
1047 1047 26621984 
1048 1048 26625220 
1049 1049 26628452 
1050 1050 26631690 
1051 1051 26635572 
1052 1052 26639456 
1053 1053 26643986 
1054 1054 26649810 
1055 1055 26656282 
1056 1056 26662106 
1057 1057 26664688 
1058 1058 26675050 
1059 1059 26684758 
1060 1060 26693816 
1061 1061 26702878 
1062 1062 26711290 
1063 1063 26719704 
1064 1064 26752062 
1065 1065 26761122 
1066 1066 26781832 
1067 1067 26797360 
1068 1068 26812244 
1069 1069 26848482 
1070 1070 26853010 
1071 1071 26871774 
1072 1072 26895722 
1073 1073 26911900 
1074 1074 26949434 
1075 1075 26964962 
1076 1076 27006372 
1077 1077 27010256 
1078 1078 27047140 
1079 1079 27052320 
1080 1080 27062024 
1081 1081 27098266 
1082 1082 27102148 
1083 1083 27113150 
1084 1084 27137096 
1085 1085 27139686 
1086 1086 27144214 
1087 1087 27153274 
1088 1088 27175928 
1089 1089 27178516 
1090 1090 27184342 
1091 1091 27194052 
1092 1092 27225118 
1093 1093 27227060 
1094 1094 27230294 
1095 1095 27236118 
1096 1096 27244532 
1097 1097 27255534 
1098 1098 27258122 
1099 1099 27262654 
1100 1100 27268478 
1101 1101 27278188 
1102 1102 27309246 
1103 1103 27311186 
1104 1104 27314420 
1105 1105 27320892 
1106 1106 27329950 
1107 1107 27341598 
1108 1108 27344188 
1109 1109 27348716 
1110 1110 27355834 
1111 1111 27366838 
1112 1112 27390128 
1113 1113 27392716 
1114 1114 27397898 
1115 1115 27406958 
1116 1116 27419902 
1117 1117 27423134 
1118 1118 27428314 
1119 1119 27436080 
1120 1120 27452260 
1121 1121 27463264 
1122 1122 27472972 
1123 1123 27485266 
1124 1124 27519572 
1125 1125 27523454 
1126 1126 27541580 
1127 1127 27553874 
1128 1128 27559702 
1129 1129 27568762 
1130 1130 27583006 
1131 1131 27588828 
1132 1132 27601776 
1133 1133 27617308 
1134 1134 27639314 
1135 1135 27644490 
1136 1136 27687204 
1137 1137 27689146 
1138 1138 27692384 
1139 1139 27695620 
1140 1140 27699504 
1141 1141 27703384 
1142 1142 27707268 
1143 1143 27712444 
1144 1144 27718270 
1145 1145 27722880 
1146 1146 27724818 
1147 1147 27726756 
1148 1148 27728694 
1149 1149 27730632 
1150 1150 27732572 
1151 1151 27737750 
1152 1152 27741632 
1153 1153 27746164 
1154 1154 27750046 
1155 1155 27755224 
1156 1156 27759108 
1157 1157 27763636 
1158 1158 27767520 
1159 1159 27772696 
1160 1160 27776580 
1161 1161 27781110 
1162 1162 27784994 
1163 1163 27790172 
1164 1164 27794056 
1165 1165 27798586 
1166 1166 27802468 
1167 1167 27807646 
1168 1168 27811528 
1169 1169 27816062 
1170 1170 27820592 
1171 1171 27824476 
1172 1172 27829006 
1173 1173 27833538 
1174 1174 27837422 
1175 1175 27842600 
1176 1176 27846478 
1177 1177 27851014 
1178 1178 27854896 
1179 1179 27860074 
1180 1180 27863956 
1181 1181 27868484 
1182 1182 27872368 
1183 1183 27877542 
1184 1184 27881428 
1185 1185 27885956 
1186 1186 27889840 
1187 1187 27895016 
1188 1188 27898902 
1189 1189 27903430 
1190 1190 27907962 
1191 1191 27911846 
1192 1192 27916376 
1193 1193 27920904 
1194 1194 27924786 
1195 1195 27929966 
1196 1196 27933846 
1197 1197 27938376 
1198 1198 27942258 
1199 1199 27947436 
1200 1200 27951318 
1201 1201 27955848 
1202 1202 27959728 
1203 1203 27964910 
1204 1204 27968790 
1205 1205 27973322 
1206 1206 27977206 
1207 1207 27982382 
1208 1208 27986266 
1209 1209 27990796 
1210 1210 27995328 
1211 1211 27999210 
1212 1212 28003742 
1213 1213 28008272 
1214 1214 28012158 
1215 1215 28017334 
1216 1216 28021214 
1217 1217 28025114 
1218 1218 28027054 
1219 1219 28028990 
1220 1220 28030930 
1221 1221 28032870 
1222 1222 28036104 
1223 1223 28042576 
1224 1224 28045812 
1225 1225 28052280 
1226 1226 28055518 
1227 1227 28061354 
1228 1228 28063294 
1229 1229 28065236 
1230 1230 28067174 
1231 1231 28069112 
1232 1232 28082704 
1233 1233 28085288 
1234 1234 28098230 
1235 1235 28100822 
1236 1236 28113764 
1237 1237 28116356 
1238 1238 28129300 
1239 1239 28131888 
1240 1240 28144832 
1241 1241 28147420 
1242 1242 28160366 
1243 1243 28162952 
1244 1244 28175892 
1245 1245 28178480 
1246 1246 28191418 
1247 1247 28194006 
1248 1248 28206944 
1249 1249 28209534 
1250 1250 28222472 
1251 1251 28225062 
1252 1252 28238002 
1253 1253 28240592 
1254 1254 28253532 
1255 1255 28256122 
1256 1256 28263898 
1257 1257 28265842 
1258 1258 28267780 
1259 1259 28269716 
1260 1260 28271658 
1261 1261 28273610 
1262 1262 28275552 
1263 1263 28277490 
1264 1264 28279430 
1265 1265 28281368 
1266 1266 28283956 
1267 1267 28296252 
1268 1268 28299486 
1269 1269 28305308 
1270 1270 28309184 
1271 1271 28313716 
1272 1272 28318248 
1273 1273 28322132 
1274 1274 28327308 
1275 1275 28330544 
1276 1276 28337662 
1277 1277 28340898 
1278 1278 28346722 
1279 1279 28349958 
1280 1280 28357078 
1281 1281 28360314 
1282 1282 28366138 
1283 1283 28370020 
1284 1284 28374550 
1285 1285 28378434 
1286 1286 28383610 
1287 1287 28387494 
1288 1288 28392022 
1289 1289 28395908 
1290 1290 28399794 
1291 1291 28401738 
1292 1292 28403678 
1293 1293 28405616 
1294 1294 28409498 
1295 1295 28414028 
1296 1296 28417910 
1297 1297 28423088 
1298 1298 28426968 
1299 1299 28431496 
1300 1300 28436028 
1302 1302 28444438 
1303 1303 28448970 
1304 1304 28452852 
1305 1305 28457384 
1306 1306 28461914 
1307 1307 28465794 
1308 1308 28470972 
1309 1309 28474856 
1311 1311 28492292 
