0 0 951282 
1 1 953230 
2 2 955172 
3 3 957116 
4 4 959064 
5 5 961010 
6 6 962950 
7 7 964894 
8 8 966834 
9 9 968776 
10 10 970716 
11 11 972658 
12 12 974600 
13 13 976540 
14 14 978482 
15 15 980424 
16 16 982364 
17 17 984306 
18 18 986248 
19 19 988188 
20 20 990130 
21 21 992074 
22 22 994016 
23 23 995954 
24 24 997896 
25 25 999840 
26 26 1001780 
27 27 1003722 
28 28 1005664 
29 29 1007604 
30 30 1009546 
31 31 1011488 
32 32 1013428 
33 33 1015370 
34 34 1017312 
35 35 1019250 
36 36 1021194 
37 37 1023136 
38 38 1025078 
39 39 1027020 
40 40 1028960 
41 41 1030902 
42 42 1032844 
43 43 1034784 
44 44 1036726 
45 45 1038668 
46 46 1040610 
47 47 1042552 
48 48 1044494 
49 49 1046434 
50 50 1048376 
51 51 1050318 
52 52 1052260 
53 53 1054202 
54 54 1056142 
55 55 1058084 
56 56 1060026 
57 57 1061968 
58 58 1063908 
59 59 1065850 
60 60 1067792 
61 61 1069734 
62 62 1071676 
63 63 1073618 
64 64 1075558 
65 65 1077500 
66 66 1079442 
67 67 1081384 
68 68 1083326 
69 69 1085268 
70 70 1087210 
71 71 1089152 
72 72 1091092 
73 73 1093034 
74 74 1094976 
75 75 1096918 
76 76 1098858 
77 77 1100800 
78 78 1102742 
79 79 1104684 
80 80 1106626 
81 81 1108568 
82 82 1110508 
83 83 1112450 
84 84 1114392 
85 85 1116334 
86 86 1118276 
87 87 1120218 
88 88 1122158 
89 89 1124100 
90 90 1126042 
91 91 1127984 
92 92 1129924 
93 93 1131866 
94 94 1133808 
95 95 1135750 
96 96 1137690 
97 97 1139632 
98 98 1141574 
99 99 1143514 
100 100 1145456 
101 101 1147398 
102 102 1149340 
103 103 1151282 
104 104 1153222 
105 105 1155164 
106 106 1157106 
107 107 1159048 
108 108 1160988 
109 109 1162930 
110 110 1164870 
111 111 1166812 
112 112 1168754 
113 113 1170694 
114 114 1172636 
115 115 1174578 
116 116 1176520 
117 117 1178460 
118 118 1180402 
119 119 1182344 
120 120 1184286 
121 121 1186228 
122 122 1188168 
123 123 1190110 
124 124 1192052 
125 125 1193992 
126 126 1195932 
127 127 1197876 
128 128 1199818 
129 129 1201760 
130 130 1203700 
131 131 1205642 
132 132 1207584 
133 133 1209526 
134 134 1211468 
135 135 1213410 
136 136 1215350 
137 137 1217292 
138 138 1219234 
139 139 1221176 
140 140 1223118 
141 141 1225060 
142 142 1227002 
143 143 1228942 
144 144 1230884 
145 145 1232826 
146 146 1234768 
147 147 1236710 
148 148 1238650 
149 149 1240592 
150 150 1242534 
151 151 1244472 
152 152 1246414 
153 153 1248358 
154 154 1250300 
155 155 1252242 
156 156 1254184 
157 157 1256122 
158 158 1258062 
159 159 1260008 
160 160 1261950 
161 161 1263890 
162 162 1265832 
163 163 1267774 
164 164 1269716 
165 165 1271658 
166 166 1273598 
167 167 1275540 
168 168 1277482 
169 169 1279424 
170 170 1281366 
171 171 1283306 
172 172 1285248 
173 173 1287190 
174 174 1289132 
175 175 1291072 
176 176 1293014 
177 177 1294954 
178 178 1296896 
179 179 1298838 
180 180 1300780 
181 181 1302718 
182 182 1304662 
183 183 1306600 
184 184 1308542 
185 185 1310484 
186 186 1312428 
187 187 1314370 
188 188 1316312 
189 189 1318254 
190 190 1320194 
191 191 1322136 
192 192 1324078 
193 193 1326018 
194 194 1327960 
195 195 1329902 
196 196 1331842 
197 197 1333784 
198 198 1335726 
199 199 1337668 
200 200 1339606 
201 201 1341546 
202 202 1343492 
203 203 1345434 
204 204 1347376 
205 205 1349318 
206 206 1351260 
207 207 1353200 
208 208 1355142 
209 209 1357084 
210 210 1359024 
211 211 1360966 
212 212 1362908 
213 213 1364848 
214 214 1366788 
215 215 1368728 
216 216 1370670 
217 217 1372612 
218 218 1374554 
219 219 1376494 
220 220 1378436 
221 221 1380378 
222 222 1382320 
223 223 1384264 
224 224 1386208 
225 225 1388150 
226 226 1390092 
227 227 1392034 
228 228 1393972 
229 229 1395912 
230 230 1397854 
231 231 1399792 
232 232 1401734 
233 233 1403676 
234 234 1405618 
235 235 1407562 
236 236 1409504 
237 237 1411450 
238 238 1413392 
239 239 1415332 
240 240 1417274 
241 241 1419216 
242 242 1421158 
243 243 1423100 
244 244 1425042 
245 245 1426984 
246 246 1428924 
247 247 1430866 
248 248 1432808 
249 249 1434750 
250 250 1436692 
251 251 1438634 
252 252 1440576 
253 253 1442518 
254 254 1444462 
255 255 1446404 
256 256 1448346 
257 257 1450288 
258 258 1452230 
259 259 1454172 
260 260 1456114 
261 261 1458056 
262 262 1459996 
263 263 1461938 
264 264 1463880 
265 265 1465822 
266 266 1467764 
267 267 1469706 
268 268 1471648 
269 269 1473590 
270 270 1475532 
271 271 1477470 
272 272 1479412 
273 273 1481354 
274 274 1483296 
275 275 1485238 
276 276 1487178 
277 277 1489120 
278 278 1491066 
279 279 1493004 
280 280 1494946 
281 281 1496890 
282 282 1498830 
283 283 1500774 
284 284 1502716 
285 285 1504658 
286 286 1506600 
287 287 1508542 
288 288 1510482 
289 289 1512424 
290 290 1514366 
291 291 1516308 
292 292 1518250 
293 293 1520190 
294 294 1522132 
295 295 1524074 
296 296 1526014 
297 297 1527956 
298 298 1529898 
299 299 1531838 
300 300 1533780 
301 301 1535722 
302 302 1537664 
303 303 1539604 
304 304 1541546 
305 305 1543486 
306 306 1545428 
307 307 1547370 
308 308 1549312 
309 309 1551252 
310 310 1553194 
311 311 1555136 
312 312 1557078 
313 313 1559018 
314 314 1560960 
315 315 1562902 
316 316 1564844 
317 317 1566784 
318 318 1568726 
319 319 1570668 
320 320 1572608 
321 321 1574550 
322 322 1576492 
323 323 1578434 
324 324 1580376 
325 325 1582316 
326 326 1584258 
327 327 1586200 
328 328 1588142 
329 329 1590080 
330 330 1592024 
331 331 1593964 
332 332 1595904 
333 333 1597846 
334 334 1599788 
335 335 1601730 
336 336 1603670 
337 337 1605612 
338 338 1607554 
339 339 1609496 
340 340 1611436 
341 341 1613378 
342 342 1615322 
343 343 1617266 
344 344 1619208 
345 345 1621150 
346 346 1623090 
347 347 1625032 
348 348 1626974 
349 349 1628916 
350 350 1630858 
351 351 1632800 
352 352 1634742 
353 353 1636684 
354 354 1638624 
355 355 1640566 
356 356 1642508 
357 357 1644450 
358 358 1646392 
359 359 1648332 
360 360 1650274 
361 361 1652216 
362 362 1654158 
363 363 1656100 
364 364 1658042 
365 365 1659984 
366 366 1661926 
367 367 1663866 
368 368 1665808 
369 369 1667750 
370 370 1669692 
371 371 1671634 
372 372 1673574 
373 373 1675516 
374 374 1677458 
375 375 1679400 
376 376 1681342 
377 377 1683284 
378 378 1685226 
379 379 1687168 
380 380 1689108 
381 381 1691050 
382 382 1692992 
383 383 1694934 
384 384 1696876 
385 385 1698818 
386 386 1700760 
387 387 1702702 
388 388 1704644 
389 389 1706586 
390 390 1708528 
391 391 1710470 
392 392 1712412 
393 393 1714354 
394 394 1716296 
395 395 1718238 
396 396 1720180 
397 397 1722124 
398 398 1724066 
399 399 1726008 
400 400 1727950 
401 401 1729892 
402 402 1731832 
403 403 1733774 
404 404 1735716 
405 405 1737658 
406 406 1739600 
407 407 1741542 
408 408 1743484 
409 409 1745426 
410 410 1747368 
411 411 1749310 
412 412 1751252 
413 413 1753194 
414 414 1755136 
415 415 1757074 
416 416 1759014 
417 417 1760956 
418 418 1762898 
419 419 1764842 
420 420 1766786 
421 421 1768728 
422 422 1770668 
423 423 1772610 
424 424 1774552 
425 425 1776494 
426 426 1778436 
427 427 1780378 
428 428 1782316 
429 429 1784256 
430 430 1786198 
431 431 1788140 
432 432 1790082 
433 433 1792024 
434 434 1793966 
435 435 1795908 
436 436 1797850 
437 437 1799792 
438 438 1801736 
439 439 1803680 
440 440 1805622 
441 441 1807562 
442 442 1809504 
443 443 1811446 
444 444 1813388 
445 445 1815330 
446 446 1817270 
447 447 1819212 
448 448 1821154 
449 449 1823096 
450 450 1825038 
451 451 1826980 
452 452 1828922 
453 453 1830864 
454 454 1832806 
455 455 1834748 
456 456 1836690 
457 457 1838628 
458 458 1840568 
459 459 1842514 
460 460 1844456 
461 461 1846398 
462 462 1848338 
463 463 1850280 
464 464 1852220 
465 465 1854164 
466 466 1856106 
467 467 1858048 
468 468 1859986 
469 469 1861930 
470 470 1863872 
471 471 1865814 
472 472 1867756 
473 473 1869698 
474 474 1871638 
475 475 1873578 
476 476 1875522 
477 477 1877458 
478 478 1879400 
479 479 1881344 
480 480 1883286 
481 481 1885228 
482 482 1887166 
483 483 1889106 
484 484 1891050 
485 485 1892990 
486 486 1894934 
487 487 1896876 
488 488 1898818 
489 489 1900760 
490 490 1902702 
491 491 1904644 
492 492 1906586 
493 493 1908532 
494 494 1910474 
495 495 1912416 
496 496 1914358 
497 497 1916300 
498 498 1918242 
499 499 1920184 
500 500 1922126 
501 501 1924068 
502 502 1926008 
503 503 1927950 
504 504 1929892 
505 505 1931834 
506 506 1933776 
507 507 1935718 
508 508 1937660 
509 509 1939602 
510 510 1941542 
511 511 1943484 
512 512 1945426 
513 513 1947368 
514 514 1949310 
515 515 1951252 
516 516 1953192 
517 517 1955134 
518 518 1957076 
519 519 1959018 
520 520 1960960 
521 521 1962900 
522 522 1964842 
523 523 1966784 
524 524 1968726 
525 525 1970666 
526 526 1972608 
527 527 1974550 
528 528 1976492 
529 529 1978434 
530 530 1980376 
531 531 1982318 
532 532 1984260 
533 533 1986202 
534 534 1988140 
535 535 1990080 
536 536 1992022 
537 537 1993964 
538 538 1995906 
539 539 1997848 
540 540 1999790 
541 541 2001734 
542 542 2003676 
543 543 2005616 
544 544 2007558 
545 545 2009502 
546 546 2011442 
547 547 2013384 
548 548 2015330 
549 549 2017272 
550 550 2019214 
551 551 2021158 
552 552 2023100 
553 553 2025042 
554 554 2026984 
555 555 2028926 
556 556 2030866 
557 557 2032808 
558 558 2034750 
559 559 2036692 
560 560 2038634 
561 561 2040576 
562 562 2042518 
563 563 2044460 
564 564 2046402 
565 565 2048344 
566 566 2050286 
567 567 2052228 
568 568 2054170 
569 569 2056112 
570 570 2058054 
571 571 2059998 
572 572 2061940 
573 573 2063882 
574 574 2065824 
575 575 2067766 
576 576 2069708 
577 577 2071650 
578 578 2073590 
579 579 2075532 
580 580 2077474 
581 581 2079416 
582 582 2081358 
583 583 2083300 
584 584 2085242 
585 585 2087184 
586 586 2089126 
587 587 2091066 
588 588 2093008 
589 589 2094950 
590 590 2096892 
591 591 2098832 
592 592 2100772 
593 593 2102714 
594 594 2104656 
595 595 2106598 
596 596 2108538 
597 597 2110480 
598 598 2112422 
599 599 2114364 
600 600 2116304 
601 601 2118246 
602 602 2120188 
603 603 2122132 
604 604 2124074 
605 605 2126016 
606 606 2127958 
607 607 2129900 
608 608 2131840 
609 609 2133782 
610 610 2135724 
611 611 2137666 
612 612 2139604 
613 613 2141548 
614 614 2143488 
615 615 2145432 
616 616 2147372 
617 617 2149312 
618 618 2151258 
619 619 2153198 
620 620 2155142 
621 621 2157084 
622 622 2159026 
623 623 2160970 
624 624 2162912 
625 625 2164854 
626 626 2166796 
627 627 2168738 
628 628 2170680 
629 629 2172620 
630 630 2174562 
631 631 2176504 
632 632 2178446 
633 633 2180388 
634 634 2182328 
635 635 2184270 
636 636 2186212 
637 637 2188154 
638 638 2190096 
639 639 2192036 
640 640 2193978 
641 641 2195920 
642 642 2197862 
643 643 2199802 
644 644 2201744 
645 645 2203686 
646 646 2205628 
647 647 2207568 
648 648 2209506 
649 649 2211446 
650 650 2213388 
651 651 2215328 
652 652 2217268 
653 653 2219212 
654 654 2221152 
655 655 2223092 
656 656 2225036 
657 657 2226976 
658 658 2228920 
659 659 2230866 
660 660 2232808 
661 661 2234750 
662 662 2236690 
663 663 2238632 
664 664 2240574 
665 665 2242516 
666 666 2244456 
667 667 2246398 
668 668 2248340 
669 669 2250278 
670 670 2252218 
671 671 2254160 
672 672 2256102 
673 673 2258046 
674 674 2259988 
675 675 2261930 
676 676 2263870 
677 677 2265812 
678 678 2267754 
679 679 2269696 
680 680 2271638 
681 681 2273580 
682 682 2275520 
683 683 2277462 
684 684 2279404 
685 685 2281346 
686 686 2283288 
687 687 2285230 
688 688 2287172 
689 689 2289114 
690 690 2291056 
691 691 2292996 
692 692 2294938 
693 693 2296880 
694 694 2298822 
695 695 2300762 
696 696 2302704 
697 697 2304646 
698 698 2306586 
699 699 2308528 
700 700 2310468 
701 701 2312410 
702 702 2314352 
703 703 2316294 
704 704 2318234 
705 705 2320176 
706 706 2322118 
707 707 2324060 
708 708 2326000 
709 709 2327942 
710 710 2329884 
711 711 2331824 
712 712 2333766 
713 713 2335708 
714 714 2337650 
715 715 2339590 
716 716 2341532 
717 717 2343472 
718 718 2345412 
719 719 2347356 
720 720 2349300 
721 721 2351242 
722 722 2353184 
723 723 2355122 
724 724 2357064 
725 725 2359006 
726 726 2360950 
727 727 2362894 
728 728 2364836 
729 729 2366776 
730 730 2368716 
731 731 2370660 
732 732 2372604 
733 733 2374546 
734 734 2376488 
735 735 2378430 
736 736 2380372 
737 737 2382312 
738 738 2384254 
739 739 2386196 
740 740 2388138 
741 741 2390080 
742 742 2392022 
743 743 2393964 
744 744 2395906 
745 745 2397848 
746 746 2399790 
747 747 2401732 
748 748 2403674 
749 749 2405616 
750 750 2407558 
751 751 2409498 
752 752 2411440 
753 753 2413382 
754 754 2415322 
755 755 2417262 
756 756 2419204 
757 757 2421146 
758 758 2423088 
759 759 2425030 
760 760 2426970 
761 761 2428912 
762 762 2430854 
763 763 2432796 
764 764 2434738 
765 765 2436680 
766 766 2438620 
767 767 2440562 
768 768 2442504 
769 769 2444446 
770 770 2446388 
771 771 2448330 
772 772 2450272 
773 773 2452214 
774 774 2454156 
775 775 2456098 
776 776 2458040 
777 777 2459984 
778 778 2461926 
779 779 2463868 
780 780 2465810 
781 781 2467752 
782 782 2469694 
783 783 2471634 
784 784 2473576 
785 785 2475518 
786 786 2477460 
787 787 2479402 
788 788 2481344 
789 789 2483286 
790 790 2485228 
791 791 2487170 
792 792 2489110 
793 793 2491052 
794 794 2492994 
795 795 2494936 
796 796 2496878 
797 797 2498820 
798 798 2500762 
799 799 2502704 
800 800 2504646 
801 801 2506588 
802 802 2508528 
803 803 2510470 
804 804 2512412 
805 805 2514354 
806 806 2516292 
807 807 2518232 
808 808 2520174 
809 809 2522116 
810 810 2524060 
811 811 2526004 
812 812 2527944 
813 813 2529886 
814 814 2531828 
815 815 2533770 
816 816 2535712 
817 817 2537654 
818 818 2539596 
819 819 2541536 
820 820 2543478 
821 821 2545420 
822 822 2547362 
823 823 2549302 
824 824 2551244 
825 825 2553186 
826 826 2555128 
827 827 2557070 
828 828 2559010 
829 829 2560952 
830 830 2562892 
831 831 2564832 
832 832 2566776 
833 833 2568718 
834 834 2570656 
835 835 2572598 
836 836 2574542 
837 837 2576482 
838 838 2578422 
839 839 2580364 
840 840 2582306 
841 841 2584250 
842 842 2586194 
843 843 2588136 
844 844 2590076 
845 845 2592018 
846 846 2593960 
847 847 2595902 
848 848 2597844 
849 849 2599784 
850 850 2601726 
851 851 2603668 
852 852 2605610 
853 853 2607550 
854 854 2609492 
855 855 2611430 
856 856 2613370 
857 857 2615312 
858 858 2617256 
859 859 2619200 
860 860 2621140 
861 861 2623082 
862 862 2625022 
863 863 2626964 
864 864 2628904 
865 865 2630846 
866 866 2632788 
867 867 2634730 
868 868 2636670 
869 869 2638612 
870 870 2640554 
871 871 2642496 
872 872 2644438 
873 873 2646380 
874 874 2648320 
875 875 2650262 
876 876 2652204 
877 877 2654146 
878 878 2656086 
879 879 2658028 
880 880 2659970 
881 881 2661912 
882 882 2663854 
883 883 2665796 
884 884 2667736 
885 885 2669678 
886 886 2671620 
887 887 2673562 
888 888 2675502 
889 889 2677444 
890 890 2679386 
891 891 2681328 
892 892 2683268 
893 893 2685210 
894 894 2687152 
895 895 2689094 
896 896 2691036 
897 897 2692974 
898 898 2694918 
899 899 2696860 
900 900 2698802 
901 901 2700744 
902 902 2702686 
903 903 2704628 
904 904 2706568 
905 905 2708510 
906 906 2710452 
907 907 2712394 
908 908 2714334 
909 909 2716276 
910 910 2718218 
911 911 2720158 
912 912 2722100 
913 913 2724042 
914 914 2725982 
915 915 2727924 
916 916 2729866 
917 917 2731808 
918 918 2733748 
919 919 2735690 
920 920 2737632 
921 921 2739572 
922 922 2741514 
923 923 2743452 
924 924 2745392 
925 925 2747334 
926 926 2749276 
927 927 2751218 
928 928 2753160 
929 929 2755102 
930 930 2757046 
931 931 2758988 
932 932 2760930 
933 933 2762872 
934 934 2764812 
935 935 2766754 
936 936 2768696 
937 937 2770638 
938 938 2772580 
939 939 2774520 
940 940 2776462 
941 941 2778402 
942 942 2780344 
943 943 2782286 
944 944 2784226 
945 945 2786168 
946 946 2788110 
947 947 2790050 
948 948 2791992 
949 949 2793932 
950 950 2795874 
951 951 2797816 
952 952 2799754 
953 953 2801694 
954 954 2803636 
955 955 2805580 
956 956 2807524 
957 957 2809464 
958 958 2811406 
959 959 2813348 
960 960 2815290 
961 961 2817232 
962 962 2819172 
963 963 2821114 
964 964 2823056 
965 965 2824998 
966 966 2826940 
967 967 2828882 
968 968 2830822 
969 969 2832764 
970 970 2834706 
971 971 2836648 
972 972 2838590 
973 973 2840532 
974 974 2842474 
975 975 2844414 
976 976 2846356 
977 977 2848298 
978 978 2850240 
979 979 2852182 
980 980 2854124 
981 981 2856066 
982 982 2858008 
983 983 2859950 
984 984 2861892 
985 985 2863834 
986 986 2865776 
987 987 2867718 
988 988 2869658 
989 989 2871600 
990 990 2873542 
991 991 2875482 
992 992 2877422 
993 993 2879364 
994 994 2881306 
995 995 2883250 
996 996 2885194 
997 997 2887136 
998 998 2889078 
999 999 2891020 
1000 1000 2892962 
1001 1001 2894902 
1002 1002 2896844 
1003 1003 2898786 
1004 1004 2900728 
1005 1005 2902670 
1006 1006 2904612 
1007 1007 2906550 
1008 1008 2908492 
1009 1009 2910432 
1010 1010 2912374 
1011 1011 2914320 
1012 1012 2916262 
1013 1013 2918204 
1014 1014 2920146 
1015 1015 2922088 
1016 1016 2924030 
1017 1017 2925972 
1018 1018 2927912 
1019 1019 2929854 
1020 1020 2931796 
1021 1021 2933738 
1022 1022 2935680 
1023 1023 2937622 
1024 1024 2939562 
1025 1025 2941504 
1026 1026 2943446 
1027 1027 2945388 
1028 1028 2947330 
1029 1029 2949272 
1030 1030 2951214 
1031 1031 2953156 
1032 1032 2955096 
1033 1033 2957038 
1034 1034 2958980 
1035 1035 2960922 
1036 1036 2962862 
1037 1037 2964804 
1038 1038 2966746 
1039 1039 2968688 
1040 1040 2970630 
1041 1041 2972570 
1042 1042 2974512 
1043 1043 2976454 
1044 1044 2978396 
1045 1045 2980338 
1046 1046 2982280 
1047 1047 2984220 
1048 1048 2986160 
1049 1049 2988100 
1050 1050 2990042 
1051 1051 2991984 
1052 1052 2993926 
1053 1053 2995870 
1054 1054 2997814 
1055 1055 2999756 
1056 1056 3001698 
1057 1057 3003640 
1058 1058 3005582 
1059 1059 3007524 
1060 1060 3009466 
1061 1061 3011408 
1062 1062 3013346 
1063 1063 3015286 
1064 1064 3017228 
1065 1065 3019170 
1066 1066 3021112 
1067 1067 3023056 
1068 1068 3025000 
1069 1069 3026940 
1070 1070 3028882 
1071 1071 3030824 
1072 1072 3032766 
1073 1073 3034708 
1074 1074 3036650 
1075 1075 3038592 
1076 1076 3040534 
1077 1077 3042476 
1078 1078 3044418 
1079 1079 3046360 
1080 1080 3048300 
1081 1081 3050242 
1082 1082 3052184 
1083 1083 3054126 
1084 1084 3056068 
1085 1085 3058010 
1086 1086 3059952 
1087 1087 3061894 
1088 1088 3063836 
1089 1089 3065778 
1090 1090 3067720 
1091 1091 3069662 
1092 1092 3071604 
1093 1093 3073546 
1094 1094 3075488 
1095 1095 3077430 
1096 1096 3079372 
1097 1097 3081314 
1098 1098 3083256 
1099 1099 3085198 
1100 1100 3087140 
1101 1101 3089082 
1102 1102 3091024 
1103 1103 3092966 
1104 1104 3094906 
1105 1105 3096846 
1106 1106 3098788 
1107 1107 3100730 
1108 1108 3102672 
1109 1109 3104614 
1110 1110 3106556 
1111 1111 3108500 
1112 1112 3110444 
1113 1113 3112386 
1114 1114 3114328 
1115 1115 3116270 
1116 1116 3118212 
1117 1117 3120150 
1118 1118 3122090 
1119 1119 3124032 
1120 1120 3125974 
1121 1121 3127916 
1122 1122 3129858 
1123 1123 3131802 
1124 1124 3133744 
1125 1125 3135686 
1126 1126 3137628 
1127 1127 3139570 
1128 1128 3141512 
1129 1129 3143454 
1130 1130 3145396 
1131 1131 3147338 
1132 1132 3149280 
1133 1133 3151222 
1134 1134 3153164 
1135 1135 3155106 
1136 1136 3157048 
1137 1137 3158990 
1138 1138 3160932 
1139 1139 3162874 
1140 1140 3164816 
1141 1141 3166758 
1142 1142 3168700 
1143 1143 3170642 
1144 1144 3172584 
1145 1145 3174526 
1146 1146 3176468 
1147 1147 3178410 
1148 1148 3180352 
1149 1149 3182294 
1150 1150 3184236 
1151 1151 3186178 
1152 1152 3188120 
1153 1153 3190062 
1154 1154 3192004 
1155 1155 3193946 
1156 1156 3195886 
1157 1157 3197828 
1158 1158 3199770 
1159 1159 3201712 
1160 1160 3203654 
1161 1161 3205592 
1162 1162 3207534 
1163 1163 3209476 
1164 1164 3211418 
1165 1165 3213360 
1166 1166 3215302 
1167 1167 3217244 
1168 1168 3219186 
1169 1169 3221128 
1170 1170 3223070 
1171 1171 3225012 
1172 1172 3226954 
1173 1173 3228894 
1174 1174 3230836 
1175 1175 3232778 
1176 1176 3234720 
1177 1177 3236662 
1178 1178 3238606 
1179 1179 3240550 
1180 1180 3242488 
1181 1181 3244432 
1182 1182 3246374 
1183 1183 3248316 
1184 1184 3250256 
1185 1185 3252200 
1186 1186 3254138 
1187 1187 3256080 
1188 1188 3258026 
1189 1189 3259964 
1190 1190 3261906 
1191 1191 3263848 
1192 1192 3265790 
1193 1193 3267732 
1194 1194 3269674 
1195 1195 3271620 
1196 1196 3273560 
1197 1197 3275504 
1198 1198 3277448 
1199 1199 3279388 
1200 1200 3281330 
1201 1201 3283272 
1202 1202 3285212 
1203 1203 3287152 
1204 1204 3289094 
1205 1205 3291036 
1206 1206 3292978 
1207 1207 3294920 
1208 1208 3296862 
1209 1209 3298804 
1210 1210 3300746 
1211 1211 3302688 
1212 1212 3304630 
1213 1213 3306576 
1214 1214 3308516 
1215 1215 3310460 
1216 1216 3312402 
1217 1217 3314344 
1218 1218 3316286 
1219 1219 3318228 
1220 1220 3320170 
1221 1221 3322112 
1222 1222 3324054 
1223 1223 3325996 
1224 1224 3327938 
1225 1225 3329880 
1226 1226 3331822 
1227 1227 3333762 
1228 1228 3335704 
1229 1229 3337646 
1230 1230 3339588 
1231 1231 3341530 
1232 1232 3343472 
1233 1233 3345414 
1234 1234 3347354 
1235 1235 3349294 
1236 1236 3351234 
1237 1237 3353176 
1238 1238 3355118 
1239 1239 3357062 
1240 1240 3359002 
1241 1241 3360944 
1242 1242 3362886 
1243 1243 3364828 
1244 1244 3366772 
1245 1245 3368716 
1246 1246 3370658 
1247 1247 3372600 
1248 1248 3374542 
1249 1249 3376484 
1250 1250 3378428 
1251 1251 3380370 
1252 1252 3382312 
1253 1253 3384254 
1254 1254 3386196 
1255 1255 3388138 
1256 1256 3390080 
1257 1257 3392022 
1258 1258 3393964 
1259 1259 3395906 
1260 1260 3397848 
1261 1261 3399790 
1262 1262 3401732 
1263 1263 3403674 
1264 1264 3405616 
1265 1265 3407560 
1266 1266 3409502 
1267 1267 3411444 
1268 1268 3413384 
1269 1269 3415328 
1270 1270 3417270 
1271 1271 3419212 
1272 1272 3421154 
1273 1273 3423096 
1274 1274 3425034 
1275 1275 3426976 
1276 1276 3428918 
1277 1277 3430860 
1278 1278 3432802 
1279 1279 3434748 
1280 1280 3436690 
1281 1281 3438632 
1282 1282 3440574 
1283 1283 3442516 
1284 1284 3444458 
1285 1285 3446400 
1286 1286 3448342 
1287 1287 3450284 
1288 1288 3452226 
1289 1289 3454168 
1290 1290 3456110 
1291 1291 3458052 
1292 1292 3459994 
1293 1293 3461936 
1294 1294 3463878 
1295 1295 3465818 
1296 1296 3467760 
1297 1297 3469702 
1298 1298 3471644 
1299 1299 3473586 
1300 1300 3475526 
1301 1301 3477468 
1302 1302 3479410 
1303 1303 3481352 
1304 1304 3483294 
1305 1305 3485236 
1306 1306 3487178 
1307 1307 3489120 
1308 1308 3491062 
1309 1309 3493004 
1310 1310 3494946 
1311 1311 3496888 
1312 1312 3498830 
1313 1313 3500772 
1314 1314 3502714 
1315 1315 3504656 
1316 1316 3506598 
1317 1317 3508540 
1318 1318 3510482 
1319 1319 3512424 
1320 1320 3514366 
1321 1321 3516308 
1322 1322 3518246 
1323 1323 3520186 
1324 1324 3522132 
1325 1325 3524074 
1326 1326 3526016 
1327 1327 3527958 
1328 1328 3529900 
1329 1329 3531842 
1330 1330 3533784 
1331 1331 3535726 
1332 1332 3537668 
1333 1333 3539610 
1334 1334 3541552 
1335 1335 3543494 
1336 1336 3545436 
1337 1337 3547378 
1338 1338 3549320 
1339 1339 3551262 
1340 1340 3553202 
1341 1341 3555142 
1342 1342 3557082 
1343 1343 3559024 
1344 1344 3560964 
1345 1345 3562910 
1346 1346 3564852 
1347 1347 3566794 
1348 1348 3568736 
1349 1349 3570678 
1350 1350 3572616 
1351 1351 3574560 
1352 1352 3576502 
1353 1353 3578444 
1354 1354 3580386 
1355 1355 3582328 
1356 1356 3584266 
1357 1357 3586210 
1358 1358 3588152 
1359 1359 3590094 
1360 1360 3592036 
1361 1361 3593978 
1362 1362 3595920 
1363 1363 3597862 
1364 1364 3599804 
1365 1365 3601746 
1366 1366 3603688 
1367 1367 3605630 
1368 1368 3607572 
1369 1369 3609514 
1370 1370 3611456 
1371 1371 3613398 
1372 1372 3615340 
1373 1373 3617280 
1374 1374 3619222 
1375 1375 3621164 
1376 1376 3623106 
1377 1377 3625048 
1378 1378 3626990 
1379 1379 3628932 
1380 1380 3630874 
1381 1381 3632816 
1382 1382 3634756 
1383 1383 3636698 
1384 1384 3638640 
1385 1385 3640582 
1386 1386 3642524 
1387 1387 3644466 
1388 1388 3646408 
1389 1389 3648350 
1390 1390 3650292 
1391 1391 3652234 
1392 1392 3654176 
1393 1393 3656118 
1394 1394 3658060 
1395 1395 3660002 
1396 1396 3661944 
1397 1397 3663886 
1398 1398 3665828 
1399 1399 3667766 
1400 1400 3669706 
1401 1401 3671648 
1402 1402 3673590 
1403 1403 3675532 
1404 1404 3677474 
1405 1405 3679418 
1406 1406 3681358 
1407 1407 3683298 
1408 1408 3685244 
1409 1409 3687186 
1410 1410 3689128 
1411 1411 3691070 
1412 1412 3693012 
1413 1413 3694954 
1414 1414 3696896 
1415 1415 3698838 
1416 1416 3700780 
1417 1417 3702722 
1418 1418 3704664 
1419 1419 3706604 
1420 1420 3708544 
1421 1421 3710486 
1422 1422 3712426 
1423 1423 3714368 
1424 1424 3716310 
1425 1425 3718252 
1426 1426 3720196 
1427 1427 3722138 
1428 1428 3724080 
1429 1429 3726022 
1430 1430 3727964 
1431 1431 3729906 
1432 1432 3731848 
1433 1433 3733790 
1434 1434 3735730 
1435 1435 3737672 
1436 1436 3739614 
1437 1437 3741556 
1438 1438 3743496 
1439 1439 3745438 
1440 1440 3747380 
1441 1441 3749322 
1442 1442 3751262 
1443 1443 3753204 
1444 1444 3755146 
1445 1445 3757088 
1446 1446 3759028 
1447 1447 3760970 
1448 1448 3762912 
1449 1449 3764854 
1450 1450 3766796 
1451 1451 3768738 
1452 1452 3770678 
1453 1453 3772620 
1454 1454 3774562 
1455 1455 3776504 
1456 1456 3778446 
1457 1457 3780388 
1458 1458 3782330 
1459 1459 3784268 
1460 1460 3786208 
1461 1461 3788150 
1462 1462 3790096 
1463 1463 3792038 
1464 1464 3793980 
1465 1465 3795922 
1466 1466 3797864 
1467 1467 3799806 
1468 1468 3801748 
1469 1469 3803690 
1470 1470 3805632 
1471 1471 3807572 
1472 1472 3809514 
1473 1473 3811456 
1474 1474 3813398 
1475 1475 3815340 
1476 1476 3817282 
1477 1477 3819224 
1478 1478 3821166 
1479 1479 3823108 
1480 1480 3825046 
1481 1481 3826986 
1482 1482 3828928 
1483 1483 3830872 
1484 1484 3832816 
1485 1485 3834756 
1486 1486 3836698 
1487 1487 3838640 
1488 1488 3840582 
1489 1489 3842524 
1490 1490 3844464 
1491 1491 3846406 
1492 1492 3848348 
1493 1493 3850290 
1494 1494 3852232 
1495 1495 3854174 
1496 1496 3856116 
1497 1497 3858058 
1498 1498 3860000 
1499 1499 3861942 
1500 1500 3863884 
1501 1501 3865826 
1502 1502 3867768 
1503 1503 3869710 
1504 1504 3871652 
1505 1505 3873594 
1506 1506 3875536 
1507 1507 3877478 
1508 1508 3879420 
1509 1509 3881362 
1510 1510 3883302 
1511 1511 3885246 
1512 1512 3887188 
1513 1513 3889128 
1514 1514 3891072 
1515 1515 3893014 
1516 1516 3894952 
1517 1517 3896892 
1518 1518 3898834 
1519 1519 3900780 
1520 1520 3902722 
1521 1521 3904666 
1522 1522 3906606 
1523 1523 3908548 
1524 1524 3910490 
1525 1525 3912432 
1526 1526 3914374 
1527 1527 3916316 
1528 1528 3918258 
1529 1529 3920198 
1530 1530 3922140 
1531 1531 3924082 
1532 1532 3926024 
1533 1533 3927966 
1534 1534 3929908 
1535 1535 3931850 
1536 1536 3933790 
1537 1537 3935730 
1538 1538 3937672 
1539 1539 3939616 
1540 1540 3941560 
1541 1541 3943502 
1542 1542 3945442 
1543 1543 3947384 
1544 1544 3949328 
1545 1545 3951270 
1546 1546 3953210 
1547 1547 3955152 
1548 1548 3957094 
1549 1549 3959034 
1550 1550 3960974 
1551 1551 3962916 
1552 1552 3964862 
1553 1553 3966804 
1554 1554 3968744 
1555 1555 3970684 
1556 1556 3972626 
1557 1557 3974570 
1558 1558 3976514 
1559 1559 3978456 
1560 1560 3980398 
1561 1561 3982340 
1562 1562 3984282 
1563 1563 3986224 
1564 1564 3988166 
1565 1565 3990108 
1566 1566 3992050 
1567 1567 3993992 
1568 1568 3995934 
1569 1569 3997876 
1570 1570 3999816 
1571 1571 4001758 
1572 1572 4003700 
1573 1573 4005642 
1574 1574 4007584 
1575 1575 4009526 
1576 1576 4011468 
1577 1577 4013410 
1578 1578 4015352 
1579 1579 4017294 
1580 1580 4019236 
1581 1581 4021178 
1582 1582 4023120 
1583 1583 4025062 
1584 1584 4027002 
1585 1585 4028944 
1586 1586 4030886 
1587 1587 4032828 
1588 1588 4034770 
1589 1589 4036712 
1590 1590 4038652 
1591 1591 4040594 
1592 1592 4042536 
1593 1593 4044476 
1594 1594 4046416 
1595 1595 4048358 
1596 1596 4050304 
1597 1597 4052248 
1598 1598 4054190 
1599 1599 4056132 
1600 1600 4058074 
1601 1601 4060016 
1602 1602 4061958 
1603 1603 4063900 
1604 1604 4065842 
1605 1605 4067784 
1606 1606 4069726 
1607 1607 4071668 
1608 1608 4073610 
1609 1609 4075552 
1610 1610 4077494 
1611 1611 4079436 
1612 1612 4081378 
1613 1613 4083318 
1614 1614 4085260 
1615 1615 4087204 
1616 1616 4089146 
1617 1617 4091088 
1618 1618 4093030 
1619 1619 4094968 
1620 1620 4096912 
1621 1621 4098856 
1622 1622 4100798 
1623 1623 4102740 
1624 1624 4104682 
1625 1625 4106624 
1626 1626 4108566 
1627 1627 4110510 
1628 1628 4112452 
1629 1629 4114394 
1630 1630 4116336 
1631 1631 4118278 
1632 1632 4120220 
1633 1633 4122162 
1634 1634 4124104 
1635 1635 4126048 
1636 1636 4127990 
1637 1637 4129932 
1638 1638 4131874 
1639 1639 4133816 
1640 1640 4135758 
1641 1641 4137696 
1642 1642 4139640 
1643 1643 4141584 
1644 1644 4143526 
1645 1645 4145468 
1646 1646 4147410 
1647 1647 4149352 
1648 1648 4151294 
1649 1649 4153236 
1650 1650 4155178 
1651 1651 4157120 
1652 1652 4159060 
1653 1653 4161000 
1654 1654 4162946 
1655 1655 4164888 
1656 1656 4166832 
1657 1657 4168774 
1658 1658 4170716 
1659 1659 4172658 
1660 1660 4174600 
1661 1661 4176542 
1662 1662 4178484 
1663 1663 4180426 
1664 1664 4182368 
1665 1665 4184310 
1666 1666 4186252 
1667 1667 4188194 
1668 1668 4190138 
1669 1669 4192080 
1670 1670 4194022 
1671 1671 4195964 
1672 1672 4197906 
1673 1673 4199848 
1674 1674 4201790 
1675 1675 4203730 
1676 1676 4205670 
1677 1677 4207616 
1678 1678 4209558 
1679 1679 4211500 
1680 1680 4213442 
1681 1681 4215384 
1682 1682 4217326 
1683 1683 4219270 
1684 1684 4221210 
1685 1685 4223152 
1686 1686 4225094 
1687 1687 4227036 
1688 1688 4228978 
1689 1689 4230920 
1690 1690 4232862 
1691 1691 4234804 
1692 1692 4236746 
1693 1693 4238686 
1694 1694 4240628 
1695 1695 4242570 
1696 1696 4244512 
1697 1697 4246454 
1698 1698 4248396 
1699 1699 4250338 
1700 1700 4252280 
1701 1701 4254222 
1702 1702 4256164 
1703 1703 4258106 
1704 1704 4260048 
1705 1705 4261990 
1706 1706 4263932 
1707 1707 4265874 
1708 1708 4267814 
1709 1709 4269754 
1710 1710 4271694 
1711 1711 4273638 
1712 1712 4275582 
1713 1713 4277524 
1714 1714 4279466 
1715 1715 4281406 
1716 1716 4283348 
1717 1717 4285290 
1718 1718 4287232 
1719 1719 4289174 
1720 1720 4291116 
1721 1721 4293058 
1722 1722 4294998 
1723 1723 4296940 
1724 1724 4298882 
1725 1725 4300824 
1726 1726 4302766 
1727 1727 4304708 
1728 1728 4306650 
1729 1729 4308592 
1730 1730 4310530 
1731 1731 4312470 
1732 1732 4314416 
1733 1733 4316360 
1734 1734 4318300 
1735 1735 4320242 
1736 1736 4322184 
1737 1737 4324126 
1738 1738 4326068 
1739 1739 4328010 
1740 1740 4329950 
1741 1741 4331892 
1742 1742 4333834 
1743 1743 4335776 
1744 1744 4337718 
1745 1745 4339660 
1746 1746 4341602 
1747 1747 4343544 
1748 1748 4345486 
1749 1749 4347426 
1750 1750 4349368 
1751 1751 4351310 
1752 1752 4353252 
1753 1753 4355194 
1754 1754 4357136 
1755 1755 4359078 
1756 1756 4361020 
1757 1757 4362964 
1758 1758 4364904 
1759 1759 4366846 
1760 1760 4368790 
1761 1761 4370730 
1762 1762 4372672 
1763 1763 4374614 
1764 1764 4376556 
1765 1765 4378498 
1766 1766 4380438 
1767 1767 4382378 
1768 1768 4384320 
1769 1769 4386264 
1770 1770 4388208 
1771 1771 4390150 
1772 1772 4392092 
1773 1773 4394034 
1774 1774 4395976 
1775 1775 4397918 
1776 1776 4399860 
1777 1777 4401802 
1778 1778 4403740 
1779 1779 4405684 
1780 1780 4407628 
1781 1781 4409570 
1782 1782 4411510 
1783 1783 4413452 
1784 1784 4415394 
1785 1785 4417334 
1786 1786 4419274 
1787 1787 4421216 
1788 1788 4423160 
1789 1789 4425104 
1790 1790 4427046 
1791 1791 4428988 
1792 1792 4430930 
1793 1793 4432872 
1794 1794 4434814 
1795 1795 4436756 
1796 1796 4438698 
1797 1797 4440638 
1798 1798 4442580 
1799 1799 4444522 
1800 1800 4446464 
1801 1801 4448406 
1802 1802 4450344 
1803 1803 4452288 
1804 1804 4454228 
1805 1805 4456172 
1806 1806 4458114 
1807 1807 4460056 
1808 1808 4461996 
1809 1809 4463936 
1810 1810 4465882 
1811 1811 4467824 
1812 1812 4469766 
1813 1813 4471708 
1814 1814 4473650 
1815 1815 4475592 
1816 1816 4477534 
1817 1817 4479476 
1818 1818 4481414 
1819 1819 4483358 
1820 1820 4485298 
1821 1821 4487242 
1822 1822 4489186 
1823 1823 4491128 
1824 1824 4493064 
1825 1825 4495006 
1826 1826 4496946 
1827 1827 4498890 
1828 1828 4500830 
1829 1829 4502778 
1830 1830 4504718 
1831 1831 4506664 
1832 1832 4508604 
1833 1833 4510548 
1834 1834 4512490 
1835 1835 4514432 
1836 1836 4516374 
1837 1837 4518316 
1838 1838 4520258 
1839 1839 4522198 
1840 1840 4524138 
1841 1841 4526080 
1842 1842 4528022 
1843 1843 4529964 
1844 1844 4531908 
1845 1845 4533852 
1846 1846 4535794 
1847 1847 4537736 
1848 1848 4539678 
1849 1849 4541620 
1850 1850 4543562 
1851 1851 4545504 
1852 1852 4547446 
1853 1853 4549388 
1854 1854 4551330 
1855 1855 4553272 
1856 1856 4555216 
1857 1857 4557158 
1858 1858 4559100 
1859 1859 4561042 
1860 1860 4562984 
1861 1861 4564926 
1862 1862 4566868 
1863 1863 4568810 
1864 1864 4570752 
1865 1865 4572694 
1866 1866 4574636 
1867 1867 4576578 
1868 1868 4578520 
1869 1869 4580464 
1870 1870 4582404 
1871 1871 4584346 
1872 1872 4586288 
1873 1873 4588230 
1874 1874 4590172 
1875 1875 4592116 
1876 1876 4594058 
1877 1877 4596000 
1878 1878 4597942 
1879 1879 4599882 
1880 1880 4601824 
1881 1881 4603766 
1882 1882 4605706 
1883 1883 4607646 
1884 1884 4609588 
1885 1885 4611530 
1886 1886 4613474 
1887 1887 4615416 
1888 1888 4617356 
1889 1889 4619298 
1890 1890 4621240 
1891 1891 4623182 
1892 1892 4625124 
1893 1893 4627066 
1894 1894 4629010 
1895 1895 4630952 
1896 1896 4632894 
1897 1897 4634836 
1898 1898 4636778 
1899 1899 4638722 
1900 1900 4640666 
1901 1901 4642608 
1902 1902 4644550 
1903 1903 4646492 
1904 1904 4648432 
1905 1905 4650376 
1906 1906 4652316 
1907 1907 4654258 
1908 1908 4656200 
1909 1909 4658142 
1910 1910 4660084 
1911 1911 4662026 
1912 1912 4663966 
1913 1913 4665908 
1914 1914 4667850 
1915 1915 4669792 
1916 1916 4671734 
1917 1917 4673676 
1918 1918 4675616 
1919 1919 4677558 
1920 1920 4679500 
1921 1921 4681442 
1922 1922 4683384 
1923 1923 4685326 
1924 1924 4687264 
1925 1925 4689206 
1926 1926 4691148 
1927 1927 4693090 
1928 1928 4695032 
1929 1929 4696974 
1930 1930 4698916 
1931 1931 4700858 
1932 1932 4702798 
1933 1933 4704740 
1934 1934 4706682 
1935 1935 4708624 
1936 1936 4710566 
1937 1937 4712508 
1938 1938 4714450 
1939 1939 4716392 
1940 1940 4718334 
1941 1941 4720274 
1942 1942 4722216 
1943 1943 4724158 
1944 1944 4726100 
1945 1945 4728040 
1946 1946 4729982 
1947 1947 4731924 
1948 1948 4733866 
1949 1949 4735808 
1950 1950 4737750 
1951 1951 4739692 
1952 1952 4741632 
1953 1953 4743574 
1954 1954 4745516 
1955 1955 4747460 
1956 1956 4749404 
1957 1957 4751346 
1958 1958 4753288 
1959 1959 4755230 
1960 1960 4757170 
1961 1961 4759112 
1962 1962 4761054 
1963 1963 4762996 
1964 1964 4764938 
1965 1965 4766880 
1966 1966 4768822 
1967 1967 4770766 
1968 1968 4772706 
1969 1969 4774648 
1970 1970 4776590 
1971 1971 4778532 
1972 1972 4780474 
1973 1973 4782416 
1974 1974 4784358 
1975 1975 4786300 
1976 1976 4788242 
1977 1977 4790182 
1978 1978 4792124 
1979 1979 4794066 
1980 1980 4796008 
1981 1981 4797950 
1982 1982 4799892 
1983 1983 4801832 
1984 1984 4803774 
1985 1985 4805716 
1986 1986 4807658 
1987 1987 4809598 
1988 1988 4811540 
1989 1989 4813482 
1990 1990 4815424 
1991 1991 4817364 
1992 1992 4819306 
1993 1993 4821248 
1994 1994 4823190 
1995 1995 4825132 
1996 1996 4827074 
1997 1997 4829014 
1998 1998 4830954 
1999 1999 4832896 
2000 2000 4834838 
2001 2001 4836780 
2002 2002 4838722 
2003 2003 4840664 
2004 2004 4842606 
2005 2005 4844550 
2006 2006 4846492 
2007 2007 4848434 
2008 2008 4850376 
2009 2009 4852318 
2010 2010 4854262 
2011 2011 4856206 
2012 2012 4858148 
2013 2013 4860090 
2014 2014 4862028 
2015 2015 4863972 
2016 2016 4865910 
2017 2017 4867852 
2018 2018 4869794 
2019 2019 4871738 
2020 2020 4873680 
2021 2021 4875622 
2022 2022 4877566 
2023 2023 4879506 
2024 2024 4881448 
2025 2025 4883390 
2026 2026 4885330 
2027 2027 4887272 
2028 2028 4889214 
2029 2029 4891156 
2030 2030 4893098 
2031 2031 4895036 
2032 2032 4896978 
2033 2033 4898918 
2034 2034 4900864 
2035 2035 4902806 
2036 2036 4904748 
2037 2037 4906690 
2038 2038 4908632 
2039 2039 4910574 
2040 2040 4912516 
2041 2041 4914458 
2042 2042 4916400 
2043 2043 4918342 
2044 2044 4920286 
2045 2045 4922228 
2046 2046 4924170 
2047 2047 4926112 
2048 2048 4928054 
2049 2049 4929996 
2050 2050 4931936 
2051 2051 4933878 
2052 2052 4935820 
2053 2053 4937756 
2054 2054 4939700 
2055 2055 4941642 
2056 2056 4943584 
2057 2057 4945524 
2058 2058 4947464 
2059 2059 4949404 
2060 2060 4951346 
2061 2061 4953288 
2062 2062 4955230 
2063 2063 4957172 
2064 2064 4959118 
2065 2065 4961062 
2066 2066 4963006 
2067 2067 4964946 
2068 2068 4966888 
2069 2069 4968830 
2070 2070 4970772 
2071 2071 4972714 
2072 2072 4974656 
2073 2073 4976598 
2074 2074 4978540 
2075 2075 4980480 
2076 2076 4982422 
2077 2077 4984364 
2078 2078 4986306 
2079 2079 4988248 
2080 2080 4990190 
2081 2081 4992130 
2082 2082 4994072 
2083 2083 4996014 
2084 2084 4997956 
2085 2085 4999898 
2086 2086 5001840 
2087 2087 5003782 
2088 2088 5005724 
2089 2089 5007666 
2090 2090 5009608 
2091 2091 5011550 
2092 2092 5013492 
2093 2093 5015434 
2094 2094 5017376 
2095 2095 5019318 
2096 2096 5021260 
2097 2097 5023202 
2098 2098 5025144 
2099 2099 5027086 
2100 2100 5029026 
2101 2101 5030966 
2102 2102 5032908 
2103 2103 5034850 
2104 2104 5036792 
2105 2105 5038734 
2106 2106 5040678 
2107 2107 5042620 
2108 2108 5044560 
2109 2109 5046502 
2110 2110 5048444 
2111 2111 5050384 
2112 2112 5052324 
2113 2113 5054266 
2114 2114 5056208 
2115 2115 5058150 
2116 2116 5060092 
2117 2117 5062034 
2118 2118 5063976 
2119 2119 5065918 
2120 2120 5067862 
2121 2121 5069808 
2122 2122 5071752 
2123 2123 5073694 
2124 2124 5075636 
2125 2125 5077578 
2126 2126 5079520 
2127 2127 5081462 
2128 2128 5083404 
2129 2129 5085346 
2130 2130 5087288 
2131 2131 5089230 
2132 2132 5091174 
2133 2133 5093114 
2134 2134 5095056 
2135 2135 5096998 
2136 2136 5098940 
2137 2137 5100882 
2138 2138 5102824 
2139 2139 5104766 
2140 2140 5106708 
2141 2141 5108650 
2142 2142 5110590 
2143 2143 5112532 
2144 2144 5114474 
2145 2145 5116416 
2146 2146 5118358 
2147 2147 5120300 
2148 2148 5122242 
2149 2149 5124184 
2150 2150 5126126 
2151 2151 5128068 
2152 2152 5130010 
2153 2153 5131950 
2154 2154 5133892 
2155 2155 5135834 
2156 2156 5137776 
2157 2157 5139716 
2158 2158 5141656 
2159 2159 5143598 
2160 2160 5145540 
2161 2161 5147482 
2162 2162 5149424 
2163 2163 5151366 
2164 2164 5153308 
2165 2165 5155250 
2166 2166 5157192 
2167 2167 5159134 
2168 2168 5161074 
2169 2169 5163014 
2170 2170 5164956 
2171 2171 5166898 
2172 2172 5168840 
2173 2173 5170782 
2174 2174 5172726 
2175 2175 5174670 
2176 2176 5176614 
2177 2177 5178558 
2178 2178 5180498 
2179 2179 5182440 
2180 2180 5184382 
2181 2181 5186324 
2182 2182 5188266 
2183 2183 5190206 
2184 2184 5192148 
2185 2185 5194090 
2186 2186 5196032 
2187 2187 5197974 
2188 2188 5199916 
2189 2189 5201858 
2190 2190 5203798 
2191 2191 5205740 
2192 2192 5207682 
2193 2193 5209624 
2194 2194 5211566 
2195 2195 5213508 
2196 2196 5215450 
2197 2197 5217390 
2198 2198 5219332 
2199 2199 5221274 
2200 2200 5223216 
2201 2201 5225158 
2202 2202 5227098 
2203 2203 5229040 
2204 2204 5230982 
2205 2205 5232924 
2206 2206 5234866 
2207 2207 5236808 
2208 2208 5238748 
2209 2209 5240690 
2210 2210 5242632 
2211 2211 5244574 
2212 2212 5246516 
2213 2213 5248458 
2214 2214 5250396 
2215 2215 5252338 
2216 2216 5254280 
2217 2217 5256220 
2218 2218 5258162 
2219 2219 5260104 
2220 2220 5262046 
2221 2221 5263988 
2222 2222 5265930 
2223 2223 5267872 
2224 2224 5269814 
2225 2225 5271756 
2226 2226 5273698 
2227 2227 5275640 
2228 2228 5277584 
2229 2229 5279528 
2230 2230 5281470 
2231 2231 5283412 
2232 2232 5285354 
2233 2233 5287294 
2234 2234 5289236 
2235 2235 5291178 
2236 2236 5293120 
2237 2237 5295062 
2238 2238 5297004 
2239 2239 5298946 
2240 2240 5300888 
2241 2241 5302828 
2242 2242 5304770 
2243 2243 5306712 
2244 2244 5308654 
2245 2245 5310596 
2246 2246 5312538 
2247 2247 5314480 
2248 2248 5316422 
2249 2249 5318364 
2250 2250 5320306 
2251 2251 5322246 
2252 2252 5324190 
2253 2253 5326132 
2254 2254 5328074 
2255 2255 5330016 
2256 2256 5331958 
2257 2257 5333900 
2258 2258 5335842 
2259 2259 5337784 
2260 2260 5339726 
2261 2261 5341668 
2262 2262 5343610 
2263 2263 5345552 
2264 2264 5347494 
2265 2265 5349436 
2266 2266 5351378 
2267 2267 5353320 
2268 2268 5355262 
2269 2269 5357204 
2270 2270 5359146 
2271 2271 5361088 
2272 2272 5363028 
2273 2273 5364970 
2274 2274 5366912 
2275 2275 5368854 
2276 2276 5370796 
2277 2277 5372738 
2278 2278 5374680 
2279 2279 5376622 
2280 2280 5378564 
2281 2281 5380506 
2282 2282 5382448 
2283 2283 5384390 
2284 2284 5386332 
2285 2285 5388272 
2286 2286 5390214 
2287 2287 5392156 
2288 2288 5394098 
2289 2289 5396040 
2290 2290 5397982 
2291 2291 5399924 
2292 2292 5401866 
2293 2293 5403806 
2294 2294 5405748 
2295 2295 5407690 
2296 2296 5409632 
2297 2297 5411574 
2298 2298 5413514 
2299 2299 5415456 
2300 2300 5417398 
2301 2301 5419340 
2302 2302 5421282 
2303 2303 5423224 
2304 2304 5425166 
2305 2305 5427108 
2306 2306 5429050 
2307 2307 5430992 
2308 2308 5432934 
2309 2309 5434876 
2310 2310 5436816 
2311 2311 5438758 
2312 2312 5440700 
2313 2313 5442642 
2314 2314 5444584 
2315 2315 5446524 
2316 2316 5448466 
2317 2317 5450408 
2318 2318 5452350 
2319 2319 5454290 
2320 2320 5456232 
2321 2321 5458174 
2322 2322 5460116 
2323 2323 5462056 
2324 2324 5463998 
2325 2325 5465940 
2326 2326 5467882 
2327 2327 5469824 
2328 2328 5471764 
2329 2329 5473706 
2330 2330 5475648 
2331 2331 5477590 
2332 2332 5479532 
2333 2333 5481474 
2334 2334 5483414 
2335 2335 5485356 
2336 2336 5487298 
2337 2337 5489240 
2338 2338 5491182 
2339 2339 5493124 
2340 2340 5495066 
2341 2341 5497008 
2342 2342 5498948 
2343 2343 5500890 
2344 2344 5502832 
2345 2345 5504774 
2346 2346 5506716 
2347 2347 5508658 
2348 2348 5510600 
2349 2349 5512542 
2350 2350 5514484 
2351 2351 5516426 
2352 2352 5518368 
2353 2353 5520310 
2354 2354 5522252 
2355 2355 5524194 
2356 2356 5526136 
2357 2357 5528078 
2358 2358 5530020 
2359 2359 5531962 
2360 2360 5533904 
2361 2361 5535846 
2362 2362 5537788 
2363 2363 5539730 
2364 2364 5541672 
2365 2365 5543614 
2366 2366 5545556 
2367 2367 5547498 
2368 2368 5549440 
2369 2369 5551382 
2370 2370 5553324 
2371 2371 5555266 
2372 2372 5557208 
2373 2373 5559150 
2374 2374 5561090 
2375 2375 5563032 
2376 2376 5564974 
2377 2377 5566916 
2378 2378 5568858 
2379 2379 5570798 
2380 2380 5572740 
2381 2381 5574682 
2382 2382 5576624 
2383 2383 5578566 
2384 2384 5580508 
2385 2385 5582450 
2386 2386 5584392 
2387 2387 5586334 
2388 2388 5588276 
2389 2389 5590218 
2390 2390 5592162 
2391 2391 5594102 
2392 2392 5596044 
2393 2393 5597986 
2394 2394 5599928 
2395 2395 5601870 
2396 2396 5603812 
2397 2397 5605754 
2398 2398 5607694 
2399 2399 5609636 
2400 2400 5611578 
2401 2401 5613518 
2402 2402 5615460 
2403 2403 5617402 
2404 2404 5619344 
2405 2405 5621284 
2406 2406 5623226 
2407 2407 5625168 
2408 2408 5627108 
2409 2409 5629050 
2410 2410 5630992 
2411 2411 5632934 
2412 2412 5634876 
2413 2413 5636818 
2414 2414 5638758 
2415 2415 5640700 
2416 2416 5642642 
2417 2417 5644584 
2418 2418 5646526 
2419 2419 5648466 
2420 2420 5650408 
2421 2421 5652350 
2422 2422 5654292 
2423 2423 5656234 
2424 2424 5658176 
2425 2425 5660118 
2426 2426 5662060 
2427 2427 5664002 
2428 2428 5665944 
2429 2429 5667886 
2430 2430 5669826 
2431 2431 5671768 
2432 2432 5673710 
2433 2433 5675652 
2434 2434 5677594 
2435 2435 5679536 
2436 2436 5681478 
2437 2437 5683420 
2438 2438 5685362 
2439 2439 5687302 
2440 2440 5689244 
2441 2441 5691186 
2442 2442 5693128 
2443 2443 5695068 
2444 2444 5697010 
2445 2445 5698952 
2446 2446 5700894 
2447 2447 5702836 
2448 2448 5704778 
2449 2449 5706720 
2450 2450 5708660 
2451 2451 5710602 
2452 2452 5712544 
2453 2453 5714486 
2454 2454 5716428 
2455 2455 5718370 
2456 2456 5720312 
2457 2457 5722252 
2458 2458 5724194 
2459 2459 5726136 
2460 2460 5728078 
2461 2461 5730020 
2462 2462 5731960 
2463 2463 5733902 
2464 2464 5735844 
2465 2465 5737786 
2466 2466 5739728 
2467 2467 5741670 
2468 2468 5743612 
2469 2469 5745554 
2470 2470 5747496 
2471 2471 5749438 
2472 2472 5751380 
2473 2473 5753322 
2474 2474 5755264 
2475 2475 5757206 
2476 2476 5759148 
2477 2477 5761090 
2478 2478 5763032 
2479 2479 5764974 
2480 2480 5766916 
2481 2481 5768858 
2482 2482 5770800 
2483 2483 5772742 
2484 2484 5774684 
2485 2485 5776626 
2486 2486 5778566 
2487 2487 5780508 
2488 2488 5782450 
2489 2489 5784392 
2490 2490 5786334 
2491 2491 5788274 
2492 2492 5790216 
2493 2493 5792158 
2494 2494 5794100 
2495 2495 5796042 
2496 2496 5797982 
2497 2497 5799924 
2498 2498 5801866 
2499 2499 5803808 
2500 2500 5805750 
2501 2501 5807690 
2502 2502 5809632 
2503 2503 5811574 
2504 2504 5813516 
2505 2505 5815458 
2506 2506 5817398 
2507 2507 5819340 
2508 2508 5821282 
2509 2509 5823224 
2510 2510 5825166 
2511 2511 5827108 
2512 2512 5829048 
2513 2513 5830990 
2514 2514 5832932 
2515 2515 5834874 
2516 2516 5836816 
2517 2517 5838758 
2518 2518 5840698 
2519 2519 5842640 
2520 2520 5844582 
2521 2521 5846524 
2522 2522 5848466 
2523 2523 5850408 
2524 2524 5852350 
2525 2525 5854292 
2526 2526 5856232 
2527 2527 5858174 
2528 2528 5860116 
2529 2529 5862058 
2530 2530 5864000 
2531 2531 5865942 
2532 2532 5867884 
2533 2533 5869824 
2534 2534 5871766 
2535 2535 5873708 
2536 2536 5875650 
2537 2537 5877592 
2538 2538 5879534 
2539 2539 5881474 
2540 2540 5883416 
2541 2541 5885358 
2542 2542 5887300 
2543 2543 5889242 
2544 2544 5891184 
2545 2545 5893126 
2546 2546 5895066 
2547 2547 5897008 
2548 2548 5898950 
2549 2549 5900892 
2550 2550 5902834 
2551 2551 5904776 
2552 2552 5906718 
2553 2553 5908660 
2554 2554 5910602 
2555 2555 5912542 
2556 2556 5914484 
2557 2557 5916426 
2558 2558 5918368 
2559 2559 5920310 
2560 2560 5922252 
2561 2561 5924194 
2562 2562 5926136 
2563 2563 5928078 
2564 2564 5930020 
2565 2565 5931962 
2566 2566 5933904 
2567 2567 5935846 
2568 2568 5937788 
2569 2569 5939730 
2570 2570 5941672 
2571 2571 5943614 
2572 2572 5945554 
2573 2573 5947498 
2574 2574 5949438 
2575 2575 5951380 
2576 2576 5953322 
2577 2577 5955264 
2578 2578 5957206 
2579 2579 5959148 
2580 2580 5961090 
2581 2581 5963032 
2582 2582 5964974 
2583 2583 5966916 
2584 2584 5968858 
2585 2585 5970800 
2586 2586 5972742 
2587 2587 5974684 
2588 2588 5976626 
2589 2589 5978568 
2590 2590 5980510 
2591 2591 5982452 
2592 2592 5984394 
2593 2593 5986336 
2594 2594 5988278 
2595 2595 5990220 
2596 2596 5992162 
2597 2597 5994104 
2598 2598 5996044 
2599 2599 5997986 
2600 2600 5999928 
2601 2601 6001870 
2602 2602 6003812 
2603 2603 6005754 
2604 2604 6007696 
2605 2605 6009638 
2606 2606 6011578 
2607 2607 6013520 
2608 2608 6015462 
2609 2609 6017404 
2610 2610 6019346 
2611 2611 6021290 
2612 2612 6023232 
2613 2613 6025174 
2614 2614 6027116 
2615 2615 6029058 
2616 2616 6031000 
2617 2617 6032940 
2618 2618 6034882 
2619 2619 6036824 
2620 2620 6038766 
2621 2621 6040708 
2622 2622 6042650 
2623 2623 6044592 
2624 2624 6046534 
2625 2625 6048476 
2626 2626 6050416 
2627 2627 6052358 
2628 2628 6054300 
2629 2629 6056242 
2630 2630 6058184 
2631 2631 6060126 
2632 2632 6062066 
2633 2633 6064008 
2634 2634 6065950 
2635 2635 6067892 
2636 2636 6069832 
2637 2637 6071774 
2638 2638 6073716 
2639 2639 6075658 
2640 2640 6077600 
2641 2641 6079542 
2642 2642 6081482 
2643 2643 6083424 
2644 2644 6085366 
2645 2645 6087308 
2646 2646 6089250 
2647 2647 6091192 
2648 2648 6093134 
2649 2649 6095076 
2650 2650 6097018 
2651 2651 6098958 
2652 2652 6100900 
2653 2653 6102842 
2654 2654 6104784 
2655 2655 6106726 
2656 2656 6108668 
2657 2657 6110610 
2658 2658 6112552 
2659 2659 6114492 
2660 2660 6116434 
2661 2661 6118376 
2662 2662 6120318 
2663 2663 6122260 
2664 2664 6124200 
2665 2665 6126142 
2666 2666 6128084 
2667 2667 6130026 
2668 2668 6131968 
2669 2669 6133908 
2670 2670 6135850 
2671 2671 6137792 
2672 2672 6139734 
2673 2673 6141676 
2674 2674 6143616 
2675 2675 6145558 
2676 2676 6147500 
2677 2677 6149442 
2678 2678 6151384 
2679 2679 6153326 
2680 2680 6155266 
2681 2681 6157208 
2682 2682 6159150 
2683 2683 6161092 
2684 2684 6163032 
2685 2685 6164974 
2686 2686 6166916 
2687 2687 6168856 
2688 2688 6170798 
2689 2689 6172740 
2690 2690 6174682 
2691 2691 6176622 
2692 2692 6178564 
2693 2693 6180506 
2694 2694 6182446 
2695 2695 6184388 
2696 2696 6186330 
2697 2697 6188270 
2698 2698 6190212 
2699 2699 6192154 
2700 2700 6194096 
2701 2701 6196038 
2702 2702 6197978 
2703 2703 6199920 
2704 2704 6201862 
2705 2705 6203804 
2706 2706 6205746 
2707 2707 6207688 
2708 2708 6209630 
2709 2709 6211572 
2710 2710 6213512 
2711 2711 6215454 
2712 2712 6217396 
2713 2713 6219338 
2714 2714 6221280 
2715 2715 6223220 
2716 2716 6225162 
2717 2717 6227104 
2718 2718 6229046 
2719 2719 6230988 
2720 2720 6232928 
2721 2721 6234870 
2722 2722 6236812 
2723 2723 6238754 
2724 2724 6240696 
2725 2725 6242636 
2726 2726 6244578 
2727 2727 6246520 
2728 2728 6248462 
2729 2729 6250404 
2730 2730 6252346 
2731 2731 6254288 
2732 2732 6256230 
2733 2733 6258172 
2734 2734 6260112 
2735 2735 6262054 
2736 2736 6263996 
2737 2737 6265938 
2738 2738 6267880 
2739 2739 6269822 
2740 2740 6271762 
2741 2741 6273704 
2742 2742 6275646 
2743 2743 6277588 
2744 2744 6279530 
2745 2745 6281472 
2746 2746 6283414 
2747 2747 6285356 
2748 2748 6287298 
2749 2749 6289240 
2750 2750 6291182 
2751 2751 6293124 
2752 2752 6295064 
2753 2753 6297006 
2754 2754 6298948 
2755 2755 6300890 
2756 2756 6302832 
2757 2757 6304774 
2758 2758 6306716 
2759 2759 6308656 
2760 2760 6310598 
2761 2761 6312540 
2762 2762 6314482 
2763 2763 6316424 
2764 2764 6318366 
2765 2765 6320308 
2766 2766 6322250 
2767 2767 6324192 
2768 2768 6326132 
2769 2769 6328074 
2770 2770 6330016 
2771 2771 6331958 
2772 2772 6333898 
2773 2773 6335840 
2774 2774 6337782 
2775 2775 6339724 
2776 2776 6341664 
2777 2777 6343606 
2778 2778 6345548 
2779 2779 6347490 
2780 2780 6349430 
2781 2781 6351372 
2782 2782 6353314 
2783 2783 6355256 
2784 2784 6357196 
2785 2785 6359138 
2786 2786 6361080 
2787 2787 6363022 
2788 2788 6364964 
2789 2789 6366906 
2790 2790 6368848 
2791 2791 6370790 
2792 2792 6372732 
2793 2793 6374674 
2794 2794 6376616 
2795 2795 6378556 
2796 2796 6380498 
2797 2797 6382440 
2798 2798 6384382 
2799 2799 6386324 
2800 2800 6388266 
2801 2801 6390208 
2802 2802 6392148 
2803 2803 6394090 
2804 2804 6396032 
2805 2805 6397974 
2806 2806 6399916 
2807 2807 6401856 
2808 2808 6403798 
2809 2809 6405740 
2810 2810 6407682 
2811 2811 6409624 
2812 2812 6411564 
2813 2813 6413506 
2814 2814 6415448 
2815 2815 6417390 
2816 2816 6419330 
2817 2817 6421272 
2818 2818 6423214 
2819 2819 6425156 
2820 2820 6427098 
2821 2821 6429040 
2822 2822 6430982 
2823 2823 6432924 
2824 2824 6434864 
2825 2825 6436806 
2826 2826 6438748 
2827 2827 6440690 
2828 2828 6442632 
2829 2829 6444574 
2830 2830 6446516 
2831 2831 6448458 
2832 2832 6450400 
2833 2833 6452342 
2834 2834 6454284 
2835 2835 6456228 
2836 2836 6458170 
2837 2837 6460112 
2838 2838 6462054 
2839 2839 6463996 
2840 2840 6465938 
2841 2841 6467880 
2842 2842 6469822 
2843 2843 6471764 
2844 2844 6473708 
2845 2845 6475650 
2846 2846 6477590 
2847 2847 6479534 
2848 2848 6481476 
2849 2849 6483418 
2850 2850 6485360 
2851 2851 6487302 
2852 2852 6489244 
2853 2853 6491186 
2854 2854 6493128 
2855 2855 6495070 
2856 2856 6497012 
2857 2857 6498954 
2858 2858 6500896 
2859 2859 6502838 
2860 2860 6504780 
2861 2861 6506724 
2862 2862 6508666 
2863 2863 6510608 
2864 2864 6512550 
2865 2865 6514494 
2866 2866 6516436 
2867 2867 6518378 
2868 2868 6520320 
2869 2869 6522262 
2870 2870 6524204 
2871 2871 6526146 
2872 2872 6528088 
2873 2873 6530028 
2874 2874 6531970 
2875 2875 6533912 
2876 2876 6535854 
2877 2877 6537796 
2878 2878 6539738 
2879 2879 6541678 
2880 2880 6543620 
2881 2881 6545562 
2882 2882 6547504 
2883 2883 6549446 
2884 2884 6551388 
2885 2885 6553328 
2886 2886 6555270 
2887 2887 6557212 
2888 2888 6559154 
2889 2889 6561096 
2890 2890 6563038 
2891 2891 6564980 
2892 2892 6566922 
2893 2893 6568864 
2894 2894 6570806 
2895 2895 6572746 
2896 2896 6574688 
2897 2897 6576630 
2898 2898 6578572 
2899 2899 6580512 
2900 2900 6582454 
2901 2901 6584396 
2902 2902 6586338 
2903 2903 6588280 
2904 2904 6590222 
2905 2905 6592164 
2906 2906 6594104 
2907 2907 6596046 
2908 2908 6597988 
2909 2909 6599930 
2910 2910 6601872 
2911 2911 6603814 
2912 2912 6605756 
2913 2913 6607696 
2914 2914 6609638 
2915 2915 6611580 
2916 2916 6613520 
2917 2917 6615462 
2918 2918 6617404 
2919 2919 6619346 
2920 2920 6621286 
2921 2921 6623228 
2922 2922 6625170 
2923 2923 6627108 
2924 2924 6629052 
2925 2925 6630994 
2926 2926 6632936 
2927 2927 6634878 
2928 2928 6636818 
2929 2929 6638760 
2930 2930 6640700 
2931 2931 6642642 
2932 2932 6644584 
2933 2933 6646526 
2934 2934 6648466 
2935 2935 6650408 
2936 2936 6652350 
2937 2937 6654292 
2938 2938 6656232 
2939 2939 6658174 
2940 2940 6660116 
2941 2941 6662058 
2942 2942 6663998 
2943 2943 6665940 
2944 2944 6667882 
2945 2945 6669824 
2946 2946 6671764 
2947 2947 6673706 
2948 2948 6675648 
2949 2949 6677588 
2950 2950 6679530 
2951 2951 6681472 
2952 2952 6683414 
2953 2953 6685356 
2954 2954 6687298 
2955 2955 6689240 
2956 2956 6691182 
2957 2957 6693124 
2958 2958 6695066 
2959 2959 6697008 
2960 2960 6698950 
2961 2961 6700890 
2962 2962 6702832 
2963 2963 6704774 
2964 2964 6706716 
2965 2965 6708654 
2966 2966 6710598 
2967 2967 6712536 
2968 2968 6714480 
2969 2969 6716422 
2970 2970 6718364 
2971 2971 6720306 
2972 2972 6722248 
2973 2973 6724190 
2974 2974 6726130 
2975 2975 6728072 
2976 2976 6730014 
2977 2977 6731956 
2978 2978 6733898 
2979 2979 6735840 
2980 2980 6737780 
2981 2981 6739722 
2982 2982 6741664 
2983 2983 6743606 
2984 2984 6745548 
2985 2985 6747490 
2986 2986 6749430 
2987 2987 6751372 
2988 2988 6753314 
2989 2989 6755256 
2990 2990 6757196 
2991 2991 6759138 
2992 2992 6761080 
2993 2993 6763022 
2994 2994 6764962 
2995 2995 6766904 
2996 2996 6768846 
2997 2997 6770788 
2998 2998 6772730 
2999 2999 6774672 
3000 3000 6776614 
3001 3001 6778556 
3002 3002 6780496 
3003 3003 6782438 
3004 3004 6784380 
3005 3005 6786322 
3006 3006 6788264 
3007 3007 6790206 
3008 3008 6792148 
3009 3009 6794088 
3010 3010 6796030 
3011 3011 6797972 
3012 3012 6799914 
3013 3013 6801856 
3014 3014 6803798 
3015 3015 6805740 
3016 3016 6807682 
3017 3017 6809624 
3018 3018 6811566 
3019 3019 6813508 
3020 3020 6815448 
3021 3021 6817390 
3022 3022 6819332 
3023 3023 6821274 
3024 3024 6823216 
3025 3025 6825158 
3026 3026 6827100 
3027 3027 6829042 
3028 3028 6830984 
3029 3029 6832924 
3030 3030 6834866 
3031 3031 6836808 
3032 3032 6838750 
3033 3033 6840692 
3034 3034 6842632 
3035 3035 6844574 
3036 3036 6846516 
3037 3037 6848458 
3038 3038 6850398 
3039 3039 6852340 
3040 3040 6854282 
3041 3041 6856224 
3042 3042 6858164 
3043 3043 6860106 
3044 3044 6862048 
3045 3045 6863988 
3046 3046 6865930 
3047 3047 6867872 
3048 3048 6869814 
3049 3049 6871754 
3050 3050 6873696 
3051 3051 6875638 
3052 3052 6877578 
3053 3053 6879520 
3054 3054 6881460 
3055 3055 6883402 
3056 3056 6885344 
3057 3057 6887284 
3058 3058 6889226 
3059 3059 6891168 
3060 3060 6893108 
3061 3061 6895050 
3062 3062 6896990 
3063 3063 6898932 
3064 3064 6900874 
3065 3065 6902816 
3066 3066 6904758 
3067 3067 6906698 
3068 3068 6908640 
3069 3069 6910582 
3070 3070 6912524 
3071 3071 6914466 
3072 3072 6916406 
3073 3073 6918348 
3074 3074 6920290 
3075 3075 6922232 
3076 3076 6924174 
3077 3077 6926116 
3078 3078 6928058 
3079 3079 6929998 
3080 3080 6931940 
3081 3081 6933882 
3082 3082 6935824 
3083 3083 6937766 
3084 3084 6939708 
3085 3085 6941648 
3086 3086 6943590 
3087 3087 6945532 
3088 3088 6947472 
3089 3089 6949414 
3090 3090 6951356 
3091 3091 6953298 
3092 3092 6955238 
3093 3093 6957180 
3094 3094 6959122 
3095 3095 6961064 
3096 3096 6963004 
3097 3097 6964946 
3098 3098 6966888 
3099 3099 6968830 
3100 3100 6970770 
3101 3101 6972712 
3102 3102 6974654 
3103 3103 6976596 
3104 3104 6978536 
3105 3105 6980478 
3106 3106 6982420 
3107 3107 6984362 
3108 3108 6986302 
3109 3109 6988244 
3110 3110 6990186 
3111 3111 6992128 
3112 3112 6994070 
3113 3113 6996010 
3114 3114 6997952 
3115 3115 6999894 
3116 3116 7001836 
3117 3117 7003776 
3118 3118 7005718 
3119 3119 7007660 
3120 3120 7009602 
3121 3121 7011544 
3122 3122 7013484 
3123 3123 7015426 
3124 3124 7017368 
3125 3125 7019308 
3126 3126 7021250 
3127 3127 7023192 
3128 3128 7025132 
3129 3129 7027074 
3130 3130 7029016 
3131 3131 7030958 
3132 3132 7032900 
3133 3133 7034840 
3134 3134 7036782 
3135 3135 7038724 
3136 3136 7040666 
3137 3137 7042606 
3138 3138 7044548 
3139 3139 7046490 
3140 3140 7048430 
3141 3141 7050372 
3142 3142 7052314 
3143 3143 7054254 
3144 3144 7056196 
3145 3145 7058138 
3146 3146 7060080 
3147 3147 7062022 
3148 3148 7063962 
3149 3149 7065904 
3150 3150 7067846 
3151 3151 7069788 
3152 3152 7071728 
3153 3153 7073670 
3154 3154 7075612 
3155 3155 7077552 
3156 3156 7079494 
3157 3157 7081436 
3158 3158 7083378 
3159 3159 7085320 
3160 3160 7087262 
3161 3161 7089202 
3162 3162 7091144 
3163 3163 7093086 
3164 3164 7095028 
3165 3165 7096970 
3166 3166 7098912 
3167 3167 7100852 
3168 3168 7102794 
3169 3169 7104736 
3170 3170 7106678 
3171 3171 7108620 
3172 3172 7110562 
3173 3173 7112504 
3174 3174 7114446 
3175 3175 7116386 
3176 3176 7118328 
3177 3177 7120270 
3178 3178 7122212 
3179 3179 7124154 
3180 3180 7126096 
3181 3181 7128038 
3182 3182 7129980 
3183 3183 7131922 
3184 3184 7133862 
3185 3185 7135804 
3186 3186 7137746 
3187 3187 7139688 
3188 3188 7141630 
3189 3189 7143572 
3190 3190 7145512 
3191 3191 7147454 
3192 3192 7149396 
3193 3193 7151338 
3194 3194 7153280 
3195 3195 7155222 
3196 3196 7157164 
3197 3197 7159106 
3198 3198 7161048 
3199 3199 7162990 
3200 3200 7164932 
3201 3201 7166874 
3202 3202 7168816 
3203 3203 7170758 
3204 3204 7172700 
3205 3205 7174642 
3206 3206 7176584 
3207 3207 7178526 
3208 3208 7180468 
3209 3209 7182410 
3210 3210 7184350 
3211 3211 7186292 
3212 3212 7188234 
3213 3213 7190176 
3214 3214 7192118 
3215 3215 7194060 
3216 3216 7196002 
3217 3217 7197944 
3218 3218 7199886 
3219 3219 7201826 
3220 3220 7203768 
3221 3221 7205710 
3222 3222 7207652 
3223 3223 7209594 
3224 3224 7211536 
3225 3225 7213478 
3226 3226 7215420 
3227 3227 7217362 
3228 3228 7219304 
3229 3229 7221246 
3230 3230 7223188 
3231 3231 7225130 
3232 3232 7227072 
3233 3233 7229014 
3234 3234 7230956 
3235 3235 7232898 
3236 3236 7234840 
3237 3237 7236782 
3238 3238 7238724 
3239 3239 7240666 
3240 3240 7242608 
3241 3241 7244550 
3242 3242 7246490 
3243 3243 7248432 
3244 3244 7250374 
3245 3245 7252316 
3246 3246 7254258 
3247 3247 7256200 
3248 3248 7258142 
3249 3249 7260084 
3250 3250 7262026 
3251 3251 7263968 
3252 3252 7265908 
3253 3253 7267850 
3254 3254 7269792 
3255 3255 7271734 
3256 3256 7273676 
3257 3257 7275618 
3258 3258 7277560 
3259 3259 7279502 
3260 3260 7281444 
3261 3261 7283386 
3262 3262 7285328 
3263 3263 7287270 
3264 3264 7289214 
3265 3265 7291156 
3266 3266 7293098 
3267 3267 7295040 
3268 3268 7296982 
3269 3269 7298924 
3270 3270 7300866 
3271 3271 7302808 
3272 3272 7304750 
3273 3273 7306692 
3274 3274 7308634 
3275 3275 7310576 
3276 3276 7312518 
3277 3277 7314460 
3278 3278 7316402 
3279 3279 7318344 
3280 3280 7320286 
3281 3281 7322228 
3282 3282 7324170 
3283 3283 7326110 
3284 3284 7328052 
3285 3285 7329994 
3286 3286 7331936 
3287 3287 7333878 
3288 3288 7335820 
3289 3289 7337762 
3290 3290 7339704 
3291 3291 7341646 
3292 3292 7343588 
3293 3293 7345530 
3294 3294 7347474 
3295 3295 7349416 
3296 3296 7351358 
3297 3297 7353300 
3298 3298 7355242 
3299 3299 7357184 
3300 3300 7359126 
3301 3301 7361068 
3302 3302 7363010 
3303 3303 7364952 
3304 3304 7366894 
3305 3305 7368836 
3306 3306 7370778 
3307 3307 7372720 
3308 3308 7374662 
3309 3309 7376604 
3310 3310 7378546 
3311 3311 7380488 
3312 3312 7382430 
3313 3313 7384372 
3314 3314 7386314 
3315 3315 7388256 
3316 3316 7390198 
3317 3317 7392140 
3318 3318 7394080 
3319 3319 7396022 
3320 3320 7397964 
3321 3321 7399906 
3322 3322 7401848 
3323 3323 7403790 
3324 3324 7405732 
3325 3325 7407674 
3326 3326 7409616 
3327 3327 7411556 
3328 3328 7413498 
3329 3329 7415440 
3330 3330 7417382 
3331 3331 7419324 
3332 3332 7421266 
3333 3333 7423208 
3334 3334 7425150 
3335 3335 7427092 
3336 3336 7429034 
3337 3337 7430976 
3338 3338 7432918 
3339 3339 7434860 
3340 3340 7436800 
3341 3341 7438742 
3342 3342 7440684 
3343 3343 7442626 
3344 3344 7444568 
3345 3345 7446510 
3346 3346 7448452 
3347 3347 7450394 
3348 3348 7452336 
3349 3349 7454278 
3350 3350 7456220 
3351 3351 7458162 
3352 3352 7460104 
3353 3353 7462044 
3354 3354 7463986 
3355 3355 7465928 
3356 3356 7467870 
3357 3357 7469812 
3358 3358 7471754 
3359 3359 7473696 
3360 3360 7475638 
3361 3361 7477580 
3362 3362 7479522 
3363 3363 7481464 
3364 3364 7483406 
3365 3365 7485348 
3366 3366 7487290 
3367 3367 7489232 
3368 3368 7491174 
3369 3369 7493116 
3370 3370 7495058 
3371 3371 7497000 
3372 3372 7498942 
3373 3373 7500884 
3374 3374 7502826 
3375 3375 7504768 
3376 3376 7506710 
3377 3377 7508652 
3378 3378 7510594 
3379 3379 7512536 
3380 3380 7514476 
3381 3381 7516418 
3382 3382 7518360 
3383 3383 7520302 
3384 3384 7522244 
3385 3385 7524186 
3386 3386 7526126 
3387 3387 7528068 
3388 3388 7530010 
3389 3389 7531952 
3390 3390 7533894 
3391 3391 7535836 
3392 3392 7537778 
3393 3393 7539718 
3394 3394 7541660 
3395 3395 7543602 
3396 3396 7545544 
3397 3397 7547486 
3398 3398 7549428 
3399 3399 7551370 
3400 3400 7553312 
3401 3401 7555252 
3402 3402 7557194 
3403 3403 7559136 
3404 3404 7561078 
3405 3405 7563020 
3406 3406 7564960 
3407 3407 7566902 
3408 3408 7568844 
3409 3409 7570786 
3410 3410 7572728 
3411 3411 7574668 
3412 3412 7576610 
3413 3413 7578552 
3414 3414 7580494 
3415 3415 7582436 
3416 3416 7584378 
3417 3417 7586318 
3418 3418 7588260 
3419 3419 7590202 
3420 3420 7592144 
3421 3421 7594086 
3422 3422 7596028 
3423 3423 7597970 
3424 3424 7599912 
3425 3425 7601854 
3426 3426 7603796 
3427 3427 7605738 
3428 3428 7607678 
3429 3429 7609620 
3430 3430 7611562 
3431 3431 7613504 
3432 3432 7615446 
3433 3433 7617388 
3434 3434 7619330 
3435 3435 7621272 
3436 3436 7623214 
3437 3437 7625156 
3438 3438 7627098 
3439 3439 7629040 
3440 3440 7630982 
3441 3441 7632924 
3442 3442 7634866 
3443 3443 7636808 
3444 3444 7638750 
3445 3445 7640692 
3446 3446 7642632 
3447 3447 7644574 
3448 3448 7646516 
3449 3449 7648458 
3450 3450 7650402 
3451 3451 7652344 
3452 3452 7654286 
3453 3453 7656228 
3454 3454 7658170 
3455 3455 7660112 
3456 3456 7662054 
3457 3457 7663996 
3458 3458 7665938 
3459 3459 7667880 
3460 3460 7669822 
3461 3461 7671764 
3462 3462 7673706 
3463 3463 7675648 
3464 3464 7677590 
3465 3465 7679532 
3466 3466 7681474 
3467 3467 7683414 
3468 3468 7685356 
3469 3469 7687298 
3470 3470 7689240 
3471 3471 7691182 
3472 3472 7693124 
3473 3473 7695066 
3474 3474 7697006 
3475 3475 7698948 
3476 3476 7700890 
3477 3477 7702832 
3478 3478 7704774 
3479 3479 7706716 
3480 3480 7708658 
3481 3481 7710600 
3482 3482 7712542 
3483 3483 7714484 
3484 3484 7716426 
3485 3485 7718368 
3486 3486 7720310 
3487 3487 7722252 
3488 3488 7724194 
3489 3489 7726136 
3490 3490 7728078 
3491 3491 7730020 
3492 3492 7731962 
3493 3493 7733904 
3494 3494 7735846 
3495 3495 7737788 
3496 3496 7739730 
3497 3497 7741672 
3498 3498 7743614 
3499 3499 7745556 
3500 3500 7747498 
3501 3501 7749440 
3502 3502 7751382 
3503 3503 7753324 
3504 3504 7755264 
3505 3505 7757206 
3506 3506 7759148 
3507 3507 7761090 
3508 3508 7763032 
3509 3509 7764974 
3510 3510 7766916 
3511 3511 7768858 
3512 3512 7770800 
3513 3513 7772742 
3514 3514 7774684 
3515 3515 7776626 
3516 3516 7778566 
3517 3517 7780508 
3518 3518 7782450 
3519 3519 7784392 
3520 3520 7786334 
3521 3521 7788276 
3522 3522 7790218 
3523 3523 7792160 
3524 3524 7794100 
3525 3525 7796042 
3526 3526 7797984 
3527 3527 7799926 
3528 3528 7801868 
3529 3529 7803808 
3530 3530 7805750 
3531 3531 7807692 
3532 3532 7809634 
3533 3533 7811576 
3534 3534 7813516 
3535 3535 7815458 
3536 3536 7817400 
3537 3537 7819342 
3538 3538 7821284 
3539 3539 7823226 
3540 3540 7825168 
3541 3541 7827110 
3542 3542 7829050 
3543 3543 7830992 
3544 3544 7832934 
3545 3545 7834876 
3546 3546 7836818 
3547 3547 7838760 
3548 3548 7840702 
3549 3549 7842644 
3550 3550 7844586 
3551 3551 7846528 
3552 3552 7848470 
3553 3553 7850412 
3554 3554 7852354 
3555 3555 7854296 
3556 3556 7856236 
3557 3557 7858178 
3558 3558 7860120 
3559 3559 7862062 
3560 3560 7864004 
3561 3561 7865946 
3562 3562 7867888 
3563 3563 7869830 
3564 3564 7871772 
3565 3565 7873714 
3566 3566 7875654 
3567 3567 7877596 
3568 3568 7879538 
3569 3569 7881480 
3570 3570 7883422 
3571 3571 7885364 
3572 3572 7887306 
3573 3573 7889246 
3574 3574 7891188 
3575 3575 7893130 
3576 3576 7895072 
3577 3577 7897014 
3578 3578 7898954 
3579 3579 7900896 
3580 3580 7902838 
3581 3581 7904780 
3582 3582 7906720 
3583 3583 7908662 
3584 3584 7910604 
3585 3585 7912544 
3586 3586 7914486 
3587 3587 7916428 
3588 3588 7918370 
3589 3589 7920312 
3590 3590 7922252 
3591 3591 7924194 
3592 3592 7926136 
3593 3593 7928078 
3594 3594 7930020 
3595 3595 7931962 
3596 3596 7933902 
3597 3597 7935844 
3598 3598 7937786 
3599 3599 7939728 
3600 3600 7941670 
3601 3601 7943612 
3602 3602 7945554 
3603 3603 7947496 
3604 3604 7949438 
3605 3605 7951380 
3606 3606 7953322 
3607 3607 7955262 
3608 3608 7957204 
3609 3609 7959146 
3610 3610 7961088 
3611 3611 7963030 
3612 3612 7964972 
3613 3613 7966914 
3614 3614 7968856 
3615 3615 7970798 
3616 3616 7972740 
3617 3617 7974682 
3618 3618 7976624 
3619 3619 7978566 
3620 3620 7980508 
3621 3621 7982450 
3622 3622 7984392 
3623 3623 7986334 
3624 3624 7988276 
3625 3625 7990218 
3626 3626 7992160 
3627 3627 7994102 
3628 3628 7996044 
3629 3629 7997986 
3630 3630 7999926 
3631 3631 8001868 
3632 3632 8003810 
3633 3633 8005752 
3634 3634 8007694 
3635 3635 8009636 
3636 3636 8011576 
3637 3637 8013518 
3638 3638 8015460 
3639 3639 8017402 
3640 3640 8019342 
3641 3641 8021284 
3642 3642 8023226 
3643 3643 8025168 
3644 3644 8027108 
3645 3645 8029050 
3646 3646 8030992 
3647 3647 8032934 
3648 3648 8034876 
3649 3649 8036818 
3650 3650 8038760 
3651 3651 8040702 
3652 3652 8042642 
3653 3653 8044584 
3654 3654 8046526 
3655 3655 8048468 
3656 3656 8050410 
3657 3657 8052352 
3658 3658 8054294 
3659 3659 8056236 
3660 3660 8058176 
3661 3661 8060118 
3662 3662 8062060 
3663 3663 8064002 
3664 3664 8065944 
3665 3665 8067886 
3666 3666 8069828 
3667 3667 8071770 
3668 3668 8073712 
3669 3669 8075654 
3670 3670 8077596 
3671 3671 8079538 
3672 3672 8081480 
3673 3673 8083422 
3674 3674 8085364 
3675 3675 8087306 
3676 3676 8089248 
3677 3677 8091188 
3678 3678 8093130 
3679 3679 8095072 
3680 3680 8097014 
3681 3681 8098956 
3682 3682 8100898 
3683 3683 8102840 
3684 3684 8104782 
3685 3685 8106724 
3686 3686 8108666 
3687 3687 8110606 
3688 3688 8112548 
3689 3689 8114490 
3690 3690 8116432 
3691 3691 8118374 
3692 3692 8120316 
3693 3693 8122258 
3694 3694 8124200 
3695 3695 8126140 
3696 3696 8128082 
3697 3697 8130024 
3698 3698 8131966 
3699 3699 8133908 
3700 3700 8135850 
3701 3701 8137792 
3702 3702 8139734 
3703 3703 8141676 
3704 3704 8143618 
3705 3705 8145558 
3706 3706 8147500 
3707 3707 8149442 
3708 3708 8151384 
3709 3709 8153324 
3710 3710 8155266 
3711 3711 8157208 
3712 3712 8159150 
3713 3713 8161092 
3714 3714 8163032 
3715 3715 8164974 
3716 3716 8166916 
3717 3717 8168858 
3718 3718 8170800 
3719 3719 8172742 
3720 3720 8174684 
3721 3721 8176626 
3722 3722 8178568 
3723 3723 8180508 
3724 3724 8182450 
3725 3725 8184392 
3726 3726 8186334 
3727 3727 8188276 
3728 3728 8190218 
3729 3729 8192160 
3730 3730 8194100 
3731 3731 8196042 
3732 3732 8197984 
3733 3733 8199926 
3734 3734 8201868 
3735 3735 8203810 
3736 3736 8205752 
3737 3737 8207694 
3738 3738 8209636 
3739 3739 8211578 
3740 3740 8213520 
3741 3741 8215462 
3742 3742 8217404 
3743 3743 8219346 
3744 3744 8221288 
3745 3745 8223230 
3746 3746 8225172 
3747 3747 8227114 
3748 3748 8229056 
3749 3749 8230998 
3750 3750 8232940 
3751 3751 8234882 
3752 3752 8236824 
3753 3753 8238766 
3754 3754 8240708 
3755 3755 8242648 
3756 3756 8244590 
3757 3757 8246532 
3758 3758 8248474 
3759 3759 8250416 
3760 3760 8252358 
3761 3761 8254300 
3762 3762 8256242 
3763 3763 8258184 
3764 3764 8260126 
3765 3765 8262068 
3766 3766 8264010 
3767 3767 8265952 
3768 3768 8267894 
3769 3769 8269836 
3770 3770 8271778 
3771 3771 8273720 
3772 3772 8275662 
3773 3773 8277604 
3774 3774 8279546 
3775 3775 8281488 
3776 3776 8283430 
3777 3777 8285372 
3778 3778 8287314 
3779 3779 8289256 
3780 3780 8291196 
3781 3781 8293138 
3782 3782 8295080 
3783 3783 8297022 
3784 3784 8298964 
3785 3785 8300906 
3786 3786 8302848 
3787 3787 8304790 
3788 3788 8306732 
3789 3789 8308674 
3790 3790 8310616 
3791 3791 8312558 
3792 3792 8314500 
3793 3793 8316442 
3794 3794 8318384 
3795 3795 8320326 
3796 3796 8322268 
3797 3797 8324210 
3798 3798 8326152 
3799 3799 8328094 
3800 3800 8330036 
3801 3801 8331978 
3802 3802 8333918 
3803 3803 8335860 
3804 3804 8337802 
3805 3805 8339744 
3806 3806 8341686 
3807 3807 8343628 
3808 3808 8345568 
3809 3809 8347510 
3810 3810 8349452 
3811 3811 8351394 
3812 3812 8353336 
3813 3813 8355278 
3814 3814 8357220 
3815 3815 8359162 
3816 3816 8361104 
3817 3817 8363046 
3818 3818 8364986 
3819 3819 8366928 
3820 3820 8368870 
3821 3821 8370812 
3822 3822 8372754 
3823 3823 8374696 
3824 3824 8376636 
3825 3825 8378578 
3826 3826 8380520 
3827 3827 8382462 
3828 3828 8384404 
3829 3829 8386346 
3830 3830 8388288 
3831 3831 8390230 
3832 3832 8392172 
3833 3833 8394114 
3834 3834 8396056 
3835 3835 8397998 
3836 3836 8399940 
3837 3837 8401882 
3838 3838 8403822 
3839 3839 8405764 
3840 3840 8407706 
3841 3841 8409648 
3842 3842 8411590 
3843 3843 8413532 
3844 3844 8415474 
3845 3845 8417416 
3846 3846 8419358 
3847 3847 8421300 
3848 3848 8423242 
3849 3849 8425184 
3850 3850 8427124 
3851 3851 8429066 
3852 3852 8431008 
3853 3853 8432950 
3854 3854 8434892 
3855 3855 8436834 
3856 3856 8438776 
3857 3857 8440716 
3858 3858 8442658 
3859 3859 8444600 
3860 3860 8446540 
3861 3861 8448482 
3862 3862 8450424 
3863 3863 8452364 
3864 3864 8454306 
3865 3865 8456248 
3866 3866 8458190 
3867 3867 8460130 
3868 3868 8462072 
3869 3869 8464014 
3870 3870 8465954 
3871 3871 8467896 
3872 3872 8469838 
3873 3873 8471778 
3874 3874 8473720 
3875 3875 8475662 
3876 3876 8477604 
3877 3877 8479546 
3878 3878 8481486 
3879 3879 8483428 
3880 3880 8485368 
3881 3881 8487310 
3882 3882 8489248 
3883 3883 8491192 
3884 3884 8493134 
3885 3885 8495076 
3886 3886 8497018 
3887 3887 8498958 
3888 3888 8500900 
3889 3889 8502842 
3890 3890 8504784 
3891 3891 8506726 
3892 3892 8508666 
3893 3893 8510608 
3894 3894 8512550 
3895 3895 8514492 
3896 3896 8516432 
3897 3897 8518374 
3898 3898 8520316 
3899 3899 8522258 
3900 3900 8524198 
3901 3901 8526140 
3902 3902 8528082 
3903 3903 8530024 
3904 3904 8531964 
3905 3905 8533906 
3906 3906 8535848 
3907 3907 8537788 
3908 3908 8539730 
3909 3909 8541672 
3910 3910 8543612 
3911 3911 8545554 
3912 3912 8547496 
3913 3913 8549438 
3914 3914 8551378 
3915 3915 8553320 
3916 3916 8555258 
3917 3917 8557202 
3918 3918 8559144 
3919 3919 8561086 
3920 3920 8563028 
3921 3921 8564968 
3922 3922 8566910 
3923 3923 8568852 
3924 3924 8570792 
3925 3925 8572734 
3926 3926 8574676 
3927 3927 8576616 
3928 3928 8578558 
3929 3929 8580500 
3930 3930 8582440 
3931 3931 8584382 
3932 3932 8586324 
3933 3933 8588262 
3934 3934 8590202 
3935 3935 8592144 
3936 3936 8594084 
3937 3937 8596028 
3938 3938 8597972 
3939 3939 8599912 
3940 3940 8601854 
3941 3941 8603796 
3942 3942 8605738 
3943 3943 8607678 
3944 3944 8609616 
3945 3945 8611558 
3946 3946 8613498 
3947 3947 8615440 
3948 3948 8617382 
3949 3949 8619322 
3950 3950 8621264 
3951 3951 8623206 
3952 3952 8625146 
3953 3953 8627088 
3954 3954 8629030 
3955 3955 8630970 
3956 3956 8632912 
3957 3957 8634852 
3958 3958 8636794 
3959 3959 8638736 
3960 3960 8640678 
3961 3961 8642618 
3962 3962 8644562 
3963 3963 8646504 
3964 3964 8648446 
3965 3965 8650388 
3966 3966 8652328 
3967 3967 8654268 
3968 3968 8656206 
3969 3969 8658152 
3970 3970 8660094 
3971 3971 8662036 
3972 3972 8663976 
3973 3973 8665918 
3974 3974 8667860 
3975 3975 8669798 
3976 3976 8671738 
3977 3977 8673680 
3978 3978 8675624 
3979 3979 8677568 
3980 3980 8679508 
3981 3981 8681450 
3982 3982 8683390 
3983 3983 8685332 
3984 3984 8687272 
3985 3985 8689214 
3986 3986 8691154 
3987 3987 8693096 
3988 3988 8695038 
3989 3989 8696978 
3990 3990 8698920 
3991 3991 8700862 
3992 3992 8702804 
3993 3993 8704744 
3994 3994 8706686 
3995 3995 8708628 
3996 3996 8710570 
3997 3997 8712512 
3998 3998 8714452 
3999 3999 8716392 
4000 4000 8718332 
4001 4001 8720274 
4002 4002 8722214 
4003 4003 8724156 
4004 4004 8726098 
4005 4005 8728040 
4006 4006 8729980 
4007 4007 8731922 
4008 4008 8733864 
4009 4009 8735806 
4010 4010 8737746 
4011 4011 8739688 
4012 4012 8741626 
4013 4013 8743566 
4014 4014 8745508 
4015 4015 8747450 
4016 4016 8749392 
4017 4017 8751340 
4018 4018 8753282 
4019 4019 8755224 
4020 4020 8757164 
4021 4021 8759106 
4022 4022 8761048 
4023 4023 8762990 
4024 4024 8764932 
4025 4025 8766872 
4026 4026 8768814 
4027 4027 8770756 
4028 4028 8772698 
4029 4029 8774640 
4030 4030 8776580 
4031 4031 8778522 
4032 4032 8780464 
4033 4033 8782406 
4034 4034 8784348 
4035 4035 8786288 
4036 4036 8788230 
4037 4037 8790172 
4038 4038 8792114 
4039 4039 8794056 
4040 4040 8795998 
4041 4041 8797940 
4042 4042 8799882 
4043 4043 8801824 
4044 4044 8803766 
4045 4045 8805708 
4046 4046 8807648 
4047 4047 8809590 
4048 4048 8811532 
4049 4049 8813474 
4050 4050 8815416 
4051 4051 8817358 
4052 4052 8819296 
4053 4053 8821238 
4054 4054 8823178 
4055 4055 8825124 
4056 4056 8827066 
4057 4057 8829008 
4058 4058 8830950 
4059 4059 8832892 
4060 4060 8834834 
4061 4061 8836774 
4062 4062 8838716 
4063 4063 8840658 
4064 4064 8842600 
4065 4065 8844542 
4066 4066 8846482 
4067 4067 8848424 
4068 4068 8850366 
4069 4069 8852308 
4070 4070 8854250 
4071 4071 8856190 
4072 4072 8858132 
4073 4073 8860074 
4074 4074 8862014 
4075 4075 8863954 
4076 4076 8865900 
4077 4077 8867842 
4078 4078 8869784 
4079 4079 8871726 
4080 4080 8873668 
4081 4081 8875610 
4082 4082 8877552 
4083 4083 8879494 
4084 4084 8881436 
4085 4085 8883378 
4086 4086 8885320 
4087 4087 8887262 
4088 4088 8889204 
4089 4089 8891146 
4090 4090 8893088 
4091 4091 8895030 
4092 4092 8896972 
4093 4093 8898914 
4094 4094 8900856 
4095 4095 8902798 
4096 4096 8904738 
4097 4097 8906682 
4098 4098 8908622 
4099 4099 8910564 
4100 4100 8912506 
4101 4101 8914448 
4102 4102 8916390 
4103 4103 8918332 
4104 4104 8920274 
4105 4105 8922216 
4106 4106 8924158 
4107 4107 8926100 
4108 4108 8928042 
4109 4109 8929984 
4110 4110 8931926 
4111 4111 8933868 
4112 4112 8935810 
4113 4113 8937752 
4114 4114 8939694 
4115 4115 8941636 
4116 4116 8943578 
4117 4117 8945520 
4118 4118 8947462 
4119 4119 8949404 
4120 4120 8951346 
4121 4121 8953288 
4122 4122 8955228 
4123 4123 8957170 
4124 4124 8959112 
4125 4125 8961054 
4126 4126 8962996 
4127 4127 8964938 
4128 4128 8966878 
4129 4129 8968820 
4130 4130 8970762 
4131 4131 8972704 
4132 4132 8974644 
4133 4133 8976586 
4134 4134 8978528 
4135 4135 8980470 
4136 4136 8982412 
4137 4137 8984354 
4138 4138 8986296 
4139 4139 8988236 
4140 4140 8990178 
4141 4141 8992120 
4142 4142 8994060 
4143 4143 8996002 
4144 4144 8997944 
4145 4145 8999886 
4146 4146 9001826 
4147 4147 9003768 
4148 4148 9005710 
4149 4149 9007652 
4150 4150 9009592 
4151 4151 9011534 
4152 4152 9013476 
4153 4153 9015418 
4154 4154 9017360 
4155 4155 9019302 
4156 4156 9021242 
4157 4157 9023184 
4158 4158 9025126 
4159 4159 9027068 
4160 4160 9029010 
4161 4161 9030952 
4162 4162 9032894 
4163 4163 9034834 
4164 4164 9036776 
4165 4165 9038718 
4166 4166 9040660 
4167 4167 9042602 
4168 4168 9044544 
4169 4169 9046486 
4170 4170 9048428 
4171 4171 9050370 
4172 4172 9052312 
4173 4173 9054254 
4174 4174 9056194 
4175 4175 9058136 
4176 4176 9060078 
4177 4177 9062020 
4178 4178 9063962 
4179 4179 9065902 
4180 4180 9067844 
4181 4181 9069786 
4182 4182 9071728 
4183 4183 9073670 
4184 4184 9075612 
4185 4185 9077554 
4186 4186 9079496 
4187 4187 9081438 
4188 4188 9083380 
4189 4189 9085322 
4190 4190 9087262 
4191 4191 9089206 
4192 4192 9091146 
4193 4193 9093088 
4194 4194 9095030 
4195 4195 9096972 
4196 4196 9098914 
4197 4197 9100856 
4198 4198 9102798 
4199 4199 9104740 
4200 4200 9106680 
4201 4201 9108622 
4202 4202 9110564 
4203 4203 9112506 
4204 4204 9114448 
4205 4205 9116390 
4206 4206 9118330 
4207 4207 9120272 
4208 4208 9122214 
4209 4209 9124156 
4210 4210 9126098 
4211 4211 9128038 
4212 4212 9129980 
4213 4213 9131922 
4214 4214 9133864 
4215 4215 9135806 
4216 4216 9137748 
4217 4217 9139690 
4218 4218 9141630 
4219 4219 9143574 
4220 4220 9145514 
4221 4221 9147456 
4222 4222 9149398 
4223 4223 9151340 
4224 4224 9153282 
4225 4225 9155224 
4226 4226 9157164 
4227 4227 9159106 
4228 4228 9161048 
4229 4229 9162990 
4230 4230 9164932 
4231 4231 9166874 
4232 4232 9168816 
4233 4233 9170758 
4234 4234 9172700 
4235 4235 9174642 
4236 4236 9176584 
4237 4237 9178526 
4238 4238 9180466 
4239 4239 9182408 
4240 4240 9184350 
4241 4241 9186292 
4242 4242 9188234 
4243 4243 9190176 
4244 4244 9192116 
4245 4245 9194058 
4246 4246 9196000 
4247 4247 9197942 
4248 4248 9199884 
4249 4249 9201824 
4250 4250 9203766 
4251 4251 9205708 
4252 4252 9207650 
4253 4253 9209592 
4254 4254 9211534 
4255 4255 9213476 
4256 4256 9215416 
4257 4257 9217356 
4258 4258 9219298 
4259 4259 9221242 
4260 4260 9223184 
4261 4261 9225126 
4262 4262 9227066 
4263 4263 9229008 
4264 4264 9230950 
4265 4265 9232892 
4266 4266 9234834 
4267 4267 9236772 
4268 4268 9238712 
4269 4269 9240654 
4270 4270 9242598 
4271 4271 9244540 
4272 4272 9246482 
4273 4273 9248424 
4274 4274 9250364 
4275 4275 9252306 
4276 4276 9254248 
4277 4277 9256188 
4278 4278 9258130 
4279 4279 9260072 
4280 4280 9262012 
4281 4281 9263954 
4282 4282 9265896 
4283 4283 9267836 
4284 4284 9269778 
4285 4285 9271720 
4286 4286 9273662 
4287 4287 9275604 
4288 4288 9277546 
4289 4289 9279488 
4290 4290 9281428 
4291 4291 9283370 
4292 4292 9285312 
4293 4293 9287254 
4294 4294 9289196 
4295 4295 9291138 
4296 4296 9293080 
4297 4297 9295022 
4298 4298 9296964 
4299 4299 9298904 
4300 4300 9300846 
4301 4301 9302786 
4302 4302 9304726 
4303 4303 9306670 
4304 4304 9308614 
4305 4305 9310554 
4306 4306 9312496 
4307 4307 9314438 
4308 4308 9316380 
4309 4309 9318322 
4310 4310 9320264 
4311 4311 9322204 
4312 4312 9324146 
4313 4313 9326088 
4314 4314 9328030 
4315 4315 9329970 
4316 4316 9331912 
4317 4317 9333854 
4318 4318 9335796 
4319 4319 9337736 
4320 4320 9339676 
4321 4321 9341620 
4322 4322 9343562 
4323 4323 9345502 
4324 4324 9347444 
4325 4325 9349386 
4326 4326 9351328 
4327 4327 9353270 
4328 4328 9355210 
4329 4329 9357152 
4330 4330 9359094 
4331 4331 9361036 
4332 4332 9362978 
4333 4333 9364920 
4334 4334 9366862 
4335 4335 9368804 
4336 4336 9370744 
4337 4337 9372686 
4338 4338 9374628 
4339 4339 9376570 
4340 4340 9378512 
4341 4341 9380454 
4342 4342 9382394 
4343 4343 9384336 
4344 4344 9386278 
4345 4345 9388220 
4346 4346 9390162 
4347 4347 9392104 
4348 4348 9394044 
4349 4349 9395986 
4350 4350 9397928 
4351 4351 9399870 
4352 4352 9401812 
4353 4353 9403754 
4354 4354 9405694 
4355 4355 9407636 
4356 4356 9409578 
4357 4357 9411520 
4358 4358 9413462 
4359 4359 9415404 
4360 4360 9417344 
4361 4361 9419286 
4362 4362 9421228 
4363 4363 9423170 
4364 4364 9425112 
4365 4365 9427054 
4366 4366 9428996 
4367 4367 9430938 
4368 4368 9432880 
4369 4369 9434822 
4370 4370 9436764 
4371 4371 9438702 
4372 4372 9440646 
4373 4373 9442588 
4374 4374 9444530 
4375 4375 9446472 
4376 4376 9448414 
4377 4377 9450356 
4378 4378 9452296 
4379 4379 9454238 
4380 4380 9456180 
4381 4381 9458120 
4382 4382 9460062 
4383 4383 9462002 
4384 4384 9463942 
4385 4385 9465886 
4386 4386 9467828 
4387 4387 9469770 
4388 4388 9471712 
4389 4389 9473652 
4390 4390 9475594 
4391 4391 9477536 
4392 4392 9479478 
4393 4393 9481420 
4394 4394 9483362 
4395 4395 9485304 
4396 4396 9487246 
4397 4397 9489188 
4398 4398 9491128 
4399 4399 9493070 
4400 4400 9495012 
4401 4401 9496954 
4402 4402 9498896 
4403 4403 9500836 
4404 4404 9502778 
4405 4405 9504720 
4406 4406 9506662 
4407 4407 9508602 
4408 4408 9510544 
4409 4409 9512486 
4410 4410 9514428 
4411 4411 9516368 
4412 4412 9518310 
4413 4413 9520252 
4414 4414 9522192 
4415 4415 9524134 
4416 4416 9526074 
4417 4417 9528016 
4418 4418 9529954 
4419 4419 9531896 
4420 4420 9533840 
4421 4421 9535782 
4422 4422 9537724 
4423 4423 9539666 
4424 4424 9541608 
4425 4425 9543550 
4426 4426 9545490 
4427 4427 9547432 
4428 4428 9549374 
4429 4429 9551316 
4430 4430 9553258 
4431 4431 9555200 
4432 4432 9557140 
4433 4433 9559082 
4434 4434 9561024 
4435 4435 9562964 
4436 4436 9564906 
4437 4437 9566848 
4438 4438 9568790 
4439 4439 9570732 
4440 4440 9572672 
4441 4441 9574614 
4442 4442 9576556 
4443 4443 9578496 
4444 4444 9580438 
4445 4445 9582376 
4446 4446 9584320 
4447 4447 9586264 
4448 4448 9588204 
4449 4449 9590146 
4450 4450 9592088 
4451 4451 9594030 
4452 4452 9595972 
4453 4453 9597914 
4454 4454 9599856 
4455 4455 9601798 
4456 4456 9603738 
4457 4457 9605680 
4458 4458 9607622 
4459 4459 9609564 
4460 4460 9611506 
4461 4461 9613448 
4462 4462 9615388 
4463 4463 9617330 
4464 4464 9619272 
4465 4465 9621214 
4466 4466 9623156 
4467 4467 9625098 
4468 4468 9627038 
4469 4469 9628980 
4470 4470 9630922 
4471 4471 9632864 
4472 4472 9634806 
4473 4473 9636748 
4474 4474 9638690 
4475 4475 9640632 
4476 4476 9642572 
4477 4477 9644514 
4478 4478 9646456 
4479 4479 9648398 
4480 4480 9650340 
4481 4481 9652278 
4482 4482 9654218 
4483 4483 9656160 
4484 4484 9658102 
4485 4485 9660042 
4486 4486 9661988 
4487 4487 9663930 
4488 4488 9665868 
4489 4489 9667812 
4490 4490 9669754 
4491 4491 9671696 
4492 4492 9673638 
4493 4493 9675578 
4494 4494 9677520 
4495 4495 9679462 
4496 4496 9681404 
4497 4497 9683344 
4498 4498 9685286 
4499 4499 9687228 
4500 4500 9689168 
4501 4501 9691110 
4502 4502 9693052 
4503 4503 9694990 
4504 4504 9696930 
4505 4505 9698872 
4506 4506 9700812 
4507 4507 9702758 
4508 4508 9704700 
4509 4509 9706640 
4510 4510 9708582 
4511 4511 9710524 
4512 4512 9712466 
4513 4513 9714408 
4514 4514 9716350 
4515 4515 9718292 
4516 4516 9720234 
4517 4517 9722174 
4518 4518 9724116 
4519 4519 9726058 
4520 4520 9728000 
4521 4521 9729940 
4522 4522 9731882 
4523 4523 9733824 
4524 4524 9735764 
4525 4525 9737706 
4526 4526 9739648 
4527 4527 9741586 
4528 4528 9743526 
4529 4529 9745468 
4530 4530 9747412 
4531 4531 9749354 
4532 4532 9751296 
4533 4533 9753238 
4534 4534 9755178 
4535 4535 9757118 
4536 4536 9759060 
4537 4537 9761004 
4538 4538 9762944 
4539 4539 9764884 
4540 4540 9766824 
4541 4541 9768766 
4542 4542 9770706 
4543 4543 9772648 
4544 4544 9774594 
4545 4545 9776536 
4546 4546 9778474 
4547 4547 9780414 
4548 4548 9782360 
4549 4549 9784302 
4550 4550 9786244 
4551 4551 9788186 
4552 4552 9790128 
4553 4553 9792070 
4554 4554 9794012 
4555 4555 9795952 
4556 4556 9797894 
4557 4557 9799836 
4558 4558 9801776 
4559 4559 9803718 
4560 4560 9805656 
4561 4561 9807598 
4562 4562 9809538 
4563 4563 9811480 
4564 4564 9813424 
4565 4565 9815368 
4566 4566 9817308 
4567 4567 9819250 
4568 4568 9821192 
4569 4569 9823132 
4570 4570 9825074 
4571 4571 9827016 
4572 4572 9828958 
4573 4573 9830898 
4574 4574 9832840 
4575 4575 9834782 
4576 4576 9836724 
4577 4577 9838666 
4578 4578 9840608 
4579 4579 9842550 
4580 4580 9844492 
4581 4581 9846434 
4582 4582 9848376 
4583 4583 9850316 
4584 4584 9852258 
4585 4585 9854200 
4586 4586 9856142 
4587 4587 9858082 
4588 4588 9860020 
4589 4589 9861960 
4590 4590 9863902 
4591 4591 9865844 
4592 4592 9867786 
4593 4593 9869728 
4594 4594 9871672 
4595 4595 9873614 
4596 4596 9875556 
4597 4597 9877498 
4598 4598 9879440 
4599 4599 9881382 
4600 4600 9883320 
4601 4601 9885260 
4602 4602 9887202 
4603 4603 9889144 
4604 4604 9891082 
4605 4605 9893022 
4606 4606 9894966 
4607 4607 9896910 
4608 4608 9898850 
4609 4609 9900792 
4610 4610 9902734 
4611 4611 9904674 
4612 4612 9906616 
4613 4613 9908558 
4614 4614 9910498 
4615 4615 9912440 
4616 4616 9914382 
4617 4617 9916324 
4618 4618 9918264 
4619 4619 9920206 
4620 4620 9922150 
4621 4621 9924092 
4622 4622 9926034 
4623 4623 9927976 
4624 4624 9929918 
4625 4625 9931858 
4626 4626 9933800 
4627 4627 9935742 
4628 4628 9937684 
4629 4629 9939624 
4630 4630 9941566 
4631 4631 9943508 
4632 4632 9945450 
4633 4633 9947390 
4634 4634 9949332 
4635 4635 9951274 
4636 4636 9953214 
4637 4637 9955156 
4638 4638 9957098 
4639 4639 9959040 
4640 4640 9960978 
4641 4641 9962922 
4642 4642 9964864 
4643 4643 9966806 
4644 4644 9968748 
4645 4645 9970688 
4646 4646 9972630 
4647 4647 9974572 
4648 4648 9976512 
4649 4649 9978454 
4650 4650 9980396 
4651 4651 9982338 
4652 4652 9984280 
4653 4653 9986222 
4654 4654 9988162 
4655 4655 9990104 
4656 4656 9992046 
4657 4657 9993984 
4658 4658 9995926 
4659 4659 9997866 
4660 4660 9999806 
4661 4661 10001746 
4662 4662 10003690 
4663 4663 10005634 
4664 4664 10007576 
4665 4665 10009516 
4666 4666 10011458 
4667 4667 10013400 
4668 4668 10015342 
4669 4669 10017284 
4670 4670 10019226 
4671 4671 10021168 
4672 4672 10023110 
4673 4673 10025052 
4674 4674 10026994 
4675 4675 10028934 
4676 4676 10030880 
4677 4677 10032822 
4678 4678 10034764 
4679 4679 10036706 
4680 4680 10038646 
4681 4681 10040588 
4682 4682 10042530 
4683 4683 10044472 
4684 4684 10046414 
4685 4685 10048354 
4686 4686 10050296 
4687 4687 10052238 
4688 4688 10054178 
4689 4689 10056120 
4690 4690 10058062 
4691 4691 10060002 
4692 4692 10061944 
4693 4693 10063886 
4694 4694 10065828 
4695 4695 10067768 
4696 4696 10069710 
4697 4697 10071648 
4698 4698 10073592 
4699 4699 10075534 
4700 4700 10077476 
4701 4701 10079418 
4702 4702 10081360 
4703 4703 10083302 
4704 4704 10085244 
4705 4705 10087186 
4706 4706 10089126 
4707 4707 10091068 
4708 4708 10093010 
4709 4709 10094952 
4710 4710 10096894 
4711 4711 10098836 
4712 4712 10100778 
4713 4713 10102720 
4714 4714 10104662 
4715 4715 10106604 
4716 4716 10108542 
4717 4717 10110480 
4718 4718 10112420 
4719 4719 10114364 
4720 4720 10116308 
4721 4721 10118248 
4722 4722 10120190 
4723 4723 10122132 
4724 4724 10124076 
