45227 45227 1142788782 350 
45228 45228 1142791376 396 
45229 45229 1142793964 280 
45230 45230 1142796554 358 
45231 45231 1142799144 290 
45232 45232 1142801088 420 
45233 45233 1142803030 350 
45234 45234 1142804974 418 
45235 45235 1142806916 410 
45236 45236 1142808856 298 
45237 45237 1142810800 292 
45238 45238 1142812742 374 
45239 45239 1142814684 350 
45240 45240 1142816626 318 
45241 45241 1142818570 294 
45242 45242 1142820510 318 
45243 45243 1142822454 334 
45244 45244 1142824396 358 
45245 45245 1142826338 360 
45246 45246 1142828282 294 
45247 45247 1142830220 314 
45248 45248 1142832168 320 
45249 45249 1142834108 282 
45250 45250 1142836050 376 
45251 45251 1142839288 374 
45252 45252 1142844468 338 
45253 45253 1142849650 414 
45254 45254 1142854832 358 
45255 45255 1142860010 290 
45256 45256 1142865192 296 
45257 45257 1142870366 414 
45258 45258 1142875546 352 
45259 45259 1142880726 292 
45260 45260 1142885906 296 
45261 45261 1142891086 390 
45262 45262 1142896266 378 
45263 45263 1142901450 354 
45264 45264 1142906630 400 
45265 45265 1142916992 398 
45266 45266 1142922172 418 
45267 45267 1142929294 314 
45268 45268 1142936416 288 
45269 45269 1142940944 314 
45270 45270 1142956486 298 
45271 45271 1142960372 396 
45272 45272 1142970086 400 
45273 45273 1142978504 292 
45274 45274 1142986918 316 
45275 45275 1142994038 374 
45276 45276 1143003102 288 
45277 45277 1143008282 316 
45278 45278 1143018000 400 
45279 45279 1143023182 294 
45280 45280 1143032894 420 
45281 45281 1143038720 296 
45282 45282 1143045196 338 
45283 45283 1143051670 292 
45284 45284 1143058148 340 
45285 45285 1143063978 312 
45286 45286 1143070454 282 
45287 45287 1143076282 294 
45288 45288 1143083406 296 
45289 45289 1143089228 312 
45290 45290 1143096996 376 
45291 45291 1143103470 356 
45292 45292 1143111240 288 
45293 45293 1143116422 282 
45294 45294 1143126784 358 
45295 45295 1143131964 396 
45296 45296 1143139086 360 
45297 45297 1143145562 280 
45298 45298 1143151386 294 
45299 45299 1143158510 354 
45300 45300 1143164986 300 
45301 45301 1143170810 410 
45302 45302 1143178578 338 
45303 45303 1143183110 314 
45304 45304 1143191526 296 
45305 45305 1143196706 416 
45306 45306 1143203176 378 
45307 45307 1143209002 310 
45308 45308 1143216124 338 
45309 45309 1143222598 372 
45310 45310 1143229718 394 
45311 45311 1143235552 292 
45312 45312 1143242026 294 
45313 45313 1143249798 336 
45314 45314 1143254976 310 
45315 45315 1143264042 374 
45316 45316 1143269872 316 
45317 45317 1143276344 374 
45318 45318 1143283468 350 
45319 45319 1143289300 414 
45320 45320 1143297716 298 
45321 45321 1143302250 390 
45322 45322 1143311306 316 
45323 45323 1143318428 278 
45324 45324 1143324904 378 
45325 45325 1143331378 396 
45326 45326 1143338500 318 
45327 45327 1143343686 396 
45328 45328 1143352106 360 
45329 45329 1143357284 290 
45330 45330 1143365052 378 
45331 45331 1143370878 332 
45332 45332 1143378000 336 
45333 45333 1143384474 412 
45334 45334 1143390302 396 
45335 45335 1143398072 390 
45336 45336 1143403902 298 
45337 45337 1143409726 294 
45338 45338 1143417496 398 
45339 45339 1143422672 374 
45340 45340 1143431086 378 
45341 45341 1143438208 334 
45342 45342 1143444036 376 
45343 45343 1143452458 394 
45344 45344 1143456986 358 
45345 45345 1143467996 294 
45346 45346 1143472528 284 
45347 45347 1143481592 280 
45348 45348 1143486770 284 
45349 45349 1143493892 292 
45350 45350 1143501014 332 
45351 45351 1143506194 394 
45352 45352 1143515262 396 
45353 45353 1143519794 394 
45354 45354 1143529502 376 
45355 45355 1143534678 294 
45356 45356 1143541802 316 
45357 45357 1143548924 372 
45358 45358 1143554106 296 
45359 45359 1143564472 284 
45360 45360 1143568350 378 
45361 45361 1143589716 314 
45362 45362 1143595542 414 
45363 45363 1143602662 312 
45364 45364 1143608484 420 
45365 45365 1143616904 374 
45366 45366 1143621440 354 
45367 45367 1143630502 354 
45368 45368 1143636328 378 
45369 45369 1143642152 354 
45370 45370 1143649920 374 
45371 45371 1143655746 330 
45372 45372 1143664164 356 
45373 45373 1143669344 330 
45374 45374 1143679710 414 
45375 45375 1143684892 350 
45376 45376 1143693306 378 
45377 45377 1143699134 332 
45378 45378 1143706254 418 
45379 45379 1143712084 292 
45380 45380 1143719200 318 
45381 45381 1143725678 394 
45382 45382 1143732154 360 
45383 45383 1143737334 292 
45384 45384 1143746400 378 
45385 45385 1143751576 392 
45386 45386 1143760640 286 
45387 45387 1143767114 394 
45388 45388 1143773592 286 
45389 45389 1143780718 290 
45390 45390 1143785896 286 
45391 45391 1143793662 354 
45392 45392 1143799492 376 
45393 45393 1143807264 374 
45394 45394 1143812442 396 
45395 45395 1143820210 282 
45396 45396 1143826688 318 
45397 45397 1143832512 370 
45398 45398 1143840288 350 
45399 45399 1143844820 294 
45400 45400 1143855180 286 
45401 45401 1143859710 310 
45402 45402 1143868120 336 
45403 45403 1143873300 372 
45404 45404 1143881070 318 
45405 45405 1143887546 370 
45406 45406 1143894026 298 
45407 45407 1143901798 358 
45408 45408 1143906974 338 
45409 45409 1143917338 374 
45410 45410 1143921870 378 
45411 45411 1143931582 330 
45412 45412 1143937410 286 
45413 45413 1143943886 370 
45414 45414 1143951006 336 
45415 45415 1143956186 334 
45416 45416 1143965896 418 
45417 45417 1143970426 352 
45418 45418 1143979484 356 
45419 45419 1143985310 412 
45420 45420 1143991784 296 
