36256 36256 797191528 314 
36257 36257 797200030 414 
36258 36258 797206520 416 
36259 36259 797212994 410 
36260 36260 797219470 334 
36261 36261 797225948 394 
36262 36262 797232422 282 
36263 36263 797238896 294 
36264 36264 797245366 374 
36265 36265 797251838 334 
36266 36266 797258312 414 
36267 36267 797264136 374 
36268 36268 797269962 338 
36269 36269 797275790 354 
36270 36270 797281614 334 
36271 36271 797287442 310 
36272 36272 797293268 296 
36273 36273 797299744 414 
36274 36274 797306218 356 
36275 36275 797312692 374 
36276 36276 797319164 394 
36277 36277 797324990 284 
36278 36278 797330816 356 
36279 36279 797336640 414 
36280 36280 797343112 334 
36281 36281 797349580 414 
36282 36282 797356056 334 
36283 36283 797362530 314 
36284 36284 797368998 418 
36285 36285 797375476 410 
36286 36286 797381948 334 
36287 36287 797389068 414 
36288 36288 797396188 314 
36289 36289 797403310 284 
36290 36290 797410432 398 
36291 36291 797417552 410 
36292 36292 797424674 394 
36293 36293 797431794 338 
36294 36294 797438912 410 
36295 36295 797446682 290 
36296 36296 797454450 296 
36297 36297 797462216 298 
36298 36298 797469332 284 
36299 36299 797477104 282 
36300 36300 797484874 286 
36301 36301 797492642 286 
36302 36302 797500410 336 
36303 36303 797508824 370 
36304 36304 797517236 358 
36305 36305 797525652 284 
36306 36306 797534718 418 
36307 36307 797543780 292 
36308 36308 797552834 370 
36309 36309 797561906 278 
36310 36310 797570968 340 
36311 36311 797580032 394 
36312 36312 797589094 416 
36313 36313 797597512 410 
36314 36314 797605926 394 
36315 36315 797615638 314 
36316 36316 797626636 334 
36317 36317 797636992 330 
36318 36318 797646704 286 
36319 36319 797656414 278 
36320 36320 797663534 314 
36321 36321 797670654 410 
36322 36322 797679070 398 
36323 36323 797687480 334 
36324 36324 797695900 296 
36325 36325 797706252 370 
36326 36326 797717258 336 
36327 36327 797726326 282 
36328 36328 797741212 288 
36329 36329 797755454 354 
36330 36330 797765818 374 
36331 36331 797774878 310 
36332 36332 797783290 356 
36333 36333 797790414 334 
36334 36334 797796886 418 
36335 36335 797805304 394 
36336 36336 797814366 374 
36337 36337 797830544 354 
36338 36338 797846084 314 
36339 36339 797854500 370 
36340 36340 797862268 398 
36341 36341 797869386 370 
36342 36342 797877800 334 
36343 36343 797886212 350 
36344 36344 797890096 334 
36345 36345 797895274 416 
36346 36346 797900452 286 
36347 36347 797908218 394 
36348 36348 797928282 354 
36349 36349 797937344 314 
36350 36350 797947052 314 
36351 36351 797955470 370 
36352 36352 797961294 354 
36353 36353 797970358 414 
36354 36354 797980714 398 
36355 36355 797990422 370 
36356 36356 798003370 288 
36357 36357 798022788 390 
36358 36358 798037678 374 
36359 36359 798046092 282 
36360 36360 798055150 354 
36361 36361 798066800 370 
36362 36362 798080394 368 
36363 36363 798095930 370 
36364 36364 798118586 286 
36365 36365 798136062 410 
36366 36366 798147064 296 
36367 36367 798163250 294 
36368 36368 798190436 358 
36369 36369 798209212 314 
36370 36370 798233168 414 
36371 36371 798245464 576 
36372 36372 798258408 394 
36373 36373 798276534 390 
36374 36374 798283008 396 
36375 36375 798292070 334 
36376 36376 798304370 334 
36377 36377 798329610 394 
36378 36378 798347092 316 
36379 36379 798354860 354 
36380 36380 798363272 334 
36381 36381 798377512 410 
36382 36382 798391752 378 
36383 36383 798404050 334 
36384 36384 798416996 414 
36385 36385 798433178 278 
36386 36386 798451300 358 
36387 36387 798464890 312 
36388 36388 798481072 418 
36389 36389 798495312 330 
36390 36390 798503078 414 
36391 36391 798511494 394 
36392 36392 798519262 334 
36393 36393 798527030 354 
36394 36394 798534798 414 
36395 36395 798541918 350 
36396 36396 798549038 398 
36397 36397 798555512 334 
36398 36398 798561988 334 
36399 36399 798569110 314 
36400 36400 798577526 286 
36401 36401 798587236 330 
36402 36402 798596296 358 
36403 36403 798604068 370 
36404 36404 798611834 394 
36405 36405 798619602 294 
36406 36406 798626722 294 
36407 36407 798633844 314 
36408 36408 798643554 376 
36409 36409 798646136 350 
36410 36410 798648084 314 
36411 36411 798659738 416 
36412 36412 798668152 334 
36413 36413 798679156 394 
36414 36414 798689512 348 
36415 36415 798703108 352 
36416 36416 798717346 374 
36417 36417 798732882 292 
36418 36418 798751000 354 
36419 36419 798758772 280 
36420 36420 798775606 374 
36421 36421 798789196 310 
36422 36422 798800202 396 
36423 36423 798818320 354 
36424 36424 798835798 418 
36425 36425 798847448 350 
36426 36426 798868160 334 
36427 36427 798873338 284 
36428 36428 798890812 338 
36429 36429 798921232 354 
36430 36430 798927056 288 
36431 36431 798941300 280 
36432 36432 798969134 286 
36433 36433 798982080 370 
36434 36434 798998264 356 
36435 36435 799028686 334 
36436 36436 799033216 398 
36437 36437 799045516 396 
36438 36438 799061700 296 
36439 36439 799063640 394 
36440 36440 799066876 316 
36441 36441 799071408 334 
36442 36442 799076588 354 
36443 36443 799083708 370 
36444 36444 799098598 288 
36445 36445 799103130 294 
36446 36446 799108952 286 
36447 36447 799114782 338 
36448 36448 799120606 314 
36449 36449 799127722 280 
36450 36450 799138730 318 
36451 36451 799142612 310 
36452 36452 799151674 356 
36453 36453 799159444 280 
36454 36454 799169800 282 
36455 36455 799184042 284 
36456 36456 799219648 394 
36457 36457 799226764 410 
36458 36458 799275958 358 
36459 36459 799280486 394 
36460 36460 799293432 336 
36461 36461 799329040 294 
36462 36462 799337450 294 
36463 36463 799386650 290 
36464 36464 799392474 376 
36465 36465 799410602 354 
36466 36466 799445558 294 
36467 36467 799463036 350 
36468 36468 799470800 316 
36469 36469 799477276 290 
36470 36470 799483752 294 
36471 36471 799490224 372 
36472 36472 799497342 284 
36473 36473 799505116 330 
36474 36474 799512886 418 
36475 36475 799514828 330 
36476 36476 799521948 358 
36477 36477 799528424 370 
36478 36478 799534900 284 
36479 36479 799542022 284 
36480 36480 799549792 400 
36481 36481 799557562 370 
36482 36482 799565330 282 
36483 36483 799573748 390 
36484 36484 799582160 394 
36485 36485 799590578 314 
36486 36486 799598346 294 
36487 36487 799607408 314 
36488 36488 799618410 314 
36489 36489 799629412 314 
36490 36490 799637180 334 
36491 36491 799645594 374 
36492 36492 799655304 286 
36493 36493 799667606 280 
36494 36494 799678608 354 
36495 36495 799696082 412 
36496 36496 799712906 358 
36497 36497 799731678 290 
36498 36498 799753042 294 
36499 36499 799764692 294 
36500 36500 799782168 374 
36501 36501 799787992 394 
36502 36502 799797052 374 
36503 36503 799813882 394 
36504 36504 799823588 282 
36505 36505 799833296 280 
36506 36506 799844300 336 
36507 36507 799868250 282 
36508 36508 799874722 548 
36509 36509 799909030 370 
36510 36510 799934918 378 
36511 36511 799993166 294 
36512 36512 800050126 336 
36513 36513 800109674 280 
36514 36514 800147868 394 
36515 36515 800153694 280 
36516 36516 800168584 378 
36517 36517 800189300 310 
36518 36518 800197716 334 
36519 36519 800217140 290 
36520 36520 800239148 314 
36521 36521 800262454 370 
36522 36522 800300648 414 
36523 36523 800318766 414 
36524 36524 800362142 374 
36525 36525 800409392 280 
36526 36526 800511662 314 
36527 36527 800621714 390 
36528 36528 800731758 338 
36529 36529 800839848 294 
36530 36530 800861208 394 
36531 36531 800863148 410 
36532 36532 800865090 298 
36533 36533 800867032 334 
36534 36534 800868970 414 
36535 36535 800870912 394 
36536 36536 800872852 394 
36537 36537 800874796 354 
36538 36538 800876736 294 
36539 36539 800878678 334 
36540 36540 800880618 294 
36541 36541 800882558 336 
36542 36542 800884502 396 
36543 36543 800886442 330 
36544 36544 800888380 376 
36545 36545 800890324 354 
36546 36546 800892266 314 
36547 36547 800894208 374 
36548 36548 800896148 356 
36549 36549 800898090 290 
36550 36550 800900032 374 
36551 36551 800901974 278 
36552 36552 800903916 392 
36553 36553 800905858 294 
36554 36554 800907800 394 
36555 36555 800909742 334 
36556 36556 800911684 372 
36557 36557 800913626 280 
36558 36558 800915568 358 
36559 36559 800917508 314 
36560 36560 800919450 318 
36561 36561 800921392 294 
36562 36562 800923332 286 
36563 36563 800925274 370 
36564 36564 800927216 334 
36565 36565 800929156 278 
36566 36566 800931098 296 
36567 36567 800933038 280 
36568 36568 800934982 416 
36569 36569 800936922 314 
36570 36570 800938866 298 
36571 36571 800940808 314 
36572 36572 800942748 298 
36573 36573 800944690 370 
36574 36574 800946632 294 
36575 36575 800948574 330 
36576 36576 800950518 394 
36577 36577 800952460 332 
36578 36578 800954402 294 
36579 36579 800956346 414 
36580 36580 800958288 336 
36581 36581 800960230 414 
36582 36582 800962172 356 
36583 36583 800964116 414 
36584 36584 800966058 296 
36585 36585 800968000 314 
36586 36586 800969942 374 
36587 36587 800971882 370 
36588 36588 800973830 414 
36589 36589 800975770 414 
36590 36590 800977712 298 
36591 36591 800979652 410 
36592 36592 800981592 284 
36593 36593 800983534 394 
36594 36594 800985478 368 
36595 36595 800987418 392 
36596 36596 800989360 334 
36597 36597 800991302 394 
36598 36598 800993244 374 
36599 36599 800995186 290 
36600 36600 800997126 398 
36601 36601 800999066 372 
36602 36602 801001008 420 
36603 36603 801002952 352 
36604 36604 801004894 338 
36605 36605 801006836 390 
36606 36606 801008776 286 
36607 36607 801010718 334 
36608 36608 801012660 334 
36609 36609 801014600 280 
36610 36610 801016544 336 
36611 36611 801018484 410 
36612 36612 801020428 374 
36613 36613 801022370 372 
36614 36614 801024310 300 
36615 36615 801026896 290 
36616 36616 801030136 414 
36617 36617 801032076 390 
36618 36618 801034018 394 
36619 36619 801035960 354 
36620 36620 801037900 318 
36621 36621 801039842 314 
36622 36622 801041786 314 
36623 36623 801043726 310 
36624 36624 801045666 418 
36625 36625 801047610 282 
36626 36626 801049552 298 
36627 36627 801051494 334 
36628 36628 801053434 334 
36629 36629 801055378 360 
36630 36630 801057316 398 
36631 36631 801059258 372 
36632 36632 801061200 358 
36633 36633 801063142 354 
36634 36634 801065084 374 
36635 36635 801067024 280 
36636 36636 801068968 294 
36637 36637 801070908 370 
36638 36638 801072848 394 
36639 36639 801074792 310 
36640 36640 801076734 334 
36641 36641 801078674 414 
36642 36642 801080618 314 
36643 36643 801083206 374 
36644 36644 801085794 416 
36645 36645 801088384 312 
36646 36646 801091620 396 
36647 36647 801094210 314 
36648 36648 801096800 398 
36649 36649 801099390 350 
36650 36650 801101330 376 
36651 36651 801103274 284 
36652 36652 801105216 338 
36653 36653 801107158 290 
36654 36654 801109100 286 
36655 36655 801111044 410 
36656 36656 801112984 354 
36657 36657 801114926 356 
36658 36658 801116868 298 
36659 36659 801118810 280 
36660 36660 801120750 378 
36661 36661 801122692 374 
36662 36662 801124634 394 
36663 36663 801127222 332 
36664 36664 801129812 354 
36665 36665 801133048 350 
36666 36666 801136934 380 
36667 36667 801142112 330 
36668 36668 801145996 284 
36669 36669 801148586 336 
36670 36670 801151176 298 
36671 36671 801153118 350 
36672 36672 801155060 294 
36673 36673 801157650 390 
36674 36674 801159592 354 
36675 36675 801161534 330 
36676 36676 801163476 338 
36677 36677 801165418 280 
36678 36678 801167360 318 
36679 36679 801169302 374 
36680 36680 801171242 396 
36681 36681 801173186 284 
36682 36682 801175126 298 
36683 36683 801177718 392 
36684 36684 801180304 354 
36685 36685 801182894 412 
36686 36686 801186130 314 
36687 36687 801189366 416 
36688 36688 801193898 398 
36689 36689 801201668 294 
36690 36690 801210078 294 
36691 36691 801216556 414 
36692 36692 801222384 318 
36693 36693 801228206 370 
36694 36694 801234036 414 
36695 36695 801240510 420 
36696 36696 801250220 338 
36697 36697 801265108 280 
36698 36698 801269644 374 
36699 36699 801274824 372 
36700 36700 801280004 374 
36701 36701 801285184 334 
36702 36702 801291658 370 
36703 36703 801300720 374 
36704 36704 801336972 358 
36705 36705 801350564 372 
36706 36706 801373224 314 
36707 36707 801379044 312 
36708 36708 801387460 414 
36709 36709 801401708 310 
36710 36710 801434068 314 
36711 36711 801470970 314 
36712 36712 801476796 336 
36713 36713 801489096 310 
36714 36714 801573252 390 
36715 36715 801586846 294 
36716 36716 801673588 418 
36717 36717 801689766 376 
36718 36718 801725364 378 
36719 36719 801729894 334 
36720 36720 801737012 286 
36721 36721 801747372 390 
36722 36722 801770026 398 
36723 36723 801775852 356 
36724 36724 801783618 316 
36725 36725 801790740 370 
36726 36726 801800450 354 
36727 36727 801820512 390 
36728 36728 801825042 294 
36729 36729 801834750 330 
36730 36730 801845748 414 
36731 36731 801886534 334 
36732 36732 801890418 414 
36733 36733 801898834 280 
36734 36734 801946088 418 
36735 36735 801949968 280 
36736 36736 801961620 378 
36737 36737 801984922 318 
36738 36738 801992686 314 
36739 36739 802004336 374 
36740 36740 802021812 396 
36741 36741 802045110 394 
36742 36742 802059348 286 
36743 36743 802097534 414 
36744 36744 802122778 338 
36745 36745 802197202 294 
36746 36746 802230860 286 
36747 36747 802259336 314 
36748 36748 802328594 314 
36749 36749 802355774 294 
36750 36750 802436668 394 
36751 36751 802495570 354 
36752 36752 802518222 334 
36753 36753 802542820 314 
36754 36754 802560942 284 
36755 36755 802610782 294 
36756 36756 802650258 294 
36757 36757 802663202 410 
36758 36758 802765860 354 
