30745 30745 638630928 314 
30746 30746 638632968 334 
30747 30747 638634920 372 
30748 30748 638636862 298 
30749 30749 638638804 314 
30750 30750 638640756 354 
30751 30751 638642698 292 
30752 30752 638644642 374 
30753 30753 638646588 352 
30754 30754 638648530 314 
30755 30755 638650474 392 
30756 30756 638652414 354 
30757 30757 638654360 284 
30758 30758 638656308 396 
30759 30759 638658252 394 
30760 30760 638660194 288 
30761 30761 638662136 356 
30762 30762 638664078 334 
30763 30763 638666022 280 
30764 30764 638667964 298 
30765 30765 638669906 314 
30766 30766 638671850 360 
30767 30767 638673792 312 
30768 30768 638675734 300 
30769 30769 638677678 350 
30770 30770 638679622 418 
30771 30771 638681564 282 
30772 30772 638683506 298 
30773 30773 638685448 392 
30774 30774 638687392 410 
30775 30775 638689334 410 
30776 30776 638691278 314 
30777 30777 638693220 354 
30778 30778 638695164 338 
30779 30779 638697106 312 
30780 30780 638699048 414 
30781 30781 638700992 278 
30782 30782 638702936 294 
30783 30783 638704878 292 
30784 30784 638706822 374 
30785 30785 638708764 280 
30786 30786 638710708 318 
30787 30787 638712650 354 
30788 30788 638714594 300 
30789 30789 638716532 284 
30790 30790 638718480 282 
30791 30791 638720422 354 
30792 30792 638722366 288 
30793 30793 638724308 334 
30794 30794 638726250 294 
30795 30795 638728196 414 
30796 30796 638730136 318 
30797 30797 638732080 338 
30798 30798 638734018 286 
30799 30799 638735966 370 
30800 30800 638737908 310 
30801 30801 638739850 290 
30802 30802 638741792 338 
30803 30803 638743734 314 
30804 30804 638745676 316 
30805 30805 638747622 332 
30806 30806 638749562 548 
30807 30807 638751504 354 
30808 30808 638753448 414 
30809 30809 638755390 314 
30810 30810 638757332 284 
30811 30811 638759274 392 
30812 30812 638761218 416 
30814 30814 638765102 358 
30815 30815 638767048 296 
30816 30816 638768990 354 
30817 30817 638770932 372 
30818 30818 638772876 418 
30819 30819 638774814 414 
30820 30820 638776758 286 
30821 30821 638778700 284 
30822 30822 638780646 356 
30823 30823 638782588 314 
30824 30824 638784530 356 
30825 30825 638786472 332 
30826 30826 638788416 334 
30827 30827 638790356 296 
30828 30828 638792300 376 
30829 30829 638794242 354 
30830 30830 638796186 336 
30831 30831 638798128 410 
30832 30832 638800070 414 
30833 30833 638802012 314 
30834 30834 638803954 294 
30835 30835 638805894 372 
30836 30836 638807834 374 
30837 30837 638809782 292 
30838 30838 638811724 414 
30839 30839 638813666 414 
30840 30840 638815608 394 
30841 30841 638817552 394 
30842 30842 638819494 358 
30843 30843 638821436 372 
30844 30844 638823378 294 
30845 30845 638825322 278 
30846 30846 638827264 314 
30847 30847 638829206 350 
30848 30848 638831150 380 
30849 30849 638833092 410 
30850 30850 638835034 398 
30851 30851 638836978 316 
30852 30852 638838920 414 
30853 30853 638840862 352 
30854 30854 638842800 334 
30855 30855 638844742 316 
30856 30856 638846692 294 
30857 30857 638848632 410 
30858 30858 638850576 394 
30859 30859 638852518 370 
30860 30860 638854460 288 
30861 30861 638856402 292 
30862 30862 638858348 334 
30863 30863 638860288 290 
30864 30864 638862232 284 
30865 30865 638864174 392 
30866 30866 638866116 284 
30867 30867 638868058 288 
30868 30868 638870002 294 
30869 30869 638871944 392 
30870 30870 638873884 378 
30871 30871 638875828 278 
30872 30872 638877770 400 
30873 30873 638880354 280 
30874 30874 638882306 378 
30875 30875 638884890 292 
30876 30876 638886838 376 
30877 30877 638889424 336 
30878 30878 638891370 314 
30879 30879 638893310 410 
30880 30880 638895900 318 
30881 30881 638898490 394 
30882 30882 638901080 314 
30883 30883 638903670 334 
30884 30884 638906262 374 
30885 30885 638908846 412 
30886 30886 638911436 374 
30887 30887 638914026 312 
30888 30888 638916620 414 
30889 30889 638919210 332 
30890 30890 638921800 394 
30891 30891 638924390 414 
30892 30892 638926982 418 
30893 30893 638929572 410 
30894 30894 638932162 284 
30895 30895 638934750 370 
30896 30896 638936686 318 
30897 30897 638938626 336 
30898 30898 638940576 400 
30899 30899 638942518 330 
30900 30900 638944462 320 
30901 30901 638947054 312 
30902 30902 638949640 378 
30903 30903 638952230 336 
30904 30904 638954178 398 
30905 30905 638956120 410 
30906 30906 638958060 374 
30907 30907 638960002 414 
30908 30908 638961944 394 
30909 30909 638964534 390 
30910 30910 638967128 414 
30911 30911 638969718 352 
30912 30912 638972304 336 
30913 30913 638974898 292 
30914 30914 638976842 396 
30915 30915 638979432 390 
30916 30916 638982022 376 
30917 30917 638984612 416 
30918 30918 638987202 398 
30919 30919 638989794 358 
30920 30920 638992384 286 
30921 30921 638994974 350 
30922 30922 638998210 360 
30923 30923 639001450 394 
30924 30924 639004690 314 
30925 30925 639007926 294 
30926 30926 639011164 314 
30927 30927 639014402 414 
30928 30928 639017636 378 
30929 30929 639020224 314 
30930 30930 639023466 378 
30931 30931 639026704 374 
30932 30932 639029942 374 
30933 30933 639033178 290 
30934 30934 639036416 360 
30935 30935 639039652 284 
30936 30936 639042892 338 
30937 30937 639046128 414 
30938 30938 639049366 314 
30939 30939 639051956 290 
30940 30940 639055192 334 
30941 30941 639058432 312 
30942 30942 639061670 286 
30943 30943 639064906 394 
30944 30944 639068146 360 
30945 30945 639071380 294 
30946 30946 639074620 286 
30947 30947 639077854 312 
30948 30948 639081096 286 
30949 30949 639084330 292 
30950 30950 639087570 414 
30951 30951 639091454 334 
30952 30952 639095336 354 
30953 30953 639099226 414 
30954 30954 639103114 284 
30955 30955 639106996 390 
30956 30956 639110236 372 
30957 30957 639113470 394 
30958 30958 639116706 314 
30959 30959 639120590 514 
30960 30960 639124476 338 
30961 30961 639128360 394 
30962 30962 639132244 334 
30963 30963 639136130 414 
30964 30964 639140660 318 
30965 30965 639144550 330 
30966 30966 639148436 416 
30967 30967 639152320 290 
30968 30968 639156850 334 
30969 30969 639162028 372 
30970 30970 639166564 360 
30971 30971 639171094 414 
30972 30972 639175630 400 
30973 30973 639179512 392 
30974 30974 639183398 294 
30975 30975 639187284 410 
30976 30976 639191176 286 
30977 30977 639196356 414 
30978 30978 639200884 296 
30979 30979 639205414 370 
30980 30980 639209950 416 
30981 30981 639214484 284 
30982 30982 639217078 282 
30983 30983 639220316 374 
30984 30984 639224204 298 
30985 30985 639228734 330 
30986 30986 639232616 418 
30987 30987 639237148 350 
30988 30988 639241684 374 
30989 30989 639246222 354 
30990 30990 639250106 414 
30991 30991 639254638 414 
30992 30992 639259818 298 
30993 30993 639264998 284 
30994 30994 639270178 298 
30995 30995 639274056 356 
30996 30996 639277942 356 
30997 30997 639281180 280 
30998 30998 639285068 394 
30999 30999 639288304 360 
31000 31000 639291542 378 
31001 31001 639294780 332 
31002 31002 639297368 418 
31003 31003 639301900 302 
31004 31004 639307726 394 
31005 31005 639314200 334 
31006 31006 639318728 314 
31007 31007 639323266 414 
31008 31008 639328450 354 
31009 31009 639332984 350 
31010 31010 639336220 284 
31011 31011 639340754 336 
31012 31012 639345286 294 
31013 31013 639350468 412 
31014 31014 639357586 378 
31015 31015 639364060 354 
31016 31016 639369894 396 
31017 31017 639374428 280 
31018 31018 639378312 286 
31019 31019 639382198 410 
31020 31020 639385434 318 
31021 31021 639388672 280 
31022 31022 639391910 298 
31023 31023 639395148 416 
31024 31024 639397736 314 
31025 31025 639400974 392 
31026 31026 639404214 288 
31027 31027 639408096 278 
31028 31028 639411336 282 
31029 31029 639415868 392 
31030 31030 639419106 398 
31031 31031 639422990 278 
31032 31032 639427522 338 
31033 31033 639433344 354 
31034 31034 639437230 378 
31035 31035 639443052 354 
31036 31036 639446296 398 
31037 31037 639448238 280 
31038 31038 639450180 394 
31039 31039 639452124 372 
31040 31040 639454066 298 
31041 31041 639456008 294 
31042 31042 639457950 294 
31043 31043 639459894 392 
31044 31044 639461834 298 
31045 31045 639463780 394 
31046 31046 639465720 358 
31047 31047 639468318 318 
31048 31048 639470262 418 
31049 31049 639472850 394 
31050 31050 639476088 336 
31051 31051 639478680 316 
31052 31052 639481918 418 
31053 31053 639485156 374 
31054 31054 639489042 298 
31055 31055 639493574 334 
31056 31056 639498108 314 
31057 31057 639501346 312 
31058 31058 639504584 414 
31059 31059 639507176 412 
31060 31060 639509116 374 
31061 31061 639511706 354 
31062 31062 639514296 300 
31063 31063 639516886 332 
31064 31064 639519476 420 
31065 31065 639522070 396 
31066 31066 639524660 334 
31067 31067 639527250 354 
31068 31068 639529840 374 
31069 31069 639533078 394 
31070 31070 639536962 418 
31071 31071 639541492 358 
31072 31072 639546674 414 
31073 31073 639553150 314 
31074 31074 639556388 286 
31075 31075 639559626 310 
31076 31076 639562220 414 
31077 31077 639564806 352 
31078 31078 639566752 318 
31079 31079 639569342 334 
31080 31080 639571934 284 
31081 31081 639574522 394 
31082 31082 639577114 376 
31083 31083 639579056 294 
31084 31084 639581644 316 
31085 31085 639584234 394 
31086 31086 639586826 396 
31087 31087 639589416 374 
31088 31088 639592006 398 
31089 31089 639595246 334 
31090 31090 639598482 418 
31091 31091 639603014 356 
31092 31092 639608194 378 
31093 31093 639612726 312 
31094 31094 639615964 336 
31095 31095 639619848 332 
31096 31096 639621792 284 
31097 31097 639625028 396 
31098 31098 639629560 298 
31099 31099 639634740 394 
31100 31100 639639920 374 
31101 31101 639644448 338 
31102 31102 639650276 334 
31103 31103 639659986 282 
31104 31104 639662576 354 
31105 31105 639667108 412 
31106 31106 639670994 314 
31107 31107 639674880 282 
31108 31108 639678764 280 
31109 31109 639682002 372 
31110 31110 639685244 286 
31111 31111 639687188 394 
31112 31112 639689128 318 
31113 31113 639691714 370 
31114 31114 639694308 354 
31115 31115 639697546 332 
31116 31116 639700784 294 
31117 31117 639704020 394 
31118 31118 639707906 294 
31119 31119 639712438 358 
31120 31120 639715676 284 
31121 31121 639719558 294 
31122 31122 639723442 286 
31123 31123 639727980 330 
31124 31124 639732512 284 
31125 31125 639737046 290 
31126 31126 639741578 318 
31127 31127 639745462 374 
31128 31128 639749352 374 
31129 31129 639753880 350 
31130 31130 639757114 356 
31131 31131 639762948 280 
31132 31132 639766186 358 
31133 31133 639769416 392 
31134 31134 639775244 298 
31135 31135 639781722 296 
31136 31136 639788200 418 
31137 31137 639792080 394 
31138 31138 639797908 358 
31139 31139 639804382 394 
31140 31140 639811510 414 
31141 31141 639821220 354 
31142 31142 639832228 418 
31143 31143 639837406 374 
31144 31144 639844530 298 
31145 31145 639851654 354 
31146 31146 639857486 358 
31147 31147 639862668 312 
31148 31148 639869142 354 
31149 31149 639875618 282 
31150 31150 639881446 298 
31151 31151 639886628 282 
31152 31152 639893752 572 
31153 31153 639901518 392 
31154 31154 639915762 378 
31155 31155 639928062 280 
31156 31156 639930652 298 
31157 31157 639932594 314 
31158 31158 639934536 374 
31159 31159 639936478 314 
31160 31160 639938420 416 
31161 31161 639940366 294 
31162 31162 639942308 286 
31163 31163 639944250 350 
31164 31164 639946194 376 
31165 31165 639948136 370 
31166 31166 639950078 288 
31167 31167 639952022 334 
31168 31168 639953962 334 
31169 31169 639955906 282 
31170 31170 639957848 356 
31171 31171 639959792 372 
31172 31172 639961732 354 
31173 31173 639963676 354 
31174 31174 639965618 286 
31175 31175 639967560 414 
31176 31176 639969504 338 
31177 31177 639971446 354 
31178 31178 639973388 318 
31179 31179 639975330 370 
31180 31180 639977274 316 
31181 31181 639979218 312 
31182 31182 639981160 314 
31183 31183 639983102 312 
31184 31184 639985044 320 
31185 31185 639986986 282 
31186 31186 639988930 376 
31187 31187 639990872 314 
31188 31188 639992816 418 
31189 31189 639994758 414 
31190 31190 639996700 394 
31191 31191 639998644 296 
31192 31192 640000586 414 
31193 31193 640002528 284 
31194 31194 640004472 374 
31195 31195 640006414 392 
31196 31196 640008358 394 
31197 31197 640010300 350 
31198 31198 640012244 338 
31199 31199 640014180 318 
31200 31200 640016126 340 
31201 31201 640018070 416 
31202 31202 640020012 286 
31203 31203 640021954 410 
31204 31204 640023892 394 
31205 31205 640025838 290 
31206 31206 640027780 298 
31207 31207 640029724 334 
31208 31208 640031666 378 
31209 31209 640033608 334 
31210 31210 640035550 418 
31211 31211 640037492 394 
31212 31212 640039434 284 
31213 31213 640041376 416 
31214 31214 640043320 354 
31215 31215 640045262 370 
31216 31216 640047204 414 
31217 31217 640049148 374 
31218 31218 640051090 282 
31219 31219 640053032 414 
31220 31220 640054974 318 
31221 31221 640056918 330 
31222 31222 640058858 318 
31223 31223 640060802 350 
31224 31224 640062748 416 
31225 31225 640065332 354 
31226 31226 640067924 380 
31227 31227 640070512 358 
31228 31228 640073104 420 
31229 31229 640075694 294 
31230 31230 640078286 416 
31231 31231 640080870 412 
31232 31232 640083462 378 
31233 31233 640086054 378 
31234 31234 640088644 418 
31235 31235 640091232 372 
31236 31236 640093824 288 
31237 31237 640096412 392 
31238 31238 640099002 354 
31239 31239 640101590 372 
31240 31240 640104184 400 
31241 31241 640106772 286 
31242 31242 640109362 284 
31243 31243 640111954 286 
31244 31244 640114542 418 
31245 31245 640117132 314 
31246 31246 640119724 418 
31247 31247 640122314 284 
31248 31248 640124900 294 
31249 31249 640127494 392 
31250 31250 640130084 290 
31251 31251 640132674 410 
31252 31252 640135264 338 
31253 31253 640137852 374 
31254 31254 640140442 360 
31255 31255 640143680 280 
31256 31256 640146264 286 
31257 31257 640148854 372 
31258 31258 640151444 334 
31259 31259 640154034 334 
31260 31260 640157272 334 
31261 31261 640159860 332 
31262 31262 640162450 334 
31263 31263 640165046 396 
31264 31264 640168282 318 
31265 31265 640170868 410 
31266 31266 640174112 334 
31267 31267 640176696 296 
31268 31268 640179938 396 
31269 31269 640183174 376 
31270 31270 640186412 358 
31271 31271 640189648 330 
31272 31272 640192886 334 
31273 31273 640196118 334 
31274 31274 640199356 284 
31275 31275 640202592 312 
31276 31276 640205830 376 
31277 31277 640209068 412 
31278 31278 640212306 338 
31279 31279 640215544 312 
31280 31280 640218780 316 
31281 31281 640222018 396 
31282 31282 640225256 288 
31283 31283 640228494 294 
31284 31284 640231730 394 
31285 31285 640234968 374 
31286 31286 640238854 414 
31287 31287 640242738 280 
31288 31288 640246622 394 
31289 31289 640250508 312 
31290 31290 640254390 356 
31291 31291 640258274 412 
31292 31292 640262158 286 
31293 31293 640266042 354 
31294 31294 640269928 314 
31295 31295 640274460 412 
31296 31296 640278998 358 
31297 31297 640282882 414 
31298 31298 640287410 294 
31299 31299 640291304 394 
31300 31300 640294542 374 
31301 31301 640298422 370 
31302 31302 640302312 378 
31303 31303 640305548 332 
31304 31304 640308786 414 
31305 31305 640312672 410 
31306 31306 640316556 390 
31307 31307 640320442 374 
31308 31308 640324326 394 
31309 31309 640328210 352 
31310 31310 640331448 332 
31311 31311 640335332 372 
31312 31312 640339216 284 
31313 31313 640343750 292 
31314 31314 640348928 378 
31315 31315 640353462 316 
31316 31316 640357994 314 
31317 31317 640362528 310 
31318 31318 640367706 286 
31319 31319 640373526 332 
31320 31320 640378056 354 
31321 31321 640383240 334 
31322 31322 640387126 350 
31323 31323 640390362 290 
31324 31324 640394252 380 
31325 31325 640398138 292 
31326 31326 640401374 286 
31327 31327 640405906 314 
31328 31328 640409792 314 
31329 31329 640413678 354 
31330 31330 640418852 414 
31331 31331 640422738 350 
31332 31332 640428570 394 
31333 31333 640431806 294 
31334 31334 640435044 294 
31335 31335 640440872 314 
31336 31336 640447994 414 
31337 31337 640451874 396 
31338 31338 640455756 286 
31339 31339 640461584 410 
31340 31340 640467418 416 
31341 31341 640471302 294 
31342 31342 640476482 286 
31343 31343 640481010 314 
31344 31344 640486838 334 
31345 31345 640490728 396 
31346 31346 640494614 374 
31347 31347 640497204 314 
31348 31348 640499144 334 
31349 31349 640501086 390 
31350 31350 640503030 288 
31351 31351 640504972 394 
31352 31352 640506916 284 
31353 31353 640508858 314 
31354 31354 640510790 338 
31355 31355 640512736 412 
31356 31356 640514680 294 
31357 31357 640516626 354 
31358 31358 640518568 414 
31359 31359 640520512 332 
31360 31360 640522454 414 
31361 31361 640524400 296 
31362 31362 640526988 316 
31363 31363 640529578 290 
31364 31364 640532170 288 
31365 31365 640536054 314 
31366 31366 640539288 378 
31367 31367 640541882 334 
31368 31368 640543826 314 
31369 31369 640545768 410 
31370 31370 640547708 298 
31371 31371 640549650 316 
31372 31372 640551592 320 
31373 31373 640553536 354 
31374 31374 640555478 394 
31375 31375 640557420 334 
31376 31376 640559362 360 
31377 31377 640561304 280 
31378 31378 640563248 288 
31379 31379 640565190 280 
31380 31380 640567132 394 
31381 31381 640569074 352 
31382 31382 640571018 414 
31383 31383 640572960 354 
31384 31384 640574904 420 
31385 31385 640576848 294 
31386 31386 640578788 286 
31387 31387 640580730 374 
31388 31388 640582674 418 
31389 31389 640584616 412 
31390 31390 640586558 350 
31391 31391 640588502 356 
31392 31392 640590442 318 
31393 31393 640592386 374 
31394 31394 640594328 300 
31395 31395 640596270 282 
31396 31396 640598214 354 
31397 31397 640600156 416 
31398 31398 640602100 338 
31399 31399 640604042 336 
31400 31400 640605986 298 
31401 31401 640607928 414 
31402 31402 640609872 316 
31403 31403 640611814 354 
31404 31404 640614402 314 
31405 31405 640616994 414 
31406 31406 640620232 414 
31407 31407 640623466 284 
31408 31408 640627998 288 
31409 31409 640630582 372 
31410 31410 640633176 294 
31411 31411 640635766 376 
31412 31412 640638356 316 
31413 31413 640640298 390 
31414 31414 640642240 298 
31415 31415 640644182 316 
31416 31416 640646128 294 
31417 31417 640648072 392 
31418 31418 640650014 358 
31419 31419 640651956 378 
31420 31420 640653898 294 
31421 31421 640655840 396 
31422 31422 640657782 314 
31423 31423 640659724 314 
31424 31424 640661668 298 
31425 31425 640663610 330 
31426 31426 640666198 414 
31427 31427 640668790 390 
31428 31428 640671380 378 
31429 31429 640673968 394 
31430 31430 640677204 314 
31431 31431 640679792 292 
31432 31432 640682388 414 
31433 31433 640684328 286 
31434 31434 640686272 390 
31435 31435 640688214 394 
31436 31436 640690156 334 
31437 31437 640692098 280 
31438 31438 640694040 376 
31439 31439 640695984 412 
31440 31440 640697926 354 
31441 31441 640699870 298 
31442 31442 640701810 374 
31443 31443 640703752 280 
31444 31444 640705694 334 
31445 31445 640707640 282 
31446 31446 640709582 374 
31447 31447 640711524 292 
31448 31448 640713466 418 
31449 31449 640715408 392 
31450 31450 640717352 296 
31451 31451 640719294 294 
31452 31452 640721882 414 
31453 31453 640724472 414 
31454 31454 640727064 288 
31455 31455 640730302 336 
31456 31456 640733538 338 
31457 31457 640738072 330 
31458 31458 640740658 288 
31459 31459 640743250 396 
31460 31460 640745196 334 
31461 31461 640747138 396 
31462 31462 640749082 316 
31463 31463 640751024 374 
31464 31464 640752968 398 
31465 31465 640754910 334 
31466 31466 640756850 396 
31467 31467 640758796 356 
31468 31468 640761386 318 
31469 31469 640763976 356 
31470 31470 640766564 380 
31471 31471 640768510 372 
31472 31472 640770452 338 
31473 31473 640772394 336 
31474 31474 640774334 284 
31475 31475 640776922 314 
31476 31476 640779516 398 
31477 31477 640782106 280 
31478 31478 640785342 294 
31479 31479 640789228 282 
31480 31480 640792466 376 
31481 31481 640795704 420 
31482 31482 640798940 318 
31483 31483 640802178 332 
31484 31484 640806064 338 
31485 31485 640810594 374 
31486 31486 640814480 286 
31487 31487 640818366 284 
31488 31488 640822898 418 
31489 31489 640828078 292 
31490 31490 640833260 354 
31491 31491 640839736 414 
31492 31492 640849452 338 
31493 31493 640862398 294 
31494 31494 640868224 338 
31495 31495 640875998 414 
31496 31496 640880528 394 
31497 31497 640885714 282 
31498 31498 640890246 360 
31499 31499 640895426 330 
31500 31500 640899302 298 
31501 31501 640901244 286 
31502 31502 640903188 320 
31503 31503 640905130 394 
31504 31504 640907072 298 
31505 31505 640909014 280 
31506 31506 640910956 294 
31507 31507 640912900 396 
31508 31508 640914842 418 
31509 31509 640916784 330 
31510 31510 640918730 400 
31511 31511 640920670 280 
31512 31512 640922612 338 
31513 31513 640924554 338 
31514 31514 640926496 298 
31515 31515 640928434 310 
31516 31516 640930378 378 
31517 31517 640932324 280 
31518 31518 640934266 314 
31519 31519 640936208 370 
31520 31520 640938150 416 
31521 31521 640940090 312 
31522 31522 640942034 354 
31523 31523 640943976 374 
31524 31524 640945920 296 
31525 31525 640947862 294 
31526 31526 640949804 374 
31527 31527 640951746 412 
31528 31528 640953688 374 
31529 31529 640955630 334 
31530 31530 640957568 314 
31531 31531 640959514 330 
31532 31532 640961456 374 
31533 31533 640963398 370 
31534 31534 640965340 400 
31535 31535 640967282 334 
31536 31536 640969226 300 
31537 31537 640971166 358 
31538 31538 640973108 288 
31539 31539 640975046 334 
31540 31540 640976988 356 
31541 31541 640978930 370 
31542 31542 640980872 334 
31543 31543 640982818 280 
31544 31544 640984762 286 
31545 31545 640986704 280 
31546 31546 640988646 334 
31547 31547 640990588 334 
31548 31548 640992530 284 
31549 31549 640994470 412 
31550 31550 640996412 358 
31551 31551 640998358 392 
31552 31552 641000298 286 
31553 31553 641002236 290 
31554 31554 641004180 420 
31555 31555 641006122 352 
31556 31556 641008066 376 
31557 31557 641010006 296 
31558 31558 641011954 394 
31559 31559 641013896 394 
31560 31560 641015838 374 
31561 31561 641017782 374 
31562 31562 641019724 376 
31563 31563 641021666 280 
31564 31564 641023608 336 
31565 31565 641025552 296 
31566 31566 641027494 394 
31567 31567 641029434 280 
31568 31568 641031378 296 
31569 31569 641033320 352 
31570 31570 641035262 360 
31571 31571 641037204 390 
31572 31572 641039148 356 
31573 31573 641041088 374 
31574 31574 641043032 372 
31575 31575 641044974 330 
31576 31576 641046916 358 
31577 31577 641048860 350 
31578 31578 641050804 396 
31579 31579 641052746 330 
31580 31580 641054688 284 
31581 31581 641056632 332 
31582 31582 641058572 378 
31583 31583 641060516 412 
31584 31584 641062454 294 
31585 31585 641064396 354 
31586 31586 641066342 418 
31587 31587 641068284 356 
31588 31588 641070228 316 
31589 31589 641072170 282 
31590 31590 641074112 394 
31591 31591 641076056 316 
31592 31592 641078000 394 
31593 31593 641079942 370 
31594 31594 641081882 282 
31595 31595 641083826 392 
31596 31596 641085768 286 
31597 31597 641087712 410 
31598 31598 641089654 418 
31599 31599 641091598 332 
31600 31600 641093538 394 
31601 31601 641095482 414 
31602 31602 641097424 378 
31603 31603 641099366 294 
31604 31604 641101308 418 
31605 31605 641103252 414 
31606 31606 641105194 414 
31607 31607 641107138 280 
31608 31608 641109080 418 
31609 31609 641111018 354 
31610 31610 641112964 356 
31611 31611 641114906 418 
31612 31612 641117498 288 
31613 31613 641120088 414 
31614 31614 641122678 418 
31615 31615 641125268 330 
31616 31616 641127858 284 
31617 31617 641130448 372 
31618 31618 641133038 334 
31619 31619 641135628 334 
31620 31620 641137566 354 
31621 31621 641139508 292 
31622 31622 641141452 338 
31623 31623 641143400 414 
31624 31624 641145340 370 
31625 31625 641147284 336 
31626 31626 641149226 358 
31627 31627 641151168 394 
31628 31628 641153756 360 
31629 31629 641156348 286 
31630 31630 641158288 334 
31631 31631 641160228 352 
31632 31632 641162178 340 
31633 31633 641164118 414 
31634 31634 641166060 378 
31635 31635 641168650 374 
31636 31636 641170592 378 
31637 31637 641172536 318 
31638 31638 641174478 374 
31639 31639 641176420 290 
31640 31640 641178358 338 
31641 31641 641180304 392 
31642 31642 641182248 298 
31643 31643 641184832 374 
31644 31644 641187426 414 
31645 31645 641190010 358 
31646 31646 641191954 330 
31647 31647 641193900 412 
31648 31648 641195842 396 
31649 31649 641197784 394 
31650 31650 641199726 340 
31651 31651 641201670 352 
31652 31652 641203614 350 
31653 31653 641205554 378 
31654 31654 641207496 334 
31655 31655 641209440 414 
31656 31656 641211382 358 
31657 31657 641213324 334 
31658 31658 641215268 278 
31659 31659 641217210 316 
31660 31660 641219800 418 
31661 31661 641222390 292 
31662 31662 641224978 298 
31663 31663 641226920 354 
31664 31664 641228862 356 
31665 31665 641230806 294 
31666 31666 641233396 330 
31667 31667 641235340 372 
31668 31668 641237928 378 
31669 31669 641239872 390 
31670 31670 641241812 314 
31671 31671 641243750 414 
31672 31672 641245696 354 
31673 31673 641247638 294 
31674 31674 641250234 286 
31675 31675 641253468 414 
31676 31676 641256706 294 
31677 31677 641260584 294 
31678 31678 641263176 296 
31679 31679 641266412 410 
31680 31680 641269654 374 
31681 31681 641272244 352 
31682 31682 641274188 298 
31683 31683 641276126 312 
31684 31684 641278074 290 
31685 31685 641280660 296 
31686 31686 641283252 318 
31687 31687 641287136 370 
31688 31688 641290372 298 
31689 31689 641292316 290 
31690 31690 641294256 316 
31691 31691 641296202 310 
31692 31692 641298146 284 
31693 31693 641300086 370 
31694 31694 641302028 284 
31695 31695 641304618 412 
31696 31696 641306560 318 
31697 31697 641309150 412 
31698 31698 641311742 288 
31699 31699 641314332 392 
31700 31700 641316274 282 
31701 31701 641318860 354 
31702 31702 641322098 320 
31703 31703 641326632 354 
31704 31704 641329868 286 
31705 31705 641332456 390 
31706 31706 641335698 378 
31707 31707 641338286 412 
31708 31708 641342170 358 
31709 31709 641345410 296 
31710 31710 641348648 356 
31711 31711 641351884 280 
31712 31712 641355122 320 
31713 31713 641360950 416 
31714 31714 641365476 298 
31715 31715 641370662 374 
31716 31716 641373900 294 
31717 31717 641377784 284 
31718 31718 641382960 356 
31719 31719 641386200 330 
31720 31720 641388794 418 
31721 31721 641390736 334 
31722 31722 641392678 378 
31723 31723 641395268 356 
31724 31724 641398506 316 
31725 31725 641403038 284 
31726 31726 641406922 398 
31727 31727 641411456 294 
31728 31728 641414046 286 
31729 31729 641416636 352 
31730 31730 641419228 354 
31731 31731 641421814 294 
31732 31732 641425702 334 
31733 31733 641429588 330 
31734 31734 641432826 374 
31735 31735 641435414 416 
31736 31736 641439300 288 
31737 31737 641443184 394 
31738 31738 641449656 338 
31739 31739 641453544 292 
31740 31740 641457430 398 
31741 31741 641461316 284 
31742 31742 641465848 396 
31743 31743 641471028 374 
31744 31744 641474268 318 
31745 31745 641476854 334 
31746 31746 641478800 374 
31747 31747 641482036 396 
31748 31748 641485274 286 
31749 31749 641491748 330 
31750 31750 641499512 420 
31751 31751 641504698 330 
31752 31752 641512468 288 
31753 31753 641518940 314 
31754 31754 641522178 414 
31755 31755 641525416 282 
31756 31756 641529300 314 
31757 31757 641533838 334 
31758 31758 641538368 318 
31759 31759 641541608 316 
31760 31760 641545490 358 
31761 31761 641549376 284 
31762 31762 641553256 396 
31763 31763 641557142 394 
31764 31764 641560380 394 
31765 31765 641563624 334 
31766 31766 641567508 378 
31767 31767 641572038 390 
31768 31768 641576570 284 
31769 31769 641579810 298 
31770 31770 641583044 318 
31771 31771 641588220 292 
31772 31772 641592108 340 
31773 31773 641596640 280 
31774 31774 641601172 414 
31775 31775 641604408 414 
31776 31776 641608292 334 
31777 31777 641612178 410 
31778 31778 641616710 420 
31779 31779 641621898 414 
31780 31780 641627726 294 
31781 31781 641632906 412 
31782 31782 641640670 318 
31783 31783 641646500 374 
31784 31784 641651032 314 
31785 31785 641656212 392 
31786 31786 641662040 356 
31787 31787 641668516 310 
31788 31788 641671746 414 
31789 31789 641676280 314 
31790 31790 641684692 358 
31791 31791 641697642 374 
31792 31792 641701530 374 
31793 31793 641705414 314 
31794 31794 641710596 354 
31795 31795 641715124 414 
31796 31796 641719010 414 
31797 31797 641723540 330 
31798 31798 641728072 354 
31799 31799 641732606 378 
31800 31800 641737784 418 
31801 31801 641742320 314 
31802 31802 641748146 314 
31803 31803 641754620 394 
31804 31804 641768218 318 
31805 31805 641783756 414 
31806 31806 641795414 288 
31807 31807 641814192 370 
31808 31808 641817428 378 
31809 31809 641823256 394 
31810 31810 641827786 340 
31811 31811 641832968 420 
31812 31812 641838146 294 
31813 31813 641842032 410 
31814 31814 641847212 316 
31815 31815 641852390 284 
31816 31816 641857574 394 
31817 31817 641864694 294 
31818 31818 641875696 314 
31819 31819 641896414 294 
31820 31820 641910658 294 
31821 31821 641912604 372 
31822 31822 641917134 282 
31823 31823 641921020 416 
31824 31824 641926198 282 
31825 31825 641930730 414 
31826 31826 641934618 340 
31827 31827 641939798 280 
31828 31828 641946270 282 
31829 31829 641954040 350 
31830 31830 641964394 396 
31831 31831 641973464 414 
31832 31832 641982534 354 
31833 31833 641997422 334 
31834 31834 642011674 300 
31835 31835 642019448 336 
31836 31836 642025272 290 
31837 31837 642029802 314 
31838 31838 642034336 410 
31839 31839 642039516 370 
31840 31840 642044694 286 
31841 31841 642049874 294 
31842 31842 642055702 354 
31843 31843 642064122 392 
31844 31844 642073828 546 
31845 31845 642082898 336 
31846 31846 642091318 414 
31847 31847 642105560 392 
31848 31848 642114630 414 
31849 31849 642118516 292 
31850 31850 642123696 334 
31851 31851 642126934 352 
31852 31852 642130818 334 
31853 31853 642134704 414 
31854 31854 642138594 378 
31855 31855 642143772 292 
31856 31856 642150896 334 
31857 31857 642156724 280 
31858 31858 642163202 314 
31859 31859 642172912 280 
31860 31860 642180038 334 
31861 31861 642186512 414 
31862 31862 642194930 398 
31863 31863 642207880 392 
31864 31864 642210472 356 
31865 31865 642216298 296 
31866 31866 642222126 318 
31867 31867 642229250 374 
31868 31868 642238316 398 
31869 31869 642248674 414 
31870 31870 642257740 316 
31871 31871 642269396 290 
31872 31872 642276518 354 
31873 31873 642284934 394 
31874 31874 642294000 314 
31875 31875 642303064 370 
31876 31876 642312778 284 
31877 31877 642327022 334 
31878 31878 642339970 394 
31879 31879 642352920 294 
31880 31880 642365870 394 
31881 31881 642376880 334 
31882 31882 642384002 338 
31883 31883 642393068 330 
31884 31884 642402134 354 
31885 31885 642411200 284 
31886 31886 642421560 418 
31887 31887 642435808 358 
31888 31888 642448754 298 
31889 31889 642461702 356 
31890 31890 642474652 416 
31891 31891 642486308 278 
31892 31892 642493432 310 
31893 31893 642502498 374 
31894 31894 642511566 414 
31895 31895 642520630 390 
31896 31896 642531638 320 
31897 31897 642545882 334 
31898 31898 642559482 338 
31899 31899 642573076 414 
31900 31900 642586674 394 
31901 31901 642597036 292 
31902 31902 642604800 414 
31903 31903 642614512 390 
31904 31904 642623576 394 
31905 31905 642631344 392 
31906 31906 642650764 338 
31907 31907 642657886 280 
31908 31908 642664358 398 
31909 31909 642670184 312 
31910 31910 642675366 398 
31911 31911 642681190 374 
31912 31912 642687020 378 
31913 31913 642692846 394 
31914 31914 642699318 314 
31915 31915 642708378 354 
31916 31916 642718094 298 
31917 31917 642727156 378 
31918 31918 642738812 414 
31919 31919 642758882 296 
31920 31920 642766652 318 
31921 31921 642773774 334 
31922 31922 642780248 378 
31923 31923 642785430 374 
31924 31924 642791254 354 
31925 31925 642797082 316 
31926 31926 642803558 414 
31927 31927 642810678 354 
31928 31928 642819740 316 
31929 31929 642830104 390 
31930 31930 642839818 396 
31931 31931 642853416 314 
31932 31932 642872190 286 
31933 31933 642878666 336 
31934 31934 642886436 334 
31935 31935 642892912 288 
31936 31936 642900034 278 
31937 31937 642907156 392 
31938 31938 642912984 400 
31939 31939 642920108 284 
31940 31940 642929818 336 
31941 31941 642940832 292 
31942 31942 642950546 374 
31943 31943 642965440 394 
31944 31944 642982922 298 
31945 31945 642989398 336 
31946 31946 642997168 286 
31947 31947 643003642 392 
31948 31948 643010766 320 
31949 31949 643017888 374 
31950 31950 643023716 374 
31951 31951 643032134 374 
31952 31952 643042490 286 
31953 31953 643053498 390 
31954 31954 643065162 334 
31955 31955 643084582 312 
31956 31956 643096238 290 
31957 31957 643104656 354 
31958 31958 643112426 334 
31959 31959 643119548 390 
31960 31960 643126670 414 
31961 31961 643132498 282 
31962 31962 643140914 314 
31963 31963 643150626 392 
31964 31964 643161630 394 
31965 31965 643175876 280 
31966 31966 643198542 414 
31967 31967 643209550 314 
31968 31968 643218616 314 
31969 31969 643225092 310 
31970 31970 643232214 466 
31971 31971 643238042 284 
31972 31972 643245164 418 
31973 31973 643254230 332 
31974 31974 643265232 414 
31975 31975 643276886 394 
31976 31976 643296958 338 
31977 31977 643315738 280 
31978 31978 643324154 418 
31979 31979 643334514 416 
31980 31980 643344228 356 
31981 31981 643351350 352 
31982 31982 643359766 314 
31983 31983 643370128 392 
31984 31984 643381780 284 
31985 31985 643397968 350 
31986 31986 643420632 398 
31987 31987 643431640 314 
31988 31988 643441350 314 
31989 31989 643451710 336 
31990 31990 643458832 398 
31991 31991 643467248 374 
31992 31992 643476962 370 
31993 31993 643487964 350 
31994 31994 643502206 358 
31995 31995 643526168 312 
31996 31996 643539766 374 
31997 31997 643549478 394 
31998 31998 643559838 286 
31999 31999 643566960 280 
32000 32000 643575376 294 
32001 32001 643585090 374 
32002 32002 643596094 286 
32003 32003 643609688 310 
32004 32004 643633648 394 
32005 32005 643647890 334 
32006 32006 643658898 414 
32007 32007 643668610 394 
32008 32008 643677674 318 
32009 32009 643684150 314 
32010 32010 643686090 414 
32011 32011 643688034 330 
32012 32012 643690622 314 
32013 32013 643693856 376 
32014 32014 643700976 318 
32015 32015 643716516 352 
32016 32016 643721048 400 
32017 32017 643725580 310 
32018 32018 643731408 314 
32019 32019 643733998 374 
32020 32020 643737236 380 
32021 32021 643741770 278 
32022 32022 643751484 294 
32023 32023 643757958 354 
32024 32024 643763138 282 
32025 32025 643768316 312 
32026 32026 643774144 368 
32027 32027 643779972 310 
32028 32028 643786448 318 
32029 32029 643794220 280 
32030 32030 643803932 330 
32031 32031 643823348 354 
32032 32032 643827232 294 
32033 32033 643836298 374 
32034 32034 643863498 374 
32035 32035 643867382 280 
32036 32036 643872562 414 
32037 32037 643877740 280 
32038 32038 643883568 294 
32039 32039 643889394 280 
32040 32040 643895220 338 
32041 32041 643901696 312 
32042 32042 643909466 288 
32043 32043 643917232 314 
32044 32044 643919176 318 
32045 32045 643921116 390 
32046 32046 643923058 398 
32047 32047 643924998 350 
32048 32048 643926940 374 
32049 32049 643928882 334 
32050 32050 643930822 420 
32051 32051 643932764 416 
32052 32052 643934708 416 
32053 32053 643936650 334 
32054 32054 643938592 354 
32055 32055 643940532 332 
32056 32056 643942476 318 
32057 32057 643944416 330 
32058 32058 643946360 400 
32059 32059 643948302 352 
32060 32060 643950246 294 
32061 32061 643952188 390 
32062 32062 643954130 358 
32063 32063 643956072 294 
32064 32064 643958014 394 
32065 32065 643959958 394 
32066 32066 643961902 330 
32067 32067 643963844 314 
32068 32068 643965786 298 
32069 32069 643967728 290 
32070 32070 643969670 398 
32071 32071 643971614 350 
32072 32072 643973556 282 
32073 32073 643975498 412 
32074 32074 643977440 398 
32075 32075 643979384 414 
32076 32076 643981326 286 
32077 32077 643983268 394 
32078 32078 643985210 298 
32079 32079 643987152 374 
32080 32080 643989096 320 
32081 32081 643991036 298 
32082 32082 643992978 414 
32083 32083 643994922 294 
32084 32084 643996864 286 
32085 32085 643998806 354 
32086 32086 644000748 298 
32087 32087 644002692 394 
32088 32088 644004634 354 
32089 32089 644006578 374 
32090 32090 644008520 282 
32091 32091 644010460 294 
32092 32092 644012404 336 
32093 32093 644014346 394 
32094 32094 644016288 418 
32095 32095 644018230 410 
32096 32096 644020172 334 
32097 32097 644022114 354 
32098 32098 644024056 354 
32099 32099 644025998 312 
32100 32100 644027944 294 
32101 32101 644029884 294 
32102 32102 644031826 350 
32103 32103 644033770 296 
32104 32104 644035710 298 
32105 32105 644037656 294 
32106 32106 644039596 298 
32107 32107 644041540 374 
32108 32108 644043480 354 
32109 32109 644045422 278 
32110 32110 644047364 394 
32111 32111 644049306 392 
32112 32112 644051248 298 
32113 32113 644053192 392 
32114 32114 644055132 298 
32115 32115 644057076 374 
32116 32116 644059018 284 
32117 32117 644060960 312 
32118 32118 644062900 358 
32119 32119 644064842 292 
32120 32120 644066784 376 
32121 32121 644068728 316 
32122 32122 644070672 334 
32123 32123 644072616 414 
32124 32124 644074558 378 
32125 32125 644076500 374 
32126 32126 644078442 378 
32127 32127 644080384 396 
32128 32128 644082326 338 
32129 32129 644084268 332 
32130 32130 644086212 298 
32131 32131 644088156 394 
32132 32132 644090098 394 
32133 32133 644092042 278 
32134 32134 644093986 350 
32135 32135 644095928 370 
32136 32136 644097868 334 
32137 32137 644099808 278 
32138 32138 644101750 374 
32139 32139 644103692 372 
32140 32140 644105636 360 
32141 32141 644107578 280 
32142 32142 644109520 286 
32143 32143 644111464 354 
32144 32144 644113406 338 
32145 32145 644115348 380 
32146 32146 644117290 338 
32147 32147 644119232 376 
32148 32148 644121174 314 
32149 32149 644123116 292 
32150 32150 644125062 296 
32151 32151 644127002 280 
32152 32152 644128944 294 
32153 32153 644130886 412 
32154 32154 644132828 398 
32155 32155 644134770 394 
32156 32156 644136712 314 
32157 32157 644138656 350 
32158 32158 644140600 418 
32159 32159 644142542 372 
32160 32160 644144486 288 
32161 32161 644146428 374 
32162 32162 644148370 338 
32163 32163 644150314 280 
32164 32164 644152254 374 
32165 32165 644154198 416 
32166 32166 644156142 286 
32167 32167 644158084 376 
32168 32168 644160026 286 
32169 32169 644161968 284 
32170 32170 644163910 298 
32171 32171 644165854 314 
32172 32172 644167796 334 
32173 32173 644169738 394 
32174 32174 644171682 400 
32175 32175 644173622 394 
32176 32176 644175566 354 
32177 32177 644177508 334 
32178 32178 644179450 316 
32179 32179 644181394 414 
32180 32180 644183336 390 
32181 32181 644185278 280 
32182 32182 644187222 356 
32183 32183 644189164 312 
32184 32184 644191106 416 
32185 32185 644193048 394 
32186 32186 644194988 360 
32187 32187 644196932 278 
32188 32188 644198878 374 
32189 32189 644200822 396 
32190 32190 644202764 290 
32191 32191 644204706 280 
32192 32192 644206652 378 
32193 32193 644208588 394 
32194 32194 644210528 418 
32195 32195 644212472 316 
32196 32196 644214412 286 
32197 32197 644216362 394 
32198 32198 644218306 334 
32199 32199 644220246 292 
32200 32200 644222190 378 
32201 32201 644224132 284 
32202 32202 644226076 374 
32203 32203 644228018 370 
32204 32204 644229960 294 
32205 32205 644231902 280 
32206 32206 644233846 284 
32207 32207 644235788 394 
32208 32208 644237730 354 
32209 32209 644239672 332 
32210 32210 644241616 320 
32211 32211 644243556 292 
32212 32212 644245500 400 
32213 32213 644247442 282 
32214 32214 644249384 286 
32215 32215 644251326 352 
32216 32216 644253270 288 
32217 32217 644255214 284 
32218 32218 644257156 334 
32219 32219 644259098 372 
32220 32220 644261042 390 
32221 32221 644262984 390 
32222 32222 644264928 358 
32223 32223 644266870 414 
32224 32224 644268812 294 
32225 32225 644270756 374 
32226 32226 644272698 318 
32227 32227 644274640 312 
32228 32228 644276584 358 
32229 32229 644278524 294 
32230 32230 644280466 294 
32231 32231 644282410 312 
32232 32232 644284352 334 
32233 32233 644286294 354 
32234 32234 644288232 418 
32235 32235 644290174 284 
32236 32236 644292116 398 
32237 32237 644294060 414 
32238 32238 644296002 374 
32239 32239 644297946 372 
32240 32240 644299888 284 
32241 32241 644301832 416 
32242 32242 644303774 374 
32243 32243 644305718 410 
32244 32244 644307660 354 
32245 32245 644309604 294 
32246 32246 644311548 358 
32247 32247 644313490 314 
32248 32248 644315434 378 
32249 32249 644317378 338 
32250 32250 644319318 338 
32251 32251 644322560 312 
32252 32252 644324504 330 
32253 32253 644326450 316 
32254 32254 644328390 418 
32255 32255 644330334 392 
32256 32256 644332278 354 
32257 32257 644334218 374 
32258 32258 644336160 316 
32259 32259 644338100 294 
32260 32260 644340040 378 
32261 32261 644341982 312 
32262 32262 644343926 288 
32263 32263 644345868 350 
32264 32264 644347816 416 
32265 32265 644349760 354 
32266 32266 644351702 418 
32267 32267 644353646 372 
32268 32268 644355588 296 
32269 32269 644357530 394 
32270 32270 644359468 356 
32271 32271 644361412 392 
32272 32272 644363356 318 
32273 32273 644365298 392 
32274 32274 644367240 396 
32275 32275 644369184 392 
32276 32276 644371130 378 
32277 32277 644373078 390 
32278 32278 644375016 418 
32279 32279 644377610 282 
32280 32280 644381492 334 
32281 32281 644386668 396 
32282 32282 644389264 290 
32283 32283 644392504 294 
32284 32284 644395738 354 
32285 32285 644398330 390 
32286 32286 644400920 378 
32287 32287 644403510 314 
32288 32288 644406100 314 
32289 32289 644408044 392 
32290 32290 644410632 414 
32291 32291 644413222 294 
32292 32292 644415812 374 
32293 32293 644418402 282 
32294 32294 644420994 316 
32295 32295 644423584 412 
32296 32296 644426822 294 
32297 32297 644430702 394 
32298 32298 644434586 338 
32299 32299 644440412 314 
32300 32300 644444300 420 
32301 32301 644448188 414 
32302 32302 644452072 414 
32303 32303 644455310 286 
32304 32304 644459846 320 
32305 32305 644463082 314 
32306 32306 644465666 318 
32307 32307 644468264 370 
32308 32308 644470206 394 
32309 32309 644472150 352 
32310 32310 644474090 358 
32311 32311 644476032 318 
32312 32312 644477976 374 
32313 32313 644479918 280 
32314 32314 644481860 334 
32315 32315 644483802 414 
32316 32316 644485746 394 
32317 32317 644487688 352 
32318 32318 644489632 288 
32319 32319 644492222 280 
32320 32320 644494164 286 
32321 32321 644497402 314 
32322 32322 644500638 338 
32323 32323 644503878 376 
32324 32324 644507762 380 
32325 32325 644512296 352 
32326 32326 644518122 378 
32327 32327 644523296 314 
32328 32328 644530424 284 
32329 32329 644533014 310 
32330 32330 644535602 294 
32331 32331 644538840 294 
32332 32332 644541430 378 
32333 32333 644544020 394 
32334 32334 644547258 318 
32335 32335 644549846 312 
32336 32336 644552436 314 
32337 32337 644555674 314 
32338 32338 644558912 358 
32339 32339 644562798 374 
32340 32340 644568620 354 
32341 32341 644575098 334 
32342 32342 644577688 398 
32343 32343 644581574 356 
32344 32344 644584164 354 
32345 32345 644587402 414 
32346 32346 644589992 314 
32347 32347 644592580 298 
32348 32348 644595172 282 
32349 32349 644597114 372 
32350 32350 644599704 286 
32351 32351 644602294 686 
32352 32352 644604884 334 
32353 32353 644607474 314 
32354 32354 644610064 418 
32355 32355 644612654 282 
32356 32356 644615244 320 
32357 32357 644617834 310 
32358 32358 644620424 374 
32359 32359 644623662 292 
32360 32360 644627546 338 
32361 32361 644631432 336 
32362 32362 644636612 356 
32363 32363 644639850 334 
32364 32364 644643082 336 
32365 32365 644646318 370 
32366 32366 644650204 418 
32367 32367 644653446 410 
32368 32368 644656034 338 
32369 32369 644659272 284 
32370 32370 644662510 374 
32371 32371 644665748 390 
32372 32372 644669634 354 
32373 32373 644674166 354 
32374 32374 644679994 360 
32375 32375 644685820 376 
32376 32376 644689704 284 
32377 32377 644693592 412 
32378 32378 644696830 284 
32379 32379 644700068 352 
32380 32380 644702658 394 
32381 32381 644705250 374 
32382 32382 644708488 378 
32383 32383 644711078 292 
32384 32384 644713668 294 
32385 32385 644716258 334 
32386 32386 644718848 334 
32387 32387 644721440 294 
32388 32388 644725324 398 
32389 32389 644729208 414 
32390 32390 644733738 284 
32391 32391 644739570 284 
32392 32392 644744098 316 
32393 32393 644749282 398 
32394 32394 644752520 354 
32395 32395 644757052 376 
32396 32396 644760938 396 
32397 32397 644764174 414 
32398 32398 644768058 398 
32399 32399 644771944 376 
32400 32400 644775830 296 
32401 32401 644780362 332 
32402 32402 644786838 376 
32403 32403 644794606 412 
32404 32404 644797846 376 
32405 32405 644802380 414 
32406 32406 644805616 398 
32407 32407 644809502 372 
32408 32408 644812740 358 
32409 32409 644815976 294 
32410 32410 644819214 320 
32411 32411 644822452 354 
32412 32412 644825688 354 
32413 32413 644828926 396 
32414 32414 644832812 288 
32415 32415 644836698 392 
32416 32416 644841230 394 
32417 32417 644847058 394 
32418 32418 644854822 334 
32419 32419 644858712 294 
32420 32420 644863244 294 
32421 32421 644867130 334 
32422 32422 644871014 284 
32423 32423 644874900 354 
32424 32424 644878138 288 
32425 32425 644882670 354 
32426 32426 644887852 414 
32427 32427 644891738 332 
32428 32428 644894326 334 
32429 32429 644896268 374 
32430 32430 644898208 526 
32431 32431 644900152 372 
32432 32432 644902096 334 
32433 32433 644904040 414 
32434 32434 644905980 390 
32435 32435 644908570 370 
32436 32436 644911160 394 
32437 32437 644913750 330 
32438 32438 644916340 394 
32439 32439 644918930 334 
32440 32440 644921520 398 
32441 32441 644925404 412 
32442 32442 644929288 414 
32443 32443 644934468 286 
32444 32444 644939646 354 
32445 32445 644946766 356 
32446 32446 644950650 358 
32447 32447 644954534 334 
32448 32448 644957770 338 
32449 32449 644961006 312 
32450 32450 644964244 334 
32451 32451 644967480 282 
32452 32452 644970718 336 
32453 32453 644973956 354 
32454 32454 644978486 378 
32455 32455 644983666 296 
32456 32456 644990138 358 
32457 32457 644994674 412 
32458 32458 644999852 334 
32459 32459 645003738 336 
32460 32460 645006976 338 
32461 32461 645010212 398 
32462 32462 645012802 360 
32463 32463 645016038 278 
32464 32464 645018628 418 
32465 32465 645021218 394 
32466 32466 645024454 286 
32467 32467 645027692 334 
32468 32468 645030930 286 
32469 32469 645034814 338 
32470 32470 645038698 298 
32471 32471 645043878 392 
32472 32472 645049706 360 
32473 32473 645057476 372 
32474 32474 645061360 290 
32475 32475 645065244 312 
32476 32476 645069130 284 
32477 32477 645072366 394 
32478 32478 645076250 358 
32479 32479 645080784 390 
32480 32480 645085316 418 
32481 32481 645090496 410 
32482 32482 645097618 354 
32483 32483 645102796 332 
32484 32484 645106682 400 
32485 32485 645111214 330 
32486 32486 645115100 286 
32487 32487 645118338 310 
32488 32488 645121576 294 
32489 32489 645124814 314 
32490 32490 645128052 374 
32491 32491 645131290 378 
32492 32492 645135174 394 
32493 32493 645139060 416 
32494 32494 645142946 652 
32495 32495 645146830 290 
32496 32496 645152010 380 
32497 32497 645159134 414 
32498 32498 645164312 314 
32499 32499 645168200 410 
32500 32500 645172732 394 
32501 32501 645176616 318 
32502 32502 645181148 318 
32503 32503 645185034 412 
32504 32504 645189566 418 
32505 32505 645194098 354 
32506 32506 645199280 314 
32507 32507 645206402 294 
32508 32508 645212228 334 
32509 32509 645216114 370 
32510 32510 645220644 414 
32511 32511 645224530 414 
32512 32512 645227766 310 
32513 32513 645231652 374 
32514 32514 645234890 418 
32515 32515 645238128 330 
32516 32516 645242012 314 
32517 32517 645245898 372 
32518 32518 645249782 286 
32519 32519 645253668 374 
32520 32520 645258202 394 
32521 32521 645264678 314 
32522 32522 645273742 338 
32523 32523 645276980 282 
32524 32524 645282810 282 
32525 32525 645286046 330 
32526 32526 645290580 334 
32527 32527 645294464 314 
32528 32528 645298996 378 
32529 32529 645303528 414 
32530 32530 645309356 288 
32531 32531 645317768 396 
32532 32532 645323598 670 
32533 32533 645329426 292 
32534 32534 645333960 354 
32535 32535 645337844 374 
32536 32536 645341082 288 
32537 32537 645344318 372 
32538 32538 645347556 316 
32539 32539 645351440 356 
32540 32540 645355328 320 
32541 32541 645359214 352 
32542 32542 645363100 316 
32543 32543 645368282 374 
32544 32544 645374758 286 
32545 32545 645381228 390 
32546 32546 645388356 338 
32547 32547 645392890 354 
32548 32548 645398070 334 
32549 32549 645402602 312 
32550 32550 645408432 418 
32551 32551 645414260 314 
32552 32552 645421384 356 
32553 32553 645430450 318 
32554 32554 645433688 414 
32555 32555 645439516 290 
32556 32556 645442752 414 
32557 32557 645447286 356 
32558 32558 645451170 354 
32559 32559 645455052 374 
32560 32560 645458292 350 
32561 32561 645462176 310 
32562 32562 645466062 286 
32563 32563 645469948 352 
32564 32564 645474480 418 
32565 32565 645480310 284 
32566 32566 645488080 358 
32567 32567 645493908 314 
32568 32568 645497792 400 
32569 32569 645502326 410 
32570 32570 645506210 340 
32571 32571 645510744 310 
32572 32572 645513980 314 
32573 32573 645517866 302 
32574 32574 645523046 294 
32575 32575 645529518 394 
32576 32576 645539230 394 
32577 32577 645543120 332 
32578 32578 645547654 378 
32579 32579 645550890 312 
32580 32580 645554128 398 
32581 32581 645557366 296 
32582 32582 645560604 314 
32583 32583 645563838 394 
32584 32584 645567080 294 
32585 32585 645570316 354 
32586 32586 645573554 338 
32587 32587 645576792 354 
32588 32588 645580678 338 
32589 32589 645585208 294 
32590 32590 645590390 356 
32591 32591 645602040 296 
32592 32592 645605276 378 
32593 32593 645611110 314 
32594 32594 645615642 398 
32595 32595 645620174 350 
32596 32596 645626002 318 
32597 32597 645631828 314 
32598 32598 645638300 416 
32599 32599 645649310 372 
32600 32600 645652550 376 
32601 32601 645657082 370 
32602 32602 645661616 334 
32603 32603 645664854 286 
32604 32604 645668090 314 
32605 32605 645671976 332 
32606 32606 645675212 286 
32607 32607 645678448 284 
32608 32608 645681688 374 
32609 32609 645684924 294 
32610 32610 645688808 290 
32611 32611 645692694 284 
32612 32612 645698520 294 
32613 32613 645706938 390 
32614 32614 645716644 316 
32615 32615 645719880 312 
32616 32616 645725714 336 
32617 32617 645730244 412 
32618 32618 645736072 400 
32619 32619 645741896 294 
32620 32620 645749024 360 
32621 32621 645755494 280 
32622 32622 645763264 370 
32623 32623 645767796 310 
32624 32624 645771680 394 
32625 32625 645776218 414 
32626 32626 645780098 298 
32627 32627 645783984 412 
32628 32628 645788516 400 
32629 32629 645792402 296 
32630 32630 645794992 320 
32631 32631 645798876 280 
32632 32632 645802114 284 
32633 32633 645807942 394 
32634 32634 645813766 334 
32635 32635 645820236 412 
32636 32636 645826066 294 
32637 32637 645831894 412 
32638 32638 645837074 414 
32639 32639 645842252 280 
32640 32640 645850022 338 
32641 32641 645858442 284 
32642 32642 645866206 370 
32643 32643 645873982 312 
32644 32644 645878510 286 
32645 32645 645883694 376 
32646 32646 645887578 360 
32647 32647 645891460 410 
32648 32648 645895998 414 
32649 32649 645900530 286 
32650 32650 645905062 370 
32651 32651 645909596 292 
32652 32652 645914776 358 
32653 32653 645924488 292 
32654 32654 645930310 358 
32655 32655 645934200 278 
32656 32656 645938732 414 
32657 32657 645943914 414 
32658 32658 645949094 278 
32659 32659 645956216 414 
32660 32660 645963338 318 
32661 32661 645977582 396 
32662 32662 645982756 374 
32663 32663 645988582 332 
32664 32664 645993114 378 
32665 32665 645998940 314 
32666 32666 646002826 314 
32667 32667 646007358 374 
32668 32668 646011890 294 
32669 32669 646017718 294 
32670 32670 646024200 358 
32671 32671 646032618 280 
32672 32672 646039088 334 
32673 32673 646046214 390 
32674 32674 646052688 354 
32675 32675 646057868 334 
32676 32676 646063696 286 
32677 32677 646066282 414 
32678 32678 646068232 546 
32679 32679 646070172 358 
32680 32680 646072114 294 
32681 32681 646074058 334 
32682 32682 646076000 394 
32683 32683 646077942 282 
32684 32684 646079886 318 
32685 32685 646081828 318 
32686 32686 646084420 296 
32687 32687 646087656 296 
32688 32688 646091542 356 
32689 32689 646096074 284 
32690 32690 646099954 334 
32691 32691 646102546 376 
32692 32692 646105782 298 
32693 32693 646110962 394 
32694 32694 646121322 358 
32695 32695 646123910 372 
32696 32696 646127148 284 
32697 32697 646130384 394 
32698 32698 646134270 288 
32699 32699 646137508 292 
32700 32700 646140742 394 
32701 32701 646143986 334 
32702 32702 646147226 338 
32703 32703 646151110 414 
32704 32704 646154996 396 
32705 32705 646158880 350 
32706 32706 646162118 358 
32707 32707 646166644 354 
32708 32708 646171182 394 
32709 32709 646174416 294 
32710 32710 646177656 396 
32711 32711 646180246 374 
32712 32712 646182834 298 
32713 32713 646185424 280 
32714 32714 646188012 394 
32715 32715 646190604 414 
32716 32716 646192546 314 
32717 32717 646195136 374 
32718 32718 646197726 398 
32719 32719 646200314 390 
32720 32720 646202906 334 
32721 32721 646206142 330 
32722 32722 646209380 394 
32723 32723 646213264 334 
32724 32724 646218442 354 
32725 32725 646224914 336 
32726 32726 646229446 418 
32727 32727 646234626 280 
32728 32728 646238512 286 
32729 32729 646243044 374 
32730 32730 646246932 358 
32731 32731 646249522 282 
32732 32732 646251462 374 
32733 32733 646254702 394 
32734 32734 646257294 394 
32735 32735 646261178 372 
32736 32736 646265064 338 
32737 32737 646268300 370 
32738 32738 646272184 414 
32739 32739 646276068 392 
32740 32740 646279308 314 
32741 32741 646284486 314 
32742 32742 646287716 282 
32743 32743 646291602 394 
32744 32744 646294846 298 
32745 32745 646298084 350 
32746 32746 646301322 376 
32747 32747 646305208 294 
32748 32748 646308444 334 
32749 32749 646311034 280 
32750 32750 646314920 380 
32751 32751 646320094 352 
32752 32752 646327216 320 
32753 32753 646340168 310 
32754 32754 646345344 318 
32755 32755 646353762 396 
32756 32756 646361536 398 
32757 32757 646369304 350 
32758 32758 646377724 418 
32759 32759 646384192 414 
32760 32760 646390024 374 
32761 32761 646395204 394 
32762 32762 646399090 394 
32763 32763 646402972 280 
32764 32764 646406858 314 
32765 32765 646410096 334 
32766 32766 646414628 334 
32767 32767 646419160 314 
32768 32768 646423694 400 
32769 32769 646428222 332 
32770 32770 646434698 374 
32771 32771 646445052 414 
32772 32772 646456712 286 
32773 32773 646463188 314 
32774 32774 646472258 298 
32775 32775 646480028 310 
32776 32776 646489740 330 
32777 32777 646496862 294 
32778 32778 646500746 338 
32779 32779 646505926 354 
32780 32780 646510456 294 
32781 32781 646514342 312 
32782 32782 646518874 294 
32783 32783 646522758 410 
32784 32784 646527288 390 
32785 32785 646531822 314 
32786 32786 646536352 378 
32787 32787 646542824 332 
32788 32788 646551242 394 
32789 32789 646564836 372 
32790 32790 646572604 378 
32791 32791 646580378 394 
32792 32792 646588146 414 
32793 32793 646598504 392 
32794 32794 646606924 298 
32795 32795 646610802 372 
32796 32796 646616634 414 
32797 32797 646620516 314 
32798 32798 646625050 350 
32799 32799 646629578 286 
32800 32800 646633464 414 
32801 32801 646637994 376 
32802 32802 646642526 314 
32803 32803 646647058 336 
32804 32804 646652238 370 
32805 32805 646656772 294 
32806 32806 646662596 298 
32807 32807 646669064 314 
32808 32808 646675544 294 
32809 32809 646682018 278 
32810 32810 646689142 378 
32811 32811 646698846 394 
32812 32812 646710500 318 
32813 32813 646715684 296 
32814 32814 646722158 318 
32815 32815 646727982 316 
32816 32816 646733810 296 
32817 32817 646738984 414 
32818 32818 646744818 414 
32819 32819 646750644 410 
32820 32820 646756470 356 
32821 32821 646761652 374 
32822 32822 646766832 374 
32823 32823 646773306 294 
32824 32824 646779776 334 
32825 32825 646786254 370 
32826 32826 646793376 354 
32827 32827 646801146 332 
32828 32828 646814096 334 
32829 32829 646821214 290 
32830 32830 646829634 316 
32831 32831 646835462 372 
32832 32832 646840638 308 
32833 32833 646845818 372 
32834 32834 646851640 398 
32835 32835 646858118 376 
32836 32836 646863944 298 
32837 32837 646869124 396 
32838 32838 646875600 360 
32839 32839 646881426 354 
32840 32840 646887898 378 
32841 32841 646894378 352 
32842 32842 646899558 334 
32843 32843 646908622 394 
32844 32844 646917036 396 
32845 32845 646922220 280 
32846 32846 646925456 282 
32847 32847 646928692 334 
32848 32848 646934522 416 
32849 32849 646941640 292 
32850 32850 646947470 414 
32851 32851 646951358 374 
32852 32852 646956534 282 
32853 32853 646959126 410 
32854 32854 646961068 414 
32855 32855 646963650 292 
32856 32856 646965590 390 
32857 32857 646968828 292 
32858 32858 646974664 334 
32859 32859 646980492 370 
32860 32860 646984376 414 
32861 32861 646987612 294 
32862 32862 646991498 360 
32863 32863 646994738 374 
32864 32864 646998618 282 
32865 32865 647002504 294 
32866 32866 647006388 358 
32867 32867 647010918 414 
32868 32868 647016098 338 
32869 32869 647022572 282 
32870 32870 647032922 358 
32871 32871 647039400 296 
32872 32872 647050410 374 
32873 32873 647060120 370 
32874 32874 647072420 314 
32875 32875 647088608 398 
32876 32876 647091844 394 
32877 32877 647097672 356 
32878 32878 647102202 314 
32879 32879 647106734 412 
32880 32880 647111914 394 
32881 32881 647117094 374 
32882 32882 647122272 410 
32883 32883 647128748 352 
32884 32884 647137814 318 
32885 32885 647163706 390 
32886 32886 647178598 374 
32887 32887 647201264 284 
32888 32888 647207088 298 
32889 32889 647215508 330 
32890 32890 647221332 334 
32891 32891 647227158 354 
32892 32892 647232984 398 
32893 32893 647239458 314 
32894 32894 647249174 416 
32895 32895 647268594 354 
32896 32896 647310030 286 
