28908 28908 562436720 356 
28909 28909 562438756 354 
28910 28910 562440706 416 
28911 28911 562442648 310 
28912 28912 562444590 286 
28913 28913 562446540 374 
28914 28914 562448492 396 
28915 28915 562450434 290 
28916 28916 562452376 414 
28917 28917 562454320 394 
28918 28918 562456260 398 
28919 28919 562458208 310 
28920 28920 562460150 414 
28921 28921 562462092 350 
28922 28922 562464032 358 
28923 28923 562465976 294 
28924 28924 562467916 398 
28925 28925 562469858 410 
28926 28926 562471802 358 
28927 28927 562473742 396 
28928 28928 562475684 358 
28929 28929 562477628 374 
28930 28930 562479568 284 
28931 28931 562481510 334 
28932 28932 562483452 354 
28933 28933 562485394 390 
28934 28934 562487336 294 
28935 28935 562489276 394 
28936 28936 562491220 356 
28937 28937 562493160 374 
28938 28938 562495104 328 
28939 28939 562497046 330 
28940 28940 562498988 318 
28941 28941 562500928 314 
28942 28942 562502870 336 
28943 28943 562504812 354 
28944 28944 562506754 288 
28945 28945 562508692 282 
28946 28946 562510634 296 
28947 28947 562512580 394 
28948 28948 562514522 376 
28949 28949 562516464 294 
28950 28950 562518406 394 
28951 28951 562520348 412 
28952 28952 562522284 416 
28953 28953 562524230 296 
28954 28954 562526172 312 
28955 28955 562528114 284 
28956 28956 562530056 314 
28957 28957 562531998 280 
28958 28958 562533940 294 
28959 28959 562535882 414 
28960 28960 562537824 294 
28961 28961 562539766 280 
28962 28962 562541708 284 
28963 28963 562543646 412 
28964 28964 562545594 378 
28965 28965 562547536 414 
28966 28966 562549476 316 
28967 28967 562551418 354 
28968 28968 562553360 286 
28969 28969 562555300 394 
28970 28970 562557244 374 
28971 28971 562559184 378 
28972 28972 562561126 394 
28973 28973 562563068 334 
28974 28974 562565008 358 
28975 28975 562566952 370 
28976 28976 562568894 358 
28977 28977 562570834 352 
28978 28978 562572776 298 
28979 28979 562574720 414 
28980 28980 562576662 298 
28981 28981 562578604 330 
28982 28982 562580546 294 
28983 28983 562582488 414 
28984 28984 562584428 418 
28985 28985 562586372 280 
28986 28986 562588314 314 
28987 28987 562590254 354 
28988 28988 562592196 338 
28989 28989 562594140 330 
28990 28990 562596080 374 
28991 28991 562598020 372 
28992 28992 562599962 414 
28993 28993 562601904 414 
28994 28994 562603846 358 
28995 28995 562605788 414 
28996 28996 562607732 286 
28997 28997 562609670 336 
28998 28998 562611612 338 
28999 28999 562613552 310 
29000 29000 562615496 376 
29001 29001 562617436 352 
29002 29002 562619376 378 
29003 29003 562621320 390 
29004 29004 562623260 378 
29005 29005 562625202 414 
29006 29006 562627144 282 
29007 29007 562629086 314 
29008 29008 562631028 318 
29009 29009 562632970 394 
29010 29010 562634912 374 
29011 29011 562636852 374 
29012 29012 562638794 318 
29013 29013 562640736 280 
29014 29014 562642678 378 
29015 29015 562644620 414 
29016 29016 562646564 358 
29017 29017 562648498 412 
29018 29018 562650444 354 
29019 29019 562652384 350 
29020 29020 562654328 336 
29021 29021 562656268 330 
29022 29022 562658210 300 
29023 29023 562660154 354 
29024 29024 562662096 378 
29025 29025 562664036 280 
29026 29026 562665980 312 
29027 29027 562667920 352 
29028 29028 562669862 418 
29029 29029 562671804 390 
29030 29030 562673746 318 
29031 29031 562675686 314 
29032 29032 562677630 400 
29033 29033 562679572 290 
29034 29034 562681514 394 
29035 29035 562683456 416 
29036 29036 562685398 338 
29037 29037 562687334 278 
29038 29038 562689278 418 
29039 29039 562691218 414 
29040 29040 562693804 340 
29041 29041 562695750 414 
29042 29042 562697694 418 
29043 29043 562700280 292 
29044 29044 562702868 398 
29045 29045 562705458 316 
29046 29046 562708054 414 
29047 29047 562710642 374 
29048 29048 562713228 356 
29049 29049 562715816 290 
29050 29050 562718404 298 
29051 29051 562720994 374 
29052 29052 562723584 318 
29053 29053 562726174 370 
29054 29054 562728766 340 
29055 29055 562731352 414 
29056 29056 562733944 354 
29057 29057 562736534 294 
29058 29058 562739122 358 
29059 29059 562741710 314 
29060 29060 562744300 294 
29061 29061 562746890 354 
29062 29062 562749478 298 
29063 29063 562752068 390 
29064 29064 562754658 294 
29065 29065 562757248 392 
29066 29066 562759842 340 
29067 29067 562762428 314 
29068 29068 562765016 318 
29069 29069 562767610 350 
29070 29070 562770198 334 
29071 29071 562772788 410 
29072 29072 562775378 414 
29073 29073 562777966 312 
29074 29074 562780556 338 
29075 29075 562783144 338 
29076 29076 562786380 380 
29077 29077 562789616 414 
29078 29078 562792852 354 
29079 29079 562796090 350 
29080 29080 562799326 314 
29081 29081 562802566 372 
29082 29082 562805154 378 
29083 29083 562808388 334 
29084 29084 562811626 338 
29085 29085 562814858 334 
29086 29086 562818094 298 
29087 29087 562821336 336 
29088 29088 562824568 414 
29089 29089 562827808 330 
29090 29090 562830396 358 
29091 29091 562833632 296 
29092 29092 562836868 378 
29093 29093 562840104 280 
29094 29094 562843340 338 
29095 29095 562846578 392 
29096 29096 562849814 418 
29097 29097 562853048 354 
29098 29098 562856286 414 
29099 29099 562859522 394 
29100 29100 562862760 284 
29101 29101 562865996 330 
29102 29102 562869230 298 
29103 29103 562871822 282 
29104 29104 562875058 418 
29105 29105 562878292 414 
29106 29106 562882174 318 
29107 29107 562886058 280 
29108 29108 562889946 318 
29109 29109 562893826 354 
29110 29110 562897712 414 
29111 29111 562900946 282 
29112 29112 562904186 314 
29113 29113 562906780 350 
29114 29114 562910012 398 
29115 29115 562913252 334 
29116 29116 562916486 354 
29117 29117 562920372 282 
29118 29118 562924256 398 
29119 29119 562928140 394 
29120 29120 562932024 288 
29121 29121 562935904 394 
29122 29122 562939792 298 
29123 29123 562943680 396 
29124 29124 562947562 370 
29125 29125 562951444 280 
29126 29126 562955976 318 
29127 29127 562959858 410 
29128 29128 562964394 296 
29129 29129 562968276 412 
29130 29130 562972160 418 
29131 29131 562976690 334 
29132 29132 562980576 298 
29133 29133 562984462 292 
29134 29134 562988344 394 
29135 29135 562992226 286 
29136 29136 562996112 294 
29137 29137 562999994 334 
29138 29138 563004528 414 
29139 29139 563008412 284 
29140 29140 563011648 288 
29141 29141 563016180 374 
29142 29142 563019414 318 
29143 29143 563022654 334 
29144 29144 563026536 374 
29145 29145 563030422 392 
29146 29146 563034950 358 
29147 29147 563039486 372 
29148 29148 563044018 288 
29149 29149 563048546 392 
29150 29150 563052432 360 
29151 29151 563056316 354 
29152 29152 563060204 314 
29153 29153 563063440 414 
29154 29154 563067972 414 
29155 29155 563073798 354 
29156 29156 563080270 354 
29157 29157 563086738 284 
29158 29158 563091270 374 
29159 29159 563097742 334 
29160 29160 563104214 298 
29161 29161 563110692 280 
29162 29162 563117166 288 
29163 29163 563121694 418 
29164 29164 563126226 414 
29165 29165 563130110 414 
29166 29166 563133994 298 
29167 29167 563137878 374 
29168 29168 563141114 378 
29169 29169 563144350 410 
29170 29170 563147588 334 
29171 29171 563150178 390 
29172 29172 563152766 294 
29173 29173 563154708 280 
29174 29174 563156650 398 
29175 29175 563158592 390 
29176 29176 563160534 398 
29177 29177 563162476 312 
29178 29178 563164420 320 
29179 29179 563166362 354 
29180 29180 563168306 316 
29181 29181 563170248 280 
29182 29182 563172190 414 
29183 29183 563174780 282 
29184 29184 563177370 330 
29185 29185 563180606 394 
29186 29186 563183842 354 
29187 29187 563187080 330 
29188 29188 563191612 390 
29189 29189 563196784 372 
29190 29190 563203910 414 
29191 29191 563208438 358 
29192 29192 563211674 394 
29193 29193 563214912 394 
29194 29194 563217500 294 
29195 29195 563220092 286 
29196 29196 563223328 338 
29197 29197 563226564 392 
29198 29198 563229158 298 
29199 29199 563231746 284 
29200 29200 563235632 356 
29201 29201 563239512 284 
29202 29202 563243398 334 
29203 29203 563247930 394 
29204 29204 563252462 394 
29205 29205 563256346 282 
29206 29206 563260232 288 
29207 29207 563263468 394 
29208 29208 563266056 314 
29209 29209 563269294 278 
29210 29210 563271884 354 
29211 29211 563274474 412 
29212 29212 563277062 318 
29213 29213 563279652 282 
29214 29214 563282244 358 
29215 29215 563284830 298 
29216 29216 563287420 320 
29217 29217 563290010 394 
29218 29218 563293248 354 
29219 29219 563296484 290 
29220 29220 563300372 394 
29221 29221 563304254 374 
29222 29222 563308786 418 
29223 29223 563315908 280 
29224 29224 563326912 334 
29225 29225 563332090 354 
29226 29226 563342446 414 
29227 29227 563352160 416 
29228 29228 563356042 358 
29229 29229 563360572 286 
29230 29230 563365104 298 
29231 29231 563368340 352 
29232 29232 563371578 418 
29233 29233 563374816 334 
29234 29234 563378054 288 
29235 29235 563381288 374 
29236 29236 563383878 318 
29237 29237 563386468 394 
29238 29238 563389056 338 
29239 29239 563391646 294 
29240 29240 563394236 320 
29241 29241 563396826 414 
29242 29242 563400062 278 
29243 29243 563403298 284 
29244 29244 563406536 356 
29245 29245 563410420 350 
29246 29246 563414952 318 
29247 29247 563420780 374 
29248 29248 563427250 298 
29249 29249 563431780 350 
29250 29250 563438908 282 
29251 29251 563441496 334 
29252 29252 563445382 294 
29253 29253 563448614 284 
29254 29254 563451850 286 
29255 29255 563455088 354 
29256 29256 563458330 414 
29257 29257 563461568 278 
29258 29258 563465452 354 
29259 29259 563469334 354 
29260 29260 563472570 374 
29261 29261 563476456 290 
29262 29262 563479692 378 
29263 29263 563483576 282 
29264 29264 563486808 398 
29265 29265 563490044 284 
29266 29266 563493286 354 
29267 29267 563496522 294 
29268 29268 563499760 378 
29269 29269 563502996 336 
29270 29270 563506232 338 
29271 29271 563509470 374 
29272 29272 563512706 296 
29273 29273 563517238 350 
29274 29274 563522412 318 
29275 29275 563528888 410 
29276 29276 563534716 376 
29277 29277 563539242 286 
29278 29278 563543126 338 
29279 29279 563547010 358 
29280 29280 563550894 286 
29281 29281 563554132 338 
29282 29282 563557368 374 
29283 29283 563560606 314 
29284 29284 563563842 398 
29285 29285 563567084 374 
29286 29286 563570320 294 
29287 29287 563573558 416 
29288 29288 563577442 330 
29289 29289 563580678 394 
29290 29290 563584564 294 
29291 29291 563587800 394 
29292 29292 563591038 286 
29293 29293 563594274 336 
29294 29294 563597508 288 
29295 29295 563600742 312 
29296 29296 563603980 316 
29297 29297 563607222 330 
29298 29298 563610458 298 
29299 29299 563613694 292 
29300 29300 563616928 420 
29301 29301 563620164 414 
29302 29302 563624700 318 
29303 29303 563627938 352 
29304 29304 563631822 418 
29305 29305 563636354 394 
29306 29306 563640238 314 
29307 29307 563645418 284 
29308 29308 563654478 298 
29309 29309 563660306 352 
29310 29310 563666780 314 
29311 29311 563668722 280 
29312 29312 563675202 294 
29313 29313 563679086 394 
29314 29314 563684910 378 
29315 29315 563690092 334 
29316 29316 563693976 334 
29317 29317 563697212 370 
29318 29318 563701098 300 
29319 29319 563703682 418 
29320 29320 563706924 390 
29321 29321 563710158 334 
29322 29322 563713396 298 
29323 29323 563716632 392 
29324 29324 563720516 354 
29325 29325 563723752 280 
29326 29326 563726990 414 
29327 29327 563733456 300 
29328 29328 563735398 286 
29329 29329 563737340 370 
29330 29330 563739282 298 
29331 29331 563741224 420 
29332 29332 563743168 398 
29333 29333 563745110 332 
29334 29334 563747052 294 
29335 29335 563748996 350 
29336 29336 563750938 398 
29337 29337 563752878 394 
29338 29338 563754822 356 
29339 29339 563756764 280 
29340 29340 563758706 294 
29341 29341 563760646 372 
29342 29342 563762588 294 
29343 29343 563764534 378 
29344 29344 563766476 318 
29345 29345 563768416 298 
29346 29346 563770358 286 
29347 29347 563772300 332 
29348 29348 563774242 414 
29349 29349 563776184 334 
29350 29350 563778126 334 
29351 29351 563780068 392 
29352 29352 563782010 338 
29353 29353 563783952 394 
29354 29354 563785894 284 
29355 29355 563787838 410 
29356 29356 563789780 338 
29357 29357 563791722 334 
29358 29358 563793664 282 
29359 29359 563795606 394 
29360 29360 563797548 374 
29361 29361 563799492 394 
29362 29362 563801434 334 
29363 29363 563803376 330 
29364 29364 563805318 396 
29365 29365 563807260 374 
29366 29366 563809204 288 
29367 29367 563811146 294 
29368 29368 563813088 378 
29369 29369 563815030 370 
29370 29370 563816968 360 
29371 29371 563818916 310 
29372 29372 563820858 394 
29373 29373 563822796 352 
29374 29374 563824742 398 
29375 29375 563826684 352 
29376 29376 563828626 286 
29377 29377 563830570 354 
29378 29378 563832512 288 
29379 29379 563834456 376 
29380 29380 563836398 338 
29381 29381 563838340 374 
29382 29382 563840282 338 
29383 29383 563842224 414 
29384 29384 563844166 286 
29385 29385 563846108 394 
29386 29386 563848050 338 
29387 29387 563849994 280 
29388 29388 563851936 314 
29389 29389 563853880 314 
29390 29390 563855820 338 
29391 29391 563857764 330 
29392 29392 563859706 298 
29393 29393 563861648 414 
29394 29394 563863590 414 
29395 29395 563865532 372 
29396 29396 563867472 378 
29397 29397 563869418 294 
29398 29398 563871354 374 
29399 29399 563873300 374 
29400 29400 563875244 290 
29401 29401 563877832 374 
29402 29402 563880420 330 
29403 29403 563883010 294 
29404 29404 563885602 294 
29405 29405 563888190 416 
29406 29406 563890778 298 
29407 29407 563893366 314 
29408 29408 563895954 294 
29409 29409 563898548 292 
29410 29410 563901136 398 
29411 29411 563903728 394 
29412 29412 563906320 394 
29413 29413 563908910 298 
29414 29414 563911496 334 
29415 29415 563914090 334 
29416 29416 563916678 398 
29417 29417 563919270 286 
29418 29418 563921860 354 
29419 29419 563924444 284 
29420 29420 563927038 398 
29421 29421 563930276 394 
29422 29422 563932864 318 
29423 29423 563936102 286 
29424 29424 563938692 320 
29425 29425 563941282 372 
29426 29426 563943866 298 
29427 29427 563946458 294 
29428 29428 563949048 310 
29429 29429 563951638 282 
29430 29430 563954232 298 
29431 29431 563956822 392 
29432 29432 563959410 318 
29433 29433 563962000 332 
29434 29434 563964590 398 
29435 29435 563967180 392 
29436 29436 563970416 374 
29437 29437 563973654 292 
29438 29438 563976886 374 
29439 29439 563980128 314 
29440 29440 563983366 398 
29441 29441 563986602 280 
29442 29442 563989842 414 
29443 29443 563993078 302 
29444 29444 563996314 314 
29445 29445 563999552 354 
29446 29446 564002788 398 
29447 29447 564006024 314 
29448 29448 564009262 278 
29449 29449 564012498 290 
29450 29450 564015734 378 
29451 29451 564018324 314 
29452 29452 564021560 358 
29453 29453 564024798 282 
29454 29454 564028034 294 
29455 29455 564031270 370 
29456 29456 564034508 354 
29457 29457 564038392 354 
29458 29458 564042276 390 
29459 29459 564046162 374 
29460 29460 564050692 286 
29461 29461 564054576 396 
29462 29462 564059108 356 
29463 29463 564063640 394 
29464 29464 564068170 334 
29465 29465 564072702 356 
29466 29466 564076582 286 
29467 29467 564081118 336 
29468 29468 564085002 338 
29469 29469 564088238 376 
29470 29470 564091476 296 
29471 29471 564095360 350 
29472 29472 564099244 314 
29473 29473 564103776 414 
29474 29474 564108308 282 
29475 29475 564112840 390 
29476 29476 564117372 356 
29477 29477 564120610 398 
29478 29478 564123846 358 
29479 29479 564127084 394 
29480 29480 564130320 294 
29481 29481 564134206 332 
29482 29482 564138088 294 
29483 29483 564141328 418 
29484 29484 564145212 394 
29485 29485 564148448 294 
29486 29486 564152330 354 
29487 29487 564156214 294 
29488 29488 564160098 418 
29489 29489 564164632 354 
29490 29490 564169166 338 
29491 29491 564174342 394 
29492 29492 564180168 414 
29493 29493 564184702 414 
29494 29494 564187938 338 
29495 29495 564191822 314 
29496 29496 564195060 294 
29497 29497 564198946 298 
29498 29498 564202830 394 
29499 29499 564205420 314 
29500 29500 564209952 298 
29501 29501 564213188 332 
29502 29502 564217074 284 
29503 29503 564222248 332 
29504 29504 564226134 290 
29505 29505 564231962 296 
29506 29506 564238436 334 
29507 29507 564244914 332 
29508 29508 564251394 286 
29509 29509 564255926 370 
29510 29510 564259812 286 
29511 29511 564263698 280 
29512 29512 564266932 298 
29513 29513 564270172 292 
29514 29514 564273406 294 
29515 29515 564275998 414 
29516 29516 564277942 284 
29517 29517 564279882 290 
29518 29518 564281824 354 
29519 29519 564283766 354 
29520 29520 564285708 358 
29521 29521 564287650 334 
29522 29522 564289592 298 
29523 29523 564291536 414 
29524 29524 564293476 282 
29525 29525 564295418 314 
29526 29526 564297360 314 
29527 29527 564299304 334 
29528 29528 564301240 358 
29529 29529 564303186 334 
29530 29530 564305128 298 
29531 29531 564307072 280 
29532 29532 564309662 296 
29533 29533 564312900 416 
29534 29534 564316786 374 
29535 29535 564321314 354 
29536 29536 564327144 374 
29537 29537 564331030 280 
29538 29538 564335558 398 
29539 29539 564339442 314 
29540 29540 564343974 320 
29541 29541 564347860 296 
29542 29542 564351744 334 
29543 29543 564356274 280 
29544 29544 564360806 378 
29545 29545 564365338 354 
29546 29546 564367928 334 
29547 29547 564371812 292 
29548 29548 564376986 338 
29549 29549 564382170 310 
29550 29550 564386700 294 
29551 29551 564390586 278 
29552 29552 564394468 390 
29553 29553 564397706 334 
29554 29554 564400942 288 
29555 29555 564404182 374 
29556 29556 564407418 286 
29557 29557 564410008 374 
29558 29558 564413242 286 
29559 29559 564416480 314 
29560 29560 564419716 414 
29561 29561 564422954 390 
29562 29562 564426190 414 
29563 29563 564429430 372 
29564 29564 564433312 296 
29565 29565 564437198 314 
29566 29566 564441730 334 
29567 29567 564446910 284 
29568 29568 564452734 298 
29569 29569 564458556 294 
29570 29570 564464382 374 
29571 29571 564470856 282 
29572 29572 564477976 294 
29573 29573 564484458 354 
29574 29574 564490284 396 
29575 29575 564496112 312 
29576 29576 564499348 414 
29577 29577 564503234 372 
29578 29578 564507114 418 
29579 29579 564510998 354 
29580 29580 564514234 338 
29581 29581 564517474 334 
29582 29582 564520062 398 
29583 29583 564523298 334 
29584 29584 564526534 416 
29585 29585 564529772 314 
29586 29586 564533010 374 
29587 29587 564535598 370 
29588 29588 564538836 368 
29589 29589 564541424 394 
29590 29590 564544016 414 
29591 29591 564547250 280 
29592 29592 564550488 378 
29593 29593 564553078 354 
29594 29594 564555020 354 
29595 29595 564559550 294 
29596 29596 564562144 374 
29597 29597 564566026 354 
29598 29598 564569906 380 
29599 29599 564575730 394 
29600 29600 564582204 394 
29601 29601 564601628 290 
29602 29602 564606154 338 
29603 29603 564610686 312 
29604 29604 564615866 414 
29605 29605 564619102 314 
29606 29606 564622340 398 
29607 29607 564625576 352 
29608 29608 564629458 354 
29609 29609 564632694 286 
29610 29610 564635930 398 
29611 29611 564639168 312 
29612 29612 564642404 418 
29613 29613 564645642 280 
29614 29614 564648878 334 
29615 29615 564652760 314 
29616 29616 564656644 414 
29617 29617 564660528 336 
29618 29618 564665060 356 
29619 29619 564669590 310 
29620 29620 564674126 288 
29621 29621 564678656 334 
29622 29622 564683828 314 
29623 29623 564688362 352 
29624 29624 564694186 378 
29625 29625 564701314 296 
29626 29626 564703900 354 
29627 29627 564705842 312 
29628 29628 564707784 334 
29629 29629 564709726 280 
29630 29630 564711668 286 
29631 29631 564713610 310 
29632 29632 564715552 418 
29633 29633 564717494 336 
29634 29634 564719436 354 
29635 29635 564721380 336 
29636 29636 564723322 286 
29637 29637 564725264 398 
29638 29638 564727202 294 
29639 29639 564729150 294 
29640 29640 564731088 334 
29641 29641 564733030 374 
29642 29642 564734972 334 
29643 29643 564736920 394 
29644 29644 564738862 352 
29645 29645 564740804 330 
29646 29646 564742746 286 
29647 29647 564744688 414 
29648 29648 564746632 278 
29649 29649 564748574 292 
29650 29650 564750516 288 
29651 29651 564752454 410 
29652 29652 564754402 354 
29653 29653 564756344 410 
29654 29654 564758286 394 
29655 29655 564760228 354 
29656 29656 564762172 396 
29657 29657 564764114 410 
29658 29658 564766056 334 
29659 29659 564767998 332 
29660 29660 564769942 414 
29661 29661 564771882 374 
29662 29662 564773822 314 
29663 29663 564775762 374 
29664 29664 564777710 378 
29665 29665 564779652 282 
29666 29666 564781596 288 
29667 29667 564783538 280 
29668 29668 564785480 294 
29669 29669 564787422 414 
29670 29670 564789362 414 
29671 29671 564791306 278 
29672 29672 564793248 316 
29673 29673 564795190 310 
29674 29674 564797132 318 
29675 29675 564799074 332 
29676 29676 564801016 376 
29677 29677 564802960 316 
29678 29678 564804902 418 
29679 29679 564806838 414 
29680 29680 564808786 298 
29681 29681 564810728 394 
29682 29682 564812670 414 
29683 29683 564814614 316 
29684 29684 564816556 398 
29685 29685 564818496 392 
29686 29686 564820440 284 
29687 29687 564822382 410 
29688 29688 564824320 314 
29689 29689 564826260 414 
29690 29690 564828206 314 
29691 29691 564830150 314 
29692 29692 564832092 294 
29693 29693 564834034 292 
29694 29694 564835978 418 
29695 29695 564837918 410 
29696 29696 564839862 396 
29697 29697 564841804 292 
29698 29698 564843746 418 
29699 29699 564845686 416 
29700 29700 564847630 420 
29701 29701 564849572 352 
29702 29702 564851516 360 
29703 29703 564853456 352 
29704 29704 564855400 334 
29705 29705 564857342 414 
29706 29706 564859286 284 
29707 29707 564861226 374 
29708 29708 564863168 288 
29709 29709 564865110 290 
29710 29710 564867056 376 
29711 29711 564868996 334 
29712 29712 564870940 370 
29713 29713 564872878 350 
29714 29714 564874818 318 
29715 29715 564876766 292 
29716 29716 564878708 318 
29717 29717 564880650 290 
29718 29718 564882592 318 
29719 29719 564884534 330 
29720 29720 564886476 294 
29721 29721 564888420 292 
29722 29722 564890362 394 
29723 29723 564892304 312 
29724 29724 564894246 398 
29725 29725 564896188 280 
29726 29726 564898130 340 
29727 29727 564900072 280 
29728 29728 564902014 378 
29729 29729 564903956 312 
29730 29730 564905898 398 
29731 29731 564907840 330 
29732 29732 564909782 334 
29733 29733 564911722 334 
29734 29734 564913666 380 
29735 29735 564915606 310 
29736 29736 564917548 400 
29737 29737 564919490 330 
29738 29738 564921434 314 
29739 29739 564923370 332 
29740 29740 564925310 300 
29741 29741 564927260 336 
29742 29742 564929200 286 
29743 29743 564931144 370 
29744 29744 564933086 418 
29745 29745 564935028 358 
29746 29746 564937620 318 
29747 29747 564939560 330 
29748 29748 564941504 398 
29749 29749 564944092 414 
29750 29750 564946684 294 
29751 29751 564948624 316 
29752 29752 564950570 354 
29753 29753 564952506 300 
29754 29754 564954454 298 
29755 29755 564956390 352 
29756 29756 564958336 398 
29757 29757 564960280 330 
29758 29758 564962222 358 
29759 29759 564964164 354 
29760 29760 564966754 414 
29761 29761 564969340 390 
29762 29762 564971284 354 
29763 29763 564973226 294 
29764 29764 564975166 314 
29765 29765 564977112 390 
29766 29766 564979050 398 
29767 29767 564980996 280 
29768 29768 564982934 286 
29769 29769 564984878 416 
29770 29770 564986816 400 
29771 29771 564988762 394 
29772 29772 564990702 394 
29773 29773 564992646 334 
29774 29774 564994588 340 
29775 29775 564996530 284 
29776 29776 564999118 286 
29777 29777 565001708 334 
29778 29778 565004298 298 
29779 29779 565006238 390 
29780 29780 565008180 336 
29781 29781 565010122 412 
29782 29782 565012064 398 
29783 29783 565014006 350 
29784 29784 565015948 378 
29785 29785 565017890 312 
29786 29786 565019830 418 
29787 29787 565021774 334 
29788 29788 565023716 410 
29789 29789 565025656 312 
29790 29790 565027598 340 
29791 29791 565029540 280 
29792 29792 565031484 394 
29793 29793 565034070 282 
29794 29794 565036660 300 
29795 29795 565039252 312 
29796 29796 565041194 414 
29797 29797 565043134 394 
29798 29798 565045076 358 
29799 29799 565047666 316 
29800 29800 565049610 334 
29801 29801 565052198 294 
29802 29802 565054142 398 
29803 29803 565056080 396 
29804 29804 565058022 320 
29805 29805 565059958 314 
29806 29806 565061904 398 
29807 29807 565063848 332 
29808 29808 565067084 358 
29809 29809 565070316 392 
29810 29810 565072910 318 
29811 29811 565075498 296 
29812 29812 565078086 374 
29813 29813 565080676 312 
29814 29814 565083266 354 
29815 29815 565085856 334 
29816 29816 565089092 314 
29817 29817 565091682 370 
29818 29818 565094912 334 
29819 29819 565097502 374 
29820 29820 565101390 358 
29821 29821 565105916 416 
29822 29822 565108504 286 
29823 29823 565110446 334 
29824 29824 565113036 314 
29825 29825 565114978 370 
29826 29826 565116918 298 
29827 29827 565118862 280 
29828 29828 565121452 294 
29829 29829 565123394 332 
29830 29830 565125984 286 
29831 29831 565128574 374 
29832 29832 565131162 354 
29833 29833 565134400 292 
29834 29834 565137636 358 
29835 29835 565141520 352 
29836 29836 565145404 354 
29837 29837 565148646 310 
29838 29838 565151882 298 
29839 29839 565155120 402 
29840 29840 565159004 394 
29841 29841 565162242 310 
29842 29842 565165478 394 
29843 29843 565169364 314 
29844 29844 565173244 414 
29845 29845 565177780 334 
29846 29846 565182956 338 
29847 29847 565187486 280 
29848 29848 565192662 334 
29849 29849 565197202 392 
29850 29850 565201732 414 
29851 29851 565205620 352 
29852 29852 565208208 298 
29853 29853 565210150 354 
29854 29854 565212092 356 
29855 29855 565214682 416 
29856 29856 565217272 358 
29857 29857 565222446 412 
29858 29858 565226332 340 
29859 29859 565228276 398 
29860 29860 565230864 316 
29861 29861 565234104 396 
29862 29862 565236692 334 
29863 29863 565239282 330 
29864 29864 565242518 414 
29865 29865 565245108 314 
29866 29866 565248346 314 
29867 29867 565250936 394 
29868 29868 565254172 314 
29869 29869 565257412 338 
29870 29870 565260648 340 
29871 29871 565263882 354 
29872 29872 565266472 394 
29873 29873 565269710 310 
29874 29874 565272294 414 
29875 29875 565274882 412 
29876 29876 565277474 292 
29877 29877 565280068 280 
29878 29878 565283304 414 
29879 29879 565286540 288 
29880 29880 565290426 294 
29881 29881 565294958 350 
29882 29882 565301426 418 
29883 29883 565308548 282 
29884 29884 565318262 286 
29885 29885 565326030 354 
29886 29886 565332504 314 
29887 29887 565337676 362 
29888 29888 565342860 282 
29889 29889 565347392 280 
29890 29890 565351276 286 
29891 29891 565355160 334 
29892 29892 565359044 398 
29893 29893 565362276 374 
29894 29894 565365516 340 
29895 29895 565368754 398 
29896 29896 565372634 374 
29897 29897 565375874 314 
29898 29898 565379110 286 
29899 29899 565382348 316 
29900 29900 565386232 358 
29901 29901 565390120 370 
29902 29902 565395292 374 
29903 29903 565401770 284 
29904 29904 565405002 354 
29905 29905 565408890 390 
29906 29906 565412126 288 
29907 29907 565417952 284 
29908 29908 565423130 294 
29909 29909 565429604 294 
29910 29910 565434778 418 
29911 29911 565439314 284 
29912 29912 565443846 338 
29913 29913 565448378 290 
29914 29914 565452910 338 
29915 29915 565456792 310 
29916 29916 565460030 334 
29917 29917 565463266 282 
29918 29918 565467148 284 
29919 29919 565471030 414 
29920 29920 565474920 414 
29921 29921 565477508 290 
29922 29922 565479450 298 
29923 29923 565482036 296 
29924 29924 565484624 358 
29925 29925 565496926 372 
29926 29926 565505986 286 
29927 29927 565513110 310 
29928 29928 565518290 416 
29929 29929 565523468 332 
29930 29930 565528648 400 
29931 29931 565533826 278 
29932 29932 565539004 394 
29933 29933 565544182 412 
29934 29934 565549362 284 
29935 29935 565553892 280 
29936 29936 565558424 394 
29937 29937 565563602 354 
29938 29938 565568782 286 
29939 29939 565572666 316 
29940 29940 565577196 294 
29941 29941 565583020 282 
29942 29942 565590794 378 
29943 29943 565600500 392 
29944 29944 565633516 398 
29945 29945 565641930 312 
29946 29946 565648406 390 
29947 29947 565653584 314 
29948 29948 565659410 378 
29949 29949 565663942 312 
29950 29950 565668474 394 
29951 29951 565672358 312 
29952 29952 565676890 334 
29953 29953 565681422 334 
29954 29954 565686600 334 
29955 29955 565692428 370 
29956 29956 565699550 314 
29957 29957 565709258 294 
29958 29958 565747454 418 
29959 29959 565758458 414 
29960 29960 565763636 286 
29961 29961 565769462 310 
29962 29962 565774638 294 
29963 29963 565780466 294 
29964 29964 565784996 414 
29965 29965 565789526 286 
29966 29966 565794706 358 
29967 29967 565801178 394 
29968 29968 565807008 338 
29969 29969 565814128 394 
29970 29970 565820604 350 
29971 29971 565832254 372 
29972 29972 565844554 286 
29973 29973 565853616 280 
29974 29974 565866562 392 
29975 29975 565873034 392 
29976 29976 565879508 414 
29977 29977 565885338 284 
29978 29978 565891164 294 
29979 29979 565896990 314 
29980 29980 565902168 334 
29981 29981 565907346 374 
29982 29982 565913172 398 
29983 29983 565920938 370 
29984 29984 565930646 294 
29985 29985 565940354 372 
29986 29986 565949414 416 
29987 29987 565963008 354 
29988 29988 565974656 338 
29989 29989 565980482 418 
29990 29990 565986308 300 
29991 29991 565991486 330 
29992 29992 565997310 398 
29993 29993 566003136 310 
29994 29994 566009612 286 
29995 29995 566016084 350 
29996 29996 566022560 334 
29997 29997 566030326 372 
29998 29998 566038744 376 
29999 29999 566049100 410 
30000 30000 566066580 394 
30001 30001 566073702 280 
30002 30002 566079526 298 
30003 30003 566087938 290 
30004 30004 566095064 374 
30005 30005 566101538 334 
30006 30006 566107364 414 
30007 30007 566112542 314 
30008 30008 566118370 330 
30009 30009 566124196 390 
30010 30010 566130024 398 
30011 30011 566139080 352 
30012 30012 566150738 334 
30013 30013 566159802 374 
30014 30014 566172106 394 
30015 30015 566187642 312 
30016 30016 566196058 318 
30017 30017 566203180 334 
30018 30018 566209654 318 
30019 30019 566215480 280 
30020 30020 566221304 378 
30021 30021 566227132 286 
30022 30022 566233606 398 
30023 30023 566240080 354 
30024 30024 566247848 418 
30025 30025 566256912 294 
30026 30026 566267270 334 
30027 30027 566281510 372 
30028 30028 566295750 336 
30029 30029 566304164 312 
30030 30030 566311282 298 
30031 30031 566318404 394 
30032 30032 566324228 374 
30033 30033 566330054 314 
30034 30034 566336526 286 
30035 30035 566343000 294 
30036 30036 566350120 334 
30037 30037 566357888 312 
30038 30038 566366952 358 
30039 30039 566377308 392 
30040 30040 566391550 414 
30041 30041 566405142 278 
30042 30042 566412910 358 
30043 30043 566420030 314 
30044 30044 566427796 374 
30045 30045 566433624 340 
30046 30046 566439446 310 
30047 30047 566445920 334 
30048 30048 566452392 286 
30049 30049 566459512 378 
30050 30050 566467926 286 
30051 30051 566478282 390 
30052 30052 566488640 354 
30053 30053 566500940 296 
30054 30054 566513884 338 
30055 30055 566522300 414 
30056 30056 566530068 294 
30057 30057 566537192 314 
30058 30058 566543018 334 
30059 30059 566548840 370 
30060 30060 566555314 334 
30061 30061 566561786 354 
30062 30062 566570202 376 
30063 30063 566578616 394 
30064 30064 566588972 294 
30065 30065 566598684 372 
30066 30066 566608396 314 
30067 30067 566618106 334 
30068 30068 566627170 374 
30069 30069 566634290 310 
30070 30070 566642056 320 
30071 30071 566648530 286 
30072 30072 566654356 334 
30073 30073 566660828 310 
30074 30074 566667302 284 
30075 30075 566675716 310 
30076 30076 566683484 374 
30077 30077 566693840 412 
30078 30078 566703546 398 
30079 30079 566713254 372 
30080 30080 566722962 316 
30081 30081 566732672 392 
30082 30082 566740440 338 
30083 30083 566747560 332 
30084 30084 566755328 398 
30085 30085 566761152 300 
30086 30086 566767626 414 
30087 30087 566774100 350 
30088 30088 566782514 298 
30089 30089 566790282 332 
30090 30090 566799994 316 
30091 30091 566810350 314 
30092 30092 566820708 320 
30093 30093 566830418 292 
30094 30094 566840128 314 
30095 30095 566847898 332 
30096 30096 566855018 354 
30097 30097 566862786 280 
30098 30098 566869906 394 
30099 30099 566875732 334 
30100 30100 566882206 420 
30101 30101 566890618 310 
30102 30102 566899034 358 
30103 30103 566909390 334 
30104 30104 566919748 354 
30105 30105 566930104 286 
30106 30106 566940462 396 
30107 30107 566950172 376 
30108 30108 566957290 286 
30109 30109 566965056 374 
30110 30110 566973470 396 
30111 30111 566981884 316 
30112 30112 566990298 374 
30113 30113 566998712 410 
30114 30114 567007128 314 
30115 30115 567017488 356 
30116 30116 567028490 294 
30117 30117 567038848 414 
30118 30118 567049206 298 
30119 30119 567058916 606 
30120 30120 567066034 414 
30121 30121 567074448 282 
30122 30122 567082862 416 
30123 30123 567091276 314 
30124 30124 567099692 414 
30125 30125 567108106 314 
30126 30126 567116520 378 
30127 30127 567127524 334 
30128 30128 567137880 314 
30129 30129 567148234 286 
30130 30130 567158592 354 
30131 30131 567167656 414 
30132 30132 567175422 334 
30133 30133 567183840 332 
30134 30134 567192258 294 
30135 30135 567200674 412 
30136 30136 567209092 394 
30137 30137 567217508 414 
30138 30138 567226572 298 
30139 30139 567237578 352 
30140 30140 567247938 286 
30141 30141 567258296 392 
30142 30142 567268654 298 
30143 30143 567277718 370 
30144 30144 567285486 358 
30145 30145 567293902 294 
30146 30146 567302318 394 
30147 30147 567310734 330 
30148 30148 567317856 288 
30149 30149 567319796 374 
30150 30150 567321736 298 
30151 30151 567323678 292 
30152 30152 567325618 354 
30153 30153 567327560 394 
30154 30154 567329500 414 
30155 30155 567331440 394 
30156 30156 567333382 298 
30157 30157 567335324 390 
30158 30158 567337266 378 
30159 30159 567339208 392 
30160 30160 567341152 414 
30161 30161 567343096 290 
30162 30162 567345038 294 
30163 30163 567346980 316 
30164 30164 567348922 294 
30165 30165 567350864 354 
30166 30166 567352806 314 
30167 30167 567354746 414 
30168 30168 567356688 380 
30169 30169 567358630 332 
30170 30170 567360574 374 
30171 30171 567362516 334 
30172 30172 567364460 414 
30173 30173 567366400 374 
30174 30174 567368340 374 
30175 30175 567370284 356 
30176 30176 567372228 374 
30177 30177 567374172 350 
30178 30178 567376114 314 
30179 30179 567378056 280 
30180 30180 567379994 334 
30181 30181 567381938 296 
30182 30182 567383884 360 
30183 30183 567385824 370 
30184 30184 567387766 288 
30185 30185 567389708 330 
30186 30186 567391652 338 
30187 30187 567393594 330 
30188 30188 567395536 414 
30189 30189 567397478 354 
30190 30190 567399420 314 
30191 30191 567401364 392 
30192 30192 567403306 418 
30193 30193 567405248 414 
30194 30194 567407192 394 
30195 30195 567409132 414 
30196 30196 567411076 414 
30197 30197 567413016 312 
30198 30198 567414958 376 
30199 30199 567416900 316 
30200 30200 567418844 400 
30201 30201 567420786 390 
30202 30202 567422728 358 
30203 30203 567424668 374 
30204 30204 567426612 314 
30205 30205 567428554 352 
30206 30206 567430494 294 
30207 30207 567432438 376 
30208 30208 567434382 398 
30209 30209 567436322 298 
30210 30210 567438266 338 
30211 30211 567440206 330 
30212 30212 567442146 338 
30213 30213 567444090 284 
30214 30214 567446034 286 
30215 30215 567447976 412 
30216 30216 567449916 338 
30217 30217 567451858 330 
30218 30218 567453800 282 
30219 30219 567455744 312 
30220 30220 567457688 294 
30221 30221 567459630 394 
30222 30222 567461572 358 
30223 30223 567463514 358 
30224 30224 567465458 378 
30225 30225 567467400 350 
30226 30226 567469342 338 
30227 30227 567471286 354 
30228 30228 567473228 414 
30229 30229 567475170 394 
30230 30230 567477112 338 
30231 30231 567479054 390 
30232 30232 567480996 314 
30233 30233 567482940 410 
30234 30234 567484882 398 
30235 30235 567486826 394 
30236 30236 567488768 378 
30237 30237 567490710 314 
30238 30238 567492654 298 
30239 30239 567494596 294 
30240 30240 567496538 358 
30241 30241 567498478 314 
30242 30242 567500420 418 
30243 30243 567502362 282 
30244 30244 567504306 284 
30245 30245 567506248 412 
30246 30246 567508190 374 
30247 30247 567510132 280 
30248 30248 567512074 294 
30249 30249 567514014 354 
30250 30250 567515958 420 
30251 30251 567517900 412 
30252 30252 567519842 398 
30253 30253 567521784 292 
30254 30254 567523726 418 
30255 30255 567525668 314 
30256 30256 567527610 356 
30257 30257 567529552 298 
30258 30258 567531496 298 
30259 30259 567533436 284 
30260 30260 567535376 284 
30261 30261 567537324 392 
30262 30262 567539912 298 
30263 30263 567542504 310 
30264 30264 567544444 286 
30265 30265 567547034 314 
30266 30266 567548976 418 
30267 30267 567550918 358 
30268 30268 567552862 294 
30269 30269 567554802 412 
30270 30270 567556746 334 
30271 30271 567558686 292 
30272 30272 567560630 354 
30273 30273 567562572 294 
30274 30274 567564512 418 
30275 30275 567566454 418 
30276 30276 567568396 414 
30277 30277 567570338 360 
30278 30278 567572282 350 
30279 30279 567574224 414 
30280 30280 567576166 288 
30281 30281 567578108 392 
30282 30282 567580050 358 
30283 30283 567581992 354 
30284 30284 567583936 418 
30285 30285 567585878 310 
30286 30286 567587818 378 
30287 30287 567590410 352 
30288 30288 567592996 378 
30289 30289 567595588 294 
30290 30290 567598820 334 
30291 30291 567602708 334 
30292 30292 567606586 338 
30293 30293 567609178 280 
30294 30294 567612414 394 
30295 30295 567615004 310 
30296 30296 567616946 318 
30297 30297 567618890 414 
30298 30298 567620830 370 
30299 30299 567622776 336 
30300 30300 567624714 420 
30301 30301 567626662 314 
30302 30302 567628602 378 
30303 30303 567630546 280 
30304 30304 567632488 314 
30305 30305 567634430 330 
30306 30306 567636372 414 
30307 30307 567638314 396 
30308 30308 567640904 314 
30309 30309 567643494 332 
30310 30310 567646084 288 
30311 30311 567648026 354 
30312 30312 567649968 286 
30313 30313 567651910 394 
30314 30314 567654496 298 
30315 30315 567657088 354 
30316 30316 567659680 374 
30317 30317 567662268 374 
30318 30318 567665504 378 
30319 30319 567668094 374 
30320 30320 567670684 334 
30321 30321 567673276 294 
30322 30322 567675864 390 
30323 30323 567678452 352 
30324 30324 567681044 396 
30325 30325 567683634 314 
30326 30326 567686224 294 
30327 30327 567689460 332 
30328 30328 567692696 374 
30329 30329 567695934 316 
30330 30330 567699816 294 
30331 30331 567706290 330 
30332 30332 567716642 294 
30333 30333 567720526 392 
30334 30334 567725056 414 
30335 30335 567731530 354 
30336 30336 567736712 296 
30337 30337 567741892 312 
30338 30338 567749012 338 
30339 30339 567757426 292 
30340 30340 567763900 358 
30341 30341 567768430 414 
30342 30342 567772960 414 
30343 30343 567776846 352 
30344 30344 567781378 398 
30345 30345 567785908 352 
30346 30346 567791080 334 
30347 30347 567796262 394 
30348 30348 567801438 418 
30349 30349 567810498 280 
30350 30350 567818266 372 
30351 30351 567824088 374 
30352 30352 567831208 294 
30353 30353 567838326 358 
30354 30354 567847388 414 
30355 30355 567852564 284 
30356 30356 567861624 294 
30357 30357 567873276 394 
30358 30358 567881688 358 
30359 30359 567893340 332 
30360 30360 567910166 318 
30361 30361 567917932 352 
30362 30362 567924406 330 
30363 30363 567930230 414 
30364 30364 567936704 300 
30365 30365 567943176 374 
30366 30366 567950298 354 
30367 30367 567961302 352 
30368 30368 567971660 314 
30369 30369 567978780 410 
30370 30370 567987198 294 
30371 30371 568002734 390 
30372 30372 568014388 398 
30373 30373 568023450 392 
30374 30374 568035750 314 
30375 30375 568042870 314 
30376 30376 568048698 374 
30377 30377 568055172 286 
30378 30378 568062942 298 
30379 30379 568071356 310 
30380 30380 568079126 320 
30381 30381 568087538 314 
30382 30382 568096600 418 
30383 30383 568105662 372 
30384 30384 568118606 378 
30385 30385 568126376 284 
30386 30386 568132846 294 
30387 30387 568140614 392 
30388 30388 568148382 318 
30389 30389 568156150 280 
30390 30390 568164568 298 
30391 30391 568173626 374 
30392 30392 568183338 418 
30393 30393 568196930 334 
30394 30394 568205344 378 
30395 30395 568214406 390 
30396 30396 568226058 414 
30397 30397 568237708 394 
30398 30398 568246122 334 
30399 30399 568253242 372 
30400 30400 568259068 394 
30401 30401 568266836 294 
30402 30402 568276546 338 
30403 30403 568286256 374 
30404 30404 568295968 398 
30405 30405 568307618 394 
30406 30406 568319918 414 
30407 30407 568329628 394 
30408 30408 568333512 318 
30409 30409 568336748 310 
30410 30410 568339986 400 
30411 30411 568343872 376 
30412 30412 568348402 332 
30413 30413 568354874 286 
30414 30414 568360700 282 
30415 30415 568371060 294 
30416 30416 568384008 334 
30417 30417 568390482 338 
30418 30418 568399542 398 
30419 30419 568411188 370 
30420 30420 568420904 338 
30421 30421 568426730 418 
30422 30422 568432556 398 
30423 30423 568438382 414 
30424 30424 568443564 288 
30425 30425 568449386 354 
30426 30426 568455860 354 
30427 30427 568462982 352 
30428 30428 568470102 282 
30429 30429 568477872 414 
30430 30430 568486280 374 
30431 30431 568495348 336 
30432 30432 568504414 334 
30433 30433 568513470 312 
30434 30434 568522538 334 
30435 30435 568529010 392 
30436 30436 568535482 358 
30437 30437 568541308 280 
30438 30438 568546486 334 
30439 30439 568551666 314 
30440 30440 568556844 334 
30441 30441 568562024 284 
30442 30442 568567848 294 
30443 30443 568574322 330 
30444 30444 568582090 298 
30445 30445 568593738 334 
30446 30446 568606042 314 
30447 30447 568618986 286 
30448 30448 568629992 318 
30449 30449 568635816 332 
30450 30450 568642288 398 
30451 30451 568648762 352 
30452 30452 568655234 398 
30453 30453 568661708 392 
30454 30454 568666886 398 
30455 30455 568672710 334 
30456 30456 568679832 296 
30457 30457 568689542 392 
30458 30458 568707020 338 
30459 30459 568718024 414 
30460 30460 568734850 394 
30461 30461 568746504 294 
30462 30462 568753624 288 
30463 30463 568760096 372 
30464 30464 568766568 398 
30465 30465 568771098 412 
30466 30466 568776276 318 
30467 30467 568782100 294 
30468 30468 568787928 318 
30469 30469 568795048 394 
30470 30470 568802168 418 
30471 30471 568810582 280 
30472 30472 568824820 318 
30473 30473 568845532 334 
30474 30474 568853946 414 
30475 30475 568862362 310 
30476 30476 568868188 334 
30477 30477 568874016 336 
30478 30478 568880488 354 
30479 30479 568885664 334 
30480 30480 568892784 370 
30481 30481 568899906 312 
30482 30482 568908320 398 
30483 30483 568919326 376 
30484 30484 568933562 314 
30485 30485 568947802 332 
30486 30486 568961402 338 
30487 30487 568968522 414 
30488 30488 568976938 286 
30489 30489 568984058 354 
30490 30490 568990530 414 
30491 30491 568997652 350 
30492 30492 569004774 330 
30493 30493 569013834 286 
30494 30494 569024194 354 
30495 30495 569037140 392 
30496 30496 569051376 314 
30497 30497 569065622 292 
30498 30498 569075978 338 
30499 30499 569084390 414 
30500 30500 569092156 396 
30501 30501 569100572 370 
30502 30502 569109632 418 
30503 30503 569118046 282 
30504 30504 569126462 288 
30505 30505 569136820 332 
30506 30506 569149120 414 
30507 30507 569162712 314 
30508 30508 569173714 288 
30509 30509 569182774 292 
30510 30510 569192484 298 
30511 30511 569200252 332 
30512 30512 569209312 318 
30513 30513 569218374 280 
30514 30514 569227436 286 
30515 30515 569235204 316 
30516 30516 569244268 374 
30517 30517 569255920 370 
30518 30518 569266926 378 
30519 30519 569276634 294 
30520 30520 569287640 338 
30521 30521 569299290 374 
30522 30522 569309646 314 
30523 30523 569317414 354 
30524 30524 569326476 318 
30525 30525 569335540 412 
30526 30526 569344602 418 
30527 30527 569353664 372 
30528 30528 569365316 400 
30529 30529 569376320 412 
30530 30530 569387326 414 
30531 30531 569397036 292 
30532 30532 569408042 414 
30533 30533 569419694 294 
30534 30534 569429406 398 
30535 30535 569437820 294 
30536 30536 569446884 312 
30537 30537 569455948 354 
30538 30538 569465658 294 
30539 30539 569477310 318 
30540 30540 569488314 294 
30541 30541 569499320 414 
30542 30542 569509030 314 
30543 30543 569520036 310 
30544 30544 569531686 396 
30545 30545 569541398 354 
30546 30546 569549812 394 
30547 30547 569558872 400 
30548 30548 569567936 314 
30549 30549 569577644 354 
30550 30550 569589296 414 
30551 30551 569600948 372 
30552 30552 569611952 338 
30553 30553 569622308 280 
30554 30554 569633314 418 
30555 30555 569645614 394 
30556 30556 569656620 298 
30557 30557 569665034 332 
30558 30558 569674098 286 
30559 30559 569683806 334 
30560 30560 569692870 414 
30561 30561 569702580 330 
30562 30562 569714878 298 
30563 30563 569726528 294 
30564 30564 569738180 294 
30565 30565 569748536 416 
30566 30566 569760188 298 
30567 30567 569772484 280 
30568 30568 569784782 338 
30569 30569 569795136 280 
30570 30570 569806786 394 
30571 30571 569818436 312 
30572 30572 569830086 378 
30573 30573 569842384 314 
30574 30574 569853386 286 
30575 30575 569862448 394 
30576 30576 569870860 394 
30577 30577 569880570 374 
30578 30578 569890278 398 
30579 30579 569899988 372 
30580 30580 569912284 374 
30581 30581 569925876 372 
30582 30582 569940762 398 
30583 30583 569953708 354 
30584 30584 569964712 314 
30585 30585 569973126 334 
30586 30586 569982834 286 
30587 30587 569992540 354 
30588 30588 570002248 314 
30589 30589 570013254 294 
30590 30590 570025552 374 
30591 30591 570039144 354 
30592 30592 570054032 396 
30593 30593 570065034 354 
30594 30594 570076038 358 
30595 30595 570084452 370 
30596 30596 570094162 358 
30597 30597 570103872 370 
30598 30598 570113582 318 
30599 30599 570125234 312 
30600 30600 570138176 414 
30601 30601 570150474 314 
30602 30602 570162772 348 
30603 30603 570175070 392 
30604 30604 570185426 284 
30605 30605 570194486 318 
30606 30606 570204196 284 
30607 30607 570213906 390 
30608 30608 570223614 318 
30609 30609 570235910 410 
30610 30610 570248854 340 
30611 30611 570261150 412 
30612 30612 570273448 380 
30613 30613 570285746 354 
30614 30614 570296104 374 
30615 30615 570305164 414 
30616 30616 570314874 398 
30617 30617 570324584 352 
30618 30618 570334942 418 
30619 30619 570347888 412 
30620 30620 570360186 354 
30621 30621 570372482 278 
30622 30622 570384780 288 
30623 30623 570397080 392 
30624 30624 570405494 314 
30625 30625 570413910 414 
30626 30626 570422328 380 
30627 30627 570432686 290 
30628 30628 570444986 394 
30629 30629 570457284 314 
30630 30630 570466346 300 
30631 30631 570479294 290 
30632 30632 570494178 374 
30633 30633 570503238 414 
30634 30634 570512948 394 
30635 30635 570522656 350 
30636 30636 570532368 318 
30637 30637 570540784 372 
30638 30638 570552434 374 
30639 30639 570566028 416 
30640 30640 570581564 314 
30641 30641 570595806 312 
30642 30642 570607458 338 
30643 30643 570620404 412 
30644 30644 570630114 350 
30645 30645 570637878 370 
30646 30646 570646942 374 
30647 30647 570659888 294 
30648 30648 570673482 334 
30649 30649 570684488 398 
30650 30650 570698082 298 
30651 30651 570710380 392 
30652 30652 570721386 376 
30653 30653 570730448 354 
30654 30654 570738862 376 
30655 30655 570749866 394 
30656 30656 570762812 418 
30657 30657 570772520 284 
30658 30658 570784172 314 
30659 30659 570806824 338 
30660 30660 570817176 356 
30661 30661 570829474 352 
30662 30662 570842418 398 
30663 30663 570850832 350 
30664 30664 570859246 376 
30665 30665 570869606 330 
30666 30666 570885140 414 
30667 30667 570897436 390 
30668 30668 570913620 298 
30669 30669 570928510 330 
30670 30670 570940810 418 
30671 30671 570951812 374 
30672 30672 570961524 398 
30673 30673 570973820 352 
30674 30674 570984826 288 
30675 30675 570994534 336 
30676 30676 571006186 294 
30677 30677 571020422 414 
30678 30678 571033372 288 
30679 30679 571044378 414 
30680 30680 571054732 394 
30681 30681 571067030 420 
30682 30682 571077390 294 
30683 30683 571085158 354 
30684 30684 571095518 418 
30685 30685 571109756 290 
30686 30686 571120762 418 
30687 30687 571133708 414 
30688 30688 571150540 288 
30689 30689 571158952 374 
30690 30690 571169958 416 
30691 30691 571182254 418 
30692 30692 571192614 378 
30693 30693 571202324 414 
30694 30694 571215270 394 
30695 30695 571229512 334 
30696 30696 571242458 356 
30697 30697 571255402 410 
30698 30698 571267702 314 
30699 30699 571279348 280 
30700 30700 571290354 334 
30701 30701 571300708 280 
30702 30702 571314302 358 
30703 30703 571329190 314 
30704 30704 571357106 316 
