50528 50528 1201197068 376 
50529 50529 1201199658 350 
50530 50530 1201202256 354 
50531 50531 1201204844 330 
50532 50532 1201207432 374 
50533 50533 1201210020 330 
50534 50534 1201211964 334 
50535 50535 1201213906 394 
50536 50536 1201215848 418 
50537 50537 1201217790 374 
50538 50538 1201219732 418 
50539 50539 1201221672 288 
50540 50540 1201223614 354 
50541 50541 1201225556 354 
50542 50542 1201227498 286 
50543 50543 1201229438 278 
50544 50544 1201231378 334 
50545 50545 1201233320 330 
50546 50546 1201235264 336 
50547 50547 1201237204 334 
50548 50548 1201239148 298 
50549 50549 1201241090 390 
50550 50550 1201243032 286 
50551 50551 1201244970 354 
50552 50552 1201246912 294 
50553 50553 1201250796 372 
50554 50554 1201255976 334 
50555 50555 1201261156 314 
50556 50556 1201266334 294 
50557 50557 1201271514 332 
50558 50558 1201276692 278 
50559 50559 1201281870 310 
50560 50560 1201287050 294 
50561 50561 1201292230 414 
50562 50562 1201297408 416 
50563 50563 1201302586 314 
50564 50564 1201307766 320 
50565 50565 1201312944 410 
50566 50566 1201318122 414 
50567 50567 1201366886 396 
