45838 45838 1825849408 
45839 45839 1825851364 
45840 45840 1825853306 
45841 45841 1825855248 
45842 45842 1825857188 
45843 45843 1825859138 
45844 45844 1825861080 
45845 45845 1825863020 
45846 45846 1825864962 
45847 45847 1825866902 
45848 45848 1825868844 
45849 45849 1825870788 
45850 45850 1825872728 
45851 45851 1825874674 
45852 45852 1825876616 
45853 45853 1825878560 
45854 45854 1825880502 
45855 45855 1825882442 
45856 45856 1825884384 
45857 45857 1825886324 
45858 45858 1825888268 
45859 45859 1825890206 
45860 45860 1825892148 
45861 45861 1825894090 
45862 45862 1825896032 
45863 45863 1825897972 
45864 45864 1825899914 
45865 45865 1825901856 
45866 45866 1825903798 
45867 45867 1825905740 
45868 45868 1825907680 
45869 45869 1825909622 
45870 45870 1825911562 
45871 45871 1825913504 
45872 45872 1825915446 
45873 45873 1825917386 
45874 45874 1825919328 
45875 45875 1825921268 
45876 45876 1825923210 
45877 45877 1825925152 
45878 45878 1825927094 
45879 45879 1825929036 
45880 45880 1825930976 
45881 45881 1825932918 
45882 45882 1825934860 
45883 45883 1825936800 
45884 45884 1825938742 
45885 45885 1825940682 
45886 45886 1825942624 
45887 45887 1825944566 
45888 45888 1825946506 
45889 45889 1825948446 
45890 45890 1825950386 
45891 45891 1825952330 
45892 45892 1825954270 
45893 45893 1825956210 
45894 45894 1825958152 
45895 45895 1825960092 
45896 45896 1825962034 
45897 45897 1825963976 
45898 45898 1825965918 
45899 45899 1825967858 
45900 45900 1825969800 
45901 45901 1825971740 
45902 45902 1825973680 
45903 45903 1825975620 
45904 45904 1825977562 
45905 45905 1825979504 
45906 45906 1825981444 
45907 45907 1825983386 
45908 45908 1825985326 
45909 45909 1825987266 
45910 45910 1825989208 
45911 45911 1825991148 
45912 45912 1825993088 
45913 45913 1825995032 
45914 45914 1825996972 
45915 45915 1825998912 
45916 45916 1826000854 
45917 45917 1826002796 
45918 45918 1826004736 
45919 45919 1826006678 
45920 45920 1826008620 
45921 45921 1826010560 
45922 45922 1826012500 
45923 45923 1826014442 
45924 45924 1826016384 
45925 45925 1826018324 
45926 45926 1826020266 
45927 45927 1826022206 
45928 45928 1826024148 
45929 45929 1826026090 
45930 45930 1826028030 
45931 45931 1826029972 
45932 45932 1826031912 
45933 45933 1826033854 
45934 45934 1826035796 
45935 45935 1826037738 
45936 45936 1826039680 
45937 45937 1826041622 
45938 45938 1826043560 
45939 45939 1826045504 
45940 45940 1826047446 
45941 45941 1826049388 
45942 45942 1826051330 
45943 45943 1826053274 
45944 45944 1826055210 
45945 45945 1826057154 
45946 45946 1826059092 
45947 45947 1826061038 
45948 45948 1826062978 
45949 45949 1826064920 
45950 45950 1826066864 
45951 45951 1826068804 
45952 45952 1826070746 
45953 45953 1826072686 
45954 45954 1826074628 
45955 45955 1826076568 
45956 45956 1826078510 
45957 45957 1826080452 
45958 45958 1826082394 
45959 45959 1826084334 
45960 45960 1826086276 
45961 45961 1826088218 
45962 45962 1826090158 
45963 45963 1826092102 
45964 45964 1826094042 
45965 45965 1826095986 
45966 45966 1826097926 
45967 45967 1826099870 
45968 45968 1826101808 
45969 45969 1826103754 
45970 45970 1826105694 
45971 45971 1826107636 
45972 45972 1826109578 
45973 45973 1826111518 
45974 45974 1826113460 
45975 45975 1826115402 
45976 45976 1826117342 
45977 45977 1826119280 
45978 45978 1826121220 
45979 45979 1826123168 
45980 45980 1826125108 
45981 45981 1826127050 
45982 45982 1826128992 
45983 45983 1826130932 
45984 45984 1826132874 
45985 45985 1826134814 
45986 45986 1826136756 
45987 45987 1826138696 
45988 45988 1826140638 
45989 45989 1826142574 
45990 45990 1826144514 
45991 45991 1826146456 
45992 45992 1826148398 
45993 45993 1826150342 
45994 45994 1826152280 
45995 45995 1826154226 
45996 45996 1826156166 
45997 45997 1826158110 
45998 45998 1826160696 
45999 45999 1826163286 
46000 46000 1826165872 
46001 46001 1826168462 
46002 46002 1826171050 
46003 46003 1826173640 
46004 46004 1826176228 
46005 46005 1826178816 
46006 46006 1826181404 
46007 46007 1826183992 
46008 46008 1826186582 
46009 46009 1826189170 
46010 46010 1826191758 
46011 46011 1826194350 
46012 46012 1826196936 
46013 46013 1826199526 
46014 46014 1826202108 
46015 46015 1826204696 
46016 46016 1826207284 
46017 46017 1826209878 
46018 46018 1826212466 
46019 46019 1826215700 
46020 46020 1826218936 
46021 46021 1826222172 
46022 46022 1826224762 
46023 46023 1826227994 
46024 46024 1826231230 
46025 46025 1826234466 
46026 46026 1826238346 
46027 46027 1826242230 
46028 46028 1826246116 
46029 46029 1826249998 
46030 46030 1826253882 
46031 46031 1826257764 
46032 46032 1826261650 
46033 46033 1826265530 
46034 46034 1826269414 
46035 46035 1826273296 
46036 46036 1826277180 
46037 46037 1826280414 
46038 46038 1826284296 
46039 46039 1826289472 
46040 46040 1826294646 
46041 46041 1826297880 
46042 46042 1826302410 
46043 46043 1826306944 
46044 46044 1826309534 
46045 46045 1826312122 
46046 46046 1826316004 
46047 46047 1826319238 
46048 46048 1826324416 
46049 46049 1826328946 
46050 46050 1826333470 
46051 46051 1826337356 
46052 46052 1826341238 
46053 46053 1826345122 
46054 46054 1826348356 
46055 46055 1826352238 
46056 46056 1826357416 
46057 46057 1826362592 
46058 46058 1826367770 
46059 46059 1826371652 
46060 46060 1826376830 
46061 46061 1826382654 
46062 46062 1826388474 
46063 46063 1826392356 
46064 46064 1826397534 
46065 46065 1826403360 
46066 46066 1826409188 
46067 46067 1826415012 
46068 46068 1826420838 
46069 46069 1826426016 
46070 46070 1826431192 
46071 46071 1826436370 
46072 46072 1826440252 
46073 46073 1826444782 
46074 46074 1826449312 
46075 46075 1826453842 
46076 46076 1826458372 
46077 46077 1826462902 
46078 46078 1826467432 
46079 46079 1826471314 
46080 46080 1826476490 
46081 46081 1826481668 
46082 46082 1826485550 
46083 46083 1826490726 
46084 46084 1826496554 
46085 46085 1826501730 
46086 46086 1826507556 
46087 46087 1826511438 
46088 46088 1826513378 
46089 46089 1826515320 
46090 46090 1826517260 
46091 46091 1826519204 
46092 46092 1826521146 
46093 46093 1826523086 
46094 46094 1826525028 
46095 46095 1826526968 
46096 46096 1826528910 
46097 46097 1826530852 
46098 46098 1826533442 
46099 46099 1826536030 
46100 46100 1826538618 
46101 46101 1826541208 
46102 46102 1826545088 
46103 46103 1826548324 
46104 46104 1826550914 
46105 46105 1826554142 
46106 46106 1826556736 
46107 46107 1826558678 
46108 46108 1826560618 
46109 46109 1826563206 
46110 46110 1826565796 
46111 46111 1826568382 
46112 46112 1826570324 
46113 46113 1826572914 
46114 46114 1826575502 
46115 46115 1826577444 
46116 46116 1826580032 
46117 46117 1826582622 
46118 46118 1826585210 
46119 46119 1826587798 
46120 46120 1826589740 
46121 46121 1826591680 
46122 46122 1826593620 
46123 46123 1826595562 
46124 46124 1826597506 
46125 46125 1826599448 
46126 46126 1826601388 
46127 46127 1826603328 
46128 46128 1826605270 
46129 46129 1826607210 
46130 46130 1826609154 
46131 46131 1826611094 
46132 46132 1826613036 
46133 46133 1826614978 
46134 46134 1826616918 
46135 46135 1826618858 
46136 46136 1826620802 
46137 46137 1826622742 
46138 46138 1826624686 
46139 46139 1826627272 
46140 46140 1826629862 
46141 46141 1826633096 
46142 46142 1826636332 
46143 46143 1826639568 
46144 46144 1826642156 
46145 46145 1826645388 
46146 46146 1826649266 
46147 46147 1826653154 
46148 46148 1826655742 
46149 46149 1826659624 
46150 46150 1826664154 
46151 46151 1826668684 
46152 46152 1826671918 
46153 46153 1826674508 
46154 46154 1826677094 
46155 46155 1826682270 
46156 46156 1826686798 
46157 46157 1826693262 
46158 46158 1826697800 
46159 46159 1826701682 
46160 46160 1826706860 
46161 46161 1826710096 
46162 46162 1826712682 
46163 46163 1826716566 
46164 46164 1826719802 
46165 46165 1826723038 
46166 46166 1826726272 
46167 46167 1826728214 
46168 46168 1826730802 
46169 46169 1826738568 
46170 46170 1826742450 
46171 46171 1826747628 
46172 46172 1826752158 
46173 46173 1826755392 
46174 46174 1826758628 
46175 46175 1826761216 
46176 46176 1826764452 
46177 46177 1826768336 
46178 46178 1826772214 
46179 46179 1826776098 
46180 46180 1826781926 
46181 46181 1826787104 
46182 46182 1826793574 
46183 46183 1826801988 
46184 46184 1826809748 
46185 46185 1826822688 
46186 46186 1826826576 
46187 46187 1826828518 
46188 46188 1826830456 
46189 46189 1826832396 
46190 46190 1826834340 
46191 46191 1826836928 
46192 46192 1826839516 
46193 46193 1826842104 
46194 46194 1826845340 
46195 46195 1826849868 
46196 46196 1826854398 
46197 46197 1826859576 
46198 46198 1826861512 
46199 46199 1826864100 
46200 46200 1826866692 
46201 46201 1826868634 
46202 46202 1826870574 
46203 46203 1826873810 
46204 46204 1826878340 
46205 46205 1826883518 
46206 46206 1826892576 
46207 46207 1826895810 
46208 46208 1826900992 
46209 46209 1826902932 
46210 46210 1826906170 
46211 46211 1826910050 
46212 46212 1826913286 
46213 46213 1826916522 
46214 46214 1826919110 
46215 46215 1826922346 
46216 46216 1826925582 
46217 46217 1826928816 
46218 46218 1826932052 
46219 46219 1826935288 
46220 46220 1826938524 
46221 46221 1826942406 
46222 46222 1826946936 
46223 46223 1826951464 
46224 46224 1826956642 
46225 46225 1826962462 
46226 46226 1826968286 
46227 46227 1826975410 
46228 46228 1826981880 
46229 46229 1826989000 
46230 46230 1826995468 
46231 46231 1827000644 
46232 46232 1827005826 
46233 46233 1827011002 
46234 46234 1827014886 
46235 46235 1827018120 
46236 46236 1827022652 
46237 46237 1827027828 
46238 46238 1827033004 
46239 46239 1827037536 
46240 46240 1827040122 
46241 46241 1827045298 
46242 46242 1827051124 
46243 46243 1827056948 
46244 46244 1827063418 
46245 46245 1827069244 
46246 46246 1827074420 
46247 46247 1827079598 
46248 46248 1827082832 
46249 46249 1827086068 
46250 46250 1827088658 
46251 46251 1827090598 
46252 46252 1827093832 
46253 46253 1827097718 
46254 46254 1827103542 
46255 46255 1827110660 
46256 46256 1827116482 
46257 46257 1827124898 
46258 46258 1827131370 
46259 46259 1827137840 
46260 46260 1827144950 
46261 46261 1827146890 
46262 46262 1827148828 
46263 46263 1827150766 
46264 46264 1827152706 
46265 46265 1827154648 
46266 46266 1827156594 
46267 46267 1827158536 
46268 46268 1827160478 
46269 46269 1827162416 
46270 46270 1827164356 
46271 46271 1827166294 
46272 46272 1827168244 
46273 46273 1827170184 
46274 46274 1827172124 
46275 46275 1827174066 
46276 46276 1827176008 
46277 46277 1827177948 
46278 46278 1827179890 
46279 46279 1827181830 
46280 46280 1827183770 
46281 46281 1827185712 
46282 46282 1827187652 
46283 46283 1827189594 
46284 46284 1827191534 
46285 46285 1827193474 
46286 46286 1827195416 
46287 46287 1827197356 
46288 46288 1827199298 
46289 46289 1827201238 
46290 46290 1827203180 
46291 46291 1827205120 
46292 46292 1827207062 
46293 46293 1827209002 
46294 46294 1827210944 
46295 46295 1827212884 
46296 46296 1827214826 
46297 46297 1827216766 
46298 46298 1827218708 
46299 46299 1827220648 
46300 46300 1827222588 
46301 46301 1827224526 
46302 46302 1827226470 
46303 46303 1827228412 
46304 46304 1827230352 
46305 46305 1827232292 
46306 46306 1827234234 
46307 46307 1827236174 
46308 46308 1827238110 
46309 46309 1827240050 
46310 46310 1827241996 
46311 46311 1827243938 
46312 46312 1827245880 
46313 46313 1827247820 
46314 46314 1827249760 
46315 46315 1827251702 
46316 46316 1827253644 
46317 46317 1827255584 
46318 46318 1827257520 
46319 46319 1827259462 
46320 46320 1827261408 
46321 46321 1827263348 
46322 46322 1827265290 
46323 46323 1827267228 
46324 46324 1827269170 
46325 46325 1827271112 
46326 46326 1827273056 
46327 46327 1827274996 
46328 46328 1827276938 
46329 46329 1827278874 
46330 46330 1827280822 
46331 46331 1827282762 
46332 46332 1827284706 
46333 46333 1827286648 
46334 46334 1827288586 
46335 46335 1827290528 
46336 46336 1827292470 
46337 46337 1827294410 
46338 46338 1827296352 
46339 46339 1827298294 
46340 46340 1827300234 
46341 46341 1827302176 
46342 46342 1827304118 
46343 46343 1827306058 
46344 46344 1827307998 
46345 46345 1827309942 
46346 46346 1827311882 
46347 46347 1827313818 
46348 46348 1827315762 
46349 46349 1827317702 
46350 46350 1827319652 
46351 46351 1827321592 
46352 46352 1827323534 
46353 46353 1827325476 
46354 46354 1827327414 
46355 46355 1827329356 
46356 46356 1827331296 
46357 46357 1827333238 
46358 46358 1827335178 
46359 46359 1827337116 
46360 46360 1827339064 
46361 46361 1827341004 
46362 46362 1827343592 
46363 46363 1827346182 
46364 46364 1827348768 
46365 46365 1827351356 
46366 46366 1827353946 
46367 46367 1827356530 
46368 46368 1827359118 
46369 46369 1827361712 
46370 46370 1827364298 
46371 46371 1827366888 
46372 46372 1827369476 
46373 46373 1827372064 
46374 46374 1827374006 
46375 46375 1827376596 
46376 46376 1827379184 
46377 46377 1827381772 
46378 46378 1827384362 
46379 46379 1827386952 
46380 46380 1827389540 
46381 46381 1827392130 
46382 46382 1827394072 
46383 46383 1827396016 
46384 46384 1827397954 
46385 46385 1827399896 
46386 46386 1827401838 
46387 46387 1827403780 
46388 46388 1827406368 
46389 46389 1827408956 
46390 46390 1827411546 
46391 46391 1827414134 
46392 46392 1827416720 
46393 46393 1827419308 
46394 46394 1827421898 
46395 46395 1827424488 
46396 46396 1827427076 
46397 46397 1827430310 
46398 46398 1827433546 
46399 46399 1827436782 
46400 46400 1827440664 
46401 46401 1827443894 
46402 46402 1827446478 
46403 46403 1827450370 
46404 46404 1827454252 
46405 46405 1827458134 
46406 46406 1827461370 
46407 46407 1827465252 
46408 46408 1827469134 
46409 46409 1827473020 
46410 46410 1827477548 
46411 46411 1827481432 
46412 46412 1827485962 
46413 46413 1827489846 
46414 46414 1827494372 
46415 46415 1827498256 
46416 46416 1827503432 
46417 46417 1827508608 
46418 46418 1827515728 
46419 46419 1827523500 
46420 46420 1827529322 
46421 46421 1827532560 
46422 46422 1827537734 
46423 46423 1827544854 
46424 46424 1827551326 
46425 46425 1827558444 
46426 46426 1827564266 
46427 46427 1827566856 
46428 46428 1827568798 
46429 46429 1827571384 
46430 46430 1827573326 
46431 46431 1827576560 
46432 46432 1827581090 
46433 46433 1827586268 
46434 46434 1827593386 
46435 46435 1827596620 
46436 46436 1827602442 
46437 46437 1827605032 
46438 46438 1827609562 
46439 46439 1827613442 
46440 46440 1827619264 
46441 46441 1827625734 
46442 46442 1827632206 
46443 46443 1827641914 
46444 46444 1827645146 
46445 46445 1827647088 
46446 46446 1827649030 
46447 46447 1827650970 
46448 46448 1827652912 
46449 46449 1827654852 
46450 46450 1827656794 
46451 46451 1827658734 
46452 46452 1827660676 
46453 46453 1827662616 
46454 46454 1827664560 
46455 46455 1827666498 
46456 46456 1827668440 
46457 46457 1827671028 
46458 46458 1827673618 
46459 46459 1827676204 
46460 46460 1827679440 
46461 46461 1827682676 
46462 46462 1827686560 
46463 46463 1827691090 
46464 46464 1827693674 
46465 46465 1827698854 
46466 46466 1827705324 
46467 46467 1827711794 
46468 46468 1827717616 
46469 46469 1827721500 
46470 46470 1827725384 
46471 46471 1827735092 
46472 46472 1827738322 
46473 46473 1827742852 
46474 46474 1827753858 
46475 46475 1827757094 
46476 46476 1827763566 
46477 46477 1827768094 
46478 46478 1827773918 
46479 46479 1827779094 
46480 46480 1827782976 
46481 46481 1827787506 
46482 46482 1827792682 
46483 46483 1827798508 
46484 46484 1827805624 
46485 46485 1827814684 
46486 46486 1827826972 
46487 46487 1827838616 
46488 46488 1827854798 
46489 46489 1827862562 
46490 46490 1827868386 
46491 46491 1827874858 
46492 46492 1827879388 
46493 46493 1827885210 
46494 46494 1827891032 
46495 46495 1827894914 
46496 46496 1827899444 
46497 46497 1827905268 
46498 46498 1827912384 
46499 46499 1827920800 
46500 46500 1827932446 
46501 46501 1827945380 
46502 46502 1827958328 
46503 46503 1827966740 
46504 46504 1827975800 
46505 46505 1827981622 
46506 46506 1827986154 
46507 46507 1827991976 
46508 46508 1827998446 
46509 46509 1828004918 
46510 46510 1828011388 
46511 46511 1828017862 
46512 46512 1828024980 
46513 46513 1828034686 
46514 46514 1828047628 
46515 46515 1828061216 
46516 46516 1828074802 
46517 46517 1828084510 
46518 46518 1828090332 
46519 46519 1828094862 
46520 46520 1828100686 
46521 46521 1828107158 
46522 46522 1828115568 
46523 46523 1828117508 
46524 46524 1828119448 
46525 46525 1828121388 
46526 46526 1828123328 
46527 46527 1828125272 
46528 46528 1828127210 
46529 46529 1828129152 
46530 46530 1828131094 
46531 46531 1828133034 
46532 46532 1828134974 
46533 46533 1828136916 
46534 46534 1828138860 
46535 46535 1828140800 
46536 46536 1828142742 
46537 46537 1828144682 
46538 46538 1828146624 
46539 46539 1828148562 
46540 46540 1828150502 
46541 46541 1828152444 
46542 46542 1828154392 
46543 46543 1828156332 
46544 46544 1828158274 
46545 46545 1828160216 
46546 46546 1828162154 
46547 46547 1828164098 
46548 46548 1828166036 
46549 46549 1828167978 
46550 46550 1828169918 
46551 46551 1828171860 
46552 46552 1828173800 
46553 46553 1828175742 
46554 46554 1828177682 
46555 46555 1828179622 
46556 46556 1828181564 
46557 46557 1828183506 
46558 46558 1828185446 
46559 46559 1828187388 
46560 46560 1828189328 
46561 46561 1828191270 
46562 46562 1828193212 
46563 46563 1828195156 
46564 46564 1828197096 
46565 46565 1828199036 
46566 46566 1828200978 
46567 46567 1828202918 
46568 46568 1828204860 
46569 46569 1828206800 
46570 46570 1828208742 
46571 46571 1828210682 
46572 46572 1828212618 
46573 46573 1828214566 
46574 46574 1828216506 
46575 46575 1828218446 
46576 46576 1828220388 
46577 46577 1828222328 
46578 46578 1828224268 
46579 46579 1828226210 
46580 46580 1828228150 
46581 46581 1828230092 
46582 46582 1828232034 
46583 46583 1828233976 
46584 46584 1828235916 
46585 46585 1828237858 
46586 46586 1828239798 
46587 46587 1828241740 
46588 46588 1828243682 
46589 46589 1828245622 
46590 46590 1828247564 
46591 46591 1828249508 
46592 46592 1828251450 
46593 46593 1828253390 
46594 46594 1828255332 
46595 46595 1828257274 
46596 46596 1828259216 
46597 46597 1828261158 
46598 46598 1828263098 
46599 46599 1828265038 
46600 46600 1828266980 
46601 46601 1828268922 
46602 46602 1828270862 
46603 46603 1828272804 
46604 46604 1828274746 
46605 46605 1828276688 
46606 46606 1828278628 
46607 46607 1828280570 
46608 46608 1828282510 
46609 46609 1828284452 
46610 46610 1828286392 
46611 46611 1828288334 
46612 46612 1828290272 
46613 46613 1828292218 
46614 46614 1828294160 
46615 46615 1828296102 
46616 46616 1828298042 
46617 46617 1828299986 
46618 46618 1828301924 
46619 46619 1828303868 
46620 46620 1828305808 
46621 46621 1828307750 
46622 46622 1828309692 
46623 46623 1828311632 
46624 46624 1828313574 
46625 46625 1828315516 
46626 46626 1828317456 
46627 46627 1828319398 
46628 46628 1828321338 
46629 46629 1828323280 
46630 46630 1828325218 
46631 46631 1828327810 
46632 46632 1828330398 
46633 46633 1828332986 
46634 46634 1828335574 
46635 46635 1828338162 
46636 46636 1828340750 
46637 46637 1828342692 
46638 46638 1828344632 
46639 46639 1828346570 
46640 46640 1828348510 
46641 46641 1828350454 
46642 46642 1828352396 
46643 46643 1828354338 
46644 46644 1828356278 
46645 46645 1828358220 
46646 46646 1828360160 
46647 46647 1828362102 
46648 46648 1828364044 
46649 46649 1828365986 
46650 46650 1828367928 
46651 46651 1828369868 
46652 46652 1828371810 
46653 46653 1828373748 
46654 46654 1828375688 
46655 46655 1828377634 
46656 46656 1828379576 
46657 46657 1828382164 
46658 46658 1828384752 
46659 46659 1828386696 
46660 46660 1828388638 
46661 46661 1828391222 
46662 46662 1828393166 
46663 46663 1828395752 
46664 46664 1828398988 
46665 46665 1828400928 
46666 46666 1828402870 
46667 46667 1828404810 
46668 46668 1828406752 
46669 46669 1828408692 
46670 46670 1828410634 
46671 46671 1828412576 
46672 46672 1828414518 
46673 46673 1828416456 
46674 46674 1828418400 
46675 46675 1828420342 
46676 46676 1828422284 
46677 46677 1828424226 
46678 46678 1828426162 
46679 46679 1828428104 
46680 46680 1828431342 
46681 46681 1828435868 
46682 46682 1828438456 
46683 46683 1828440400 
46684 46684 1828442992 
46685 46685 1828444934 
46686 46686 1828448164 
46687 46687 1828451402 
46688 46688 1828454644 
46689 46689 1828457232 
46690 46690 1828459820 
46691 46691 1828463054 
46692 46692 1828465640 
46693 46693 1828470168 
46694 46694 1828475992 
46695 46695 1828480524 
46696 46696 1828485706 
46697 46697 1828490236 
46698 46698 1828494768 
46699 46699 1828499298 
46700 46700 1828503180 
46701 46701 1828505770 
46702 46702 1828507712 
46703 46703 1828509654 
46704 46704 1828512244 
46705 46705 1828516124 
46706 46706 1828520654 
46707 46707 1828525182 
46708 46708 1828527774 
46709 46709 1828530362 
46710 46710 1828532950 
46711 46711 1828536186 
46712 46712 1828538126 
46713 46713 1828540716 
46714 46714 1828543304 
46715 46715 1828545894 
46716 46716 1828547838 
46717 46717 1828550424 
46718 46718 1828553012 
46719 46719 1828556248 
46720 46720 1828558836 
46721 46721 1828560776 
46722 46722 1828562718 
46723 46723 1828565306 
46724 46724 1828568540 
46725 46725 1828577596 
46726 46726 1828590544 
46727 46727 1828596368 
46728 46728 1828600896 
46729 46729 1828608016 
46730 46730 1828615134 
46731 46731 1828620316 
46732 46732 1828624194 
46733 46733 1828629372 
46734 46734 1828634550 
46735 46735 1828639082 
46736 46736 1828644260 
46737 46737 1828650086 
46738 46738 1828655904 
46739 46739 1828659146 
46740 46740 1828663026 
46741 46741 1828668850 
46742 46742 1828675970 
46743 46743 1828681144 
46744 46744 1828688266 
46745 46745 1828690854 
46746 46746 1828694736 
46747 46747 1828697324 
46748 46748 1828701854 
46749 46749 1828705088 
46750 46750 1828710264 
46751 46751 1828714796 
46752 46752 1828719974 
46753 46753 1828721912 
46754 46754 1828725144 
46755 46755 1828730966 
46756 46756 1828741972 
46757 46757 1828752324 
46758 46758 1828755560 
46759 46759 1828761386 
46760 46760 1828764622 
46761 46761 1828768504 
46762 46762 1828774330 
46763 46763 1828779504 
46764 46764 1828786622 
46765 46765 1828794386 
46766 46766 1828801508 
46767 46767 1828806028 
46768 46768 1828813144 
46769 46769 1828822204 
46770 46770 1828842268 
46771 46771 1828846798 
46772 46772 1828850680 
46773 46773 1828857798 
46774 46774 1828864270 
46775 46775 1828869446 
46776 46776 1828876564 
46777 46777 1828883682 
46778 46778 1828889506 
46779 46779 1828894034 
46780 46780 1828901152 
46781 46781 1828912152 
46782 46782 1828923144 
46783 46783 1828940620 
46784 46784 1828943854 
46785 46785 1828949678 
46786 46786 1828954206 
46787 46787 1828960030 
46788 46788 1828965856 
46789 46789 1828973620 
46790 46790 1828981384 
46791 46791 1828983966 
46792 46792 1828985904 
46793 46793 1828989144 
46794 46794 1828993026 
46795 46795 1829004022 
46796 46796 1829011790 
46797 46797 1829015024 
46798 46798 1829020202 
46799 46799 1829025378 
46800 46800 1829029908 
46801 46801 1829035734 
46802 46802 1829041556 
46803 46803 1829047380 
46804 46804 1829052556 
46805 46805 1829059026 
46806 46806 1829066790 
46807 46807 1829075844 
46808 46808 1829084260 
46809 46809 1829092672 
46810 46810 1829103028 
46811 46811 1829113382 
46812 46812 1829118558 
46813 46813 1829124382 
46814 46814 1829130856 
46815 46815 1829136032 
46816 46816 1829140560 
46817 46817 1829145738 
46818 46818 1829150914 
46819 46819 1829156090 
46820 46820 1829161916 
46821 46821 1829169034 
46822 46822 1829177446 
46823 46823 1829186500 
46824 46824 1829194916 
46825 46825 1829203328 
46826 46826 1829213678 
46827 46827 1829222742 
46828 46828 1829230508 
46829 46829 1829236332 
46830 46830 1829241508 
46831 46831 1829247332 
46832 46832 1829251862 
46833 46833 1829257038 
46834 46834 1829262214 
46835 46835 1829268040 
46836 46836 1829275156 
46837 46837 1829282922 
46838 46838 1829291976 
46839 46839 1829301038 
46840 46840 1829309450 
46841 46841 1829319798 
46842 46842 1829329510 
46843 46843 1829337274 
46844 46844 1829343744 
46845 46845 1829348920 
46846 46846 1829355390 
46847 46847 1829359918 
46848 46848 1829365094 
46849 46849 1829370268 
46850 46850 1829376092 
46851 46851 1829383208 
46852 46852 1829390972 
46853 46853 1829400026 
46854 46854 1829409730 
46855 46855 1829420088 
46856 46856 1829429142 
46857 46857 1829438852 
46858 46858 1829446618 
46859 46859 1829453088 
46860 46860 1829458264 
46861 46861 1829464736 
46862 46862 1829470560 
46863 46863 1829475088 
46864 46864 1829480268 
46865 46865 1829487384 
46866 46866 1829495150 
46867 46867 1829504208 
46868 46868 1829513910 
46869 46869 1829523618 
46870 46870 1829535266 
46871 46871 1829546920 
46872 46872 1829554684 
46873 46873 1829561154 
46874 46874 1829567626 
46875 46875 1829573448 
46876 46876 1829579918 
46877 46877 1829586388 
46878 46878 1829593506 
46879 46879 1829600626 
46880 46880 1829609036 
46881 46881 1829618736 
46882 46882 1829628440 
46883 46883 1829640086 
46884 46884 1829651732 
46885 46885 1829662090 
46886 46886 1829667266 
46887 46887 1829674384 
46888 46888 1829680206 
46889 46889 1829686676 
46890 46890 1829693794 
46891 46891 1829700912 
46892 46892 1829707384 
46893 46893 1829715794 
46894 46894 1829725496 
46895 46895 1829735200 
46896 46896 1829746848 
46897 46897 1829758496 
46898 46898 1829769504 
46899 46899 1829774680 
46900 46900 1829781800 
46901 46901 1829787624 
46902 46902 1829794094 
46903 46903 1829801212 
46904 46904 1829808330 
46905 46905 1829815448 
46906 46906 1829823858 
46907 46907 1829834212 
46908 46908 1829844560 
46909 46909 1829854912 
46910 46910 1829863326 
46911 46911 1829867212 
46912 46912 1829874328 
46913 46913 1829880800 
46914 46914 1829885976 
46915 46915 1829892446 
46916 46916 1829896976 
46917 46917 1829904092 
46918 46918 1829911856 
46919 46919 1829919616 
46920 46920 1829929322 
46921 46921 1829946146 
46922 46922 1829952616 
46923 46923 1829962970 
46924 46924 1829968794 
46925 46925 1829975918 
46926 46926 1829981094 
46927 46927 1829988212 
46928 46928 1829994682 
46929 46929 1830002446 
46930 46930 1830008268 
46931 46931 1830014738 
46932 46932 1830019914 
46933 46933 1830026386 
46934 46934 1830028976 
46935 46935 1830030912 
46936 46936 1830032858 
46937 46937 1830034798 
46938 46938 1830036738 
46939 46939 1830038678 
46940 46940 1830040616 
46941 46941 1830042558 
46942 46942 1830045794 
46943 46943 1830049030 
46944 46944 1830054212 
46945 46945 1830060036 
46946 46946 1830066502 
46947 46947 1830074272 
46948 46948 1830079448 
46949 46949 1830085270 
46950 46950 1830089800 
46951 46951 1830094330 
46952 46952 1830098210 
46953 46953 1830102742 
46954 46954 1830107272 
46955 46955 1830111802 
46956 46956 1830116334 
46957 46957 1830120860 
46958 46958 1830180632 
