2714 1307 31007194 388 
2718 1308 31017652 -4852 
2722 1309 31025424 -5548 
2723 1310 31027378 302 
2725 1311 31031260 -1650 
2726 1312 31033210 406 
2727 1312 31035152 382 
2728 1313 31037096 306 
2734 1314 31050700 -2270 
2736 1314 31054584 386 
2739 1315 31060410 -1580 
2740 1316 31062354 368 
2743 1317 31068182 274 
2744 1318 31070124 272 
2745 1319 31072066 340 
2746 1320 31074008 286 
2748 1321 31077896 346 
2749 1322 31079836 364 
2750 1323 31081780 276 
2751 1324 31083722 402 
2752 1325 31085666 306 
2754 1326 31089552 -1660 
2755 1327 31091494 304 
2756 1328 31093436 346 
2757 1329 31095374 282 
2758 1330 31097322 404 
2759 1331 31099264 406 
2760 1331 31101206 326 
2761 1331 31103150 382 
2764 1331 31108978 304 
2766 1331 31112862 -1662 
2767 1332 31114806 404 
2769 1333 31118690 -1668 
2770 1334 31120636 406 
2772 1335 31124518 384 
2775 1336 31130346 -3576 
2777 1337 31134230 -1596 
2779 1338 31138114 -1582 
2782 1338 31143942 -3520 
2783 1339 31145884 362 
2784 1340 31147826 386 
2787 1340 31155592 -4876 
2788 1341 31158182 302 
2790 1342 31163364 -2322 
2793 1343 31171132 -2312 
2794 1344 31173724 346 
2796 1345 31178902 -2246 
2801 1346 31191852 -9978 
2802 1347 31194442 274 
2803 1347 31197032 282 
2805 1347 31202212 -2244 
2806 1348 31204802 404 
2813 1349 31222934 -15230 
2814 1350 31225524 344 
2816 1351 31230704 -2190 
2818 1352 31235886 -2228 
2820 1353 31241066 -2210 
2821 1354 31243656 362 
2822 1355 31246244 304 
2823 1355 31248836 404 
2824 1356 31251424 346 
2825 1356 31254014 404 
2828 1357 31262432 -2320 
2830 1358 31268908 -2934 
2833 1359 31278620 342 
2835 1360 31285086 -2850 
2837 1361 31291566 342 
2842 1362 31307754 384 
2846 1363 31320706 344 
2847 1364 31324588 384 
2848 1365 31328470 274 
2849 1366 31332360 382 
2850 1367 31336246 306 
2853 1368 31347904 -7376 
2854 1369 31352438 326 
2856 1370 31361500 -4264 
2857 1371 31366030 322 
2861 1372 31383514 -8678 
2863 1373 31391282 272 
2867 1374 31405532 -9998 
2870 1375 31417836 -7364 
2873 1376 31432722 -9350 
2874 1377 31437902 324 
2875 1377 31443084 344 
2877 1378 31453448 -4816 
2879 1379 31463806 274 
2881 1380 31474166 268 
2884 1381 31491652 -11252 
2887 1382 31511724 -13236 
2888 1383 31518200 346 
2890 1383 31530502 -5502 
2891 1384 31538270 320 
2892 1384 31546690 326 
2893 1385 31555106 322 
2894 1386 31564812 400 
2896 1387 31581004 286 
2897 1388 31586830 344 
2900 1389 31600424 -8788 
2902 1390 31612076 -4776 
2904 1391 31625022 -7498 
2907 1392 31647042 344 
2909 1392 31656106 -4186 
2910 1393 31661282 276 
2911 1394 31666458 382 
2912 1395 31671636 406 
2916 1396 31698838 -20450 
2918 1397 31713080 -7488 
2919 1398 31720206 302 
2922 1400 31733804 -2856 
2923 1401 31736394 366 
2925 1402 31742870 -2938 
2926 1402 31746106 274 
2928 1403 31753876 -3584 
2929 1404 31758406 304 
2930 1405 31763586 404 
2933 1406 31787548 284 
2935 1407 31801792 -6066 
2936 1408 31810860 386 
2939 1409 31821220 404 
2940 1410 31823810 270 
2941 1411 31827048 300 
2943 1412 31833520 -2964 
2944 1413 31837404 326 
2949 1414 31876248 -20338 
2950 1415 31880130 304 
2951 1416 31889842 400 
2954 1417 31911862 -15826 
2955 1418 31917042 380 
2956 1419 31921574 286 
2957 1420 31926106 404 
2958 1421 31930640 386 
2959 1422 31935170 402 
2960 1423 31939702 276 
2961 1424 31944238 362 
2962 1425 31948762 284 
2963 1425 31953300 384 
2965 1426 31964312 -4820 
2968 1427 31996038 -26790 
2971 1428 32028414 -19692 
2972 1429 32035536 406 
2973 1430 32041362 280 
2975 1431 32051722 -4834 
2978 1432 32067262 -9996 
2984 1433 32129424 304 
2986 1434 32151436 -17210 
2987 1434 32157264 362 
2990 1434 32174746 -11368 
2991 1435 32181220 382 
2992 1436 32188344 280 
2994 1437 32216188 -9434 
2995 1438 32226550 302 
2997 1439 32247272 -16452 
2998 1440 32249864 306 
2999 1440 32252454 300 
3001 1441 32257634 -2186 
3003 1442 32263464 -2286 
3005 1443 32271230 -2848 
3006 1443 32276412 364 
3007 1444 32283536 402 
3011 1445 32308790 -21632 
3014 1445 32318504 270 
3016 1445 32324978 -2968 
3017 1446 32328212 360 
3018 1447 32331454 388 
3019 1447 32334692 272 
3020 1448 32337928 288 
3021 1449 32341164 270 
3025 1450 32352818 270 
3027 1451 32357998 322 
3028 1452 32360586 284 
3029 1453 32363176 342 
3031 1454 32368356 -2316 
3033 1455 32373538 -2182 
3036 1456 32381308 -4894 
3037 1457 32384544 280 
3040 1457 32394900 284 
3041 1458 32398790 400 
3043 1459 32406560 -3520 
3045 1460 32414330 -3540 
3048 1461 32425984 -7402 
3051 1462 32435694 -6170 
3054 1463 32444762 384 
3055 1464 32447346 268 
3056 1465 32449288 284 
3057 1466 32451234 282 
3058 1467 32453824 388 
3063 1468 32479732 -11942 
3064 1469 32483618 304 
3067 1470 32494628 -6742 
3068 1471 32499164 368 
3070 1472 32510168 -4796 
3071 1473 32516646 362 
3074 1474 32527650 -7462 
3075 1475 32531536 288 
3076 1476 32534776 324 
3077 1477 32538664 272 
3079 1477 32547086 -3542 
3081 1478 32556798 -4168 
3082 1479 32562630 276 
3088 1480 32615736 -27560 
3092 1481 32643578 -6840 
3093 1482 32650052 342 
3094 1483 32657176 324 
3097 1484 32692146 -21676 
3099 1485 32716100 362 
3101 1486 32725816 -4226 
3102 1487 32732290 326 
3103 1487 32740062 272 
3105 1488 32763374 -13254 
3106 1489 32776976 304 
3108 1490 32797696 -12572 
3110 1491 32801586 -1642 
3111 1492 32804176 380 
3112 1493 32808062 304 
3113 1494 32811948 360 
3114 1494 32815186 366 
3117 1495 32827490 -7430 
3119 1496 32843032 -5482 
3121 1497 32857278 -5542 
3122 1498 32864400 280 
3123 1499 32872168 280 
3125 1499 32892892 -9392 
3126 1500 32894834 406 
3129 1500 32902606 -4232 
3131 1501 32909728 -2954 
3132 1502 32913614 304 
3134 1503 32922678 -4172 
3136 1504 32936276 -5484 
3138 1505 32955054 -14526 
3139 1506 32962824 384 
3140 1507 32971242 386 
3146 1508 33016568 -40450 
3147 1509 33021100 382 
3149 1510 33030162 -4186 
3153 1511 33064474 -20432 
3154 1512 33069652 366 
3155 1513 33078722 344 
3156 1514 33089080 346 
3158 1515 33117568 -25558 
3159 1516 33121454 272 
3160 1517 33125986 384 
3161 1518 33130518 400 
3165 1520 33151236 272 
3168 1521 33184906 -30070 
3169 1522 33192028 384 
3171 1523 33219226 -10076 
3174 1524 33225700 -3612 
3177 1525 33234762 -5524 
3178 1525 33238646 284 
3181 1526 33254834 -9442 
3183 1527 33269722 -9306 
3184 1528 33274256 304 
3185 1529 33278782 402 
3186 1530 33283320 300 
3190 1530 33299504 386 
3192 1531 33307274 -3542 
3193 1532 33310510 304 
3194 1533 33313748 344 
3195 1534 33316984 406 
3197 1534 33322166 -2204 
3199 1535 33327996 -2314 
3200 1536 33331232 324 
3203 1537 33343536 -4130 
3204 1538 33346124 324 
3205 1539 33349360 382 
3207 1540 33356486 360 
3208 1541 33360368 404 
3209 1542 33364254 380 
3210 1543 33368786 326 
3212 1544 33378498 -4264 
3214 1545 33387564 -4150 
3216 1546 33394686 -2952 
3217 1547 33398570 342 
3220 1548 33410224 -7468 
3222 1549 33418640 -3526 
3223 1550 33423172 364 
3226 1551 33439358 -9326 
3227 1552 33447128 384 
3229 1553 33460728 402 
3230 1554 33465260 346 
3231 1554 33469792 360 
3236 1555 33495688 324 
3237 1556 33497630 272 
3238 1557 33507992 324 
3239 1558 33517054 304 
3242 1559 33539722 -4780 
3244 1560 33555910 276 
3245 1561 33566270 284 
3246 1562 33575334 364 
3248 1563 33603826 -12584 
3249 1563 33610948 340 
3250 1564 33618070 366 
3255 1564 33656274 -10728 
3256 1565 33662750 284 
3261 1566 33694470 380 
3262 1567 33698360 274 
3264 1568 33706128 -3524 
3265 1569 33710014 340 
3266 1570 33714546 384 
3267 1571 33719726 402 
3268 1572 33726844 388 
3269 1573 33731374 280 
3271 1574 33748214 -7372 
3272 1575 33755982 384 
3273 1576 33765048 280 
3274 1577 33778642 308 
3278 1578 33803244 272 
3281 1579 33820722 -10624 
3283 1580 33833670 -9330 
3284 1581 33839496 346 
3286 1581 33867342 -11386 
3288 1582 33893888 -22302 
3289 1582 33899716 362 
3291 1582 33915896 -7464 
3293 1583 33946980 -10668 
3298 1583 34007844 326 
3299 1584 34016262 340 
3301 1585 34036980 -8794 
3304 1586 34082944 -15882 
3305 1587 34097838 402 
3307 1588 34117260 -10732 
3311 1589 34159342 282 
3314 1590 34181352 -11286 
3318 1591 34218900 268 
3319 1592 34226020 344 
3320 1593 34233790 384 
3322 1593 34266156 -10734 
3326 1594 34314066 -22948 
3327 1595 34317302 362 
3329 1596 34327662 -4246 
3330 1596 34334138 406 
3333 1597 34358738 -22298 
3334 1598 34361976 306 
3335 1599 34367154 382 
3337 1600 34382692 -6090 
3339 1601 34403414 -18510 
3341 1602 34409892 -2310 
3342 1603 34414424 368 
3343 1604 34419604 404 
3344 1605 34425432 388 
3347 1606 34452624 -15784 
3348 1607 34458450 366 
3351 1608 34482406 -15268 
3352 1609 34496004 348 
3355 1610 34510244 -8114 
3356 1611 34516076 406 
3358 1612 34529026 -6204 
3363 1613 34569812 -30732 
3368 1614 34619666 -44916 
3370 1615 34630672 -4880 
3374 1615 34662396 -28188 
3378 1616 34676640 -10086 
3379 1617 34678580 324 
3383 1618 34686348 -5418 
3384 1619 34688290 366 
3386 1620 34692174 -1578 
3387 1621 34694118 270 
3392 1622 34703832 -7486 
3394 1622 34707716 -1602 
3395 1623 34709658 400 
3396 1624 34711602 368 
3397 1625 34713544 362 
3399 1625 34717428 -1556 
3401 1626 34721314 -1668 
3402 1626 34723256 304 
3405 1627 34729084 -3506 
3406 1628 34731026 406 
3407 1629 34732968 282 
3408 1630 34734910 306 
3409 1631 34736854 362 
3410 1632 34738796 364 
3411 1633 34740738 282 
3412 1634 34742680 366 
3413 1635 34744622 324 
3414 1636 34746564 346 
3415 1637 34748506 362 
3416 1638 34750450 364 
3420 1638 34758220 -3522 
3422 1639 34762102 -1538 
3423 1640 34764044 282 
3424 1641 34765986 286 
3425 1642 34767928 304 
3426 1643 34769870 366 
3430 1644 34777642 -1668 
3431 1645 34779582 300 
3432 1646 34781524 366 
3433 1647 34783468 402 
3437 1648 34791236 380 
3438 1649 34793178 284 
3440 1650 34797064 -1542 
3441 1651 34799006 364 
3443 1652 34802890 320 
3446 1653 34808718 -3522 
3449 1654 34814546 -1658 
3450 1655 34816490 402 
3454 1655 34824260 -5426 
3455 1656 34826202 282 
3456 1657 34828144 274 
3457 1658 34830088 342 
3460 1659 34835916 -3562 
3461 1660 34837858 362 
3462 1661 34839800 366 
3464 1662 34843688 -1662 
3465 1663 34845630 280 
3467 1664 34851458 -2244 
3468 1665 34854696 276 
3470 1665 34861820 -2918 
3471 1666 34865058 362 
3473 1667 34870886 -2932 
3474 1668 34873476 364 
3477 1669 34881246 -4878 
3478 1670 34883836 274 
3479 1671 34886426 342 
3481 1671 34891604 -2208 
3485 1672 34903260 -8132 
3486 1673 34907146 274 
3487 1674 34911028 386 
3490 1675 34923330 -7462 
3496 1676 34947286 -10740 
3497 1677 34951172 272 
3500 1678 34963474 -8030 
3501 1679 34968652 342 
3502 1680 34976422 342 
3503 1681 34982248 300 
3505 1682 34991312 400 
3506 1683 34995842 400 
3509 1684 35008792 -8016 
3510 1685 35013970 406 
3511 1686 35019796 380 
3512 1687 35026270 384 
3514 1687 35037274 -5502 
3515 1688 35043750 324 
3517 1689 35056054 -5540 
3519 1690 35070948 -8074 
3520 1691 35081308 328 
3521 1692 35086486 360 
3524 1693 35138276 -19762 
3525 1694 35140866 404 
3529 1695 35182302 -25532 
3530 1695 35186186 340 
3531 1696 35191364 362 
3532 1697 35198488 344 
3533 1698 35208200 400 
3534 1698 35230216 328 
3535 1699 35233452 322 
3538 1700 35256764 -13862 
3539 1701 35280074 340 
3544 1702 35305322 -17172 
3545 1703 35317630 402 
26214 26214 1720214080 -742408208 
3548 1704 35335758 -6078 
3549 1705 35344174 268 
3550 1706 35354536 288 
3553 1706 35385612 -25532 
3554 1707 35393382 404 
3555 1707 35402446 304 
3556 1708 35417346 326 
3559 1709 35449724 -7408 
3560 1710 35462674 320 
3566 1711 35550742 -28152 
3567 1712 35555922 320 
3570 1713 35608368 284 
3571 1714 35614198 272 
3576 1715 35656292 -36528 
3581 1716 35695142 -35228 
3583 1717 35702912 340 
3584 1717 35707444 366 
3587 1717 35726222 -10626 
3588 1718 35733990 348 
3589 1719 35737226 382 
3595 1720 35776720 -30106 
3597 1721 35787074 -4240 
3599 1722 35800030 -6174 
3603 1722 35836286 -33390 
3604 1723 35841464 366 
3609 1723 35877728 -17156 
3611 1724 35886792 -4126 
3612 1725 35891970 406 
3616 1726 35923046 -24336 
3617 1727 35928878 404 
3618 1728 35935350 326 
3619 1729 35942470 402 
3620 1729 35949592 386 
3621 1730 35959302 402 
3623 1730 35970952 -7362 
3624 1731 35976138 300 
3625 1732 35982612 320 
3626 1732 35989086 346 
3627 1733 35996210 302 
3628 1734 36005270 326 
3629 1734 36020168 280 
3632 1735 36040242 -9956 
3633 1736 36052546 282 
3634 1737 36071974 300 
3635 1737 36075210 280 
3640 1738 36127020 -34632 
3641 1739 36130904 326 
3642 1740 36137380 274 
3643 1741 36146444 268 
3645 1742 36168458 -19710 
3646 1743 36171696 288 
3650 1744 36195658 -15788 
3653 1745 36221558 -21690 
3656 1746 36241632 304 
3657 1747 36255230 280 
3658 1748 36257818 362 
3665 1749 36310268 -32706 
3667 1750 36317390 -2262 
3671 1751 36430292 -58040 
