52178 52178 1526753914 420 
52179 52179 1526755856 316 
52180 52180 1526757804 358 
52181 52181 1526759748 278 
52182 52182 1526761688 354 
52183 52183 1526763638 312 
52184 52184 1526765580 548 
52185 52185 1526767526 414 
52186 52186 1526769468 334 
52187 52187 1526771410 312 
52188 52188 1526773352 358 
52189 52189 1526775298 350 
52190 52190 1526777240 538 
52191 52191 1526779186 284 
52192 52192 1526781130 378 
52193 52193 1526783072 278 
52194 52194 1526785014 528 
52195 52195 1526786956 564 
52196 52196 1526788900 416 
52197 52197 1526790842 378 
52198 52198 1526792784 338 
52199 52199 1526794726 334 
52200 52200 1526796668 428 
52201 52201 1526798610 394 
52202 52202 1526800552 378 
52203 52203 1526802494 394 
52204 52204 1526804436 318 
52205 52205 1526806378 284 
52206 52206 1526808320 414 
52207 52207 1526810264 286 
52208 52208 1526812206 312 
52209 52209 1526814148 666 
52210 52210 1526816090 338 
52211 52211 1526818032 410 
52212 52212 1526819974 546 
52213 52213 1526821916 314 
52214 52214 1526823858 432 
52215 52215 1526825800 468 
52216 52216 1526827742 416 
52217 52217 1526829686 396 
52218 52218 1526831628 294 
52219 52219 1526833570 546 
52220 52220 1526835512 376 
52221 52221 1526837456 746 
52222 52222 1526839398 314 
52223 52223 1526841340 374 
52224 52224 1526843280 416 
52225 52225 1526845226 400 
52226 52226 1526847168 394 
52227 52227 1526849112 316 
52228 52228 1526851054 378 
52229 52229 1526852996 292 
52230 52230 1526854940 360 
52231 52231 1526856882 416 
52232 52232 1526858824 374 
52233 52233 1526860762 334 
52234 52234 1526862708 318 
52235 52235 1526864650 354 
52236 52236 1526866592 340 
52237 52237 1526868536 290 
52238 52238 1526870478 286 
52239 52239 1526872420 412 
52240 52240 1526874364 416 
52241 52241 1526876306 374 
52242 52242 1526878248 630 
52243 52243 1526880190 414 
52244 52244 1526882132 650 
52245 52245 1526884074 334 
52246 52246 1526886018 374 
52247 52247 1526887960 466 
52248 52248 1526889904 294 
52249 52249 1526891846 334 
52250 52250 1526893788 414 
52251 52251 1526895730 374 
52252 52252 1526897674 394 
52253 52253 1526899616 354 
52254 52254 1526901558 358 
52255 52255 1526903502 312 
52256 52256 1526905444 512 
52257 52257 1526907388 394 
52258 52258 1526909330 314 
52259 52259 1526911270 282 
52260 52260 1526913214 286 
52261 52261 1526915158 356 
52262 52262 1526917102 286 
52263 52263 1526919044 334 
52264 52264 1526920986 608 
52265 52265 1526922930 316 
52266 52266 1526924872 410 
52267 52267 1526926814 394 
52268 52268 1526928756 712 
52269 52269 1526930696 372 
52270 52270 1526932640 284 
52271 52271 1526934584 296 
52272 52272 1526936526 380 
52273 52273 1526938470 334 
52274 52274 1526940412 414 
52275 52275 1526942354 336 
52276 52276 1526944298 282 
52277 52277 1526946240 290 
52278 52278 1526948182 394 
52279 52279 1526950126 414 
52280 52280 1526952068 316 
52281 52281 1526954010 390 
52282 52282 1526955952 620 
52283 52283 1526957894 408 
52284 52284 1526959838 378 
52285 52285 1526961780 290 
52286 52286 1526963722 398 
52287 52287 1526965660 414 
52288 52288 1526967602 376 
52289 52289 1526969548 314 
52290 52290 1526971490 1072 
52291 52291 1526973434 546 
52292 52292 1526975376 486 
52293 52293 1526977318 280 
52294 52294 1526979260 284 
52295 52295 1526981202 354 
52296 52296 1526983146 294 
52297 52297 1526985088 334 
52298 52298 1526987030 588 
52299 52299 1526988974 280 
52300 52300 1526990916 390 
52301 52301 1526992858 314 
52302 52302 1526994802 394 
52303 52303 1526996744 378 
52304 52304 1526998686 418 
52305 52305 1527000628 290 
52306 52306 1527002570 356 
52307 52307 1527004514 370 
52308 52308 1527006456 374 
52309 52309 1527008398 524 
52310 52310 1527010340 394 
52311 52311 1527012284 590 
52312 52312 1527014226 358 
52313 52313 1527016168 394 
52314 52314 1527018108 374 
52315 52315 1527020050 372 
52316 52316 1527021992 354 
52317 52317 1527023934 310 
52318 52318 1527025876 338 
52319 52319 1527027820 312 
52320 52320 1527029762 378 
52321 52321 1527031704 414 
52322 52322 1527033650 378 
52323 52323 1527035592 334 
52324 52324 1527037536 398 
52325 52325 1527039476 372 
52326 52326 1527041416 414 
52327 52327 1527043358 284 
52328 52328 1527045302 338 
52329 52329 1527047244 394 
52330 52330 1527049186 354 
52331 52331 1527051128 350 
52332 52332 1527053072 340 
52333 52333 1527055014 290 
52334 52334 1527056956 354 
52335 52335 1527058900 396 
52336 52336 1527060842 408 
52337 52337 1527062786 688 
52338 52338 1527064728 318 
52339 52339 1527066670 310 
52340 52340 1527068610 356 
52341 52341 1527070558 350 
52342 52342 1527072496 748 
52343 52343 1527074438 414 
52344 52344 1527076382 558 
52345 52345 1527078324 282 
52346 52346 1527080268 298 
52347 52347 1527082212 370 
52348 52348 1527084154 374 
52349 52349 1527086096 414 
52350 52350 1527088040 296 
52351 52351 1527089982 318 
52352 52352 1527091924 294 
52353 52353 1527093866 412 
52354 52354 1527095810 288 
52355 52355 1527097752 394 
52356 52356 1527099694 318 
52357 52357 1527101638 522 
52358 52358 1527103580 298 
52359 52359 1527105526 354 
52360 52360 1527107470 378 
52361 52361 1527109412 280 
52362 52362 1527111356 420 
52363 52363 1527113298 374 
52364 52364 1527115240 548 
52365 52365 1527117184 372 
52366 52366 1527119126 394 
52367 52367 1527121068 280 
52368 52368 1527123010 374 
52369 52369 1527124952 334 
52370 52370 1527126896 288 
52371 52371 1527128838 286 
52372 52372 1527130776 386 
52373 52373 1527132718 374 
52374 52374 1527134664 412 
52375 52375 1527136604 294 
52376 52376 1527138544 394 
52377 52377 1527140490 278 
52378 52378 1527142434 420 
52379 52379 1527144376 414 
52380 52380 1527146318 296 
52381 52381 1527148260 416 
52382 52382 1527150202 400 
52383 52383 1527152144 686 
52384 52384 1527154086 278 
52385 52385 1527156028 632 
52386 52386 1527157972 390 
52387 52387 1527159914 374 
52388 52388 1527161856 318 
52389 52389 1527163798 390 
52390 52390 1527165740 354 
52391 52391 1527167682 294 
52392 52392 1527169624 396 
52393 52393 1527171568 352 
52394 52394 1527173510 294 
52395 52395 1527175452 330 
52396 52396 1527177394 376 
52397 52397 1527179338 418 
52398 52398 1527181280 278 
52399 52399 1527183222 374 
52400 52400 1527185164 436 
52401 52401 1527187106 414 
52402 52402 1527189048 298 
52403 52403 1527190990 392 
52404 52404 1527192934 398 
52405 52405 1527194876 334 
52406 52406 1527196818 630 
52407 52407 1527198760 334 
52408 52408 1527200702 420 
52409 52409 1527202644 390 
52410 52410 1527204586 398 
52411 52411 1527206526 372 
52412 52412 1527208468 284 
52413 52413 1527210414 390 
52414 52414 1527212356 450 
52415 52415 1527214296 394 
52416 52416 1527216236 358 
52417 52417 1527218182 294 
52418 52418 1527220124 284 
52419 52419 1527222064 414 
52420 52420 1527224006 298 
52421 52421 1527225952 294 
52422 52422 1527227896 398 
52423 52423 1527229834 416 
52424 52424 1527231778 378 
52425 52425 1527233722 354 
52426 52426 1527235664 300 
52427 52427 1527237604 394 
52428 52428 1527239546 418 
52429 52429 1527241492 352 
52430 52430 1527243432 374 
52431 52431 1527245372 410 
52432 52432 1527247316 1214 
52433 52433 1527249258 292 
52434 52434 1527251200 298 
52435 52435 1527253142 664 
52436 52436 1527255084 486 
52437 52437 1527257026 350 
52438 52438 1527258968 418 
52439 52439 1527260910 314 
52440 52440 1527262852 418 
52441 52441 1527264794 394 
52442 52442 1527266736 354 
52443 52443 1527268678 314 
52444 52444 1527270620 314 
52445 52445 1527272564 426 
52446 52446 1527274508 398 
52447 52447 1527276452 286 
52448 52448 1527278394 628 
52449 52449 1527280338 378 
52450 52450 1527282280 672 
52451 52451 1527284222 280 
52452 52452 1527286166 354 
52453 52453 1527288108 280 
52454 52454 1527290050 284 
52455 52455 1527291994 414 
52456 52456 1527293936 298 
52457 52457 1527295880 396 
52458 52458 1527297822 330 
52459 52459 1527299764 330 
52460 52460 1527301708 398 
52461 52461 1527303652 498 
52462 52462 1527305594 356 
52463 52463 1527307538 706 
52464 52464 1527309480 798 
52465 52465 1527311424 392 
52466 52466 1527313366 394 
52467 52467 1527315310 374 
52468 52468 1527317252 374 
52469 52469 1527319196 284 
52470 52470 1527321138 446 
52471 52471 1527323082 374 
52472 52472 1527325024 338 
52473 52473 1527326968 354 
52474 52474 1527328910 548 
52475 52475 1527330854 284 
52476 52476 1527332796 472 
52477 52477 1527334740 396 
52478 52478 1527336682 378 
52479 52479 1527338626 280 
52480 52480 1527340568 410 
52481 52481 1527342510 486 
52482 52482 1527344452 420 
52483 52483 1527346396 410 
52484 52484 1527348338 414 
52485 52485 1527350280 282 
52486 52486 1527352224 338 
52487 52487 1527354166 1218 
52488 52488 1527356110 314 
52489 52489 1527358052 280 
52490 52490 1527359996 284 
52491 52491 1527361938 374 
52492 52492 1527363882 434 
52493 52493 1527365824 330 
52494 52494 1527367768 286 
52495 52495 1527369710 394 
52496 52496 1527371652 318 
52497 52497 1527373596 548 
52498 52498 1527375538 286 
52499 52499 1527377482 412 
52500 52500 1527379424 308 
52501 52501 1527381366 410 
52502 52502 1527383310 420 
52503 52503 1527385252 508 
52504 52504 1527387194 298 
52505 52505 1527389138 294 
52506 52506 1527391080 418 
52507 52507 1527393022 334 
52508 52508 1527394966 298 
52509 52509 1527396908 334 
52510 52510 1527398850 378 
52511 52511 1527400794 284 
52512 52512 1527402736 418 
52513 52513 1527404678 294 
52514 52514 1527406620 416 
52515 52515 1527408564 336 
52516 52516 1527410506 398 
52517 52517 1527412448 280 
52518 52518 1527414390 336 
52519 52519 1527416334 586 
52520 52520 1527418276 374 
52521 52521 1527420218 292 
52522 52522 1527422160 286 
52523 52523 1527424104 290 
52524 52524 1527426046 418 
52525 52525 1527427988 356 
52526 52526 1527429932 408 
52527 52527 1527431874 290 
52528 52528 1527433818 398 
52529 52529 1527435760 310 
52530 52530 1527437704 286 
52531 52531 1527439646 410 
52532 52532 1527441590 284 
52533 52533 1527443532 282 
52534 52534 1527445474 632 
52535 52535 1527447418 378 
52536 52536 1527449360 286 
52537 52537 1527451304 310 
52538 52538 1527453246 490 
52539 52539 1527455190 354 
52540 52540 1527457132 374 
52541 52541 1527459074 334 
52542 52542 1527461016 356 
52543 52543 1527462956 766 
52544 52544 1527464902 314 
52545 52545 1527466844 414 
52546 52546 1527468788 374 
52547 52547 1527470730 334 
52548 52548 1527472674 416 
52549 52549 1527474616 374 
52550 52550 1527476558 652 
52551 52551 1527478502 314 
52552 52552 1527480444 374 
52553 52553 1527482386 416 
52554 52554 1527484330 628 
52555 52555 1527486272 314 
52556 52556 1527488214 640 
52557 52557 1527490156 334 
52558 52558 1527492100 356 
52559 52559 1527494042 356 
52560 52560 1527495984 314 
52561 52561 1527497926 312 
52562 52562 1527499870 314 
52563 52563 1527501812 412 
52564 52564 1527503754 356 
52565 52565 1527505698 418 
52566 52566 1527507640 512 
52567 52567 1527509584 416 
52568 52568 1527511526 510 
52569 52569 1527513466 372 
52570 52570 1527515412 318 
52571 52571 1527517352 354 
52572 52572 1527519298 374 
52573 52573 1527521242 724 
52574 52574 1527523180 354 
52575 52575 1527525124 374 
52576 52576 1527527066 410 
52577 52577 1527529008 330 
52578 52578 1527530952 1038 
52579 52579 1527532894 394 
52580 52580 1527534838 372 
52581 52581 1527536780 314 
52582 52582 1527538724 420 
52583 52583 1527540666 374 
52584 52584 1527542610 378 
52585 52585 1527544552 410 
52586 52586 1527546496 318 
52587 52587 1527548438 374 
52588 52588 1527550382 440 
52589 52589 1527552324 300 
52590 52590 1527554268 336 
52591 52591 1527556210 354 
52592 52592 1527558154 638 
52593 52593 1527560096 294 
52594 52594 1527562040 358 
52595 52595 1527563982 338 
52596 52596 1527565926 608 
52597 52597 1527567872 374 
52598 52598 1527569814 358 
52599 52599 1527571758 312 
52600 52600 1527573700 414 
52601 52601 1527575644 370 
52602 52602 1527577586 460 
52603 52603 1527579530 278 
52604 52604 1527581472 398 
52605 52605 1527583416 586 
52606 52606 1527587300 2202 
52607 52607 1527589244 396 
52608 52608 1527591186 394 
52609 52609 1527593128 414 
52610 52610 1527595072 296 
52611 52611 1527597014 354 
52612 52612 1527598956 398 
52613 52613 1527600900 396 
52614 52614 1527602842 414 
52615 52615 1527604786 416 
52616 52616 1527606728 394 
52617 52617 1527608670 312 
52618 52618 1527610614 336 
52619 52619 1527612556 390 
52620 52620 1527614498 414 
52621 52621 1527616440 280 
52622 52622 1527618384 296 
52623 52623 1527620326 546 
52624 52624 1527622268 284 
52625 52625 1527624212 280 
52626 52626 1527626154 416 
52627 52627 1527628096 410 
52628 52628 1527630038 688 
52629 52629 1527631978 284 
52630 52630 1527633922 374 
52631 52631 1527635866 280 
52632 52632 1527637808 294 
52633 52633 1527639750 370 
52634 52634 1527641690 472 
52635 52635 1527643632 292 
52636 52636 1527645574 298 
52637 52637 1527647516 312 
52638 52638 1527649460 286 
52639 52639 1527651402 350 
52640 52640 1527653346 376 
52641 52641 1527655288 294 
52642 52642 1527657230 374 
52643 52643 1527659174 412 
52644 52644 1527661116 358 
52645 52645 1527663058 372 
52646 52646 1527665002 608 
52647 52647 1527666944 350 
52648 52648 1527668886 354 
52649 52649 1527670830 396 
52650 52650 1527672772 418 
52651 52651 1527674714 314 
52652 52652 1527676658 414 
52653 52653 1527678604 414 
52654 52654 1527680546 286 
52655 52655 1527682490 296 
52656 52656 1527684432 338 
52657 52657 1527686374 352 
52658 52658 1527688318 380 
52659 52659 1527690260 314 
52660 52660 1527692202 758 
52661 52661 1527694146 370 
52662 52662 1527696088 376 
52663 52663 1527698032 278 
52664 52664 1527699974 316 
52665 52665 1527701918 294 
52666 52666 1527703860 414 
52667 52667 1527705804 414 
52668 52668 1527707746 416 
52669 52669 1527709690 392 
52670 52670 1527711632 540 
52671 52671 1527713576 284 
52672 52672 1527715518 358 
52673 52673 1527717462 392 
52674 52674 1527719404 346 
52675 52675 1527721348 392 
52676 52676 1527723292 314 
52677 52677 1527725234 280 
52678 52678 1527727178 286 
52679 52679 1527729120 634 
52680 52680 1527731064 320 
52681 52681 1527733006 394 
52682 52682 1527734948 410 
52683 52683 1527736892 798 
52684 52684 1527738836 1152 
52685 52685 1527740778 312 
52686 52686 1527742722 418 
52687 52687 1527744664 414 
52688 52688 1527746606 316 
52689 52689 1527748550 314 
52690 52690 1527750492 294 
52691 52691 1527752436 354 
52692 52692 1527754376 374 
52693 52693 1527756322 810 
52694 52694 1527758262 336 
52695 52695 1527760204 330 
52696 52696 1527762148 336 
52697 52697 1527764090 284 
52698 52698 1527766034 286 
52699 52699 1527767976 442 
52700 52700 1527769918 284 
52701 52701 1527771862 310 
52702 52702 1527773804 298 
52705 52705 1527779634 592 
52706 52706 1527781576 378 
52707 52707 1527783520 292 
52708 52708 1527785462 414 
52709 52709 1527787404 372 
52710 52710 1527789348 416 
52711 52711 1527791294 350 
52712 52712 1527793238 378 
52713 52713 1527795180 338 
52714 52714 1527797122 284 
52715 52715 1527799064 774 
52716 52716 1527801008 414 
52717 52717 1527802950 334 
52718 52718 1527804892 376 
52719 52719 1527806836 418 
52720 52720 1527808778 398 
52721 52721 1527810720 412 
52722 52722 1527812664 318 
52723 52723 1527814606 280 
52724 52724 1527816548 298 
52725 52725 1527818492 334 
52726 52726 1527820434 394 
52727 52727 1527822378 316 
52728 52728 1527824320 374 
52729 52729 1527826262 310 
52730 52730 1527828206 416 
52731 52731 1527830148 528 
52732 52732 1527832092 338 
52733 52733 1527834034 394 
52734 52734 1527835978 298 
52736 52736 1527839862 358 
52737 52737 1527841806 336 
52738 52738 1527843748 358 
52739 52739 1527845690 484 
52740 52740 1527847634 316 
52741 52741 1527849576 664 
52742 52742 1527851518 394 
52743 52743 1527853460 626 
52744 52744 1527855404 316 
52745 52745 1527857346 416 
52746 52746 1527859288 396 
52747 52747 1527861230 284 
52748 52748 1527863172 634 
52749 52749 1527865116 414 
52750 52750 1527867058 398 
52751 52751 1527869000 652 
52752 52752 1527870942 512 
52753 52753 1527872886 354 
52754 52754 1527874828 376 
52755 52755 1527876770 414 
52756 52756 1527878714 416 
52757 52757 1527880656 374 
52758 52758 1527882598 298 
52759 52759 1527884542 296 
52760 52760 1527886484 286 
52761 52761 1527888426 374 
52762 52762 1527890370 380 
52763 52763 1527892312 354 
52764 52764 1527894254 374 
52765 52765 1527896198 396 
52766 52766 1527898140 376 
52767 52767 1527900084 336 
52768 52768 1527902026 334 
52769 52769 1527903968 282 
52770 52770 1527905912 418 
52771 52771 1527907854 312 
52772 52772 1527909796 334 
52773 52773 1527911738 374 
52774 52774 1527913682 516 
52775 52775 1527915624 374 
52776 52776 1527917568 336 
52777 52777 1527919510 314 
52778 52778 1527921452 572 
52779 52779 1527923394 280 
52780 52780 1527925338 288 
52781 52781 1527927280 280 
52782 52782 1527929224 360 
52783 52783 1527931166 394 
52784 52784 1527933110 374 
52785 52785 1527935052 332 
52786 52786 1527936996 284 
52787 52787 1527938938 534 
52788 52788 1527940880 500 
52789 52789 1527942824 424 
52790 52790 1527944766 318 
52791 52791 1527946710 352 
52792 52792 1527948652 418 
52793 52793 1527950596 372 
52794 52794 1527952538 416 
52795 52795 1527954482 280 
52796 52796 1527956424 286 
52797 52797 1527958368 336 
52798 52798 1527960310 398 
52799 52799 1527962252 586 
52800 52800 1527964196 628 
52801 52801 1527966138 334 
52802 52802 1527968080 416 
52803 52803 1527970024 278 
52804 52804 1527971966 378 
52805 52805 1527973908 354 
52806 52806 1527975852 418 
52807 52807 1527977794 414 
52808 52808 1527979736 598 
52809 52809 1527981680 336 
52810 52810 1527983622 706 
52811 52811 1527985564 416 
52812 52812 1527987508 400 
52813 52813 1527989450 552 
52814 52814 1527991394 420 
52815 52815 1527993336 354 
52816 52816 1527995280 396 
52817 52817 1527997222 282 
52818 52818 1527999166 374 
52819 52819 1528001108 294 
52820 52820 1528003050 420 
52821 52821 1528004992 312 
52822 52822 1528006936 282 
52823 52823 1528008878 764 
52824 52824 1528010820 472 
52825 52825 1528012764 666 
52826 52826 1528014706 372 
52827 52827 1528016648 292 
52828 52828 1528018592 334 
52829 52829 1528020534 442 
52830 52830 1528022476 318 
52831 52831 1528024418 354 
52832 52832 1528026362 420 
52833 52833 1528028304 656 
52834 52834 1528030246 418 
52835 52835 1528032188 588 
52836 52836 1528034130 772 
52837 52837 1528036072 280 
52838 52838 1528038014 358 
52839 52839 1528039956 374 
52840 52840 1528041898 376 
52841 52841 1528043840 336 
52842 52842 1528045784 510 
52843 52843 1528047726 508 
52844 52844 1528049668 374 
52845 52845 1528051612 282 
52846 52846 1528053554 336 
52847 52847 1528055496 414 
52848 52848 1528057438 320 
52849 52849 1528059382 298 
52850 52850 1528061324 338 
52851 52851 1528063266 394 
52852 52852 1528065210 286 
52853 52853 1528067152 310 
52854 52854 1528069096 358 
52855 52855 1528071038 314 
52856 52856 1528072980 398 
52857 52857 1528074924 298 
52858 52858 1528076866 318 
52859 52859 1528078808 716 
52860 52860 1528080752 418 
52861 52861 1528082694 370 
52862 52862 1528084638 398 
52863 52863 1528086580 284 
52864 52864 1528088522 398 
52865 52865 1528090464 316 
52866 52866 1528092408 390 
52867 52867 1528094350 394 
52868 52868 1528096292 318 
52869 52869 1528098234 412 
52870 52870 1528100178 336 
52871 52871 1528102120 376 
52872 52872 1528104062 354 
52873 52873 1528106004 394 
52874 52874 1528107946 284 
52875 52875 1528109890 336 
52876 52876 1528111832 354 
52877 52877 1528113774 334 
52878 52878 1528115716 378 
52879 52879 1528117658 372 
52880 52880 1528119600 502 
52881 52881 1528123486 1728 
52882 52882 1528125428 338 
52883 52883 1528127370 678 
52884 52884 1528129312 380 
52885 52885 1528131252 416 
52886 52886 1528133196 372 
52887 52887 1528135140 412 
52888 52888 1528137082 398 
52889 52889 1528139024 372 
52890 52890 1528140966 440 
52891 52891 1528142908 570 
52892 52892 1528144852 294 
52893 52893 1528146794 334 
52894 52894 1528148736 314 
52895 52895 1528150678 354 
52896 52896 1528152620 358 
52897 52897 1528154562 588 
52898 52898 1528156504 334 
52899 52899 1528158448 350 
52900 52900 1528160390 414 
52901 52901 1528162332 372 
52902 52902 1528164274 338 
52903 52903 1528166216 334 
52904 52904 1528168158 336 
52905 52905 1528170100 336 
52906 52906 1528172044 418 
52907 52907 1528173982 544 
52908 52908 1528175928 356 
52909 52909 1528177872 312 
52910 52910 1528179814 286 
52911 52911 1528181756 284 
52912 52912 1528183700 468 
52913 52913 1528185642 376 
52914 52914 1528187582 286 
52915 52915 1528189526 490 
52916 52916 1528191470 380 
52917 52917 1528193412 466 
52918 52918 1528195356 334 
52919 52919 1528197298 474 
52920 52920 1528199242 358 
52921 52921 1528201180 372 
52922 52922 1528203124 356 
52923 52923 1528205068 284 
52924 52924 1528207010 394 
52925 52925 1528208954 284 
52926 52926 1528210896 378 
52927 52927 1528212838 280 
52928 52928 1528214780 288 
52929 52929 1528216724 314 
52930 52930 1528218666 396 
52931 52931 1528220608 426 
52932 52932 1528222550 356 
52933 52933 1528224492 396 
52934 52934 1528226436 460 
52935 52935 1528228378 392 
52936 52936 1528230320 418 
52937 52937 1528232262 334 
52938 52938 1528234204 394 
52939 52939 1528236146 606 
52940 52940 1528238088 376 
52941 52941 1528240030 310 
52942 52942 1528241972 398 
52943 52943 1528243912 282 
52944 52944 1528245856 338 
52945 52945 1528247800 332 
52946 52946 1528249742 318 
52947 52947 1528251680 330 
52948 52948 1528253622 464 
52949 52949 1528255564 312 
52950 52950 1528257506 380 
52951 52951 1528259450 280 
52952 52952 1528261396 316 
52953 52953 1528263338 412 
52954 52954 1528265282 312 
52955 52955 1528267224 280 
52956 52956 1528269168 296 
52957 52957 1528271110 414 
52958 52958 1528273052 550 
52959 52959 1528274994 370 
52960 52960 1528276938 610 
52961 52961 1528278876 340 
52962 52962 1528280818 398 
52963 52963 1528282760 352 
52964 52964 1528284702 318 
52965 52965 1528286646 284 
52966 52966 1528288592 356 
52967 52967 1528290530 390 
52968 52968 1528292476 332 
52969 52969 1528294418 334 
52970 52970 1528296360 396 
52971 52971 1528298302 376 
52972 52972 1528300244 398 
52973 52973 1528302186 390 
52974 52974 1528304128 336 
52975 52975 1528306070 354 
52976 52976 1528308012 358 
52977 52977 1528309954 354 
52978 52978 1528311898 336 
52979 52979 1528313840 330 
52980 52980 1528315782 380 
52981 52981 1528317724 282 
52982 52982 1528319668 416 
52983 52983 1528321610 280 
52984 52984 1528323552 532 
52985 52985 1528325494 488 
52986 52986 1528327438 504 
52987 52987 1528329380 314 
52988 52988 1528331322 416 
52989 52989 1528333264 330 
52990 52990 1528335206 360 
52991 52991 1528337150 334 
52992 52992 1528339092 528 
52993 52993 1528341034 354 
52994 52994 1528342976 548 
52995 52995 1528344918 334 
52996 52996 1528346862 728 
52997 52997 1528348804 330 
52998 52998 1528350746 338 
52999 52999 1528352688 970 
53000 53000 1528354630 398 
53001 53001 1528356572 392 
53002 53002 1528358516 332 
53003 53003 1528360458 354 
53004 53004 1528362400 336 
53005 53005 1528364344 292 
53006 53006 1528366282 410 
53007 53007 1528368228 294 
53008 53008 1528370168 628 
53009 53009 1528372112 332 
53010 53010 1528374052 400 
53011 53011 1528375998 376 
53012 53012 1528377942 378 
53013 53013 1528379884 414 
53014 53014 1528381824 288 
53015 53015 1528383764 410 
53016 53016 1528385708 372 
53017 53017 1528387650 426 
53018 53018 1528389592 296 
53019 53019 1528391538 508 
53020 53020 1528393482 300 
53021 53021 1528395424 448 
53022 53022 1528397364 396 
53023 53023 1528399308 616 
53024 53024 1528401252 286 
53025 53025 1528403196 284 
53026 53026 1528405138 358 
53027 53027 1528407080 608 
53028 53028 1528409024 412 
53029 53029 1528412908 1708 
53030 53030 1528414852 378 
53031 53031 1528416794 646 
53032 53032 1528418738 420 
53033 53033 1528420680 390 
53034 53034 1528422622 316 
53035 53035 1528424566 488 
53036 53036 1528426508 294 
53037 53037 1528428450 612 
53038 53038 1528430392 358 
53039 53039 1528432336 416 
53040 53040 1528434278 378 
53041 53041 1528436220 724 
53042 53042 1528438162 416 
53043 53043 1528440106 536 
53044 53044 1528442048 338 
53045 53045 1528443990 636 
53046 53046 1528445932 508 
53047 53047 1528447876 582 
53048 53048 1528449818 298 
53049 53049 1528451760 282 
53050 53050 1528453702 288 
53051 53051 1528455644 292 
53052 53052 1528457588 378 
53053 53053 1528459530 334 
53054 53054 1528461472 398 
53055 53055 1528463414 466 
53056 53056 1528465358 414 
53057 53057 1528467300 334 
53058 53058 1528469242 360 
53059 53059 1528471186 416 
53060 53060 1528473128 524 
53061 53061 1528475070 312 
53062 53062 1528477012 452 
53063 53063 1528478956 392 
53064 53064 1528480898 316 
53065 53065 1528482840 376 
53066 53066 1528484784 338 
53067 53067 1528486726 290 
53068 53068 1528488668 418 
53069 53069 1528490610 284 
53070 53070 1528492552 400 
53071 53071 1528494494 412 
53072 53072 1528496436 418 
53073 53073 1528498378 396 
53074 53074 1528500322 314 
53075 53075 1528502264 434 
53076 53076 1528504206 338 
53077 53077 1528506148 486 
53078 53078 1528508090 374 
53079 53079 1528510032 376 
53080 53080 1528511976 378 
53081 53081 1528513918 330 
53082 53082 1528515860 396 
53083 53083 1528517804 286 
53084 53084 1528519746 414 
53085 53085 1528521688 292 
53086 53086 1528523632 360 
53087 53087 1528525574 394 
53088 53088 1528527516 298 
53089 53089 1528529458 392 
53090 53090 1528531400 514 
53091 53091 1528533344 836 
53092 53092 1528535286 398 
53093 53093 1528537228 392 
53094 53094 1528539172 334 
53095 53095 1528541114 466 
53096 53096 1528543056 378 
53097 53097 1528544998 412 
53098 53098 1528546940 418 
53099 53099 1528548884 280 
53100 53100 1528550826 358 
53101 53101 1528552768 372 
53102 53102 1528554712 316 
53103 53103 1528556654 414 
53104 53104 1528558598 286 
53105 53105 1528560540 310 
53106 53106 1528562484 378 
53107 53107 1528564426 390 
53108 53108 1528566368 376 
53109 53109 1528568310 318 
53110 53110 1528570254 316 
53111 53111 1528572196 280 
53112 53112 1528574140 650 
53113 53113 1528576082 292 
53114 53114 1528578024 396 
53115 53115 1528579966 396 
53116 53116 1528581910 590 
53117 53117 1528583852 292 
53118 53118 1528585794 420 
53119 53119 1528587738 294 
53120 53120 1528589680 398 
53121 53121 1528591622 390 
53122 53122 1528593564 568 
53123 53123 1528595508 416 
53124 53124 1528597450 378 
53125 53125 1528599392 442 
53126 53126 1528601336 398 
53127 53127 1528603276 508 
53128 53128 1528605220 330 
53129 53129 1528607164 646 
53130 53130 1528609106 376 
53131 53131 1528611048 314 
53132 53132 1528612990 356 
53133 53133 1528614934 336 
53134 53134 1528616876 298 
53135 53135 1528618818 314 
53136 53136 1528620762 418 
53137 53137 1528622704 314 
53138 53138 1528624646 296 
53139 53139 1528626588 294 
53140 53140 1528628532 284 
53141 53141 1528630474 310 
53142 53142 1528632416 356 
53143 53143 1528634360 314 
53144 53144 1528636302 592 
53145 53145 1528638244 614 
53146 53146 1528640188 400 
53147 53147 1528642130 686 
53148 53148 1528644072 378 
53149 53149 1528646012 354 
53150 53150 1528647956 288 
53151 53151 1528649900 356 
53152 53152 1528651842 360 
53153 53153 1528653786 410 
53154 53154 1528655728 334 
53155 53155 1528657670 394 
53156 53156 1528659612 398 
53157 53157 1528661554 608 
53158 53158 1528663498 374 
53159 53159 1528665440 312 
53160 53160 1528667382 468 
53161 53161 1528669326 354 
53162 53162 1528671268 286 
53163 53163 1528673210 684 
53164 53164 1528675152 546 
53165 53165 1528677094 470 
53166 53166 1528679038 292 
53167 53167 1528680980 374 
53168 53168 1528682922 334 
53169 53169 1528684866 392 
53170 53170 1528686808 354 
53171 53171 1528688750 294 
53172 53172 1528690692 498 
53173 53173 1528692634 332 
53174 53174 1528694576 376 
53175 53175 1528696516 488 
53176 53176 1528698460 386 
53177 53177 1528700404 376 
53178 53178 1528702342 286 
53179 53179 1528704288 282 
53180 53180 1528706232 378 
53181 53181 1528708174 314 
53182 53182 1528710116 378 
53183 53183 1528712058 282 
53184 53184 1528714002 530 
53185 53185 1528715940 386 
53186 53186 1528717884 320 
53187 53187 1528719828 354 
53188 53188 1528721770 320 
53189 53189 1528723712 376 
53190 53190 1528725654 352 
53191 53191 1528727596 338 
53192 53192 1528729540 398 
53193 53193 1528731482 392 
53194 53194 1528733424 284 
53195 53195 1528735366 628 
53196 53196 1528737310 358 
53197 53197 1528739252 310 
53198 53198 1528741194 358 
53199 53199 1528743134 336 
53200 53200 1528745078 376 
53201 53201 1528747020 410 
53202 53202 1528748964 298 
53203 53203 1528750906 354 
53204 53204 1528752848 284 
53205 53205 1528754790 314 
53206 53206 1528756732 358 
53207 53207 1528758674 940 
53208 53208 1528760616 354 
53209 53209 1528762558 358 
53210 53210 1528764500 400 
53211 53211 1528766442 372 
53212 53212 1528768384 360 
53213 53213 1528770326 296 
53214 53214 1528772268 356 
53215 53215 1528774210 336 
53216 53216 1528776154 354 
53217 53217 1528778096 410 
53218 53218 1528780038 336 
53219 53219 1528781980 284 
53220 53220 1528783922 284 
53221 53221 1528785864 334 
53222 53222 1528787806 492 
53223 53223 1528789748 392 
53224 53224 1528791688 370 
53225 53225 1528793630 316 
53226 53226 1528795572 298 
53227 53227 1528797514 336 
53228 53228 1528799454 564 
53229 53229 1528801398 586 
53230 53230 1528803340 314 
53231 53231 1528805282 416 
53232 53232 1528807224 376 
53233 53233 1528809166 396 
53234 53234 1528811108 316 
53235 53235 1528813050 334 
53236 53236 1528814992 398 
53237 53237 1528816934 316 
53238 53238 1528818876 418 
53239 53239 1528820818 396 
53240 53240 1528822760 300 
53241 53241 1528824702 354 
53242 53242 1528826644 356 
53243 53243 1528828588 356 
53244 53244 1528830530 416 
53245 53245 1528832472 422 
53246 53246 1528834412 314 
53247 53247 1528836356 354 
53248 53248 1528838298 418 
53249 53249 1528840240 418 
53250 53250 1528842182 400 
53251 53251 1528844124 350 
53252 53252 1528846068 376 
53253 53253 1528848010 392 
53254 53254 1528849952 296 
53255 53255 1528851894 416 
53256 53256 1528853838 300 
53257 53257 1528855780 398 
53258 53258 1528857722 286 
53259 53259 1528859664 294 
53260 53260 1528861606 378 
53261 53261 1528863548 618 
53262 53262 1528865490 296 
53263 53263 1528867434 298 
53264 53264 1528869376 314 
53265 53265 1528871318 372 
53266 53266 1528873260 334 
53267 53267 1528875202 316 
53268 53268 1528877146 412 
53269 53269 1528879088 374 
53270 53270 1528881030 282 
53271 53271 1528882972 284 
53272 53272 1528884914 394 
53273 53273 1528886856 294 
53274 53274 1528888798 358 
53275 53275 1528890740 392 
53276 53276 1528892682 398 
53277 53277 1528894626 356 
53278 53278 1528896568 486 
53279 53279 1528898510 394 
53280 53280 1528900452 630 
53281 53281 1528902396 418 
53282 53282 1528904338 428 
53283 53283 1528906280 352 
53284 53284 1528908222 416 
53285 53285 1528910166 318 
53286 53286 1528912104 578 
53287 53287 1528914048 392 
53288 53288 1528915992 314 
53289 53289 1528917934 292 
53290 53290 1528919876 630 
53291 53291 1528921818 546 
53292 53292 1528923760 356 
53293 53293 1528925702 296 
53294 53294 1528927644 358 
53295 53295 1528929584 358 
53296 53296 1528931528 582 
53297 53297 1528933470 604 
53298 53298 1528935412 378 
53299 53299 1528937354 414 
53300 53300 1528939296 420 
53301 53301 1528941238 376 
53302 53302 1528943180 292 
53303 53303 1528945124 310 
53304 53304 1528947066 294 
53305 53305 1528949008 418 
53306 53306 1528950950 416 
53307 53307 1528952892 392 
53308 53308 1528954834 650 
53309 53309 1528956776 288 
53310 53310 1528958718 418 
53311 53311 1528960660 392 
53312 53312 1528962602 416 
53313 53313 1528964546 336 
53314 53314 1528966488 396 
53315 53315 1528968430 412 
53316 53316 1528970372 318 
53317 53317 1528972314 394 
53318 53318 1528974256 762 
53319 53319 1528976198 410 
53320 53320 1528978140 358 
53321 53321 1528980082 412 
53322 53322 1528982024 376 
53323 53323 1528983966 376 
53324 53324 1528985908 374 
53325 53325 1528987850 564 
53326 53326 1528989792 300 
53327 53327 1528991736 392 
53328 53328 1528993678 354 
53329 53329 1528995620 280 
53330 53330 1528997562 378 
53331 53331 1528999506 374 
53332 53332 1529001448 356 
53333 53333 1529003390 282 
53334 53334 1529005332 300 
53335 53335 1529007276 690 
53336 53336 1529009218 418 
53337 53337 1529011160 412 
53338 53338 1529013100 630 
53339 53339 1529015042 430 
53340 53340 1529016984 284 
53341 53341 1529018926 416 
53342 53342 1529020868 394 
53343 53343 1529022812 370 
53344 53344 1529024756 374 
53345 53345 1529026700 394 
53346 53346 1529028642 338 
53347 53347 1529032528 3046 
53348 53348 1529034470 294 
53349 53349 1529036412 284 
53350 53350 1529038354 418 
53351 53351 1529040296 376 
53352 53352 1529042236 340 
53353 53353 1529044178 414 
53354 53354 1529046120 338 
53355 53355 1529048066 290 
53356 53356 1529050008 376 
53357 53357 1529051952 370 
53358 53358 1529053894 296 
53359 53359 1529055836 408 
53360 53360 1529057778 340 
53361 53361 1529059720 392 
53362 53362 1529061664 286 
53363 53363 1529063606 330 
53364 53364 1529065548 374 
53365 53365 1529067490 416 
53366 53366 1529069432 400 
53367 53367 1529071372 394 
53368 53368 1529073316 440 
53369 53369 1529075260 412 
53370 53370 1529077202 394 
53371 53371 1529079144 280 
53372 53372 1529081086 378 
53373 53373 1529083024 414 
53374 53374 1529084966 400 
53375 53375 1529086910 588 
53376 53376 1529088854 316 
53377 53377 1529090796 330 
53378 53378 1529092738 398 
53379 53379 1529094680 284 
53380 53380 1529096622 336 
53381 53381 1529098564 332 
53382 53382 1529100506 414 
53383 53383 1529102448 354 
53384 53384 1529104390 420 
53385 53385 1529106334 284 
53386 53386 1529108276 352 
53387 53387 1529110218 280 
53388 53388 1529112160 414 
53389 53389 1529114102 352 
53390 53390 1529116044 378 
53391 53391 1529117986 608 
53392 53392 1529119928 574 
53393 53393 1529121872 666 
53394 53394 1529123814 332 
53395 53395 1529125756 280 
53396 53396 1529127698 374 
53397 53397 1529129640 390 
53398 53398 1529131582 288 
53399 53399 1529133524 316 
53400 53400 1529135466 418 
53401 53401 1529137410 394 
53402 53402 1529139348 278 
53403 53403 1529141290 332 
53404 53404 1529143236 378 
53405 53405 1529145180 356 
53406 53406 1529147122 354 
53407 53407 1529149064 294 
53408 53408 1529151006 378 
53409 53409 1529152948 486 
53410 53410 1529154892 360 
53411 53411 1529156834 570 
53412 53412 1529158776 314 
53413 53413 1529160718 310 
53414 53414 1529162660 598 
53415 53415 1529164602 294 
53416 53416 1529166544 340 
53417 53417 1529168488 412 
53418 53418 1529170430 394 
53419 53419 1529172372 282 
53420 53420 1529174314 288 
53421 53421 1529176258 312 
53422 53422 1529178200 336 
53423 53423 1529180142 352 
53424 53424 1529182086 356 
53425 53425 1529184028 396 
53426 53426 1529185966 418 
53427 53427 1529187908 392 
53428 53428 1529189854 438 
53429 53429 1529191798 336 
53430 53430 1529193740 318 
53431 53431 1529195684 370 
53432 53432 1529197626 296 
53433 53433 1529199568 414 
53434 53434 1529201512 286 
53435 53435 1529203454 604 
53436 53436 1529205396 354 
53437 53437 1529207338 336 
53438 53438 1529209280 318 
53439 53439 1529211224 394 
53440 53440 1529213166 298 
53441 53441 1529215108 410 
53442 53442 1529217052 400 
53443 53443 1529218994 334 
53444 53444 1529220936 354 
53445 53445 1529222880 356 
53446 53446 1529224822 278 
53447 53447 1529226764 354 
53448 53448 1529228706 340 
53449 53449 1529230648 372 
53450 53450 1529232590 296 
53451 53451 1529234534 352 
53452 53452 1529236476 468 
53453 53453 1529238418 314 
53454 53454 1529240360 334 
53455 53455 1529242302 352 
53456 53456 1529244244 508 
53457 53457 1529246188 314 
53458 53458 1529248130 592 
53459 53459 1529250072 334 
53460 53460 1529252014 376 
53461 53461 1529253956 284 
53462 53462 1529255898 286 
53463 53463 1529257842 394 
53464 53464 1529259780 314 
53465 53465 1529261722 668 
53466 53466 1529263666 528 
53467 53467 1529265610 332 
53468 53468 1529267552 378 
53469 53469 1529269490 282 
53470 53470 1529271432 288 
53471 53471 1529273378 394 
53472 53472 1529275316 490 
53473 53473 1529277262 376 
53474 53474 1529279200 358 
53475 53475 1529281142 392 
53476 53476 1529283084 336 
53477 53477 1529285022 390 
53478 53478 1529286966 692 
53479 53479 1529288906 314 
53480 53480 1529290850 286 
53481 53481 1529292792 586 
53482 53482 1529294730 396 
53483 53483 1529296676 380 
53484 53484 1529298618 378 
53485 53485 1529300556 370 
53486 53486 1529302500 288 
53487 53487 1529304442 330 
53488 53488 1529306384 286 
53489 53489 1529308326 284 
53490 53490 1529310272 360 
53491 53491 1529312214 280 
53492 53492 1529314156 320 
53493 53493 1529316098 396 
53494 53494 1529318040 296 
53495 53495 1529319982 336 
53496 53496 1529321924 684 
53497 53497 1529323868 350 
53498 53498 1529325810 356 
53499 53499 1529327752 294 
53500 53500 1529329692 352 
53501 53501 1529331634 392 
53502 53502 1529333576 318 
53503 53503 1529335520 370 
53504 53504 1529337462 278 
53505 53505 1529339404 356 
53506 53506 1529341346 356 
53507 53507 1529343288 284 
53508 53508 1529345230 712 
53509 53509 1529347174 394 
53510 53510 1529349116 338 
53511 53511 1529351058 330 
53512 53512 1529353000 336 
53513 53513 1529354942 372 
53514 53514 1529356884 340 
53515 53515 1529358828 354 
53516 53516 1529360770 358 
53517 53517 1529362712 374 
53518 53518 1529364656 490 
53519 53519 1529366598 396 
53520 53520 1529368540 378 
53521 53521 1529370482 548 
53522 53522 1529372424 416 
53523 53523 1529374368 280 
53524 53524 1529376310 418 
53525 53525 1529378252 330 
53526 53526 1529380194 430 
53527 53527 1529382136 352 
53528 53528 1529384078 320 
53529 53529 1529386020 354 
53530 53530 1529387962 300 
53531 53531 1529389904 296 
53532 53532 1529391848 416 
53533 53533 1529393790 394 
53534 53534 1529395732 338 
53535 53535 1529397674 356 
53536 53536 1529399616 336 
53537 53537 1529401558 508 
53538 53538 1529403500 398 
53539 53539 1529405444 350 
53540 53540 1529407386 336 
53541 53541 1529409328 466 
53542 53542 1529411270 378 
53543 53543 1529413212 330 
53544 53544 1529415156 532 
53545 53545 1529417098 410 
53546 53546 1529419040 416 
53547 53547 1529420982 282 
53548 53548 1529422924 1062 
53549 53549 1529424868 650 
53550 53550 1529426810 376 
53551 53551 1529428752 392 
53552 53552 1529430694 298 
53553 53553 1529432636 374 
53554 53554 1529434580 338 
53555 53555 1529436518 334 
53556 53556 1529438462 340 
53557 53557 1529440406 610 
53558 53558 1529442348 288 
53559 53559 1529444292 312 
53560 53560 1529446234 288 
53561 53561 1529448176 392 
53562 53562 1529450120 372 
53563 53563 1529452062 294 
53564 53564 1529454004 528 
53565 53565 1529455948 356 
53566 53566 1529457890 372 
53567 53567 1529459832 618 
53568 53568 1529461776 398 
53569 53569 1529463718 508 
53570 53570 1529465660 338 
53571 53571 1529467604 550 
53572 53572 1529469546 414 
53573 53573 1529471488 466 
53574 53574 1529473430 398 
53575 53575 1529475374 282 
53576 53576 1529477316 354 
53577 53577 1529479256 352 
53578 53578 1529481198 378 
53579 53579 1529483142 330 
53580 53580 1529485084 378 
53581 53581 1529487026 484 
53582 53582 1529488968 376 
53583 53583 1529490910 284 
53584 53584 1529492852 360 
53585 53585 1529494794 336 
53586 53586 1529496736 416 
53587 53587 1529498680 292 
53588 53588 1529500622 394 
53589 53589 1529502564 402 
53590 53590 1529504506 400 
53591 53591 1529506448 354 
53592 53592 1529508392 300 
53593 53593 1529510334 350 
53594 53594 1529512276 620 
53595 53595 1529514220 358 
53596 53596 1529516162 394 
53597 53597 1529518104 394 
53598 53598 1529520046 420 
53599 53599 1529521988 294 
53600 53600 1529523932 298 
53601 53601 1529525874 284 
53602 53602 1529527816 376 
53603 53603 1529529758 336 
53604 53604 1529531702 394 
53605 53605 1529533644 284 
53606 53606 1529535586 296 
53607 53607 1529537530 336 
53608 53608 1529539472 282 
53609 53609 1529541414 394 
53610 53610 1529543356 492 
53611 53611 1529545300 396 
53612 53612 1529547242 316 
53613 53613 1529549184 392 
53614 53614 1529551126 612 
53615 53615 1529553068 316 
53616 53616 1529555012 376 
53617 53617 1529556954 392 
53618 53618 1529558896 358 
53619 53619 1529560838 354 
53620 53620 1529562780 284 
53621 53621 1529564724 280 
53622 53622 1529566666 286 
53623 53623 1529568608 414 
53624 53624 1529570552 460 
53625 53625 1529572494 528 
53626 53626 1529574436 550 
53627 53627 1529576378 374 
53628 53628 1529578320 400 
53629 53629 1529580262 336 
53630 53630 1529582204 288 
53631 53631 1529584146 312 
53632 53632 1529586088 414 
53633 53633 1529588032 330 
53634 53634 1529589970 356 
53635 53635 1529591912 550 
53636 53636 1529593854 318 
53637 53637 1529595796 370 
53638 53638 1529597742 336 
53639 53639 1529599682 374 
53640 53640 1529601626 338 
53641 53641 1529603570 356 
53642 53642 1529605512 378 
53643 53643 1529607450 426 
53644 53644 1529609392 418 
53645 53645 1529611338 616 
53646 53646 1529613282 380 
53647 53647 1529615220 350 
53648 53648 1529617162 398 
53649 53649 1529619108 394 
53650 53650 1529621048 354 
53651 53651 1529622992 614 
53652 53652 1529624932 288 
53653 53653 1529626874 646 
53654 53654 1529628820 286 
53655 53655 1529630758 372 
53656 53656 1529632704 374 
53657 53657 1529634648 312 
53658 53658 1529636590 390 
53659 53659 1529638532 354 
53660 53660 1529640474 648 
53661 53661 1529642416 334 
53662 53662 1529644358 314 
53663 53663 1529646300 606 
53664 53664 1529648244 378 
53665 53665 1529650186 374 
53666 53666 1529652128 374 
53667 53667 1529654070 332 
53668 53668 1529656012 336 
53669 53669 1529657956 356 
53670 53670 1529659898 376 
53671 53671 1529661840 686 
53672 53672 1529663782 298 
53673 53673 1529665724 484 
53674 53674 1529667668 416 
53675 53675 1529669610 334 
53676 53676 1529671552 288 
53677 53677 1529673496 354 
53678 53678 1529675438 316 
53679 53679 1529677380 354 
53680 53680 1529679322 398 
53681 53681 1529681266 414 
53682 53682 1529683208 418 
53683 53683 1529685150 294 
53684 53684 1529687092 416 
53685 53685 1529689036 316 
53686 53686 1529690978 356 
53687 53687 1529692920 412 
53688 53688 1529694862 358 
53689 53689 1529696804 352 
53690 53690 1529698746 376 
53691 53691 1529700688 282 
53692 53692 1529702630 338 
53693 53693 1529704572 394 
53694 53694 1529706514 316 
53695 53695 1529708454 414 
53696 53696 1529710394 338 
53697 53697 1529712336 298 
53698 53698 1529714280 316 
53699 53699 1529716222 410 
53700 53700 1529718168 338 
53701 53701 1529720110 564 
53702 53702 1529722052 298 
53703 53703 1529723994 296 
53704 53704 1529725936 674 
53705 53705 1529727878 356 
53706 53706 1529729820 358 
53707 53707 1529731762 646 
53708 53708 1529733704 288 
53709 53709 1529735646 314 
53710 53710 1529737588 526 
53711 53711 1529739532 314 
53712 53712 1529741474 338 
53713 53713 1529743412 392 
53714 53714 1529745354 338 
53715 53715 1529747296 726 
53716 53716 1529749238 568 
53717 53717 1529751180 396 
53718 53718 1529753126 416 
53719 53719 1529755070 628 
53720 53720 1529757012 430 
53721 53721 1529758954 504 
53722 53722 1529760896 300 
53723 53723 1529762838 296 
53724 53724 1529764782 350 
53725 53725 1529766724 370 
53726 53726 1529768668 360 
53727 53727 1529770610 370 
53728 53728 1529772552 414 
53729 53729 1529774494 538 
53730 53730 1529776438 318 
53731 53731 1529778380 392 
53732 53732 1529780324 396 
53733 53733 1529782266 338 
53734 53734 1529784208 378 
53735 53735 1529786152 280 
53736 53736 1529788094 318 
53737 53737 1529790036 372 
53738 53738 1529791980 398 
53739 53739 1529793922 294 
53740 53740 1529795864 694 
53741 53741 1529797808 312 
53742 53742 1529799750 338 
53743 53743 1529801694 312 
53744 53744 1529803636 338 
53745 53745 1529805578 292 
53746 53746 1529807522 300 
53747 53747 1529809464 352 
53748 53748 1529811406 338 
53749 53749 1529813350 552 
53750 53750 1529815292 398 
53751 53751 1529817234 310 
53752 53752 1529819174 284 
53753 53753 1529821114 332 
53754 53754 1529823058 334 
53755 53755 1529825000 314 
53756 53756 1529826942 674 
53757 53757 1529828886 298 
53758 53758 1529830832 318 
53759 53759 1529832776 510 
53760 53760 1529834718 588 
53761 53761 1529836658 414 
53762 53762 1529838602 318 
53763 53763 1529840546 354 
53764 53764 1529842490 300 
53765 53765 1529844432 372 
53766 53766 1529846374 318 
53767 53767 1529848318 354 
53768 53768 1529850260 394 
53769 53769 1529852200 354 
53770 53770 1529854144 416 
53771 53771 1529856084 312 
53772 53772 1529858026 658 
53773 53773 1529859970 336 
53774 53774 1529861914 318 
53775 53775 1529863858 374 
53776 53776 1529865802 300 
53777 53777 1529867744 414 
53778 53778 1529869686 336 
53779 53779 1529871628 608 
53780 53780 1529873570 320 
53781 53781 1529875514 396 
53782 53782 1529877456 278 
53784 53784 1529881340 418 
53785 53785 1529883282 316 
53786 53786 1529885226 300 
53787 53787 1529887168 606 
53788 53788 1529889110 284 
53789 53789 1529891052 356 
53790 53790 1529892996 358 
53791 53791 1529894938 414 
53792 53792 1529896882 360 
53793 53793 1529898824 292 
53794 53794 1529900768 336 
53795 53795 1529902710 314 
53796 53796 1529904654 356 
53797 53797 1529906596 374 
53798 53798 1529908538 672 
53799 53799 1529910482 336 
53800 53800 1529912424 318 
53801 53801 1529914368 284 
53802 53802 1529916310 414 
53803 53803 1529918252 350 
53804 53804 1529920196 378 
53805 53805 1529922138 332 
53806 53806 1529924080 336 
53807 53807 1529926024 332 
53808 53808 1529927966 450 
53809 53809 1529929908 294 
53810 53810 1529931852 400 
53811 53811 1529933794 280 
53812 53812 1529935736 318 
53813 53813 1529937676 528 
53814 53814 1529939620 338 
53815 53815 1529941560 334 
53816 53816 1529943502 396 
53817 53817 1529945446 728 
53818 53818 1529947388 396 
53819 53819 1529949332 416 
53820 53820 1529951274 280 
53821 53821 1529953214 414 
53822 53822 1529955154 294 
53823 53823 1529957098 374 
53824 53824 1529959044 658 
53825 53825 1529960988 352 
53826 53826 1529962930 318 
53827 53827 1529964872 314 
53828 53828 1529966816 432 
53829 53829 1529968758 314 
53830 53830 1529970700 284 
53831 53831 1529972644 408 
53832 53832 1529974586 354 
53833 53833 1529976528 350 
53834 53834 1529978468 320 
53835 53835 1529980408 354 
53836 53836 1529982352 354 
53837 53837 1529984300 354 
53838 53838 1529986244 360 
53839 53839 1529988186 356 
53840 53840 1529990128 354 
53841 53841 1529992072 286 
53842 53842 1529994014 418 
53843 53843 1529995956 354 
53844 53844 1529997898 294 
53845 53845 1529999842 316 
53846 53846 1530001784 398 
53847 53847 1530003728 356 
53848 53848 1530005670 318 
53849 53849 1530007612 332 
53850 53850 1530009556 380 
53851 53851 1530011498 352 
53852 53852 1530013440 298 
53853 53853 1530015382 312 
53854 53854 1530017326 420 
53855 53855 1530019268 316 
53856 53856 1530021210 398 
53857 53857 1530023152 354 
53858 53858 1530025094 416 
53859 53859 1530027038 586 
53860 53860 1530028980 398 
53861 53861 1530030922 332 
53862 53862 1530032866 292 
53863 53863 1530034808 332 
53864 53864 1530036750 334 
53865 53865 1530038692 354 
53866 53866 1530040636 286 
53867 53867 1530042578 318 
53868 53868 1530044520 294 
53869 53869 1530046462 370 
53870 53870 1530048404 338 
53871 53871 1530050346 312 
53872 53872 1530052288 296 
53873 53873 1530054230 294 
53874 53874 1530056172 358 
53875 53875 1530058114 944 
53876 53876 1530060056 380 
53877 53877 1530061998 410 
53878 53878 1530063940 358 
53879 53879 1530065876 358 
53880 53880 1530067820 288 
53881 53881 1530069762 350 
53882 53882 1530071706 396 
53883 53883 1530073648 288 
53884 53884 1530075590 334 
53885 53885 1530077532 1110 
53886 53886 1530079474 286 
53887 53887 1530081416 376 
53888 53888 1530083360 334 
53889 53889 1530085302 494 
53890 53890 1530087244 374 
53891 53891 1530089186 294 
53892 53892 1530091128 298 
53893 53893 1530093074 392 
53894 53894 1530095016 298 
53895 53895 1530096958 414 
53896 53896 1530098902 298 
53897 53897 1530100844 390 
53898 53898 1530102786 418 
53899 53899 1530104730 416 
53900 53900 1530106672 292 
53901 53901 1530108614 412 
53902 53902 1530110558 398 
53903 53903 1530112500 310 
53904 53904 1530114442 356 
53905 53905 1530116386 446 
53906 53906 1530118328 316 
53907 53907 1530120270 312 
53908 53908 1530122212 300 
53909 53909 1530124156 290 
53910 53910 1530126098 418 
53911 53911 1530128040 320 
53912 53912 1530129984 378 
53913 53913 1530131926 282 
53914 53914 1530133868 286 
53915 53915 1530135810 608 
53916 53916 1530137754 320 
53917 53917 1530139696 350 
53918 53918 1530141638 338 
53919 53919 1530143580 314 
53920 53920 1530145524 374 
53921 53921 1530147466 294 
53922 53922 1530149408 376 
53923 53923 1530151350 296 
53924 53924 1530153294 352 
53925 53925 1530155236 314 
53926 53926 1530157180 360 
53927 53927 1530159122 332 
53928 53928 1530161064 288 
53929 53929 1530163008 410 
53930 53930 1530164950 286 
53931 53931 1530166894 450 
53932 53932 1530168836 532 
53933 53933 1530170778 394 
53934 53934 1530172722 296 
53935 53935 1530174664 418 
53936 53936 1530176606 652 
53937 53937 1530178546 352 
53938 53938 1530180488 380 
53939 53939 1530182430 314 
53940 53940 1530184372 300 
53941 53941 1530186316 356 
53942 53942 1530188258 414 
53943 53943 1530190200 292 
53944 53944 1530192142 298 
53945 53945 1530194086 336 
53946 53946 1530196028 374 
53947 53947 1530197970 514 
53948 53948 1530199916 458 
53949 53949 1530201860 312 
53950 53950 1530203802 418 
53951 53951 1530205744 334 
53952 53952 1530207688 360 
53953 53953 1530209630 354 
53954 53954 1530211572 294 
53955 53955 1530213514 312 
53956 53956 1530215458 314 
53957 53957 1530217400 330 
53958 53958 1530219342 640 
53959 53959 1530221286 416 
53960 53960 1530223228 354 
53961 53961 1530225170 374 
53962 53962 1530227112 298 
53963 53963 1530229056 310 
53964 53964 1530230998 418 
53965 53965 1530232940 414 
53966 53966 1530234882 296 
53967 53967 1530236826 294 
53968 53968 1530238768 294 
53969 53969 1530240710 392 
53970 53970 1530242652 590 
53971 53971 1530244594 356 
53972 53972 1530246536 376 
53973 53973 1530248480 334 
53974 53974 1530250422 710 
53975 53975 1530252364 352 
53976 53976 1530254308 288 
53977 53977 1530256250 414 
53978 53978 1530258192 334 
53979 53979 1530260134 372 
53980 53980 1530262076 298 
53981 53981 1530264018 372 
53982 53982 1530265962 372 
53983 53983 1530267904 354 
53984 53984 1530269846 354 
53985 53985 1530271788 296 
53986 53986 1530273732 574 
53987 53987 1530275674 280 
53988 53988 1530277616 414 
53989 53989 1530279560 354 
53990 53990 1530281502 394 
53991 53991 1530283446 536 
53992 53992 1530285388 358 
53993 53993 1530287332 334 
53994 53994 1530289274 338 
53995 53995 1530291216 390 
53996 53996 1530293156 360 
53997 53997 1530295098 488 
53998 53998 1530297040 414 
53999 53999 1530298982 412 
54000 54000 1530300924 396 
54001 54001 1530302866 354 
54002 54002 1530304810 314 
54003 54003 1530306752 314 
54004 54004 1530308698 298 
54005 54005 1530310642 410 
54006 54006 1530312584 418 
54007 54007 1530314526 284 
54008 54008 1530316470 336 
54009 54009 1530318412 350 
54010 54010 1530320354 356 
54011 54011 1530322296 356 
54012 54012 1530324238 420 
54013 54013 1530326180 334 
54014 54014 1530328124 316 
54015 54015 1530330066 334 
54016 54016 1530332008 358 
54017 54017 1530333952 374 
54018 54018 1530335894 286 
54019 54019 1530337836 370 
54020 54020 1530339778 454 
54021 54021 1530341722 376 
54022 54022 1530343664 338 
54023 54023 1530345606 642 
54024 54024 1530347550 286 
54025 54025 1530349492 294 
54026 54026 1530351434 396 
54027 54027 1530353376 396 
54028 54028 1530355320 418 
54029 54029 1530357262 334 
54030 54030 1530359204 298 
54031 54031 1530361146 376 
54032 54032 1530363090 390 
54033 54033 1530365032 414 
54034 54034 1530366974 298 
54035 54035 1530368916 292 
54036 54036 1530370860 418 
54037 54037 1530372802 654 
54038 54038 1530374746 298 
54039 54039 1530376688 374 
54040 54040 1530378630 416 
54041 54041 1530380572 292 
54042 54042 1530382514 420 
54043 54043 1530384456 334 
54044 54044 1530386398 420 
54045 54045 1530388340 294 
54046 54046 1530390282 296 
54047 54047 1530392224 374 
54048 54048 1530394166 340 
54049 54049 1530396108 396 
54050 54050 1530398050 418 
54051 54051 1530399994 312 
54052 54052 1530401936 318 
54053 54053 1530403878 314 
54054 54054 1530405820 288 
54055 54055 1530407764 310 
54056 54056 1530409706 470 
54057 54057 1530411648 294 
54058 54058 1530413592 338 
54059 54059 1530415534 334 
54060 54060 1530417476 338 
54061 54061 1530419418 352 
54062 54062 1530421362 298 
54063 54063 1530423304 356 
54064 54064 1530425246 318 
54065 54065 1530427188 280 
54066 54066 1530429130 378 
54067 54067 1530431074 354 
54068 54068 1530433016 398 
54069 54069 1530434958 726 
54070 54070 1530436900 356 
54071 54071 1530438844 336 
54072 54072 1530440786 418 
54073 54073 1530442728 578 
54074 54074 1530444672 284 
54075 54075 1530446614 350 
54076 54076 1530448556 378 
54077 54077 1530450498 372 
54078 54078 1530452440 296 
54079 54079 1530454382 374 
54080 54080 1530456326 374 
54081 54081 1530458268 370 
54082 54082 1530460210 418 
54083 54083 1530462154 410 
54084 54084 1530464096 338 
54085 54085 1530466038 334 
54086 54086 1530467980 340 
54087 54087 1530469924 410 
54088 54088 1530471866 394 
54089 54089 1530473808 374 
54090 54090 1530475750 416 
54091 54091 1530477694 282 
54092 54092 1530479636 316 
54093 54093 1530481578 354 
54094 54094 1530483520 420 
54095 54095 1530485462 412 
54096 54096 1530487406 336 
54097 54097 1530489348 314 
54098 54098 1530491290 402 
54099 54099 1530493234 728 
54100 54100 1530495176 396 
54101 54101 1530497118 504 
54102 54102 1530499060 360 
54103 54103 1530501004 398 
54104 54104 1530502946 284 
54105 54105 1530504890 296 
54106 54106 1530506832 376 
54107 54107 1530508774 374 
54108 54108 1530510716 284 
54109 54109 1530512660 390 
54110 54110 1530514602 356 
54111 54111 1530516544 394 
54112 54112 1530518488 282 
54113 54113 1530520430 394 
54114 54114 1530522372 398 
54115 54115 1530524314 336 
54116 54116 1530526256 288 
54117 54117 1530528200 394 
54118 54118 1530530142 418 
54119 54119 1530532084 294 
54120 54120 1530534026 398 
54121 54121 1530535970 312 
54122 54122 1530537912 350 
54123 54123 1530539854 468 
54124 54124 1530541796 448 
54125 54125 1530543740 420 
54126 54126 1530545682 294 
54127 54127 1530547624 314 
54128 54128 1530549568 684 
54129 54129 1530551510 374 
54130 54130 1530553452 418 
54131 54131 1530555396 372 
54132 54132 1530557338 414 
54133 54133 1530559280 334 
54134 54134 1530561224 354 
54135 54135 1530563166 334 
54136 54136 1530565110 466 
54137 54137 1530567052 296 
54138 54138 1530568996 378 
54139 54139 1530570938 414 
54140 54140 1530572882 420 
54141 54141 1530574824 280 
54142 54142 1530576768 418 
54143 54143 1530578710 354 
54144 54144 1530580654 334 
54145 54145 1530582596 334 
54146 54146 1530584538 288 
54147 54147 1530586482 280 
54148 54148 1530588424 354 
54149 54149 1530590368 392 
54150 54150 1530592310 418 
54151 54151 1530594254 296 
54152 54152 1530596196 318 
54153 54153 1530598138 416 
54154 54154 1530600082 338 
54155 54155 1530602026 280 
54156 54156 1530603968 376 
54157 54157 1530605912 372 
54158 54158 1530607854 398 
54159 54159 1530609798 412 
54160 54160 1530611740 298 
54161 54161 1530613684 416 
54162 54162 1530615626 314 
54163 54163 1530617568 474 
54164 54164 1530619510 396 
54165 54165 1530621454 332 
54166 54166 1530623396 336 
54167 54167 1530625338 544 
54168 54168 1530627282 318 
54169 54169 1530629224 414 
54170 54170 1530631168 420 
54171 54171 1530633110 626 
54172 54172 1530635052 398 
54173 54173 1530636996 416 
54174 54174 1530638938 418 
54175 54175 1530640880 414 
54176 54176 1530642822 360 
54177 54177 1530644766 398 
54178 54178 1530646708 526 
54179 54179 1530648650 280 
54180 54180 1530650592 358 
54181 54181 1530652534 282 
54182 54182 1530654478 512 
54183 54183 1530656420 372 
54184 54184 1530658362 354 
54185 54185 1530660304 296 
54186 54186 1530662246 316 
54187 54187 1530664190 310 
54188 54188 1530666132 294 
54189 54189 1530668074 334 
54190 54190 1530670014 394 
54191 54191 1530671958 426 
54192 54192 1530673900 396 
54193 54193 1530675844 394 
54194 54194 1530677786 398 
54195 54195 1530679728 508 
54196 54196 1530681670 284 
54197 54197 1530683614 330 
54198 54198 1530685556 336 
54199 54199 1530687498 282 
54200 54200 1530689442 288 
54201 54201 1530691384 354 
54202 54202 1530693326 398 
54203 54203 1530695268 352 
54204 54204 1530697212 278 
54205 54205 1530699154 384 
54206 54206 1530701096 378 
54207 54207 1530703038 292 
54208 54208 1530704982 502 
54209 54209 1530706924 290 
54210 54210 1530708866 316 
54211 54211 1530710810 372 
54212 54212 1530712752 374 
54213 54213 1530714694 414 
54214 54214 1530716638 360 
54215 54215 1530718580 406 
54216 54216 1530720524 300 
54217 54217 1530722466 314 
54218 54218 1530724410 320 
54219 54219 1530726352 334 
54220 54220 1530728296 400 
54221 54221 1530730238 354 
54222 54222 1530732178 340 
54223 54223 1530734120 336 
54224 54224 1530736066 690 
54225 54225 1530738010 394 
54226 54226 1530739952 298 
54227 54227 1530741896 374 
54228 54228 1530743838 358 
54229 54229 1530745782 610 
54230 54230 1530747724 638 
54231 54231 1530749666 292 
54232 54232 1530751610 292 
54233 54233 1530753552 294 
54234 54234 1530755496 360 
54235 54235 1530757438 394 
54236 54236 1530759380 316 
54237 54237 1530761324 282 
54238 54238 1530763266 386 
54239 54239 1530765208 294 
54240 54240 1530767152 400 
54241 54241 1530769094 280 
54242 54242 1530771036 378 
54243 54243 1530772980 372 
54244 54244 1530774922 288 
54245 54245 1530776866 334 
54246 54246 1530778804 358 
54247 54247 1530780750 410 
54248 54248 1530782694 378 
54249 54249 1530784636 292 
54250 54250 1530786578 400 
54251 54251 1530788522 284 
54252 54252 1530790464 284 
54253 54253 1530792406 332 
54254 54254 1530794350 358 
54255 54255 1530796292 334 
54256 54256 1530798234 296 
54257 54257 1530800178 416 
54258 54258 1530802120 338 
54259 54259 1530804064 412 
54260 54260 1530806006 372 
54261 54261 1530807948 314 
54262 54262 1530809890 318 
54263 54263 1530811832 354 
54264 54264 1530813774 420 
54265 54265 1530815718 352 
54266 54266 1530817660 548 
54267 54267 1530819602 352 
54268 54268 1530821544 288 
54269 54269 1530823488 374 
54270 54270 1530825430 398 
54271 54271 1530827372 392 
54272 54272 1530829316 294 
54273 54273 1530831258 350 
54274 54274 1530833200 420 
54275 54275 1530835144 352 
54276 54276 1530837086 472 
54277 54277 1530839028 316 
54278 54278 1530840970 700 
54279 54279 1530842914 354 
54280 54280 1530844856 398 
54281 54281 1530846798 508 
54282 54282 1530848742 394 
54283 54283 1530850684 290 
54284 54284 1530852624 360 
54285 54285 1530854570 392 
54286 54286 1530856514 286 
54287 54287 1530858456 378 
54288 54288 1530860396 378 
54289 54289 1530862336 350 
54290 54290 1530864280 520 
54291 54291 1530866226 370 
54292 54292 1530868168 314 
54293 54293 1530870112 352 
54294 54294 1530872054 374 
54295 54295 1530873996 688 
54296 54296 1530875940 336 
54297 54297 1530877882 370 
54298 54298 1530879824 288 
54299 54299 1530881768 316 
54300 54300 1530883710 336 
54301 54301 1530885654 296 
54302 54302 1530887596 412 
54303 54303 1530889538 340 
54304 54304 1530891482 612 
54305 54305 1530893424 412 
54306 54306 1530895364 288 
54307 54307 1530897304 292 
54308 54308 1530899250 398 
54309 54309 1530901194 396 
54310 54310 1530903138 358 
54311 54311 1530905076 412 
54312 54312 1530907018 300 
54313 54313 1530908964 394 
54314 54314 1530910906 314 
54315 54315 1530912848 316 
54316 54316 1530914792 298 
54317 54317 1530916734 394 
54318 54318 1530918676 588 
54319 54319 1530920618 314 
54320 54320 1530922560 416 
54321 54321 1530924502 312 
54322 54322 1530926444 488 
54323 54323 1530928386 378 
54324 54324 1530930330 358 
54325 54325 1530932272 350 
54326 54326 1530934214 316 
54327 54327 1530936156 494 
54328 54328 1530938098 448 
54329 54329 1530940040 1028 
54330 54330 1530941982 416 
54331 54331 1530943926 390 
54332 54332 1530945868 486 
54333 54333 1530947810 644 
54334 54334 1530949752 300 
54335 54335 1530951696 316 
54336 54336 1530953638 316 
54337 54337 1530955580 284 
54338 54338 1530957522 398 
54339 54339 1530959464 334 
54340 54340 1530961408 530 
54341 54341 1530963350 354 
54342 54342 1530965294 424 
54343 54343 1530967236 626 
54344 54344 1530969180 356 
54345 54345 1530971122 292 
54346 54346 1530973064 336 
54347 54347 1530975008 352 
54348 54348 1530976948 398 
54349 54349 1530978888 1288 
54350 54350 1530980830 570 
54351 54351 1530982774 280 
54352 54352 1530984716 378 
54353 54353 1530986658 376 
54354 54354 1530988604 298 
54355 54355 1530990548 314 
54356 54356 1530992490 316 
54357 54357 1530994432 416 
54358 54358 1530996376 528 
54359 54359 1530998318 280 
54360 54360 1531000260 374 
54361 54361 1531002204 392 
54362 54362 1531004142 398 
54363 54363 1531006084 370 
54364 54364 1531008026 338 
54365 54365 1531009972 332 
54366 54366 1531011916 396 
54367 54367 1531013858 392 
54368 54368 1531015798 320 
54369 54369 1531017742 294 
54370 54370 1531019682 288 
54371 54371 1531021624 284 
54372 54372 1531023566 296 
54373 54373 1531025508 414 
54374 54374 1531027454 360 
54375 54375 1531029396 354 
54376 54376 1531031340 528 
54377 54377 1531033282 370 
54378 54378 1531035224 294 
54379 54379 1531037168 376 
54380 54380 1531039110 358 
54381 54381 1531041052 282 
54382 54382 1531042996 298 
54383 54383 1531044938 522 
54384 54384 1531046880 564 
54385 54385 1531048824 292 
54386 54386 1531050766 354 
54387 54387 1531052710 280 
54388 54388 1531054652 542 
54389 54389 1531056594 374 
54390 54390 1531058538 288 
54391 54391 1531060480 374 
54392 54392 1531062422 320 
54393 54393 1531064366 394 
54394 54394 1531066308 338 
54395 54395 1531068252 376 
54396 54396 1531070194 338 
54397 54397 1531072138 396 
54398 54398 1531074080 600 
54399 54399 1531076022 416 
54400 54400 1531077966 396 
54401 54401 1531079908 290 
54402 54402 1531081852 376 
54403 54403 1531083794 310 
54404 54404 1531085738 638 
54405 54405 1531087680 352 
54406 54406 1531089624 418 
54407 54407 1531091560 318 
54408 54408 1531093500 298 
54409 54409 1531095442 414 
54410 54410 1531097386 420 
54411 54411 1531099328 294 
54412 54412 1531101274 338 
54413 54413 1531103218 636 
54414 54414 1531105162 318 
54415 54415 1531107104 414 
54416 54416 1531109048 360 
54417 54417 1531110990 330 
54418 54418 1531112932 662 
54419 54419 1531114876 332 
54420 54420 1531116822 356 
54421 54421 1531118766 390 
54422 54422 1531120708 378 
54423 54423 1531122650 334 
54424 54424 1531124594 376 
54425 54425 1531126536 294 
54426 54426 1531128478 288 
54427 54427 1531130422 414 
54428 54428 1531132360 418 
54429 54429 1531134304 310 
54430 54430 1531136246 358 
54431 54431 1531138188 296 
54432 54432 1531140136 286 
54433 54433 1531142078 314 
54434 54434 1531144022 414 
54435 54435 1531145964 352 
54436 54436 1531147908 338 
54437 54437 1531149850 374 
54438 54438 1531151792 318 
54439 54439 1531153734 412 
54440 54440 1531155678 360 
54441 54441 1531157620 354 
54442 54442 1531159562 414 
54443 54443 1531161506 396 
54444 54444 1531163450 316 
54445 54445 1531165392 316 
54446 54446 1531167334 314 
54447 54447 1531169276 412 
54448 54448 1531171220 396 
54449 54449 1531173162 282 
54450 54450 1531175104 708 
54451 54451 1531177048 644 
54452 54452 1531178986 530 
54453 54453 1531180932 350 
54454 54454 1531182872 416 
54455 54455 1531184818 376 
54456 54456 1531186762 300 
54457 54457 1531188704 330 
54458 54458 1531190644 472 
54459 54459 1531192590 392 
54460 54460 1531194532 338 
54461 54461 1531196476 316 
54462 54462 1531198418 938 
54463 54463 1531200358 294 
54464 54464 1531202300 356 
54465 54465 1531204240 414 
54466 54466 1531206182 446 
54467 54467 1531208124 688 
54468 54468 1531210070 400 
54469 54469 1531212014 314 
54470 54470 1531213956 314 
54471 54471 1531215898 284 
54472 54472 1531217842 360 
54473 54473 1531219784 330 
54474 54474 1531221728 380 
54475 54475 1531223670 416 
54476 54476 1531225616 340 
54477 54477 1531227560 332 
54478 54478 1531229502 284 
54479 54479 1531231446 284 
54480 54480 1531233388 396 
54481 54481 1531235332 340 
54482 54482 1531237274 358 
54483 54483 1531239216 372 
54484 54484 1531241160 290 
54485 54485 1531243102 568 
54486 54486 1531245046 380 
54487 54487 1531246988 392 
54488 54488 1531248932 420 
54489 54489 1531250874 314 
54490 54490 1531252818 396 
54491 54491 1531254760 294 
54492 54492 1531256704 396 
54493 54493 1531258646 294 
54494 54494 1531260590 396 
54495 54495 1531262532 334 
54496 54496 1531264476 298 
54497 54497 1531266420 538 
54498 54498 1531268362 410 
54499 54499 1531270306 292 
54500 54500 1531272248 376 
54501 54501 1531274190 334 
54502 54502 1531276134 374 
54503 54503 1531278078 282 
54504 54504 1531280020 376 
54505 54505 1531281964 314 
54506 54506 1531283908 296 
54507 54507 1531285850 298 
54508 54508 1531287790 288 
54509 54509 1531289732 372 
54510 54510 1531291676 356 
54511 54511 1531293618 290 
54512 54512 1531295562 554 
54513 54513 1531297504 350 
54514 54514 1531299446 380 
54515 54515 1531301390 514 
54516 54516 1531303332 418 
54517 54517 1531305276 374 
54518 54518 1531307220 298 
54519 54519 1531309162 682 
54520 54520 1531311106 336 
54521 54521 1531313048 280 
54522 54522 1531314992 340 
54523 54523 1531316932 372 
54524 54524 1531318876 378 
54525 54525 1531320820 294 
54526 54526 1531322762 380 
54527 54527 1531324706 310 
54528 54528 1531326648 336 
54529 54529 1531328592 336 
54530 54530 1531330536 396 
54531 54531 1531332480 370 
54532 54532 1531334424 416 
54533 54533 1531336368 524 
54534 54534 1531338308 296 
54535 54535 1531340252 352 
54536 54536 1531342194 316 
54537 54537 1531344136 336 
54538 54538 1531346080 350 
54539 54539 1531348022 414 
54540 54540 1531349964 570 
54541 54541 1531351908 396 
54542 54542 1531353850 416 
54543 54543 1531355794 296 
54544 54544 1531357736 414 
54545 54545 1531359680 570 
54546 54546 1531361622 358 
54547 54547 1531363566 416 
54548 54548 1531365508 358 
54549 54549 1531367452 284 
54550 54550 1531369394 318 
54551 54551 1531371338 394 
54552 54552 1531373280 376 
54553 54553 1531375224 390 
54554 54554 1531377166 578 
54555 54555 1531379110 296 
54556 54556 1531381052 374 
54557 54557 1531382994 414 
54558 54558 1531384938 652 
54559 54559 1531386880 282 
54560 54560 1531388824 398 
54561 54561 1531390766 374 
54562 54562 1531392710 418 
54563 54563 1531394652 282 
54564 54564 1531396594 358 
54565 54565 1531398538 280 
54566 54566 1531400480 648 
54567 54567 1531402424 482 
54568 54568 1531404366 296 
54569 54569 1531406310 410 
54570 54570 1531408252 400 
54571 54571 1531410196 284 
54572 54572 1531412138 298 
54573 54573 1531414082 338 
54574 54574 1531416024 334 
54575 54575 1531417968 374 
54576 54576 1531419910 616 
54577 54577 1531421854 416 
54578 54578 1531423796 414 
54579 54579 1531425738 334 
54580 54580 1531427680 530 
54581 54581 1531429624 314 
54582 54582 1531431566 298 
54583 54583 1531433510 372 
54584 54584 1531435452 548 
54585 54585 1531437394 356 
54586 54586 1531439338 296 
54587 54587 1531441280 410 
54588 54588 1531443224 416 
54589 54589 1531445166 330 
54590 54590 1531447110 294 
54591 54591 1531449052 280 
54592 54592 1531450996 420 
54593 54593 1531452938 284 
54594 54594 1531454880 400 
54595 54595 1531456824 588 
54596 54596 1531458766 330 
54597 54597 1531460710 396 
54598 54598 1531462652 396 
54599 54599 1531464594 292 
54600 54600 1531466538 484 
54601 54601 1531468480 314 
54602 54602 1531470424 636 
54603 54603 1531472366 294 
54604 54604 1531474310 286 
54605 54605 1531476252 290 
54606 54606 1531478196 414 
54607 54607 1531480138 418 
54608 54608 1531482082 338 
54609 54609 1531484024 374 
54610 54610 1531485968 356 
54611 54611 1531487910 394 
54612 54612 1531489852 612 
54613 54613 1531491796 742 
54614 54614 1531493738 298 
54615 54615 1531495682 356 
54616 54616 1531497624 356 
54617 54617 1531499568 280 
54618 54618 1531501510 314 
54619 54619 1531503454 280 
54620 54620 1531505396 298 
54621 54621 1531507340 284 
54622 54622 1531509282 318 
54623 54623 1531511226 670 
54624 54624 1531513168 334 
54625 54625 1531515110 414 
54626 54626 1531517054 318 
54627 54627 1531518996 376 
54628 54628 1531520938 418 
54629 54629 1531522882 294 
54630 54630 1531524824 488 
54631 54631 1531526766 516 
54632 54632 1531528710 320 
54633 54633 1531530652 280 
54634 54634 1531532594 396 
54635 54635 1531534538 314 
54636 54636 1531536480 334 
54637 54637 1531538424 414 
54638 54638 1531540366 286 
54639 54639 1531542308 394 
54640 54640 1531544250 286 
54641 54641 1531546194 394 
54642 54642 1531548136 316 
54643 54643 1531550080 296 
54644 54644 1531552022 318 
54645 54645 1531553964 414 
54646 54646 1531555908 398 
54647 54647 1531557850 418 
54648 54648 1531559794 340 
54649 54649 1531561736 310 
54650 54650 1531563680 380 
54651 54651 1531565622 330 
54652 54652 1531567566 416 
54653 54653 1531569508 394 
54654 54654 1531571452 288 
54655 54655 1531573394 294 
54656 54656 1531575338 420 
54657 54657 1531577280 372 
54658 54658 1531579224 358 
54659 54659 1531581166 298 
54660 54660 1531583110 396 
54661 54661 1531585052 354 
54662 54662 1531586996 360 
54663 54663 1531588938 414 
54664 54664 1531590882 378 
54665 54665 1531592824 394 
54666 54666 1531594768 430 
54667 54667 1531596710 310 
54668 54668 1531598654 488 
54669 54669 1531600596 394 
54670 54670 1531602538 418 
54671 54671 1531604482 284 
54672 54672 1531606424 416 
54673 54673 1531608366 376 
54674 54674 1531610308 376 
54675 54675 1531612252 294 
54676 54676 1531614194 338 
54677 54677 1531616136 416 
54678 54678 1531618080 398 
54679 54679 1531620018 334 
54680 54680 1531621962 400 
54681 54681 1531623906 296 
54682 54682 1531625850 362 
54683 54683 1531627792 394 
54684 54684 1531629736 320 
54685 54685 1531631678 414 
54686 54686 1531633620 334 
54687 54687 1531635562 350 
54688 54688 1531637502 338 
54689 54689 1531639444 352 
54690 54690 1531641388 316 
54691 54691 1531643334 318 
54692 54692 1531645278 730 
54693 54693 1531647220 294 
54694 54694 1531649164 376 
54695 54695 1531651106 414 
54696 54696 1531653050 378 
54697 54697 1531654992 414 
54698 54698 1531656936 330 
54699 54699 1531658878 356 
54700 54700 1531660820 296 
54701 54701 1531662760 284 
54702 54702 1531664704 358 
54703 54703 1531666650 284 
54704 54704 1531668594 316 
54705 54705 1531670538 294 
54706 54706 1531672480 294 
54707 54707 1531674424 376 
54708 54708 1531676366 298 
54709 54709 1531678310 416 
54710 54710 1531680252 610 
54711 54711 1531682196 282 
54712 54712 1531684138 704 
54713 54713 1531686082 680 
54714 54714 1531688024 468 
54715 54715 1531689968 356 
54716 54716 1531691910 334 
54717 54717 1531693852 292 
54718 54718 1531695796 380 
54719 54719 1531697738 390 
54720 54720 1531699682 402 
54721 54721 1531701624 314 
54722 54722 1531703568 418 
54723 54723 1531705510 462 
54724 54724 1531707452 400 
54725 54725 1531709396 330 
54726 54726 1531711338 338 
54727 54727 1531713282 312 
54728 54728 1531715224 396 
54729 54729 1531717168 282 
54730 54730 1531719110 562 
54731 54731 1531721052 394 
54732 54732 1531722996 400 
54733 54733 1531724938 294 
54734 54734 1531726880 594 
54735 54735 1531728824 390 
54736 54736 1531730766 358 
54737 54737 1531732708 312 
54738 54738 1531734652 650 
54739 54739 1531736594 282 
54740 54740 1531738536 398 
54741 54741 1531740476 396 
54742 54742 1531742420 418 
54743 54743 1531744364 626 
54744 54744 1531746306 394 
54745 54745 1531748248 806 
54746 54746 1531750190 316 
54747 54747 1531752132 296 
54748 54748 1531754074 532 
54749 54749 1531756018 280 
54750 54750 1531757960 446 
54751 54751 1531759902 394 
54752 54752 1531761844 418 
54753 54753 1531763788 670 
54754 54754 1531765730 414 
54755 54755 1531767672 350 
54756 54756 1531769614 376 
54757 54757 1531771556 336 
54758 54758 1531773498 380 
54759 54759 1531775438 312 
54760 54760 1531777380 376 
54761 54761 1531779326 352 
54762 54762 1531781268 314 
54763 54763 1531783210 316 
54764 54764 1531785152 434 
54765 54765 1531787096 280 
54766 54766 1531789038 526 
54767 54767 1531790980 354 
54768 54768 1531792922 334 
54769 54769 1531794864 414 
54770 54770 1531796806 288 
54771 54771 1531798748 668 
54772 54772 1531800690 420 
54773 54773 1531802632 388 
54774 54774 1531804574 340 
54775 54775 1531806518 334 
54776 54776 1531808460 284 
54777 54777 1531810402 284 
54778 54778 1531812346 360 
54779 54779 1531814288 372 
54780 54780 1531816230 378 
54781 54781 1531818172 414 
54782 54782 1531820116 300 
54783 54783 1531822058 298 
54784 54784 1531824000 338 
54785 54785 1531825944 416 
54786 54786 1531827886 286 
54787 54787 1531829828 292 
54788 54788 1531831772 396 
54789 54789 1531833714 332 
54790 54790 1531835658 296 
54791 54791 1531837600 294 
54792 54792 1531839544 338 
54793 54793 1531841486 294 
54794 54794 1531843428 340 
54795 54795 1531845372 298 
54796 54796 1531847314 338 
54797 54797 1531849258 376 
54798 54798 1531851200 412 
54799 54799 1531853138 294 
54800 54800 1531855082 358 
54801 54801 1531857026 316 
54802 54802 1531858970 416 
54803 54803 1531860912 374 
54804 54804 1531862854 692 
54805 54805 1531864798 376 
54806 54806 1531866740 378 
54807 54807 1531868684 356 
54808 54808 1531870626 312 
54809 54809 1531872568 414 
54810 54810 1531874512 300 
54811 54811 1531876454 358 
54812 54812 1531878396 630 
54813 54813 1531880340 354 
54814 54814 1531882282 378 
54815 54815 1531884222 488 
54816 54816 1531886164 300 
54817 54817 1531888110 390 
54818 54818 1531890054 378 
54819 54819 1531891996 394 
54820 54820 1531893940 540 
54821 54821 1531895882 352 
54822 54822 1531897824 318 
54823 54823 1531899768 418 
54824 54824 1531901710 418 
54825 54825 1531903654 410 
54826 54826 1531905598 358 
54827 54827 1531907540 442 
54828 54828 1531909484 416 
54829 54829 1531911426 664 
54830 54830 1531913370 298 
54831 54831 1531915312 282 
54832 54832 1531917256 356 
54833 54833 1531919200 392 
54834 54834 1531921142 314 
54835 54835 1531923086 392 
54836 54836 1531925028 314 
54837 54837 1531926972 370 
54838 54838 1531928914 358 
54839 54839 1531930858 412 
54840 54840 1531932800 374 
54841 54841 1531934744 296 
54842 54842 1531936686 356 
54843 54843 1531938630 294 
54844 54844 1531940572 378 
54845 54845 1531942516 416 
54846 54846 1531944458 286 
54847 54847 1531946402 412 
54848 54848 1531948344 284 
54849 54849 1531950288 396 
54850 54850 1531952230 318 
54851 54851 1531954174 412 
54852 54852 1531956116 394 
54853 54853 1531958060 280 
54854 54854 1531960002 396 
54855 54855 1531961946 296 
54856 54856 1531963888 318 
54857 54857 1531965832 356 
54858 54858 1531967772 626 
54859 54859 1531969714 392 
54860 54860 1531971660 298 
54861 54861 1531973600 284 
54862 54862 1531975546 336 
54863 54863 1531977490 392 
54864 54864 1531979430 468 
54865 54865 1531981372 312 
54866 54866 1531983314 284 
54867 54867 1531985258 332 
54868 54868 1531987204 354 
54869 54869 1531989144 706 
54870 54870 1531991088 708 
54871 54871 1531993026 354 
54872 54872 1531994972 380 
54873 54873 1531996916 310 
54874 54874 1531998862 288 
54875 54875 1532000806 394 
54876 54876 1532002750 320 
54877 54877 1532004692 290 
54878 54878 1532006632 420 
54879 54879 1532008574 416 
54880 54880 1532010518 288 
54881 54881 1532062170 414 
