23178 22892 71716634 530 
23179 22893 72047182 290 
23180 22894 72062268 830 
23181 22895 72077900 546 
23182 22896 75084014 356 
23183 22897 75086600 354 
23184 22898 75089192 942 
23185 22899 75091782 312 
23187 22901 75096956 374 
17476 17476 1153747884 793164697 
23189 22903 75102142 310 
23190 22904 75104730 334 
23191 22905 75107316 612 
23192 22906 75109908 1198 
23193 22907 75112498 282 
23194 22908 75115086 1774 
23195 22909 75117674 378 
23196 22910 75120262 396 
23197 22911 75122850 666 
23198 22912 75125436 286 
23198 22912 75125436 286 
23199 22913 75128024 866 
23200 22914 75130612 612 
23201 22915 75133200 414 
23202 22916 75135786 414 
23203 22917 75138374 1392 
23205 22918 75146086 -1612 
23206 22919 75148724 378 
23207 22920 75151312 312 
23208 22921 75153898 418 
23210 22922 75164248 414 
23211 22923 75166834 370 
23212 22924 75169422 374 
23213 22925 75172008 722 
23214 22926 75174596 1302 
23215 22927 75177182 476 
23216 22928 75179770 316 
23217 22929 75182358 582 
23218 22930 75187532 3898 
23220 22932 75192706 340 
23221 22933 75195292 374 
23222 22934 75197880 356 
23223 22935 75200468 294 
23224 22936 75203054 316 
23224 22936 75203054 316 
23225 22937 75205642 1236 
23226 22938 75208230 986 
23227 22939 75210816 1260 
23228 22940 75213404 1048 
23231 22942 75223752 -2170 
23232 22943 75226340 832 
23233 22944 75228926 886 
23234 22945 75231514 282 
23235 22946 75234102 284 
23236 22947 75236688 414 
23237 22948 75239276 412 
23238 22949 75241864 844 
23240 22951 75249626 400 
23242 22953 75254800 314 
23244 22955 75259976 538 
23245 22956 75262562 354 
23246 22957 75265150 672 
23247 22958 75267738 334 
23248 22959 75270324 338 
23249 22960 75272912 320 
23250 22961 75275500 1486 
23251 22962 75278088 374 
23252 22963 75280674 360 
23252 22963 75280674 360 
23253 22964 75283262 1520 
23254 22965 75285850 316 
23255 22966 75288434 448 
23256 22967 75291024 1166 
23256 22967 75291024 1166 
23257 22968 75293614 1134 
23257 22968 75293614 1134 
23258 22969 75298790 2362 
23259 22970 75301376 1556 
23260 22971 75303964 1340 
23261 22972 75306552 292 
23262 22973 75309140 1602 
23263 22974 75311728 410 
23264 22975 75314316 398 
23265 22976 75316904 688 
23266 22977 75319492 572 
23267 22978 75322080 926 
23268 22979 75324668 294 
23269 22980 75327256 314 
23270 22981 75329844 288 
23271 22982 75332432 374 
23272 22983 75335020 1402 
23273 22984 75337608 416 
23273 22984 75337608 416 
23274 22985 75342782 2496 
23275 22986 75345372 292 
23276 22987 75347962 318 
23277 22988 75350550 316 
23278 22989 75353134 470 
23279 22990 75355724 314 
23280 22990 75360890 2266 
23283 22993 75368664 330 
23284 22994 75371252 374 
23284 22994 75371252 374 
23285 22995 75373840 1314 
23286 22996 75376428 374 
23287 22997 75379016 876 
23288 22998 75381604 288 
23289 22999 75384192 294 
23290 23000 75386780 300 
23291 23001 75389368 336 
23292 23002 75391956 394 
23293 23003 75394544 350 
23293 23003 75394544 350 
23294 23004 75399720 2512 
23295 23005 75402310 292 
23296 23006 75404898 294 
23297 23007 75409952 2164 
23298 23008 75412658 568 
23299 23009 75415250 330 
23300 23010 75417838 294 
23301 23011 75423014 2494 
23303 23013 75428190 414 
23304 23014 75430780 428 
23305 23015 75433368 394 
23306 23016 75435956 358 
23307 23017 75438544 410 
23308 23018 75441132 414 
23309 23019 75446308 2518 
23310 23020 75448896 314 
23311 23021 75451484 284 
23312 23022 75454072 358 
23313 23023 75456660 406 
23314 23024 75459248 378 
23315 23025 75461836 686 
23316 23026 75464424 374 
23317 23027 75467012 280 
23318 23028 75469600 1044 
23319 23029 75472188 414 
23320 23030 75474774 334 
23320 23030 75474774 334 
23321 23031 75477362 1322 
23322 23032 75479950 1026 
23323 23033 75482538 380 
23324 23034 75485124 532 
23325 23035 75487712 294 
23326 23036 75490300 396 
23327 23037 75492888 296 
23328 23038 75495474 692 
23329 23039 75498060 352 
23330 23040 75500648 394 
23330 23040 75500648 394 
23331 23041 75503240 992 
23332 23042 75505828 450 
23333 23043 75508416 366 
23334 23044 75511004 494 
23335 23045 75513592 388 
23336 23046 75516180 316 
23337 23047 75518768 332 
23338 23048 75521356 1064 
23339 23049 75523946 290 
23340 23050 75526534 314 
23341 23051 75529122 1202 
23342 23052 75531710 386 
23343 23053 75534298 410 
23344 23054 75536886 298 
23345 23055 75539474 462 
23346 23056 75542062 360 
23347 23057 75544648 332 
23348 23058 75547240 2016 
23349 23059 75549828 372 
23350 23060 75552412 1768 
23351 23061 75555000 648 
23352 23062 75557588 886 
23353 23063 75560178 1946 
23354 23064 75562766 398 
23355 23065 75565354 314 
23356 23066 75567938 286 
23357 23067 75570526 608 
23359 23069 75575702 390 
23360 23070 75578292 394 
23361 23071 75580882 314 
23362 23072 75583472 288 
23363 23073 75586062 296 
23364 23074 75588652 1568 
23365 23075 75591240 280 
23366 23076 75593828 394 
23367 23077 75596416 394 
23369 23079 75601594 284 
23370 23080 75604182 334 
23371 23081 75606770 294 
23372 23082 75609356 298 
23373 23083 75611944 410 
23374 23084 75614532 314 
23375 23085 75617120 394 
23376 23086 75619708 526 
23377 23087 75622296 284 
23378 23088 75624888 376 
23379 23089 75627478 314 
23380 23090 75630066 1262 
23381 23091 75632654 974 
23382 23092 75635242 652 
23383 23093 75637832 392 
23385 23095 75643008 292 
23386 23096 75645598 414 
23387 23097 75648186 552 
23388 23098 75650774 354 
23389 23099 75653362 284 
23390 23100 75655952 668 
30583 30583 2006402633 -1515877112 
23391 23101 75658540 1136 
23392 23102 75663716 2754 
23393 23103 75666304 284 
23394 23104 75668894 692 
23395 23105 75671482 296 
23396 23106 75674070 286 
23397 23107 75676658 330 
23398 23108 75679246 374 
23399 23109 75681834 334 
23400 23110 75684422 314 
23401 23111 75687012 394 
23402 23112 75689600 294 
23403 23113 75692190 394 
23404 23114 75694778 548 
23405 23115 75697366 334 
23406 23116 75699956 378 
23407 23117 75702544 350 
23408 23118 75705132 378 
23409 23119 75707720 312 
23410 23120 75710308 826 
23412 23122 75715484 374 
23413 23123 75718072 524 
23414 23124 75720660 1164 
23415 23125 75723250 650 
23416 23126 75725838 374 
23416 23126 75725838 374 
23417 23127 75728426 1142 
23418 23128 75731014 288 
23419 23129 75733604 356 
23420 23130 75736192 492 
23421 23131 75738780 1300 
23423 23133 75743958 316 
23424 23134 75746546 294 
23425 23135 75749134 736 
23426 23136 75751722 1732 
23427 23137 75754312 1022 
23428 23138 75756900 314 
23429 23139 75759488 334 
23430 23140 75762076 378 
23431 23141 75764664 408 
23432 23142 75767254 288 
23432 23142 75767254 288 
23433 23143 75769842 1856 
23435 23145 75775014 416 
23436 23146 75777602 388 
23437 23147 75780190 314 
23439 23148 75787956 -2258 
23440 23149 75790548 530 
23441 23150 75793138 280 
23442 23151 75795726 466 
23443 23152 75798314 516 
23445 23154 75803492 506 
25848 65535 -100663297 -33 
23447 23156 75808668 1688 
23448 23157 75811256 300 
23448 23157 75811256 300 
23449 23158 75813844 1492 
23450 23159 75816432 336 
23452 23161 75821610 286 
23453 23162 75824198 1098 
23454 23163 75826786 286 
23455 23164 75829374 372 
23458 23167 75837140 560 
23460 23169 75842316 288 
23461 23170 75844904 394 
23462 23171 75847494 570 
23463 23172 75850082 318 
23464 23173 75852670 338 
23465 23174 75855258 904 
23466 23175 75857846 378 
23467 23176 75860434 372 
23468 23177 75863022 398 
23469 23178 75865610 354 
23469 23178 75865610 354 
23470 23179 75868200 1392 
23471 23180 75870788 312 
23472 23181 75873376 426 
23472 23181 75873376 426 
23473 23182 75875964 1606 
23474 23183 75878552 396 
23475 23184 75881140 484 
23476 23185 75883728 374 
23477 23186 75886316 688 
23478 23187 75888904 314 
23479 23188 75891492 486 
23481 23190 75896668 284 
23483 23192 75901846 1136 
23484 23193 75904434 338 
23485 23194 75907022 294 
23486 23195 75909610 1086 
23487 23196 75912200 296 
23488 23197 75914788 486 
23490 23199 75919964 376 
23492 23201 75925140 400 
23493 23202 75927728 280 
23494 23203 75930316 318 
23495 23204 75932904 286 
23496 23205 75935494 652 
23497 23206 75938082 410 
23498 23207 75940670 316 
23499 23208 75943258 838 
23500 23209 75945846 988 
23501 23210 75948434 334 
23502 23211 75951024 298 
23503 23212 75953612 1176 
23504 23213 75956200 284 
23505 23214 75958788 442 
23506 23215 75961376 550 
23507 23216 75963964 750 
23508 23217 75966552 728 
23508 23217 75966552 728 
23509 23218 75969140 810 
23510 23219 75971728 314 
23511 23220 75974316 312 
23512 23221 75976904 316 
23513 23222 75979492 998 
23514 23223 75982080 380 
23514 23223 75982080 380 
23515 23224 75984670 990 
23516 23225 75987258 1358 
23517 23226 75989846 394 
23519 23227 75997612 -2170 
23521 23229 76002790 488 
23522 23230 76005378 318 
23523 23231 76007964 1072 
23524 23232 76010550 1436 
23525 23233 76013140 394 
23526 23234 76015728 298 
23527 23235 76018320 374 
23528 23236 76020908 338 
23529 23237 76023498 390 
23530 23238 76026086 412 
23531 23239 76028674 454 
23532 23240 76031262 298 
23533 23241 76033850 536 
23534 23242 76036440 374 
23535 23243 76039028 334 
23537 23245 76044204 332 
23537 23245 76044204 332 
23538 23246 76049378 2802 
23539 23247 76051970 354 
23540 23248 76054558 354 
23541 23249 76057148 356 
23542 23250 76059736 290 
23543 23251 76062324 584 
23544 23252 76064912 730 
23546 23254 76070090 416 
23547 23255 76072678 284 
23548 23256 76075268 1006 
23550 23258 76080444 294 
23551 23259 76083034 390 
23552 23260 76085620 1484 
23553 23261 76088208 568 
23554 23262 76090800 378 
23555 23263 76093390 920 
23556 23264 76095978 374 
23557 23265 76098566 334 
23558 23266 76101156 1362 
23559 23267 76103744 310 
23560 23268 76106332 1058 
23561 23269 76108922 358 
23562 23270 76111510 610 
23563 23271 76114100 294 
23564 23272 76116688 378 
23565 23273 76119276 1316 
23565 23273 76119276 1316 
23566 23274 76121860 1130 
23567 23275 76124446 314 
23568 23276 76127038 354 
23569 23277 76129630 398 
23570 23278 76132220 416 
23571 23279 76134808 314 
23572 23280 76137396 1244 
23572 23280 76137396 1244 
23573 23281 76139984 1652 
23574 23282 76142572 354 
23575 23283 76145162 314 
23576 23284 76147750 1150 
23577 23285 76150338 1008 
23578 23286 76152924 394 
23578 23286 76152924 394 
23579 23287 76155510 1842 
23580 23288 76158100 414 
23580 23288 76158100 414 
23582 23290 76163282 1270 
23584 23291 76171046 -2198 
23585 23292 76173634 284 
23586 23293 76176222 844 
23587 23294 76178810 284 
23589 23296 76183986 414 
23590 23297 76186574 650 
23591 23298 76189162 738 
23592 23299 76191746 358 
23593 23300 76194338 1182 
23594 23301 76196926 590 
23595 23302 76199514 454 
23596 23303 76202102 300 
23597 23304 76204688 664 
23598 23305 76207274 354 
23599 23306 76209862 414 
23600 23307 76212450 986 
23601 23308 76215036 704 
23602 23309 76217624 1036 
23603 23310 76220212 414 
23604 23311 76222800 1052 
23605 23312 76225388 394 
23606 23313 76227974 1334 
23608 23315 76233146 414 
23609 23316 76235734 314 
23611 23317 76243502 392 
23612 23318 76246094 764 
23613 23319 76248684 1450 
23614 23320 76251272 602 
23615 23321 76253860 414 
23617 23322 76261620 -1880 
23618 23323 76264208 722 
23619 23324 76266794 354 
23620 23325 76269386 652 
23621 23326 76271974 760 
23622 23327 76274562 930 
23623 23328 76277150 1050 
23624 23329 76279738 338 
23625 23330 76282326 1386 
23625 23330 76282326 1386 
23626 23331 76284914 1052 
23627 23332 76287504 454 
23628 23333 76290092 354 
23629 23334 76292680 1240 
23630 23335 76295268 528 
23631 23336 76297856 354 
23632 23337 76300444 1374 
23633 23338 76303032 314 
23634 23339 76305620 402 
23635 23340 76308206 398 
23636 23341 76310794 1820 
23637 23342 76313382 686 
23638 23343 76315970 398 
23639 23344 76318558 412 
23640 23345 76321146 286 
23641 23346 76323730 386 
23642 23347 76326318 336 
23643 23348 76328906 352 
23644 23349 76331494 414 
23645 23350 76334084 284 
23646 23351 76336674 914 
23647 23352 76339258 398 
23648 23353 76341844 374 
23649 23354 76344434 294 
23650 23355 76347026 354 
23651 23356 76349616 352 
23651 23356 76349616 352 
23652 23357 76352200 1510 
23653 23358 76354792 378 
23654 23359 76357380 318 
23654 23359 76357380 318 
23656 23361 76362558 288 
23657 23362 76365146 372 
23658 23363 76367736 398 
23659 23364 76370320 372 
23660 23365 76372908 1400 
23661 23366 76375498 738 
23662 23367 76378088 420 
23663 23368 76380676 728 
23664 23369 76383264 1124 
23665 23370 76385852 354 
23666 23371 76388440 1984 
1336 23371 76388440 1984 
23667 23371 76393616 2974 
23668 23372 76396204 354 
23669 23373 76398792 294 
23670 23374 76401380 1034 
23671 23375 76406382 2108 
23672 23376 76409144 284 
23673 23377 76411732 338 
23675 23379 76416908 810 
23676 23380 76419494 886 
23677 23381 76422082 374 
23678 23382 76424670 290 
23679 23383 76427260 280 
23681 23385 76432436 866 
23683 23387 76437612 910 
23684 23388 76440200 298 
23685 23389 76442788 394 
23686 23390 76445376 418 
23687 23391 76447964 354 
23688 23392 76450554 394 
23689 23393 76453142 1652 
23690 23394 76455730 338 
23691 23395 76458318 1344 
23692 23396 76460906 294 
23693 23397 76463496 394 
23694 23398 76466084 286 
23695 23399 76468668 608 
23696 23400 76471260 684 
23697 23401 76473850 354 
23698 23402 76476438 590 
23699 23403 76479026 882 
23700 23404 76481614 392 
23701 23405 76484202 700 
23702 23406 76486790 418 
23703 23407 76489378 282 
23704 23408 76491968 420 
23705 23409 76494556 468 
23706 23410 76497144 284 
23707 23411 76499734 862 
23708 23412 76502322 358 
23709 23413 76504910 330 
23710 23414 76507500 318 
23711 23415 76510088 1130 
23712 23416 76512676 650 
23713 23417 76515264 282 
23714 23418 76517852 360 
23715 23419 76520440 298 
23716 23420 76523030 294 
23717 23421 76525618 314 
23718 23422 76528206 862 
23718 23422 76528206 862 
23719 23423 76530796 920 
23720 23424 76533384 1760 
23721 23425 76535970 334 
23721 23425 76535970 334 
23722 23425 76538560 1526 
23723 23426 76543738 2492 
23724 23427 76546326 340 
23725 23428 76548914 336 
23726 23429 76551504 730 
23727 23430 76554092 292 
23728 23431 76556680 300 
23729 23432 76559270 314 
23730 23433 76564408 2252 
23731 23434 76567036 860 
23732 23435 76569624 428 
23733 23436 76572212 376 
23734 23437 76574802 354 
23735 23438 76577390 414 
23736 23439 76579978 380 
23737 23440 76582568 418 
23738 23441 76585156 292 
23739 23442 76587742 418 
23740 23443 76590332 1002 
23741 23444 76592916 414 
23742 23445 76595508 2084 
23743 23446 76598096 394 
23744 23447 76600686 412 
23745 23448 76603274 688 
23745 23448 76603274 688 
23746 23449 76605862 1852 
23747 23450 76608450 728 
23748 23451 76611038 288 
23749 23452 76613628 374 
23751 23454 76618804 352 
23752 23455 76621392 354 
23753 23456 76623982 390 
23754 23457 76626570 470 
23755 23458 76629158 312 
23756 23459 76631746 338 
23757 23460 76634336 374 
23758 23461 76636924 338 
23759 23462 76639512 354 
23760 23463 76642100 738 
23761 23464 76644690 376 
23762 23465 76647274 292 
23763 23466 76649866 290 
23764 23467 76652454 316 
23765 23468 76655044 352 
23766 23469 76657632 334 
23767 23470 76660222 618 
23768 23471 76662810 294 
23769 23472 76665398 1544 
23770 23473 76667986 398 
23771 23474 76670574 280 
23772 23475 76673164 370 
23773 23476 76675752 414 
23774 23477 76678340 928 
23777 23480 76686108 292 
23777 23480 76686108 292 
23778 23481 76688696 1266 
23779 23482 76691284 686 
23780 23483 76693874 1512 
23781 23484 76696462 310 
23783 23486 76701640 874 
23784 23487 76704228 286 
23785 23488 76706814 386 
23786 23489 76709404 1492 
23787 23490 76711994 338 
23787 23490 76711994 338 
23788 23491 76714582 1034 
23789 23492 76717172 286 
23790 23493 76719760 338 
23791 23494 76722348 1180 
23792 23495 76724936 484 
23793 23496 76727524 1084 
23794 23497 76730114 724 
23795 23498 76732702 334 
23796 23499 76735290 338 
23797 23500 76737878 704 
23798 23501 76740466 284 
23799 23502 76743050 294 
23800 23503 76745638 358 
23801 23504 76748230 352 
23802 23505 76750818 398 
23803 23506 76753408 644 
23804 23507 76755992 316 
23805 23508 76758582 1064 
23806 23509 76761172 300 
23807 23510 76763760 948 
23808 23511 76766348 398 
23809 23512 76768936 350 
23811 23513 76776700 -2190 
23812 23514 76779290 574 
23813 23515 76781878 388 
23815 23517 76787054 412 
23816 23518 76789642 526 
23817 23519 76792230 962 
23818 23520 76794818 1914 
23819 23521 76797408 372 
23820 23522 76799996 576 
23821 23523 76802582 358 
23822 23524 76805172 338 
23823 23525 76807760 294 
23824 23526 76810348 418 
23825 23527 76812936 688 
23826 23528 76815524 374 
23827 23529 76818106 962 
23828 23530 76820694 294 
23829 23531 76823282 354 
23830 23532 76825870 418 
23831 23533 76828458 372 
23832 23534 76831046 286 
23833 23535 76833632 314 
23834 23536 76836220 400 
23835 23537 76838808 446 
23836 23538 76841396 688 
23837 23539 76843984 312 
23838 23540 76846576 1130 
23838 23540 76846576 1130 
23839 23541 76849164 1814 
23840 23542 76851752 512 
23841 23543 76854340 726 
23842 23544 76856928 354 
23843 23545 76859516 1240 
23844 23546 76862104 1100 
23845 23547 76864690 350 
23846 23548 76867278 388 
23847 23549 76869866 296 
23848 23550 76872454 358 
23849 23551 76875044 820 
23850 23552 76877632 778 
23851 23553 76880220 394 
23852 23554 76882808 318 
23853 23555 76885396 488 
23854 23556 76887984 374 
23855 23557 76890572 1726 
23856 23558 76893160 398 
23857 23559 76895748 280 
23858 23560 76898334 758 
23859 23561 76900922 392 
23860 23562 76903510 1328 
23861 23563 76906098 414 
23862 23564 76908686 358 
23863 23565 76911274 642 
23864 23566 76913862 500 
23865 23567 76916450 332 
23866 23568 76919038 374 
23867 23569 76921622 418 
23868 23570 76924208 286 
23869 23571 76926798 354 
23870 23572 76929386 860 
23871 23573 76931978 332 
23872 23574 76934566 646 
23873 23575 76937154 374 
23874 23576 76939742 672 
23875 23577 76942330 1140 
23877 23579 76950096 284 
23878 23580 76952684 316 
23879 23581 76955272 352 
23880 23582 76957860 358 
23881 23583 76960448 280 
23881 23583 76960448 280 
23883 23585 76965624 394 
23884 23586 76968210 338 
23885 23587 76970800 564 
23886 23588 76973390 288 
23888 23590 76978566 334 
23889 23591 76981150 1472 
13107 13107 865271770 433179875 
23890 23592 76983742 354 
23892 23594 76988920 314 
23893 23595 76991508 920 
23894 23596 76994096 470 
23895 23597 76996684 1672 
23896 23598 76999272 1248 
23898 23600 77004446 286 
23899 23601 77007032 350 
23900 23602 77009624 396 
23901 23603 77012210 492 
23903 23605 77017388 314 
23904 23606 77019976 492 
23905 23607 77022566 298 
23906 23608 77025154 298 
23907 23609 77030332 2496 
23908 23610 77032920 330 
23909 23611 77035504 318 
23910 23612 77038096 340 
23911 23613 77040684 1264 
23912 23614 77043274 398 
23913 23615 77045862 798 
23914 23616 77048452 336 
23915 23617 77051040 586 
23916 23618 77053628 286 
23917 23619 77056218 722 
23918 23620 77058806 706 
23919 23621 77061394 372 
23920 23622 77063982 394 
23921 23623 77066570 354 
23922 23624 77069160 310 
23923 23625 77071748 352 
23924 23626 77074336 314 
23925 23627 77076926 294 
23926 23628 77079512 354 
23927 23629 77082102 358 
23928 23630 77084692 1044 
23929 23631 77087280 1182 
23930 23632 77089868 380 
23931 23633 77092458 310 
23932 23634 77095046 358 
23933 23635 77097634 406 
23934 23636 77100222 1130 
23935 23637 77102812 378 
23936 23638 77105400 334 
23937 23639 77107988 282 
23937 23639 77107988 282 
23938 23640 77110576 1596 
23939 23641 77113164 994 
23940 23642 77115754 976 
21845 21845 1439972060 287605734 
23942 23644 77120930 1082 
23943 23645 77123518 708 
23944 23646 77126106 294 
23945 23647 77128696 294 
23946 23648 77131284 292 
23946 23648 77131284 292 
23947 23649 77133872 1386 
23948 23650 77136460 294 
23949 23651 77139048 356 
23950 23652 77141638 1246 
23951 23653 77144226 314 
23953 23655 77149400 356 
23954 23656 77151986 378 
23955 23657 77154576 624 
23956 23658 77157168 730 
23957 23659 77159756 284 
23958 23660 77162342 398 
23959 23661 77164934 330 
23960 23662 77167522 1174 
23962 23664 77172700 334 
23964 23666 77177878 394 
23965 23667 77180466 998 
23966 23668 77183054 1456 
23967 23669 77185644 374 
23968 23670 77190816 3340 
23969 23671 77193406 730 
23970 23672 77195994 1202 
23971 23673 77198586 294 
23972 23674 77201174 294 
23973 23675 77203762 508 
23974 23676 77206352 392 
23975 23677 77208940 746 
23976 23678 77211528 314 
23977 23679 77214116 950 
23978 23680 77216704 1378 
23979 23681 77219292 354 
23980 23682 77221880 726 
23980 23682 77221880 726 
23981 23683 77227058 2876 
23982 23684 77229646 318 
23983 23685 77232234 294 
23984 23686 77234822 418 
23985 23687 77239998 2592 
23985 23687 77239998 2592 
23986 23688 77242586 2102 
23987 23689 77245176 926 
23988 23690 77247764 318 
23989 23691 77250350 1222 
23990 23692 77252940 1384 
23991 23693 77255530 1758 
23992 23694 77258120 336 
23993 23695 77260708 414 
23994 23696 77265886 2570 
23995 23697 77268474 414 
23995 23697 77268474 414 
23997 23698 77276236 -1108 
23998 23699 77278826 390 
23999 23700 77281414 646 
24000 23701 77284002 300 
24001 23702 77286594 396 
24002 23703 77289184 478 
24003 23704 77291772 402 
24004 23705 77294358 470 
24005 23706 77296946 336 
24006 23707 77299536 572 
24007 23708 77302124 280 
24008 23709 77304714 420 
24009 23710 77307302 330 
24010 23711 77309894 296 
24011 23712 77312484 372 
24011 23712 77312484 372 
24012 23713 77317658 2844 
24013 23714 77320248 294 
24014 23715 77322838 288 
24015 23716 77325426 372 
24016 23717 77328014 398 
24017 23718 77330602 354 
24018 23719 77333190 602 
24019 23720 77335778 424 
24021 23722 77340956 1090 
24022 23723 77346132 2516 
24023 23724 77348720 416 
24024 23725 77351310 1084 
24025 23726 77353898 372 
24026 23727 77356482 298 
24027 23727 77361660 1086 
24028 23728 77364250 450 
24029 23729 77366840 416 
24030 23730 77369428 286 
24031 23731 77372012 310 
24032 23732 77374604 1286 
24033 23733 77377192 374 
24034 23734 77379780 380 
24035 23735 77382370 778 
24036 23736 77384958 652 
24038 23738 77390134 568 
24039 23739 77392722 284 
24039 23739 77392722 284 
24040 23740 77395312 1600 
24041 23741 77397900 296 
24041 23741 77397900 296 
24042 23742 77400488 862 
24043 23743 77403076 352 
24043 23743 77403076 352 
24044 23744 77405664 1750 
24045 23745 77408252 392 
24046 23746 77410840 320 
24047 23747 77413426 780 
24048 23748 77416014 508 
24049 23749 77418606 294 
24049 23749 77418606 294 
24050 23750 77421196 1048 
24051 23751 77423784 410 
24052 23752 77426374 316 
24053 23753 77428962 292 
24054 23754 77431550 374 
24055 23755 77434140 332 
24056 23756 77436728 1596 
24057 23757 77439316 568 
24058 23758 77441906 318 
24059 23759 77444494 352 
24060 23760 77447084 284 
24061 23761 77449672 482 
24062 23762 77452260 998 
24063 23763 77454850 286 
24064 23764 77457438 418 
24065 23765 77460026 658 
24066 23766 77462616 338 
24067 23767 77465202 292 
24068 23768 77467792 1072 
24069 23769 77470382 628 
24070 23770 77472972 400 
24071 23771 77475560 974 
24072 23772 77478148 526 
24072 23772 77478148 526 
24073 23773 77480738 946 
24074 23774 77483326 682 
24075 23775 77485914 1576 
24076 23776 77488504 526 
24078 23778 77493682 970 
24079 23779 77496270 1214 
24080 23780 77498858 414 
24081 23781 77501446 330 
24082 23782 77504036 374 
24083 23783 77506624 390 
24084 23784 77509212 396 
24085 23785 77511800 356 
24086 23786 77514390 284 
24087 23787 77516974 590 
24088 23788 77519562 374 
24089 23789 77522154 1064 
24090 23790 77524744 298 
24091 23791 77527332 334 
24092 23792 77529920 512 
24093 23793 77532510 1294 
24094 23794 77535098 1814 
24095 23795 77537686 356 
24096 23796 77540276 296 
24097 23797 77542864 508 
24099 23799 77548040 334 
24100 23800 77550630 288 
24101 23801 77553218 332 
24102 23802 77555806 288 
24103 23803 77558394 1812 
24104 23804 77560984 376 
24105 23805 77563572 572 
24106 23806 77566160 378 
24107 23807 77568748 280 
24108 23808 77571338 1190 
24109 23809 77573926 1048 
24110 23810 77576512 960 
24111 23811 77579098 280 
24112 23812 77581690 284 
24113 23813 77584280 372 
24114 23814 77586866 358 
24115 23815 77589450 394 
24116 23816 77592038 284 
24117 23817 77594634 604 
24118 23818 77597224 354 
24119 23819 77599812 1086 
24120 23820 77602400 288 
24121 23821 77604990 644 
24122 23822 77607574 396 
24123 23823 77610162 1794 
24124 23824 77612754 354 
24125 23825 77615340 392 
24125 23825 77615340 392 
24127 23827 77620516 372 
24128 23828 77623104 374 
24129 23829 77625692 392 
24130 23830 77628284 378 
24131 23831 77630870 334 
24132 23832 77633462 586 
24133 23833 77636050 706 
24134 23834 77638640 416 
24135 23835 77641228 1038 
24136 23836 77643816 294 
24137 23837 77646404 1260 
24138 23838 77648992 340 
24139 23839 77651582 294 
24140 23840 77654170 286 
24141 23841 77656758 582 
24142 23842 77659348 298 
24143 23843 77661936 320 
24144 23844 77664524 550 
24145 23845 77667112 404 
24146 23846 77669700 418 
24147 23847 77672290 356 
24148 23848 77674878 970 
24148 23848 77674878 970 
24149 23849 77677464 1406 
24149 23849 77677464 1406 
24150 23850 77680054 1106 
24151 23851 77682644 780 
24151 23851 77682644 780 
24152 23852 77685232 1324 
24153 23853 77687820 316 
24154 23854 77690410 1442 
24155 23855 77692998 862 
24156 23856 77695582 970 
24157 23857 77698170 1166 
24158 23858 77700762 314 
24159 23859 77703352 818 
24160 23860 77705936 338 
24161 23861 77708522 414 
24162 23862 77711112 1166 
24163 23863 77713700 1142 
24164 23864 77716284 570 
24165 23865 77718876 414 
24166 23866 77721468 1016 
24167 23867 77724054 284 
24168 23868 77726642 1796 
24169 23869 77729234 372 
24170 23870 77731822 316 
24171 23871 77734412 520 
24172 23872 77737000 334 
24173 23873 77739588 886 
24174 23874 77742176 1074 
24175 23875 77744764 280 
24177 23876 77752528 -696 
24178 23877 77755116 398 
24178 23877 77755116 398 
24179 23878 77760292 3118 
24180 23879 77762880 318 
24181 23880 77765468 394 
24182 23881 77768056 338 
24182 23881 77768056 338 
24183 23882 77773232 2700 
24184 23883 77775816 1362 
24185 23884 77778404 678 
24186 23885 77780992 358 
24187 23886 77783580 938 
24188 23887 77786168 338 
24189 23888 77791344 3670 
24190 23889 77793932 956 
24192 23891 77799108 300 
24193 23892 77801694 414 
24194 23893 77804284 358 
24195 23894 77806874 296 
24196 23895 77809462 294 
24197 23896 77812050 838 
24197 23896 77812050 838 
24198 23897 77817228 2984 
24199 23898 77819814 394 
24200 23899 77822398 398 
52103 35837 -205141334 712658207 
24202 23901 77830166 2928 
24204 23903 77835346 330 
24205 23904 77837934 966 
24206 23905 77840520 288 
24207 23906 77843106 368 
24208 23907 77845698 934 
24209 23908 77848288 938 
24210 23909 77850876 354 
24211 23910 77853464 1222 
24212 23911 77856052 300 
24213 23912 77858642 352 
24214 23913 77861230 296 
24215 23914 77863818 524 
24217 23916 77868994 296 
24218 23917 77871584 416 
24219 23918 77874172 372 
24220 23919 77876760 430 
24221 23920 77879348 706 
24222 23921 77881936 1672 
24223 23922 77884524 312 
24224 23923 77887108 974 
24225 23924 77889700 414 
24226 23925 77892290 1042 
24227 23926 77894878 284 
24228 23927 77897462 376 
24229 23928 77900054 1588 
21845 21845 1711131854 -1882326594 
24230 23929 77902644 358 
24231 23930 77905232 1182 
24232 23931 77907820 338 
24233 23932 77910408 414 
24234 23933 77912996 400 
24235 23934 77915586 394 
24236 23935 77918174 370 
24237 23936 77920762 546 
24238 23937 77923350 376 
24239 23938 77925938 334 
24240 23939 77928526 552 
24242 23941 77933702 784 
24244 23943 77938874 398 
24245 23944 77941462 372 
24246 23945 77944052 300 
24246 23945 77944052 300 
24247 23946 77946642 1216 
24248 23947 77949232 376 
24249 23948 77951820 312 
24250 23949 77954408 416 
24250 23949 77954408 416 
24251 23950 77956998 1280 
24252 23951 77959586 358 
24253 23952 77962174 350 
24254 23953 77964764 2060 
24255 23954 77967352 1304 
24256 23955 77969940 972 
24256 23955 77969940 972 
24257 23956 77972528 994 
24258 23957 77977704 4424 
24259 23958 77980292 398 
24260 23959 77982882 460 
24261 23960 77985470 1648 
24262 23961 77988058 378 
24263 23962 77990646 394 
24264 23963 77993234 288 
24265 23964 77995822 476 
24267 23966 78000994 1638 
24269 23968 78006172 468 
24270 23969 78008764 374 
24271 23970 78011352 644 
24272 23971 78013942 288 
24273 23972 78016530 488 
24274 23973 78019118 692 
24275 23974 78021706 1152 
24276 23975 78024296 300 
24277 23976 78026884 354 
24278 23977 78029472 570 
24279 23978 78032060 344 
24280 23979 78034650 294 
24281 23980 78037238 280 
24282 23981 78039826 418 
24283 23982 78042414 280 
24284 23983 78045000 360 
24285 23984 78047588 1812 
24286 23985 78050176 984 
24287 23986 78052764 1100 
24288 23987 78055356 318 
24289 23988 78057946 830 
24290 23989 78060530 902 
24291 23990 78063118 280 
24292 23991 78065710 416 
24293 23992 78068298 456 
24294 23993 78070888 286 
24295 23994 78073476 994 
24296 23995 78076064 336 
24298 23996 78083828 -2306 
24299 23997 78086414 1064 
24300 23998 78089000 428 
24301 23999 78091592 410 
24302 24000 78094182 1328 
24303 24001 78096770 1140 
24304 24002 78099360 416 
24305 24003 78101948 416 
24305 24003 78101948 416 
24306 24004 78104536 968 
24307 24005 78107122 608 
24308 24006 78109710 508 
24309 24007 78112298 280 
24310 24008 78114886 418 
24311 24009 78117480 284 
24312 24010 78120068 468 
24313 24011 78122658 390 
24314 24012 78125246 418 
24315 24013 78127836 710 
24316 24014 78130424 358 
24317 24015 78133012 410 
24318 24016 78135602 374 
24319 24017 78138190 1216 
24321 24019 78143368 372 
24322 24020 78145958 340 
24323 24021 78148546 446 
24324 24022 78151134 632 
24325 24023 78153720 278 
24326 24024 78156308 494 
24326 24024 78156308 494 
26214 26214 1723622655 -805306369 
24328 24026 78161486 1228 
24329 24027 78164074 332 
24330 24028 78169256 3666 
24331 24029 78171844 746 
24332 24030 78174432 394 
24334 24032 78179608 356 
24335 24033 78182198 642 
24336 24034 78184786 378 
24337 24035 78187374 596 
24337 24035 78187374 596 
24338 24036 78189964 960 
24339 24037 78192550 414 
24340 24038 78195136 376 
24341 24039 78197726 372 
24343 24041 78202902 1010 
24344 24042 78205490 288 
24345 24043 78208080 286 
24346 24044 78210668 376 
24347 24045 78213256 392 
24348 24046 78215844 318 
24349 24047 78218430 334 
24350 24048 78221018 1200 
24351 24049 78223606 394 
24352 24050 78226198 380 
24353 24051 78228788 354 
24354 24052 78231372 356 
24355 24053 78233964 1362 
24356 24054 78236556 630 
24357 24055 78239144 330 
24358 24056 78244322 3828 
24359 24057 78246910 312 
24360 24058 78249500 416 
24360 24058 78249500 416 
24362 24060 78254676 398 
24364 24062 78259854 358 
24365 24063 78262438 1262 
24366 24064 78265026 374 
24367 24065 78267614 632 
24369 24067 78272790 684 
24370 24068 78275382 338 
24372 24070 78280562 316 
24374 24072 78285738 598 
24375 24073 78288326 376 
24376 24074 78290916 360 
24377 24075 78293504 334 
24378 24076 78296092 298 
24379 24077 78298682 666 
24380 24078 78301270 470 
24380 24078 78301270 470 
24381 24079 78303856 1148 
24383 24081 78309034 298 
24384 24082 78311624 714 
24385 24083 78314212 1154 
24386 24084 78316800 398 
24387 24085 78319390 282 
24388 24086 78321978 286 
24389 24087 78324566 402 
24389 24087 78324566 402 
24390 24088 78327152 1612 
24391 24089 78329740 606 
24392 24090 78332328 442 
24393 24091 78334918 332 
24395 24093 78340092 588 
24396 24094 78342680 286 
24397 24095 78345276 594 
24398 24096 78347866 688 
24399 24097 78350454 350 
24400 24098 78355542 2192 
24401 24099 78358222 650 
24402 24100 78360810 390 
24404 24102 78365988 1020 
24405 24103 78368576 526 
24406 24104 78371164 548 
24407 24105 78373754 1236 
24408 24106 78376342 336 
24409 24107 78378930 330 
24410 24108 78381518 336 
24411 24109 78384108 582 
24412 24110 78386696 954 
24413 24111 78389286 1080 
24414 24112 78391874 690 
24415 24113 78394464 292 
24416 24114 78397052 1222 
24417 24115 78399640 284 
24418 24116 78402230 338 
24419 24117 78404820 368 
24420 24118 78407408 766 
24421 24119 78409994 374 
24422 24120 78412582 510 
24423 24121 78415172 394 
24424 24122 78417762 378 
24425 24123 78420350 406 
24426 24124 78422938 336 
24427 24125 78425528 336 
24428 24126 78428112 1816 
24429 24127 78430700 550 
24430 24128 78433290 526 
24431 24129 78435878 370 
24432 24130 78438466 1066 
24433 24131 78441056 446 
24433 24131 78441056 446 
24434 24132 78443644 1262 
24435 24133 78446232 1298 
24436 24134 78448818 316 
24437 24135 78451406 566 
24438 24136 78453998 414 
24438 24136 78453998 414 
24439 24137 78456588 974 
24440 24138 78459176 418 
24441 24139 78461766 352 
24442 24140 78464354 874 
24443 24141 78466942 466 
24444 24142 78469530 480 
24445 24143 78472120 1088 
24446 24144 78474708 378 
24447 24145 78477298 956 
24448 24146 78479886 336 
24449 24147 78482478 526 
24450 24148 78487658 2664 
24451 24149 78490246 332 
24452 24150 78495424 2566 
24453 24151 78498012 290 
24454 24152 78500602 320 
24455 24153 78503190 1154 
24458 24156 78510956 398 
24459 24157 78513546 290 
24460 24158 78516134 414 
24461 24159 78518724 334 
24462 24160 78521310 418 
24463 24161 78523898 334 
24464 24162 78526490 316 
24465 24163 78529078 410 
24466 24164 78531668 1394 
24467 24165 78534256 378 
24468 24166 78536842 1044 
24469 24167 78539430 334 
24470 24168 78542018 418 
24471 24169 78544608 352 
24472 24170 78547196 724 
24473 24171 78549784 394 
24473 24171 78549784 394 
24474 24172 78554860 2186 
24475 24173 78557548 280 
24476 24174 78560138 284 
24477 24175 78562730 528 
24478 24176 78565320 380 
24479 24177 78567908 840 
24480 24178 78570496 396 
24481 24179 78573086 376 
24483 24181 78578262 534 
24484 24182 78580850 1110 
24485 24183 78583436 410 
24487 24185 78588616 334 
24488 24186 78591204 932 
24489 24187 78593792 414 
24490 24188 78596380 298 
24491 24189 78598970 394 
24492 24190 78601558 814 
24493 24191 78604148 342 
24494 24192 78606736 490 
24495 24192 78609324 1888 
24496 24193 78611914 334 
24497 24194 78614502 412 
24498 24195 78617092 388 
24500 24197 78622270 338 
24502 24199 78627448 944 
24503 24200 78630034 524 
17476 17476 1153760383 534675871 
24504 24201 78632622 730 
24505 24202 78635216 1082 
24506 24203 78637806 390 
24507 24204 78640392 314 
24509 24205 78645572 -2276 
24511 24207 78650750 410 
24512 24208 78653338 334 
24513 24209 78655928 280 
24514 24210 78658516 586 
24515 24211 78661104 608 
24516 24212 78663690 336 
24517 24213 78666276 314 
24518 24214 78668866 732 
24519 24215 78671456 374 
24520 24216 78674046 354 
24521 24217 78676634 416 
19924 19780 -726414881 -1350833729 
24523 24219 78681812 314 
24524 24219 78684400 1610 
24525 24220 78686990 1156 
24526 24221 78689578 418 
24527 24222 78692166 332 
24528 24223 78694754 588 
24529 24224 78699932 2764 
24530 24225 78702520 414 
24531 24226 78705108 984 
24532 24227 78707698 378 
24533 24228 78710286 282 
24535 24230 78715464 378 
24536 24231 78718052 318 
24538 24232 78725650 -1156 
24539 24233 78728408 314 
24540 24234 78733586 2648 
24541 24235 78736176 294 
24542 24236 78738766 650 
24543 24237 78741354 1152 
24544 24238 78743944 440 
24545 24239 78746532 494 
24546 24240 78749122 298 
24547 24241 78751710 566 
24548 24242 78754300 418 
24549 24243 78756890 314 
24550 24244 78759478 454 
24551 24245 78762068 334 
24552 24246 78764656 416 
24553 24246 78767244 1794 
24554 24247 78769834 488 
24555 24248 78772422 282 
24556 24249 78775012 574 
64836 24250 78777600 738 
24558 24251 78780190 1260 
24559 24252 78782780 416 
24560 24253 78785368 1046 
24561 24254 78787958 374 
24562 24255 78790548 492 
24563 24256 78795726 3408 
24564 24257 78798316 414 
24564 24257 78798316 414 
24565 24258 78803342 2132 
24566 24259 78806082 488 
24567 24260 78808672 294 
24568 24261 78811262 1116 
24569 24262 78813850 1002 
24570 24263 78816440 470 
24571 24264 78819030 284 
24572 24265 78821618 414 
24573 24266 78824206 284 
24574 24267 78826796 378 
24575 24268 78829384 378 
24576 24269 78831974 692 
24577 24270 78834562 370 
24578 24271 78837152 288 
24579 24272 78839740 310 
24580 24273 78842328 1632 
24581 24274 78844918 1078 
24582 24275 78847506 570 
24583 24276 78850094 394 
24584 24277 78852684 320 
24585 24278 78855272 418 
24586 24279 78857862 634 
24587 24280 78860448 330 
24588 24281 78863038 294 
24589 24282 78865626 294 
24590 24283 78868214 320 
24591 24284 78870802 280 
24592 24285 78873392 376 
24593 24285 78875980 1704 
24594 24286 78878570 360 
24595 24287 78881158 292 
24596 24288 78883746 628 
24597 24289 78886336 992 
24597 24289 78886336 992 
24598 24290 78888924 1298 
24599 24291 78891512 546 
24600 24292 78894102 360 
24601 24293 78896690 526 
24602 24294 78899278 284 
24603 24295 78901866 948 
55361 57607 -50617939 -1282870007 
24604 24296 78904456 354 
24605 24297 78907044 1422 
24606 24298 78909634 320 
24607 24299 78912222 336 
24608 24300 78914810 398 
24609 24301 78917398 352 
24610 24302 78919988 396 
24611 24303 78922576 314 
24612 24304 78925164 1924 
24612 24304 78925164 1924 
24613 24305 78927754 2046 
24614 24306 78930342 376 
24615 24307 78932930 644 
24616 24308 78935520 340 
24617 24309 78938108 434 
24619 24310 78945874 -2234 
24620 24311 78948464 886 
24621 24312 78951048 354 
24622 24313 78953636 278 
24624 24315 78958818 1184 
24625 24316 78961404 334 
24627 24318 78969172 390 
24629 24320 78974350 292 
24629 24320 78974350 292 
24630 24321 78976940 1940 
24631 24322 78979528 296 
24632 24323 78982118 330 
24633 24324 78984706 292 
24634 24325 78987296 378 
24635 24326 78989884 984 
24636 24327 78992472 286 
24637 24328 78995060 658 
24638 24329 78997650 846 
24639 24330 79000238 436 
24640 24331 79002826 2028 
24641 24332 79005416 376 
24642 24333 79008004 314 
24643 24334 79010592 1018 
24644 24335 79013182 420 
24645 24336 79015770 418 
24646 24337 79018358 606 
24648 24339 79023534 400 
24649 24340 79026122 516 
24650 24341 79028710 338 
24651 24342 79031298 910 
24652 24343 79033886 360 
24653 24344 79036472 412 
24654 24345 79039062 284 
24655 24346 79041652 546 
24656 24347 79044240 472 
24657 24348 79046828 542 
24658 24349 79049418 572 
24660 24351 79054594 1930 
24661 24352 79057182 284 
24662 24353 79059770 336 
24663 24354 79062358 294 
24663 24354 79062358 294 
24664 24355 79067534 2630 
24665 24356 79070122 294 
24666 24357 79072710 284 
24667 24358 79075296 394 
24668 24359 79077882 1022 
24669 24360 79080470 312 
24670 24361 79085650 3264 
24671 24362 79088240 392 
24673 24364 79093416 1012 
24674 24365 79096004 376 
24675 24366 79098592 284 
24676 24367 79101180 1182 
24677 24368 79103770 724 
24678 24369 79106358 378 
24679 24370 79108946 330 
24680 24371 79111534 652 
24681 24372 79114122 336 
24682 24373 79116712 572 
24684 24374 79121888 1944 
24684 24374 79121888 1944 
24686 24376 79129652 1628 
24687 24377 79132242 612 
24688 24378 79134830 692 
24689 24379 79137418 354 
24690 24380 79140006 1014 
24691 24381 79142592 312 
24692 24382 79145180 588 
24693 24383 79147772 332 
24695 24385 79152950 786 
24696 24386 79155540 418 
24697 24387 79158128 394 
24698 24388 79160718 356 
24699 24389 79163306 1124 
24700 24390 79165896 770 
24701 24391 79168484 394 
24702 24392 79171072 972 
24704 24394 79176250 642 
24705 24395 79178838 458 
24706 24396 79181428 888 
24706 24396 79181428 888 
24707 24397 79186602 2688 
24708 24398 79189188 288 
24709 24399 79191780 820 
24710 24400 79194370 906 
24711 24401 79196960 946 
24712 24402 79199548 1244 
24714 24404 79204724 418 
24715 24405 79207314 1000 
24716 24406 79209902 296 
24717 24407 79212490 334 
24719 24409 79217668 412 
24720 24410 79220256 358 
24721 24411 79222844 354 
24722 24412 79225432 378 
24722 24412 79225432 378 
24723 24412 79228020 1756 
24724 24413 79230608 1120 
24725 24414 79233198 282 
24726 24415 79235786 530 
24727 24416 79238374 354 
24728 24417 79240962 1208 
24729 24418 79243550 942 
24730 24419 79246138 1192 
24731 24420 79248726 872 
24732 24421 79251314 438 
24733 24422 79253902 394 
24734 24423 79256490 374 
24734 24423 79256490 374 
24735 24424 79261668 2628 
24736 24425 79264252 566 
24737 24426 79266842 502 
24739 24428 79272020 556 
24740 24429 79274608 288 
24741 24430 79277198 414 
24743 24432 79282374 618 
24744 24433 79284958 488 
24744 24433 79284958 488 
24745 24434 79287546 1016 
24748 24437 79295316 314 
24749 24438 79297904 374 
24750 24439 79300492 664 
24751 24440 79303082 562 
24754 24443 79310842 374 
24755 24444 79313430 296 
24756 24445 79316022 1064 
24757 24446 79318608 376 
24758 24447 79321200 398 
24759 24448 79323790 296 
24760 24449 79326378 416 
24761 24450 79328966 356 
24762 24451 79331554 380 
24763 24452 79334144 354 
24764 24453 79336732 414 
24764 24453 79336732 414 
24765 24454 79339320 1504 
24767 24456 79344498 1218 
24768 24457 79347086 912 
24769 24458 79349674 454 
24770 24459 79352264 396 
24771 24460 79354852 744 
24772 24461 79357440 568 
24773 24462 79360028 352 
24774 24463 79362616 356 
24775 24464 79365206 1518 
24776 24465 79367794 392 
24777 24466 79370380 1312 
24778 24467 79372966 394 
24779 24468 79375558 296 
24780 24469 79380736 3770 
24781 24470 79383322 356 
24782 24471 79385908 398 
24783 24472 79388498 316 
24784 24473 79391086 588 
24785 24474 79393676 334 
24786 24475 79396266 550 
24787 24476 79398856 288 
24787 24476 79398856 288 
24788 24477 79401446 1574 
24788 24477 79401446 1574 
24789 24478 79404034 1118 
24790 24479 79406622 300 
24791 24480 79409212 440 
24792 24481 79411800 336 
24793 24482 79414390 292 
24793 24482 79414390 292 
24794 24483 79416978 1650 
24796 24485 79422152 652 
24797 24486 79424744 486 
24798 24487 79427334 284 
24799 24488 79429922 394 
24800 24489 79432512 380 
24801 24490 79435100 1370 
24802 24491 79437688 470 
24803 24492 79440278 464 
24804 24493 79442866 294 
17476 17476 -1805048065 -100823109 
24806 24495 79448044 1194 
24807 24496 79450634 370 
24808 24497 79453224 298 
24809 24498 79455812 492 
24810 24499 79458402 638 
24811 24500 79460990 354 
24812 24501 79463580 966 
24813 24502 79466168 1190 
24814 24503 79468756 686 
24815 24504 79471346 460 
24816 24505 79473934 1064 
24817 24506 79476522 688 
24818 24507 79479112 380 
24819 24508 79481700 626 
24820 24509 79484286 378 
24821 24510 79486872 978 
24822 24511 79489462 488 
24823 24512 79492054 332 
24824 24513 79494642 316 
24825 24514 79497228 294 
24826 24515 79499816 360 
24827 24516 79502406 336 
24828 24517 79504994 1102 
24829 24518 79507586 396 
24830 24519 79510176 378 
24831 24520 79512766 282 
24832 24521 79515354 356 
24835 24524 79523122 312 
24836 24525 79525712 454 
24837 24526 79528296 370 
24838 24527 79530888 544 
24839 24528 79533478 356 
24840 24529 79536066 298 
24842 24530 79543832 -2216 
24843 24531 79546422 1796 
24844 24532 79549010 394 
24845 24533 79551598 954 
24846 24534 79554186 418 
24847 24535 79556776 430 
24848 24536 79559364 1796 
24849 24537 79561954 530 
24850 24538 79564542 376 
24851 24539 79567132 394 
24852 24540 79569720 726 
24853 24541 79572310 284 
24855 24542 79577488 1628 
24856 24543 79580074 316 
24857 24544 79582664 296 
24858 24545 79585252 1934 
24859 24546 79587840 378 
24860 24547 79590428 502 
24861 24548 79593018 414 
24862 24549 79595602 524 
24863 24550 79598190 1240 
24864 24551 79600778 300 
24865 24552 79603368 1020 
24866 24553 79605958 284 
24867 24554 79608548 412 
24868 24555 79611136 336 
24869 24556 79613724 2074 
24870 24557 79616314 376 
24871 24558 79618902 446 
24872 24559 79621490 426 
24873 24560 79624078 284 
24874 24561 79626664 1364 
24874 24561 79626664 1364 
24875 24562 79631840 2442 
22357 21877 -1252498290 -81 
24877 24564 79637020 1688 
24878 24565 79642064 2158 
24879 24566 79644788 668 
24880 24567 79647376 394 
24881 24568 79649964 310 
24883 24570 79655142 468 
24884 24571 79657730 298 
24885 24572 79660318 316 
24886 24573 79662908 398 
24888 24575 79668084 380 
24889 24576 79670674 612 
24890 24577 79673260 284 
24891 24578 79675850 292 
24892 24579 79678440 418 
24893 24580 79683616 3544 
24894 24581 79686204 318 
24895 24582 79688794 620 
24896 24583 79691382 1212 
24896 24583 79691382 1212 
24897 24584 79693970 1960 
24898 24585 79696558 936 
24899 24586 79699140 426 
24900 24587 79701726 356 
24901 24588 79704318 280 
24902 24589 79706908 430 
24903 24590 79709496 1222 
24904 24591 79712084 294 
24905 24592 79714672 284 
24906 24593 79717262 412 
24907 24594 79719850 1008 
24908 24595 79722440 422 
24909 24596 79725028 1254 
24909 24596 79725028 1254 
24910 24597 79727618 1136 
24911 24598 79730206 284 
24912 24599 79732798 416 
24913 24600 79735388 528 
24914 24601 79737976 288 
24915 24602 79740566 566 
24916 24603 79743154 336 
24917 24604 79745744 584 
24918 24605 79748332 338 
24919 24606 79750920 1264 
24920 24607 79753510 432 
24921 24608 79756098 582 
24922 24609 79758688 288 
24923 24610 79761276 410 
24924 24611 79763862 420 
24925 24612 79766450 314 
24926 24613 79769042 398 
24927 24614 79771632 290 
24928 24615 79774220 376 
24928 24615 79774220 376 
24929 24616 79776810 1266 
24930 24617 79779400 622 
24932 24619 79784576 2006 
24933 24620 79787164 614 
24934 24621 79789754 474 
24935 24622 79792342 294 
24936 24623 79794930 610 
24937 24624 79797518 336 
24938 24625 79800108 316 
24939 24626 79802696 1004 
24940 24627 79805286 378 
24941 24628 79807870 334 
24942 24629 79810458 400 
24943 24630 79813044 414 
24944 24631 79815632 358 
24945 24632 79818222 294 
24946 24633 79820812 468 
24947 24634 79823402 1596 
24948 24635 79825990 642 
24949 24636 79828578 1062 
24950 24637 79831168 670 
24952 24639 79836344 532 
24953 24640 79838932 376 
24954 24641 79841526 452 
24955 24642 79844114 374 
24956 24643 79846704 338 
24957 24644 79849292 294 
24958 24645 79851880 314 
24959 24646 79854470 1808 
24960 24647 79857058 678 
24961 24648 79859646 284 
24962 24649 79862234 654 
24963 24650 79864824 878 
24964 24651 79867412 1694 
24965 24652 79870000 334 
24966 24653 79872588 1358 
24967 24654 79875178 970 
24968 24655 79877764 412 
24969 24656 79880350 548 
24970 24657 79882942 1080 
24971 24658 79885532 666 
24972 24658 79888120 1650 
24973 24659 79890710 316 
24974 24660 79895888 3214 
24974 24660 79895888 3214 
24975 24661 79898476 1054 
24976 24662 79901064 1012 
24977 24663 79903654 336 
24978 24664 79906242 354 
24979 24665 79908830 370 
24980 24666 79911418 298 
24981 24667 79914008 336 
24982 24668 79916596 296 
24983 24669 79919186 686 
24984 24670 79921772 378 
24985 24671 79924358 844 
24986 24672 79926946 1042 
24987 24673 79929536 646 
24988 24674 79932126 316 
24989 24675 79934714 334 
24990 24676 79937302 1536 
24991 24677 79939892 1634 
24992 24678 79942480 294 
24992 24678 79942480 294 
24993 24679 79945068 2034 
24993 24679 79945068 2034 
24994 24680 79947660 1050 
24995 24681 79950250 396 
24996 24682 79952838 398 
24997 24683 79955428 418 
24998 24684 79958016 530 
24999 24685 79960604 1162 
25000 24686 79963192 378 
25001 24687 79965780 720 
25002 24688 79968368 732 
25004 24690 79973546 398 
25005 24691 79976134 768 
25006 24692 79981310 3112 
25007 24693 79983898 336 
25008 24694 79986488 320 
25009 24695 79989072 1022 
25010 24696 79991664 682 
25011 24697 79994254 334 
25012 24698 79996842 288 
25013 24699 79999432 352 
25014 24700 80002020 1470 
25015 24701 80004608 312 
25016 24702 80007196 746 
25018 24704 80012374 312 
25020 24706 80017550 394 
25021 24707 80020138 414 
25022 24708 80022728 1170 
25024 24710 80027904 418 
25025 24711 80030490 314 
25026 24712 80033076 378 
25027 24713 80035668 416 
25028 24714 80038258 462 
25029 24715 80040846 394 
25030 24716 80043434 370 
25031 24717 80046022 334 
25032 24718 80048610 588 
25033 24719 80051198 294 
25034 24720 80053786 286 
25035 24721 80056374 586 
25035 24721 80056374 586 
25036 24722 80058964 872 
25037 24723 80061552 816 
25038 24724 80064140 936 
25039 24725 80066730 352 
25040 24726 80069320 490 
25041 24727 80071908 546 
25042 24728 80074496 398 
25043 24729 80077086 394 
25044 24730 80079674 1404 
25045 24731 80082262 566 
25046 24732 80084852 1316 
25048 24734 80090028 410 
25048 24734 80090028 410 
25049 24735 80092618 1938 
25050 24736 80095204 336 
25050 24736 80095204 336 
25051 24737 80097790 1958 
25051 24737 80097790 1958 
25052 24737 80102972 2442 
25053 24738 80105560 416 
25054 24739 80108148 510 
25055 24740 80110738 370 
25056 24741 80113326 336 
25057 24742 80115914 1778 
25058 24743 80118500 1500 
25059 24744 80123672 2278 
25060 24745 80126266 358 
25061 24746 80128854 1000 
25062 24747 80131442 568 
25063 24748 80134030 314 
25064 24749 80136618 582 
25065 24750 80139206 374 
25066 24751 80141794 298 
25067 24752 80144382 354 
25068 24753 80146970 416 
25069 24754 80149558 396 
25070 24755 80152148 786 
25071 24756 80154732 358 
25072 24757 80157324 396 
25073 24758 80159912 350 
25074 24759 80162502 546 
25075 24760 80165090 414 
25076 24761 80167678 380 
25077 24762 80170268 448 
25078 24763 80172856 394 
25079 24764 80175444 708 
25080 24765 80178034 318 
25081 24766 80180622 354 
25082 24767 80183210 566 
25083 24768 80185798 970 
25084 24769 80188388 374 
25085 24770 80190976 568 
25086 24771 80193566 732 
25087 24772 80196154 294 
25088 24773 80198742 1008 
25088 24773 80198742 1008 
25089 24774 80203878 2250 
25090 24775 80206508 956 
25091 24776 80211684 2894 
25092 24777 80214274 450 
25093 24778 80216862 982 
25094 24779 80219452 390 
25095 24780 80222040 1058 
25096 24781 80224628 284 
25097 24782 80227218 314 
25098 24783 80229806 394 
25098 24783 80229806 394 
25099 24784 80232394 1046 
25100 24785 80234984 1062 
25101 24786 80237572 280 
25102 24787 80240160 284 
25103 24788 80242750 406 
25105 24790 80247922 376 
25106 24791 80250514 916 
25107 24792 80253106 504 
25108 24793 80255694 414 
25109 24794 80258282 542 
25110 24795 80260872 992 
25111 24796 80263460 414 
25112 24797 80266048 528 
25113 24798 80268636 484 
25115 24800 80273814 374 
25117 24802 80278992 636 
25118 24803 80281580 394 
25118 24803 80281580 394 
25119 24804 80284170 874 
25120 24805 80286758 390 
25121 24806 80289346 1146 
25122 24807 80291932 334 
25123 24808 80294524 1352 
25125 24810 80299702 294 
25125 24810 80299702 294 
25126 24811 80302290 1034 
25127 24812 80304880 986 
25128 24813 80307468 418 
25129 24814 80310058 510 
25130 24815 80312644 286 
25131 24816 80315232 374 
25132 24817 80317820 314 
25133 24818 80320412 392 
25134 24819 80323002 626 
25134 24819 80323002 626 
25135 24820 80325592 1140 
25136 24821 80328180 396 
25137 24822 80330770 316 
25138 24823 80333358 410 
25139 24824 80335946 632 
25140 24825 80338536 992 
25140 24825 80338536 992 
25141 24826 80341124 1104 
25142 24827 80343714 438 
25143 24828 80346302 294 
25145 24829 80374242 -1364 
