5 3 5457832 284 
6 4 5460514 340 
10 5 5470880 -7478 
11 6 5473466 414 
15 7 5483824 -7452 
16 8 5486412 338 
17 9 5488996 330 
19 10 5494176 -2254 
21 11 5499352 -2250 
22 12 5501940 374 
25 13 5509704 -4896 
26 14 5512292 378 
27 15 5514880 284 
28 16 5517470 400 
31 17 5525234 -2274 
32 18 5527822 338 
33 19 5530410 414 
35 20 5535586 394 
37 22 5540762 334 
40 23 5548526 -4878 
41 24 5551116 292 
46 25 5564056 -9936 
47 26 5566640 280 
50 28 5574408 -2308 
51 29 5576996 280 
52 30 5579584 298 
54 31 5584760 -2214 
57 32 5592524 -4802 
60 33 5600288 -4890 
61 34 5602876 316 
62 35 5605464 286 
63 36 5608052 296 
64 37 5610640 316 
70 39 5626166 352 
72 40 5631340 -2172 
73 41 5633928 334 
74 41 5636516 340 
76 42 5641692 -2176 
77 43 5644280 316 
81 44 5654632 -4844 
82 45 5657220 294 
84 46 5662396 -2174 
88 47 5672748 374 
89 48 5675338 294 
94 49 5688278 -9978 
95 50 5690866 334 
98 52 5698630 -2198 
99 53 5701218 314 
100 54 5703806 380 
101 54 5706392 334 
102 55 5708980 318 
107 56 5721918 336 
109 57 5727094 -2170 
113 59 5737444 -2186 
114 60 5740032 284 
115 61 5742620 284 
116 62 5745208 318 
117 63 5747796 352 
118 64 5750382 286 
119 65 5752970 394 
120 66 5755558 300 
122 67 5760734 -2254 
125 68 5768496 -4822 
126 69 5771080 340 
132 70 5786618 -7376 
133 71 5789202 414 
134 72 5791790 340 
135 73 5794378 370 
136 74 5796970 420 
139 75 5804736 -4804 
140 76 5807324 358 
141 77 5809912 280 
142 78 5812500 418 
146 79 5822854 378 
150 80 5833208 -4778 
151 81 5835794 314 
152 82 5838382 298 
153 83 5840974 334 
154 84 5843560 378 
158 85 5853912 356 
161 86 5861680 -4824 
163 87 5866854 -2302 
166 88 5874618 -4818 
168 88 5879798 -2198 
170 90 5884974 360 
171 91 5887562 358 
172 92 5890150 396 
173 93 5892738 416 
174 94 5895324 394 
175 95 5897912 314 
176 96 5900500 318 
178 97 5905680 -2298 
179 98 5908268 412 
180 99 5910852 318 
181 100 5913440 294 
183 101 5918620 -2252 
185 102 5923798 -2292 
186 103 5926386 298 
188 104 5931562 -2174 
189 105 5934150 330 
190 106 5936738 354 
191 107 5939326 372 
193 108 5944502 -2174 
194 109 5947090 300 
197 110 5954854 -4882 
198 111 5957442 300 
201 111 5965202 -4878 
202 111 5967790 334 
205 112 5975554 -4860 
206 113 5978144 418 
213 113 5996264 -7350 
215 114 6001440 -2270 
217 115 6006616 396 
218 116 6009206 280 
219 117 6011794 410 
221 118 6016970 -2190 
226 119 6029906 -9928 
227 120 6032494 370 
228 120 6035082 286 
229 121 6037670 390 
230 122 6040258 334 
233 123 6048026 -4784 
234 124 6050616 338 
235 125 6053204 292 
238 126 6060968 378 
239 127 6063558 394 
241 128 6068734 -2230 
242 128 6071322 288 
243 129 6073910 334 
246 130 6081672 360 
247 131 6084262 292 
248 132 6086852 340 
250 134 6092028 318 
252 135 6097200 -2174 
254 136 6102380 -2194 
255 137 6104970 416 
258 138 6112734 -2278 
259 139 6115322 334 
260 140 6117910 414 
261 141 6120498 354 
264 142 6128262 -2276 
267 143 6136022 -4838 
268 144 6138612 284 
269 145 6141202 292 
271 146 6146376 -2276 
272 147 6148962 294 
273 148 6151554 356 
274 149 6154144 356 
275 150 6156732 288 
276 151 6159318 284 
277 152 6161904 350 
279 153 6167084 -2252 
281 154 6172262 -2252 
288 155 6190378 -2252 
290 156 6195554 -2196 
293 157 6203320 -4864 
294 158 6205906 296 
295 159 6208492 334 
296 160 6211082 294 
299 161 6218850 284 
300 162 6221438 298 
301 163 6224026 356 
302 164 6226614 318 
305 165 6234380 412 
306 166 6236968 334 
307 167 6239556 334 
308 168 6242144 296 
309 169 6244732 356 
312 169 6252498 -4800 
315 170 6260260 -4822 
318 171 6268028 -4840 
321 172 6275794 -4894 
322 173 6278382 336 
323 174 6280970 414 
324 175 6283558 288 
325 176 6286148 314 
326 177 6288736 320 
328 178 6293914 -2274 
329 179 6296502 352 
330 180 6299090 286 
336 181 6314622 -10068 
340 182 6324976 -7348 
344 184 6335332 -2196 
346 185 6340504 -2256 
347 186 6343096 316 
348 187 6345684 298 
350 188 6350858 356 
351 189 6353446 334 
352 190 6356038 318 
359 191 6374156 -15202 
361 192 6379334 394 
362 193 6381922 338 
363 194 6384510 394 
365 195 6389688 -2170 
366 196 6392272 398 
367 197 6394860 292 
368 198 6397448 318 
370 199 6402624 -2234 
371 200 6405214 376 
372 201 6407802 352 
377 202 6420744 312 
379 203 6425924 -2294 
381 205 6431100 280 
382 206 6433690 394 
26214 26214 1719592157 1473921865 
385 207 6441450 332 
386 208 6444038 378 
387 209 6446626 394 
388 210 6449214 278 
389 211 6451802 372 
390 212 6454392 374 
391 213 6456978 280 
392 214 6459566 416 
394 216 6464742 358 
395 217 6467330 312 
396 218 6469918 380 
397 219 6472508 336 
398 220 6475096 414 
399 221 6477684 376 
400 222 6480272 398 
401 223 6482862 416 
402 224 6485450 350 
404 225 6490626 -2298 
406 227 6495804 396 
408 228 6500980 -2250 
409 229 6503570 356 
410 230 6506158 394 
411 231 6508746 354 
413 232 6513924 -2270 
415 233 6519100 -2300 
416 234 6521688 358 
418 235 6526864 -2306 
419 236 6529454 282 
420 237 6532042 284 
422 238 6537218 -2238 
424 239 6542394 -2294 
425 240 6544982 412 
426 241 6547570 320 
429 243 6555338 372 
431 244 6560514 -2232 
432 245 6563102 320 
434 246 6568280 -2310 
439 248 6581222 284 
442 249 6588988 -4820 
443 250 6591576 316 
445 251 6596754 -2170 
446 252 6599342 358 
448 253 6604520 332 
450 254 6609696 -2274 
451 255 6612284 290 
454 257 6620050 280 
455 258 6622638 412 
458 259 6630404 300 
459 260 6632992 410 
460 261 6635580 398 
461 262 6638170 398 
462 263 6640758 414 
463 264 6643346 356 
465 265 6648526 -2274 
466 266 6651114 334 
467 267 6653704 284 
468 268 6656292 358 
469 269 6658880 416 
470 270 6661468 356 
472 270 6666646 338 
474 271 6671824 -2306 
475 272 6674412 396 
479 273 6684768 -2270 
481 274 6689944 -2250 
482 275 6692532 288 
483 276 6695120 284 
489 277 6710652 -2296 
490 278 6713240 398 
495 279 6726184 414 
496 280 6728772 286 
497 281 6731362 396 
64044 282 6744306 -7470 
504 282 6749482 296 
505 283 6752070 354 
509 284 6762424 -4782 
511 285 6767602 -2190 
513 286 6772778 -2252 
65023 65535 -12289 -131073 
515 287 6777960 394 
516 288 6780548 414 
517 289 6783136 370 
518 290 6785724 288 
519 291 6788312 354 
521 292 6793490 -2174 
523 293 6798666 -2270 
524 294 6801254 338 
528 295 6811608 -2308 
529 296 6814196 330 
531 297 6819372 362 
532 298 6821960 284 
534 299 6827136 -2256 
535 300 6829726 330 
537 301 6834902 412 
538 302 6837492 318 
539 303 6840076 310 
540 304 6842668 400 
543 305 6850434 334 
545 306 6855610 -2294 
546 307 6858198 338 
547 308 6860786 282 
549 309 6865964 -2214 
550 310 6868552 358 
551 311 6871140 416 
552 312 6873730 278 
554 313 6878906 -2308 
556 314 6884084 -2238 
557 315 6886672 394 
565 316 6907378 352 
566 317 6909968 378 
567 318 6912556 314 
568 319 6915144 358 
569 320 6917732 280 
570 320 6920320 320 
572 321 6925498 -2238 
573 322 6928086 282 
576 323 6935852 -4816 
579 324 6943616 -4784 
580 325 6946204 318 
581 326 6948794 410 
582 327 6951382 300 
583 328 6953972 282 
585 329 6959148 -2294 
587 330 6964326 -2190 
591 331 6974680 -7388 
592 332 6977270 400 
593 333 6979858 338 
594 334 6982446 416 
597 335 6990212 -4786 
599 336 6995388 -2172 
600 337 6997978 294 
603 339 7005740 314 
604 340 7008332 314 
605 341 7010922 374 
609 342 7021276 -7430 
610 343 7023864 318 
614 344 7034218 -2192 
615 345 7036806 292 
618 346 7044570 -4836 
619 347 7047156 416 
622 348 7054922 -4896 
626 349 7065276 -7352 
627 350 7067864 312 
628 351 7070452 284 
630 352 7075628 -2216 
631 353 7078216 414 
633 354 7083392 -2172 
636 355 7091152 334 
638 356 7096328 -2198 
641 356 7104092 370 
646 357 7117036 -4756 
649 358 7124798 -4782 
650 359 7127386 318 
653 360 7135154 376 
655 361 7140332 -2210 
656 362 7142920 298 
660 363 7153274 320 
666 365 7168806 358 
671 366 7181750 -9958 
673 367 7186924 -2250 
674 368 7189512 286 
675 369 7192100 410 
676 370 7194688 338 
677 371 7197280 332 
678 372 7199870 284 
681 373 7207636 -4804 
682 374 7210224 298 
684 375 7215402 -2170 
685 376 7217990 354 
687 377 7223164 -2192 
688 378 7225752 296 
689 379 7228342 314 
691 380 7233522 -2174 
692 381 7236112 298 
694 383 7241288 374 
695 384 7243876 294 
696 385 7246464 298 
698 386 7251642 414 
700 387 7256818 -2178 
703 388 7264584 -4784 
704 388 7267172 320 
705 389 7269762 392 
708 390 7277528 -4880 
709 391 7280116 352 
712 392 7287882 -2194 
713 393 7290470 332 
716 394 7298232 414 
719 395 7305998 -4884 
721 396 7311178 -2170 
724 397 7318942 -4818 
725 398 7321532 338 
726 399 7324120 318 
727 400 7326708 294 
731 401 7337062 -7446 
733 402 7342238 394 
734 403 7344828 380 
736 404 7350004 -2174 
737 405 7352594 372 
742 406 7365534 -7392 
745 407 7373302 -4898 
746 408 7375890 420 
748 409 7381068 298 
752 410 7391422 -7450 
754 411 7396598 -2274 
65128 412 7399186 280 
756 412 7401776 286 
757 413 7404364 374 
758 414 7406952 398 
759 415 7409542 394 
762 416 7417306 -4864 
763 417 7419894 392 
765 418 7425070 314 
766 419 7427658 340 
769 420 7435424 -4896 
770 421 7438014 300 
773 422 7445778 -2300 
775 423 7450956 -2294 
776 424 7453544 356 
778 425 7458722 -2304 
779 426 7461310 354 
780 427 7463900 316 
783 428 7471666 -4764 
784 429 7474254 336 
788 430 7484610 -7450 
790 431 7489786 338 
793 433 7497554 336 
796 434 7505320 -4892 
799 435 7513086 -4762 
800 436 7515672 334 
802 437 7520852 -2236 
804 438 7526030 -2174 
807 439 7533798 -4866 
811 441 7544152 -2230 
812 442 7546740 380 
815 443 7554508 -2302 
816 444 7557096 378 
817 445 7559684 284 
821 446 7570040 -2302 
822 447 7572628 414 
824 448 7577806 -2292 
825 448 7580396 334 
826 448 7582984 378 
827 449 7585572 292 
830 450 7593338 -4762 
831 451 7595926 312 
834 453 7603692 338 
835 454 7606280 396 
838 455 7614048 -4782 
839 456 7616636 410 
840 457 7619226 356 
841 458 7621814 350 
843 459 7626992 -2292 
844 460 7629582 378 
845 461 7632170 372 
846 462 7634758 354 
847 463 7637346 294 
851 464 7647704 -2190 
852 465 7650290 288 
853 466 7652880 284 
854 467 7655470 400 
855 468 7658060 374 
857 469 7663238 -2174 
858 470 7665828 316 
862 471 7676184 -7484 
864 472 7681362 380 
871 473 7699486 -15204 
872 474 7702074 378 
873 475 7704664 316 
875 476 7709840 -2232 
876 477 7712430 418 
879 478 7720196 -4782 
880 479 7722784 376 
882 480 7727960 -2174 
883 481 7730550 414 
884 482 7733136 372 
887 483 7740902 -4762 
889 484 7746078 -2232 
890 485 7748666 416 
891 486 7751256 376 
897 487 7766786 -10046 
899 489 7771964 282 
901 490 7777142 -2168 
902 491 7779730 398 
903 492 7782320 352 
908 494 7795262 380 
909 495 7797852 394 
910 496 7800442 356 
911 497 7803030 310 
913 498 7808208 352 
914 499 7810798 298 
917 501 7818564 -2302 
918 502 7821150 400 
919 503 7823740 300 
921 504 7828920 -2176 
922 505 7831508 416 
925 506 7839272 -2190 
927 507 7844452 -2304 
929 508 7849630 374 
930 509 7852218 360 
931 510 7854808 398 
934 511 7862572 356 
939 512 7875514 -9960 
941 513 7880692 -2304 
944 514 7888458 414 
949 515 7901398 -9964 
950 516 7903990 394 
951 516 7906578 314 
953 517 7911756 -2174 
955 518 7916934 -2294 
956 519 7919522 358 
958 520 7924700 -2174 
959 521 7927288 294 
960 522 7929878 340 
961 523 7932466 414 
962 524 7935054 356 
965 525 7942820 -4762 
968 526 7950586 -4840 
972 527 7960942 -7392 
977 528 7973878 -7348 
980 529 7981650 -2296 
982 530 7986826 360 
983 530 7989416 412 
987 531 7999770 -2212 
988 532 8002358 398 
989 532 8004946 300 
990 533 8007532 420 
993 534 8015302 -4890 
995 535 8020480 -2230 
997 536 8025656 -2250 
1000 537 8033422 -4820 
1001 538 8036010 356 
1005 538 8046366 290 
1007 539 8051544 -2170 
1008 540 8054130 418 
1010 541 8059306 -2294 
1011 542 8061898 394 
1012 543 8064488 340 
1014 544 8069666 -2254 
1015 545 8072254 332 
1016 546 8074844 282 
1017 547 8077432 350 
1020 548 8085196 -4764 
17476 17476 1689666711 2121825763 
1022 548 8090374 288 
1023 549 8092966 414 
1024 550 8095556 318 
1027 550 8103322 -2190 
1028 551 8105910 296 
1029 551 8108498 416 
1030 552 8111086 298 
1031 553 8113676 350 
1033 554 8118854 -2290 
1035 555 8124030 -2294 
1036 556 8126618 360 
1038 557 8131796 -2298 
1040 558 8136972 -2274 
1041 559 8139562 414 
1042 560 8142150 398 
1044 561 8147324 -2212 
1045 562 8149912 318 
1046 562 8152502 376 
1047 563 8155094 292 
1049 564 8160272 -2232 
1050 565 8162860 338 
1054 566 8173216 -4880 
1055 567 8175804 312 
1056 568 8178392 400 
1058 569 8183570 -2258 
1059 570 8186158 294 
1060 571 8188748 420 
1061 572 8191336 330 
1062 573 8193924 400 
1065 574 8201686 -4800 
1067 575 8206868 -2236 
1068 576 8209458 380 
1070 577 8214634 356 
1071 578 8217224 292 
1072 579 8219814 300 
1074 580 8224990 -2300 
1075 581 8227580 394 
1076 582 8230168 286 
1078 582 8235346 -2234 
1081 583 8243112 336 
1082 584 8245702 380 
1084 585 8250880 -2234 
1085 586 8253468 316 
1091 587 8269002 -7430 
1092 588 8271590 356 
1094 589 8276768 -2194 
1095 590 8279352 334 
1096 591 8281940 300 
1098 592 8287120 -2222 
1099 593 8289708 396 
1100 594 8292298 318 
1102 595 8297474 -2178 
1103 596 8300062 332 
1104 597 8302650 300 
1109 598 8315594 -10072 
1110 599 8318182 358 
1111 600 8320770 394 
1112 601 8323358 298 
1113 602 8325948 392 
1114 603 8328536 398 
1115 603 8331120 280 
1117 604 8336300 398 
1119 605 8341476 -2268 
1120 606 8344064 314 
1121 607 8346652 288 
1123 608 8351830 296 
1125 609 8357006 -2250 
1128 610 8364768 -4856 
1129 611 8367356 392 
1130 612 8369944 378 
1132 613 8375126 -2216 
1133 614 8377712 376 
1135 615 8382888 -2274 
1138 617 8390658 -2312 
1140 618 8395834 288 
1142 619 8401010 380 
1143 620 8403598 332 
1144 621 8406186 280 
1145 622 8408774 294 
1147 623 8413950 416 
1148 624 8416538 352 
1149 625 8419126 284 
1156 626 8437246 -12588 
1158 627 8442418 -2304 
1160 628 8447600 -2216 
1161 629 8450188 310 
1162 630 8452776 284 
1164 631 8457952 -2304 
1168 633 8468306 -2194 
1169 634 8470894 316 
1170 635 8473484 338 
1171 636 8476072 334 
1174 637 8483836 -4822 
1177 638 8491596 -4778 
1181 639 8501952 352 
1183 640 8507128 -2230 
1185 641 8512304 -2190 
1186 642 8514892 378 
1188 643 8520068 338 
1192 644 8530420 -7482 
1193 645 8533010 358 
1195 646 8538186 -2190 
1197 647 8543364 -2302 
1198 648 8545952 318 
1199 649 8548540 350 
1200 650 8551124 420 
1201 651 8553712 414 
1202 652 8556300 320 
1203 653 8558892 332 
1204 654 8561482 296 
1206 655 8566660 -2308 
1207 656 8569248 280 
1208 657 8571836 420 
1210 658 8577014 -2216 
1211 659 8579602 414 
1213 660 8584776 -2304 
1214 661 8587364 374 
1215 662 8589952 314 
1217 663 8595128 -2194 
1218 664 8597712 318 
1226 665 8618418 -17806 
1227 666 8621006 280 
1231 667 8631358 282 
1232 668 8633946 400 
1233 669 8636536 334 
1235 670 8641712 -2310 
1236 671 8644300 296 
1238 672 8649476 -2272 
1239 673 8652064 352 
1241 674 8657242 -2230 
1243 675 8662414 358 
1246 676 8670178 -4836 
1251 677 8683124 -9964 
1253 678 8688300 334 
1254 679 8690888 420 
1255 680 8693476 372 
1256 681 8696064 288 
1257 682 8698654 334 
1260 683 8706416 -2296 
1261 684 8709004 398 
1262 684 8711592 400 
1263 685 8714180 336 
1269 686 8729716 332 
1271 687 8734894 -2302 
1272 688 8737482 412 
1280 689 8758190 -4784 
1281 690 8760778 372 
1282 691 8763368 318 
1283 692 8765956 374 
1284 692 8768544 296 
1286 692 8773716 -2170 
1287 693 8776306 374 
1288 694 8778894 286 
1291 695 8786664 -4886 
1294 696 8794430 -4778 
1302 697 8815134 -17790 
1307 698 8828082 -7350 
1310 699 8835848 354 
1311 700 8838436 376 
1312 701 8841026 376 
1313 702 8843614 314 
1317 703 8853966 -2174 
1319 704 8859144 -2172 
1321 705 8864320 -2252 
1323 706 8869498 -2228 
1325 707 8874674 -2172 
1326 708 8877264 420 
1328 709 8882436 416 
1329 710 8885024 280 
1332 711 8892790 -4842 
1333 712 8895382 284 
1335 713 8900562 -2170 
1336 714 8903150 358 
1337 715 8905740 414 
1338 715 8908328 338 
1339 716 8910916 356 
1341 717 8916096 -2210 
1342 718 8918684 376 
1344 719 8923856 316 
1347 720 8931622 -2194 
1348 721 8934210 288 
1349 722 8936802 292 
1351 723 8941978 -2304 
1352 724 8944568 374 
1353 725 8947156 312 
1354 726 8949744 288 
1355 727 8952332 316 
1356 728 8954922 400 
1357 729 8957510 298 
1358 730 8960098 286 
1359 731 8962686 280 
1360 731 8965274 358 
1366 734 8980806 398 
1368 735 8985982 -2274 
1369 736 8988570 376 
1370 737 8991156 338 
1372 738 8996332 -2212 
1373 739 8998920 316 
1375 740 9004098 -2234 
1379 741 9014456 334 
1381 742 9019632 -2208 
1384 743 9027398 -4798 
1393 744 9050700 -20340 
1394 745 9053288 286 
1395 746 9055876 296 
1397 747 9061054 -2290 
1400 748 9068820 -4782 
1401 749 9071408 336 
1402 750 9073998 286 
1403 751 9076586 350 
1407 752 9086940 -4764 
1408 753 9089528 374 
1411 754 9097292 332 
1412 755 9099878 380 
1413 756 9102466 280 
1415 756 9107642 -2234 
1417 757 9112820 314 
1419 758 9117998 -2170 
1420 759 9120586 416 
1421 760 9123174 354 
1423 761 9128352 -2270 
1424 762 9130944 320 
1425 763 9133534 292 
1426 763 9136122 318 
1427 763 9138710 282 
1428 763 9141298 414 
1429 764 9143886 416 
1431 765 9149064 -2290 
1434 766 9156830 -4782 
1435 767 9159418 396 
1436 768 9162006 318 
1439 769 9169772 -4896 
1440 770 9172360 396 
1442 772 9177538 360 
1443 773 9180126 374 
1444 774 9182714 416 
1445 775 9185302 332 
1447 776 9190480 -2170 
1448 777 9193068 400 
1449 778 9195656 374 
1450 779 9198244 340 
1451 780 9200832 294 
1452 781 9203422 414 
1453 782 9206010 350 
1455 783 9211186 -2210 
1457 784 9216362 -2228 
1458 785 9218952 318 
1459 786 9221540 290 
1460 787 9224128 376 
1461 788 9226716 392 
1462 789 9229306 318 
1464 790 9234482 -2302 
1465 791 9237070 374 
1466 792 9239658 396 
1468 793 9244836 -2296 
1469 794 9247424 284 
1473 795 9257778 -7466 
1474 796 9260366 354 
1477 797 9268130 -4892 
1478 798 9270718 318 
1481 799 9278484 -4860 
1484 800 9286248 -4802 
1485 801 9288836 394 
1486 802 9291424 396 
1488 803 9296600 358 
1489 804 9299188 412 
1492 805 9306954 -4890 
1496 806 9317306 -7388 
1497 807 9319894 314 
1501 808 9330246 -7410 
1502 809 9332834 340 
1503 810 9335422 372 
1504 811 9338010 320 
1506 812 9343188 -2308 
1507 812 9345776 374 
1508 813 9348364 314 
1509 814 9350952 312 
1510 815 9353540 320 
1511 816 9356130 350 
1515 817 9366484 -7426 
1516 818 9369074 318 
1517 819 9371662 358 
1519 820 9376838 -2294 
1522 821 9384602 -4776 
1524 822 9389780 -2238 
1527 823 9397544 -4846 
1531 824 9407900 -4896 
1532 825 9410488 376 
1534 826 9415666 -2290 
1537 827 9423432 -4844 
1538 828 9426022 296 
1539 829 9428610 412 
1548 830 9451906 -2294 
1549 830 9454494 356 
1550 831 9457082 336 
1551 832 9459672 392 
1553 833 9464848 -2300 
1554 834 9467436 378 
1555 835 9470024 292 
1557 836 9475200 -2170 
1559 837 9480378 -2232 
1560 838 9482966 378 
1562 839 9488144 -2172 
1563 840 9490732 314 
1564 841 9493322 288 
1565 842 9495906 372 
1566 843 9498498 334 
1568 844 9503676 -2176 
1569 845 9506264 372 
1570 846 9508852 400 
1572 847 9514030 -2216 
1573 848 9516620 394 
1574 849 9519208 378 
1575 850 9521798 376 
1576 851 9524386 336 
1577 852 9526974 356 
1578 852 9529564 380 
1580 853 9534742 414 
1581 854 9537330 392 
1582 855 9539918 340 
1584 856 9545096 -2278 
1585 857 9547686 394 
1587 858 9552864 -2274 
1588 859 9555452 338 
1593 860 9568398 -7356 
1597 861 9578752 -7412 
1598 862 9581342 320 
1599 863 9583930 352 
1604 864 9596874 400 
1605 865 9599462 412 
1608 867 9607226 -2298 
1610 867 9612404 -2214 
1611 868 9614992 374 
1615 868 9625344 354 
1616 868 9627932 418 
1617 869 9630522 372 
1618 870 9633110 418 
1620 871 9638288 -2174 
1621 872 9640876 354 
1624 873 9648640 -2274 
1628 874 9658994 -7480 
1629 875 9661578 396 
1631 876 9666754 -2302 
1633 877 9671934 -2174 
1634 878 9674522 418 
1636 879 9679694 -2230 
1637 880 9682284 312 
1638 881 9684874 360 
1640 882 9690050 300 
1641 883 9692640 396 
1642 884 9695228 414 
1644 885 9700404 316 
1646 886 9705580 -2208 
1650 887 9715934 288 
1652 888 9721110 -2232 
1656 890 9731464 -4798 
1659 891 9739230 -4784 
1662 892 9746996 -4840 
1663 893 9749586 284 
1665 894 9754764 -2270 
1666 895 9757348 414 
1667 896 9759936 352 
1670 897 9767708 -4894 
1671 898 9770296 334 
1673 899 9775474 -2274 
1674 900 9778062 398 
1675 901 9780652 354 
1676 902 9783240 396 
1677 903 9785830 394 
1678 904 9788418 316 
1679 905 9791008 316 
1680 905 9793596 318 
1683 906 9801364 -2254 
1685 907 9806540 -2304 
1686 908 9809128 296 
1688 909 9814306 414 
1689 910 9816894 292 
1690 911 9819484 280 
1702 912 9850550 -17728 
1706 913 9860906 -7472 
1708 914 9866082 -2194 
1709 915 9868670 334 
1710 916 9871260 338 
1711 917 9873848 394 
1715 918 9884200 282 
1716 919 9886792 378 
1717 920 9889380 410 
1718 921 9891970 418 
1719 922 9894558 332 
1720 923 9897148 358 
1721 924 9899736 336 
1722 925 9902324 414 
1723 926 9904914 312 
1724 927 9907502 286 
1725 928 9910090 332 
1726 928 9912680 358 
1728 929 9917856 -2298 
1729 930 9920446 412 
1731 931 9925620 -2302 
1732 931 9928208 380 
1738 932 9943738 320 
1739 933 9946330 334 
1741 934 9951508 -2274 
1745 934 9961864 -7472 
1746 935 9964452 318 
1748 937 9969630 318 
1749 938 9972218 334 
1750 939 9974808 416 
1751 940 9977396 330 
13107 13107 -1827064855 1599704702 
1753 941 9982574 352 
1754 942 9985162 398 
1755 943 9987748 296 
1757 944 9992924 -2254 
1758 945 9995512 420 
1759 946 9998100 312 
1760 947 10000690 380 
1761 948 10003282 374 
1764 949 10011048 376 
1765 950 10013638 376 
1768 951 10021402 420 
1773 952 10034346 -4766 
1774 953 10036934 356 
1779 954 10049872 -4878 
1780 955 10052460 358 
1782 956 10057640 -2254 
1783 957 10060230 282 
1784 958 10062818 288 
1786 959 10067994 -2194 
1787 960 10070582 392 
1789 961 10075758 -2292 
1792 961 10083524 418 
1793 962 10086112 374 
1794 963 10088700 360 
1796 964 10093878 -2214 
1797 965 10096464 310 
1798 966 10099052 354 
1799 966 10101640 292 
1800 967 10104228 286 
1801 968 10106816 416 
1802 969 10109406 320 
1808 970 10124942 -2294 
1809 971 10127532 298 
1812 972 10135298 -4894 
1814 973 10140474 -2272 
1815 974 10143062 396 
1816 975 10145650 340 
1817 976 10148238 336 
1819 977 10153412 412 
1820 978 10156000 334 
1822 979 10161176 -2254 
1823 980 10163764 280 
1825 981 10168942 -2230 
1826 982 10171532 296 
1827 983 10174124 410 
1830 984 10181888 -4824 
1832 985 10187066 332 
1833 986 10189654 332 
1835 987 10194830 -2302 
1836 988 10197420 286 
1838 989 10202596 -2308 
1844 990 10218124 -4760 
1845 991 10220712 316 
1847 992 10225894 416 
1848 993 10228484 358 
1849 994 10231074 310 
1850 995 10233662 380 
1851 996 10236252 352 
1852 997 10238840 320 
1853 998 10241430 314 
1855 999 10246608 -2208 
1856 999 10249196 374 
1857 1000 10251784 374 
1858 1001 10254372 378 
1859 1002 10256960 412 
1860 1003 10259550 336 
1861 1003 10262134 330 
1862 1004 10264722 320 
1865 1005 10272488 -4784 
1866 1006 10275078 358 
1867 1007 10277666 392 
1868 1008 10280256 316 
1873 1009 10293204 -10004 
1878 1010 10306148 -7354 
1879 1011 10308736 412 
1880 1012 10311324 380 
1884 1013 10321676 -7388 
1885 1013 10324266 414 
1886 1014 10326854 310 
1888 1015 10332032 -2214 
1889 1016 10334620 354 
1890 1016 10337210 288 
1892 1016 10342392 -2310 
1893 1017 10344980 358 
1896 1018 10352746 -4890 
1898 1019 10357924 -2178 
1899 1020 10360514 296 
1903 1021 10370866 -2174 
1904 1022 10373454 374 
1905 1023 10376044 374 
1906 1024 10378632 374 
1909 1025 10386398 -4784 
1910 1026 10388986 298 
1911 1027 10391574 416 
1913 1028 10396752 -2302 
1915 1029 10401930 -2304 
1917 1030 10407108 -2212 
1920 1031 10414874 -4802 
1921 1032 10417462 282 
1922 1033 10420052 292 
1923 1034 10422642 310 
1927 1035 10432996 -7456 
1929 1036 10438174 -2302 
1930 1037 10440764 398 
1933 1038 10448530 -2292 
1934 1039 10451118 298 
1936 1040 10456296 -2258 
1938 1042 10461474 356 
1940 1043 10466650 -2270 
1944 1044 10477004 -7352 
1946 1045 10482182 -2218 
1950 1046 10492534 -2176 
1951 1047 10495124 316 
1953 1048 10500300 338 
1954 1049 10502888 340 
1960 1050 10518420 -12586 
1964 1051 10528774 -7470 
1965 1052 10531362 294 
1966 1052 10533950 288 
1969 1052 10541716 374 
1971 1053 10546894 334 
1974 1054 10554660 -4820 
1978 1055 10565016 -7348 
1979 1056 10567604 284 
1983 1056 10577960 -7476 
1984 1057 10580548 316 
1985 1058 10583138 396 
1988 1059 10590904 -4762 
1989 1060 10593492 352 
1990 1061 10596082 320 
1994 1062 10606436 -2234 
1995 1062 10609026 414 
1996 1063 10611614 390 
1999 1064 10619380 314 
2001 1065 10624556 -2300 
2002 1066 10627144 380 
2005 1067 10634910 282 
2006 1068 10637498 318 
2007 1069 10640086 374 
2008 1070 10642674 376 
2011 1071 10650438 -4846 
2015 1072 10660790 -4846 
2016 1073 10663378 354 
2017 1074 10665964 394 
2018 1075 10668554 378 
2022 1076 10678906 -4764 
2024 1076 10684082 -2174 
2026 1076 10689260 414 
2032 1077 10704792 -12592 
2033 1078 10707382 418 
2035 1079 10712558 -2308 
2037 1080 10717734 -2230 
2038 1081 10720322 336 
2041 1082 10742164 -4764 
