0 0 1664010 0 
2 2 1667902 570 
3 3 1669844 330 
4 4 1671786 278 
5 5 1673728 334 
6 6 1675668 428 
7 7 1677616 748 
13107 13107 -754786953 2012575614 
9 9 1681502 832 
10 10 1683444 288 
12 11 1691216 -1552 
12 11 1691216 -1552 
13 12 1695100 1862 
14 13 1697040 436 
15 14 1698982 544 
16 15 1700924 316 
17 16 1702864 414 
18 17 1704806 338 
19 18 1706746 410 
20 19 1708688 958 
21 20 1710628 294 
23 22 1714512 292 
24 23 1716452 428 
24 23 1716452 428 
26 25 1720336 428 
27 26 1722276 312 
28 27 1724218 346 
29 28 1726160 280 
30 29 1728102 358 
31 30 1730042 286 
32 31 1731984 300 
33 32 1733926 374 
34 33 1737808 1670 
35 34 1739750 330 
38 37 1745570 522 
39 38 1747514 312 
40 39 1749456 932 
41 40 1751398 394 
42 41 1753340 336 
43 42 1755280 334 
44 43 1757222 706 
45 44 1759164 284 
46 45 1761104 334 
48 46 1766930 -1606 
50 48 1770812 334 
51 49 1772754 294 
52 50 1774696 414 
53 51 1776636 598 
54 52 1778578 394 
54 52 1778578 394 
56 54 1782462 698 
57 55 1784402 1012 
59 57 1788286 496 
60 58 1790228 692 
63 61 1796050 414 
64 62 1797992 410 
65 63 1799934 374 
66 64 1801874 358 
67 65 1803816 988 
68 66 1805758 536 
69 67 1807698 354 
70 68 1809640 450 
71 69 1811582 1010 
72 70 1813522 354 
73 71 1815464 352 
74 72 1817402 378 
75 73 1819346 330 
76 74 1821288 354 
76 74 1821288 354 
77 75 1825170 1834 
79 77 1829052 1322 
80 78 1830994 466 
82 80 1834876 358 
83 81 1836818 286 
84 82 1838760 1358 
85 83 1840702 432 
86 84 1842642 398 
88 86 1846526 358 
89 87 1848466 518 
90 88 1850408 412 
91 89 1852350 370 
92 90 1854292 1004 
93 91 1856232 318 
94 92 1858174 360 
95 93 1860116 362 
96 94 1862056 374 
97 95 1863998 286 
98 96 1865940 596 
99 97 1867880 354 
100 98 1869818 512 
102 100 1873704 566 
103 101 1875644 644 
104 102 1877586 400 
104 102 1877586 400 
105 103 1881468 1692 
107 105 1887290 296 
108 106 1889230 360 
110 108 1893112 338 
110 108 1893112 338 
111 109 1895054 1162 
112 110 1896994 464 
113 111 1898936 294 
114 112 1900876 414 
115 113 1902818 610 
116 114 1904758 298 
117 115 1906700 744 
118 116 1908642 338 
119 117 1910584 676 
120 118 1912524 414 
122 120 1916408 574 
123 121 1918350 294 
124 122 1920292 338 
125 123 1922232 330 
126 124 1924174 672 
127 125 1926114 294 
128 126 1928056 396 
129 127 1929996 1318 
130 128 1931938 1108 
131 129 1933878 334 
132 130 1935816 372 
133 131 1937760 376 
134 132 1939702 284 
136 134 1943580 822 
137 135 1945520 334 
138 136 1947462 300 
139 137 1949406 880 
140 138 1951348 1136 
141 139 1953290 528 
142 140 1955230 286 
143 141 1959080 1604 
144 142 1961056 608 
145 143 1962996 394 
147 145 1966880 414 
148 146 1968822 964 
149 147 1970762 412 
150 148 1972704 574 
151 149 1974646 314 
152 150 1976588 314 
153 151 1978528 334 
154 152 1980470 398 
155 153 1982410 284 
156 154 1984352 550 
157 155 1986294 296 
158 156 1988236 298 
159 157 1990176 352 
160 158 1992114 356 
161 159 1994056 284 
162 160 1995996 286 
163 161 1997940 628 
164 162 1999884 1092 
165 163 2001824 318 
166 164 2003766 374 
167 165 2005706 390 
168 166 2007648 1008 
169 167 2009590 392 
170 168 2011530 728 
171 169 2013472 466 
172 170 2015410 336 
173 171 2017352 296 
174 172 2019292 334 
175 173 2021234 914 
176 174 2023176 374 
177 175 2025118 280 
178 176 2027062 290 
179 177 2029000 354 
180 178 2030940 386 
181 179 2032882 356 
182 180 2034826 414 
183 181 2036768 336 
184 182 2038706 334 
185 183 2040650 294 
186 184 2042592 360 
187 185 2046474 3164 
188 186 2048416 418 
189 187 2050356 1272 
190 188 2052298 286 
191 189 2054236 372 
192 190 2056176 1270 
193 191 2058116 536 
194 192 2060062 568 
195 193 2061998 280 
196 194 2063936 358 
197 195 2065882 280 
197 195 2065882 280 
199 197 2071702 390 
200 198 2073642 298 
201 199 2075588 378 
202 200 2077530 582 
203 201 2079470 414 
204 202 2081412 910 
205 203 2083352 958 
206 204 2085294 488 
207 205 2087238 382 
208 206 2089180 378 
209 207 2091118 628 
211 209 2095004 332 
212 210 2096942 414 
213 211 2098886 414 
213 211 2098886 414 
214 212 2102768 2606 
215 213 2104710 842 
217 215 2108592 926 
218 216 2110534 314 
219 217 2112474 350 
220 218 2114416 410 
221 219 2116358 506 
222 220 2120240 1952 
223 221 2122180 388 
224 222 2124122 356 
225 223 2126064 396 
226 224 2128004 286 
227 225 2131884 2542 
228 226 2133826 600 
229 227 2135770 374 
230 228 2137708 286 
231 229 2139648 422 
232 230 2143528 1764 
233 231 2145468 330 
234 232 2147410 416 
235 233 2149350 372 
236 234 2151296 396 
237 235 2153238 414 
238 236 2155180 358 
239 237 2157120 1064 
240 238 2159062 1302 
241 239 2161004 354 
242 240 2162946 398 
243 241 2164886 910 
244 242 2166828 818 
245 243 2168770 280 
246 244 2170712 358 
247 245 2174598 1814 
248 246 2176540 418 
249 247 2178482 294 
250 248 2180422 414 
251 249 2182364 510 
252 250 2184306 314 
253 251 2186248 294 
254 252 2188190 378 
255 253 2190132 466 
256 254 2192072 316 
257 255 2194014 1424 
258 256 2195956 946 
259 257 2197896 584 
260 258 2199838 946 
261 259 2201780 416 
262 260 2203720 506 
263 261 2205662 486 
264 262 2207600 320 
265 263 2209544 876 
266 264 2211484 350 
267 265 2213424 394 
268 266 2215366 492 
269 267 2217308 334 
270 268 2219252 358 
271 269 2221194 294 
272 270 2223136 416 
273 271 2225076 568 
274 272 2227018 414 
275 273 2228960 356 
276 274 2230900 412 
277 275 2232842 338 
278 276 2236562 1478 
279 277 2238666 334 
280 278 2240608 284 
281 279 2242550 414 
282 280 2244492 394 
283 281 2246432 378 
284 282 2248374 414 
284 282 2248374 414 
285 283 2250316 890 
287 285 2254200 292 
288 286 2256138 358 
289 287 2258078 290 
290 288 2260022 538 
291 289 2261962 296 
293 291 2265848 454 
294 292 2267788 376 
294 292 2267788 376 
295 293 2269728 990 
296 294 2271672 456 
297 295 2273614 394 
298 296 2275554 298 
299 297 2277496 392 
300 298 2279440 650 
300 298 2279440 650 
301 299 2281382 882 
302 300 2283322 508 
303 301 2285264 374 
304 302 2287202 418 
305 303 2289146 392 
307 305 2293030 1216 
308 306 2294972 590 
309 307 2296912 352 
310 308 2298854 414 
311 309 2300796 284 
312 310 2302738 412 
312 310 2302738 412 
313 311 2306620 2390 
314 312 2308562 400 
315 313 2310504 528 
316 314 2312444 654 
317 315 2314386 414 
318 316 2316328 316 
319 317 2318266 1014 
320 318 2320206 994 
321 319 2322148 332 
322 320 2324094 288 
323 321 2326036 370 
324 322 2327974 298 
325 323 2329918 352 
326 324 2331858 420 
327 325 2333798 280 
328 326 2335740 288 
329 327 2337678 394 
330 328 2339622 488 
331 329 2341562 394 
332 330 2345308 1508 
333 331 2347386 332 
334 332 2349330 418 
335 333 2351272 336 
336 334 2353214 356 
337 335 2355152 370 
338 336 2359038 2180 
338 336 2359038 2180 
339 337 2362924 2322 
340 337 2366810 1912 
341 338 2368750 280 
342 339 2370694 548 
343 340 2372636 392 
344 341 2376520 1846 
345 342 2378462 546 
346 343 2380404 338 
347 344 2382344 416 
348 345 2384286 570 
348 345 2384286 570 
349 346 2386228 966 
349 346 2386228 966 
351 348 2390112 314 
352 349 2392054 318 
353 350 2393994 624 
354 351 2395936 402 
355 352 2397878 628 
356 353 2399820 1220 
357 354 2401760 1070 
358 355 2403702 336 
359 356 2405644 1130 
360 357 2407586 288 
361 358 2409528 410 
362 359 2411468 606 
363 360 2413410 394 
364 361 2415348 286 
365 362 2417292 296 
366 363 2419232 314 
367 364 2421176 284 
368 365 2423114 570 
369 366 2425056 416 
370 367 2426998 414 
371 368 2428938 318 
372 369 2430880 288 
373 370 2432822 336 
374 371 2434764 338 
375 372 2436706 746 
376 373 2438646 570 
377 374 2440588 728 
378 375 2442530 286 
378 375 2442530 286 
380 377 2446410 396 
381 378 2448354 390 
13107 13107 -1556169932 464891028 
382 379 2450296 662 
383 380 2454180 1780 
385 381 2460004 860 
386 382 2461946 418 
387 383 2463886 960 
388 384 2465828 340 
389 385 2469604 1530 
390 386 2471656 414 
391 387 2473598 334 
392 388 2475540 856 
393 389 2477480 372 
394 390 2483164 3440 
395 391 2485246 352 
396 392 2489128 1842 
396 392 2489128 1842 
397 393 2493012 2098 
398 394 2494952 712 
399 395 2496894 544 
400 396 2498836 1018 
402 398 2502720 488 
403 399 2504662 290 
404 400 2506602 358 
405 401 2508544 398 
406 402 2510482 492 
407 403 2512426 664 
408 404 2514368 338 
409 405 2516310 416 
410 406 2518252 418 
412 408 2522134 294 
414 410 2526016 418 
415 411 2527958 528 
416 412 2529900 284 
417 413 2531840 1090 
418 414 2533782 290 
418 414 2533782 290 
419 415 2535722 1124 
420 416 2537664 290 
421 417 2539606 486 
422 418 2541542 1108 
423 419 2543484 378 
424 420 2545424 1180 
425 421 2547366 432 
426 422 2549308 664 
427 423 2551248 410 
427 423 2551248 410 
428 424 2555130 2902 
430 426 2559010 598 
431 427 2560954 392 
432 428 2562896 1082 
433 429 2564836 372 
433 429 2564836 372 
434 430 2568708 1638 
435 431 2570660 816 
436 432 2572600 974 
437 433 2574542 574 
438 434 2576482 286 
439 435 2578428 646 
440 436 2580370 668 
441 437 2582312 314 
442 438 2586194 2094 
443 439 2588136 374 
444 440 2591930 1556 
445 441 2593960 338 
446 442 2595902 288 
447 443 2597842 412 
448 444 2599784 338 
449 445 2601726 416 
450 446 2603666 1032 
452 447 2609490 -1582 
454 448 2615314 -962 
455 449 2617254 290 
456 450 2619192 378 
457 451 2621136 284 
458 452 2623078 286 
460 453 2630842 -1588 
461 454 2632784 334 
462 455 2634726 448 
463 456 2636666 484 
463 456 2636666 484 
465 458 2640548 314 
466 459 2642490 338 
467 460 2644432 396 
468 461 2646372 1150 
469 462 2648314 1160 
470 463 2650254 412 
471 464 2652196 530 
472 465 2654136 354 
473 466 2656078 292 
474 467 2658018 298 
475 468 2659960 314 
476 469 2661900 610 
477 470 2663842 986 
478 471 2667720 1670 
479 472 2669664 310 
480 473 2671606 930 
481 474 2673542 280 
482 475 2675482 438 
483 476 2677424 332 
484 477 2679364 532 
485 478 2681306 354 
486 479 2683248 318 
487 480 2685192 780 
488 481 2687130 318 
489 482 2689074 488 
490 483 2691016 1256 
491 484 2692958 658 
492 485 2694900 416 
493 486 2696840 314 
494 487 2698782 416 
495 488 2700724 372 
496 489 2702666 418 
497 490 2704606 730 
498 491 2706548 360 
499 492 2708490 332 
500 493 2710430 416 
501 494 2714314 2542 
502 495 2716254 378 
503 496 2718196 396 
504 497 2720138 478 
505 498 2722080 1080 
506 499 2724020 430 
507 500 2725962 416 
508 501 2727900 318 
509 502 2729844 376 
510 503 2731786 780 
511 504 2733728 336 
512 505 2735670 1026 
513 506 2737610 280 
514 507 2739552 360 
515 508 2741494 392 
516 509 2743436 654 
517 510 2745378 350 
518 511 2747318 414 
519 512 2749260 466 
520 513 2751202 814 
521 514 2753144 526 
522 515 2758968 3958 
523 516 2760908 686 
524 517 2762850 418 
526 519 2766732 378 
527 520 2768674 280 
528 521 2770616 916 
529 522 2772556 742 
530 523 2774498 1124 
531 524 2776436 316 
532 525 2778380 398 
533 526 2780322 506 
534 527 2784206 1692 
535 528 2786146 374 
536 529 2788088 916 
536 529 2788088 916 
537 530 2791972 2174 
538 531 2793912 1182 
539 532 2795854 688 
540 533 2797796 1268 
541 534 2799736 1094 
542 535 2801678 400 
543 536 2803620 296 
544 537 2805562 1212 
545 538 2807502 414 
546 539 2809444 412 
547 540 2811386 376 
548 541 2813328 708 
549 542 2815270 292 
550 543 2817212 418 
551 544 2821096 1952 
552 545 2823038 336 
553 546 2824980 280 
554 547 2826920 358 
555 548 2828862 930 
556 549 2830804 1046 
557 550 2832746 372 
558 551 2834688 294 
559 552 2836628 506 
559 552 2836628 506 
560 553 2838568 942 
561 554 2840510 614 
562 555 2842454 334 
563 556 2844396 1058 
564 557 2846338 288 
565 558 2850222 1866 
566 559 2852162 286 
567 560 2854104 510 
568 561 2856046 288 
569 562 2857988 392 
570 563 2859930 356 
572 565 2865754 1758 
573 566 2867696 296 
574 567 2869638 358 
575 568 2871580 954 
576 569 2873520 592 
577 570 2875462 1034 
578 571 2877404 708 
579 572 2879346 354 
580 573 2881288 998 
581 574 2883228 296 
582 575 2885168 1068 
583 576 2888952 1544 
584 577 2890994 418 
586 579 2894878 420 
587 580 2896820 686 
588 581 2898762 776 
589 582 2900702 890 
590 582 2904586 1932 
591 583 2910412 4192 
592 584 2912352 376 
593 585 2914294 356 
594 586 2916236 286 
595 587 2918178 374 
596 588 2920120 1242 
597 589 2922062 292 
64589 590 2924002 414 
598 590 2924002 414 
599 591 2929828 4054 
600 592 2931770 398 
601 593 2933712 314 
602 594 2935654 416 
603 595 2937596 390 
604 596 2939536 354 
605 597 2941478 358 
606 598 2945300 1580 
607 599 2947302 394 
608 600 2949242 292 
609 601 2951186 390 
611 602 2957012 -1544 
613 604 2962836 1428 
614 605 2964776 398 
615 606 2966718 372 
616 607 2968660 380 
617 608 2970602 434 
618 609 2972544 314 
619 610 2974484 1334 
620 611 2976426 568 
621 612 2978368 284 
622 613 2980310 490 
624 615 2986130 476 
625 616 2988074 352 
626 617 2990014 532 
627 618 2991958 656 
628 619 2995674 1468 
629 620 2997784 374 
630 621 2999724 288 
631 622 3001666 636 
632 623 3003608 300 
633 624 3005550 414 
634 625 3007490 398 
635 626 3009432 294 
636 627 3011374 428 
637 628 3013316 334 
638 629 3015258 358 
639 630 3017200 334 
640 631 3019140 488 
640 631 3019140 488 
641 632 3023000 1610 
642 633 3024964 294 
642 633 3024964 294 
644 635 3028848 492 
645 636 3030788 372 
646 637 3032730 648 
647 638 3034670 284 
648 639 3036612 420 
649 640 3038552 1358 
650 641 3040494 862 
651 642 3042434 294 
652 643 3044376 320 
21845 21845 904021897 -4390913 
654 644 3050200 2674 
655 645 3052142 1450 
655 645 3052142 1450 
656 646 3056022 2926 
656 646 3056022 2926 
657 647 3059908 2356 
658 648 3061850 420 
659 649 3063792 550 
660 650 3065732 416 
661 651 3069616 1684 
662 652 3071556 1176 
663 653 3073498 312 
664 654 3075438 356 
665 655 3077380 350 
666 656 3079324 432 
667 657 3081266 334 
668 658 3083208 1184 
669 659 3085148 570 
670 660 3087090 408 
671 661 3089032 448 
672 662 3090974 334 
673 663 3092914 942 
674 664 3094856 718 
675 665 3096798 352 
676 666 3100574 1534 
677 667 3102622 280 
678 668 3104562 294 
679 669 3106504 470 
680 670 3108446 400 
681 671 3110384 1040 
682 672 3112328 356 
683 673 3114270 294 
684 674 3116212 378 
685 675 3118152 392 
685 675 3118152 392 
686 676 3122032 2342 
687 677 3123976 414 
687 677 3123976 414 
688 678 3127860 1842 
689 679 3129802 564 
690 680 3131742 394 
690 680 3131742 394 
691 681 3133684 1022 
692 682 3135626 398 
692 682 3135626 398 
693 682 3139508 1936 
694 683 3141450 816 
695 684 3143390 520 
696 685 3145332 376 
697 686 3147274 352 
697 686 3147274 352 
698 686 3151156 2160 
699 687 3153098 766 
700 688 3155040 420 
702 689 3160864 -1528 
703 690 3162806 474 
705 691 3170572 -1658 
706 692 3172512 638 
708 694 3176396 708 
709 695 3178338 334 
710 696 3180278 354 
711 697 3182220 376 
712 698 3184162 1102 
713 699 3186104 332 
713 699 3186104 332 
715 701 3189984 294 
716 702 3191924 286 
717 703 3193866 416 
719 705 3197754 316 
720 706 3199694 394 
720 706 3199694 394 
721 707 3201636 1176 
722 708 3203578 1014 
723 709 3205518 374 
724 710 3207460 300 
725 711 3209400 390 
726 712 3211342 316 
727 713 3213284 284 
728 714 3215224 378 
729 715 3217166 486 
730 716 3219108 320 
731 717 3221050 316 
732 718 3222992 526 
733 719 3224932 1324 
734 720 3226872 954 
735 721 3228812 354 
736 722 3230756 374 
737 723 3232698 700 
738 724 3234640 508 
739 725 3236582 356 
740 726 3240464 2056 
741 727 3242402 942 
742 728 3244344 836 
743 729 3246284 280 
744 730 3248226 1104 
745 731 3250170 330 
746 732 3252114 810 
747 733 3254056 414 
748 734 3255996 758 
749 735 3257938 528 
750 736 3259880 650 
751 737 3261820 280 
752 738 3263762 358 
753 739 3267644 1836 
754 740 3269586 294 
755 741 3271528 414 
756 742 3273470 614 
757 743 3275410 396 
758 744 3277350 392 
759 745 3279290 312 
48059 48059 1541766110 -1894825084 
760 746 3281232 638 
761 747 3285114 2100 
762 748 3287056 1014 
763 749 3289000 374 
764 750 3290942 296 
765 751 3292884 394 
766 752 3294824 1164 
767 753 3296766 416 
768 754 3298704 528 
769 755 3300640 312 
770 756 3302584 552 
771 757 3304526 334 
772 758 3306468 652 
773 759 3308408 664 
774 760 3310354 400 
775 761 3312296 428 
777 763 3316174 294 
777 763 3316174 294 
778 764 3320056 2632 
779 765 3322002 372 
780 766 3323944 394 
781 767 3325884 296 
782 768 3327822 378 
783 769 3329762 280 
784 770 3331704 630 
785 771 3333648 726 
785 771 3333648 726 
786 772 3335590 956 
787 773 3337532 416 
788 774 3339474 318 
790 776 3343356 340 
791 777 3347076 1482 
792 778 3349180 394 
793 779 3351118 548 
794 780 3353062 476 
794 780 3353062 476 
795 781 3355004 1102 
796 782 3356946 378 
797 783 3358886 282 
798 784 3360828 1182 
799 785 3362766 1242 
800 786 3366652 1672 
801 787 3368594 316 
802 788 3370536 572 
803 789 3372476 354 
804 790 3374414 338 
805 791 3376356 1274 
806 792 3378300 426 
806 792 3378300 426 
807 793 3380242 1024 
808 794 3382180 296 
809 795 3384122 392 
810 796 3386062 356 
811 797 3388002 914 
812 798 3389944 502 
813 799 3391884 354 
814 800 3393830 288 
815 801 3395772 312 
816 802 3397712 396 
817 803 3399654 376 
818 804 3401592 298 
819 805 3403536 292 
820 806 3405478 530 
821 807 3407420 294 
821 807 3407420 294 
822 808 3409360 1302 
823 809 3411302 864 
824 810 3415072 1528 
825 811 3417126 480 
826 812 3419068 398 
827 813 3421006 282 
828 814 3424890 1736 
829 815 3426832 706 
830 816 3428772 728 
831 817 3430714 900 
833 819 3434592 528 
834 820 3436536 316 
835 821 3438478 376 
836 822 3440420 550 
838 824 3444302 1294 
840 826 3448184 648 
841 827 3450122 1234 
842 828 3452062 372 
843 829 3454008 396 
844 830 3455950 312 
845 831 3457888 374 
846 832 3459830 338 
847 833 3461774 338 
848 834 3465656 2546 
849 835 3467598 416 
850 836 3471416 1578 
851 837 3473418 442 
852 838 3475362 532 
853 839 3477302 1046 
854 840 3479242 298 
855 841 3483022 1536 
856 842 3485070 376 
857 843 3487008 670 
858 844 3488946 974 
859 845 3490888 412 
860 846 3492832 374 
861 847 3494774 410 
862 848 3496718 418 
863 849 3498656 334 
864 850 3500598 356 
865 851 3502542 502 
866 852 3504484 914 
867 853 3506426 1338 
868 854 3508368 288 
869 855 3510306 736 
870 856 3514192 1960 
871 857 3516132 316 
872 858 3518072 568 
874 860 3521956 398 
875 861 3523898 414 
876 862 3525840 378 
877 863 3527784 1194 
879 865 3531670 888 
880 866 3533612 378 
881 867 3535552 372 
882 868 3541378 4526 
883 869 3543320 342 
884 870 3545260 882 
885 871 3547202 316 
886 872 3549144 394 
887 873 3551086 414 
888 874 3553026 980 
889 875 3554968 406 
890 876 3556910 314 
891 877 3558850 392 
892 878 3560792 532 
893 879 3562734 396 
894 880 3564676 488 
895 881 3566616 314 
896 882 3568558 426 
897 883 3570500 888 
898 884 3572438 362 
899 885 3574380 296 
900 886 3576326 398 
901 887 3578268 484 
901 887 3578268 484 
902 888 3582150 2258 
903 889 3584090 490 
904 890 3586030 418 
905 891 3589914 2052 
906 892 3591856 1360 
907 893 3593798 410 
907 893 3593798 410 
908 894 3597682 1876 
909 895 3599624 342 
910 896 3601564 378 
911 897 3603504 766 
912 898 3607386 2286 
913 899 3609330 1008 
914 900 3611272 300 
915 901 3613214 378 
916 902 3615156 418 
917 903 3617098 284 
918 904 3619040 992 
919 905 3620982 392 
920 906 3622922 394 
921 907 3626810 1694 
922 908 3628752 338 
923 909 3630694 668 
924 910 3632636 370 
925 911 3634578 286 
926 912 3636520 1346 
927 913 3642346 4150 
928 914 3644288 630 
929 915 3646228 444 
930 916 3648170 416 
931 917 3650112 466 
932 918 3652054 378 
933 919 3653996 498 
934 920 3655936 374 
935 921 3657878 376 
936 922 3659820 338 
937 923 3661760 606 
937 923 3661760 606 
938 924 3665642 2614 
939 925 3667584 358 
940 926 3669526 420 
941 927 3671466 370 
942 928 3673408 298 
943 928 3677290 396 
944 929 3679232 458 
946 931 3683114 470 
947 932 3685058 372 
948 933 3687000 374 
949 934 3688940 372 
951 936 3692822 356 
952 937 3694762 378 
953 938 3696706 350 
954 939 3698648 524 
956 941 3702530 1264 
957 942 3704472 436 
958 943 3706412 288 
959 944 3708354 296 
960 945 3710294 874 
961 946 3712236 1038 
962 947 3714178 360 
963 948 3716118 394 
964 949 3720002 1804 
965 950 3721942 334 
966 951 3723884 334 
967 952 3725824 456 
968 953 3727766 1018 
969 954 3729710 704 
970 955 3731650 286 
971 956 3733592 294 
972 957 3735534 376 
973 958 3737476 602 
974 959 3739416 288 
975 960 3741358 336 
976 961 3743300 512 
977 962 3745242 442 
978 963 3747182 1230 
979 964 3749124 334 
980 965 3751066 380 
981 966 3753006 312 
982 967 3754948 1208 
984 969 3758830 358 
985 970 3760772 566 
986 971 3762714 378 
987 972 3764654 282 
988 973 3766596 376 
989 974 3768536 528 
990 975 3770478 1100 
991 976 3772418 1040 
992 977 3774360 286 
993 978 3776302 352 
994 979 3778244 400 
995 980 3780186 608 
996 981 3782126 418 
997 982 3784068 532 
998 983 3786010 374 
1000 984 3791834 -1586 
1001 985 3793776 692 
1002 986 3795716 294 
1003 987 3797658 416 
1004 988 3799600 394 
1004 988 3799600 394 
1005 989 3801540 1270 
1006 990 3803482 350 
1007 991 3805424 980 
1008 992 3807364 400 
1010 994 3811248 550 
1011 995 3813186 1146 
1013 997 3817068 648 
1014 998 3819008 1344 
1015 999 3820950 352 
1016 1000 3822892 1290 
1017 1001 3824832 416 
1018 1002 3826778 412 
1020 1004 3830660 358 
1021 1005 3832602 376 
1024 1008 3838426 334 
1025 1009 3840368 438 
1026 1010 3842308 828 
1028 1012 3846192 298 
1029 1013 3850074 2206 
1030 1014 3852014 358 
1031 1015 3853956 314 
1032 1016 3857838 1748 
1033 1017 3859778 374 
1034 1018 3861720 288 
1035 1019 3863660 332 
1036 1020 3865602 888 
1037 1021 3867542 312 
1038 1022 3869484 434 
1039 1023 3871424 334 
1040 1024 3873366 358 
1041 1025 3875306 404 
1042 1026 3879044 1494 
1043 1027 3883072 2874 
1044 1028 3885012 336 
1045 1029 3886954 356 
1045 1029 3886954 356 
1046 1030 3888894 930 
1047 1031 3890836 334 
1048 1032 3892776 710 
1049 1033 3894718 284 
1050 1034 3896660 420 
1051 1035 3898600 310 
1052 1036 3900542 710 
1053 1037 3902482 282 
1054 1038 3904424 300 
1055 1039 3906366 952 
1056 1040 3908306 416 
1057 1041 3910248 314 
1058 1042 3912186 398 
64255 62895 1602224125 -369107025 
1059 1043 3914126 550 
1060 1044 3917952 1582 
1061 1045 3919954 444 
1062 1046 3921894 288 
1063 1047 3923836 748 
1064 1048 3927720 2658 
1065 1048 3931506 1532 
1066 1049 3933542 378 
1067 1050 3935484 1156 
1068 1051 3937426 434 
1069 1052 3939366 334 
1070 1053 3941308 398 
1071 1054 3943248 1050 
1072 1055 3945190 732 
1073 1056 3947130 412 
1074 1057 3949072 420 
1075 1058 3951014 1226 
1076 1059 3952950 318 
1077 1060 3954892 542 
1078 1061 3956836 284 
1079 1062 3958778 904 
1080 1063 3960718 416 
1080 1063 3960718 416 
1082 1064 3968480 -2230 
1083 1065 3972362 1736 
26214 26214 -967889630 -935198116 
1086 1068 3978186 638 
1087 1069 3980128 392 
1087 1069 3980128 392 
1088 1070 3982070 1094 
1089 1071 3984010 724 
1090 1072 3985952 288 
1091 1073 3987894 906 
1092 1074 3989836 318 
1093 1075 3991776 334 
1094 1076 3993718 734 
1095 1077 3997600 1772 
1096 1078 3999542 864 
1097 1079 4001484 640 
1098 1080 4003424 338 
1099 1081 4005366 696 
1100 1082 4007304 296 
1101 1083 4009250 376 
1102 1084 4011192 374 
1103 1085 4013134 726 
1104 1086 4015074 470 
1105 1087 4017016 314 
1106 1088 4018958 1188 
1107 1089 4020900 688 
1108 1090 4022840 1210 
1109 1091 4024782 282 
1110 1092 4026724 318 
1111 1093 4028662 334 
1112 1094 4030604 414 
1113 1095 4032548 490 
1114 1096 4034488 374 
1115 1097 4036430 394 
1116 1098 4038372 288 
1119 1100 4046138 492 
1120 1101 4048080 400 
1121 1102 4051964 2306 
1122 1103 4053904 862 
1124 1105 4057788 826 
1125 1106 4059726 622 
1126 1107 4061670 318 
13107 13107 861267035 -16777620 
1127 1108 4063612 418 
1128 1109 4065554 872 
1129 1110 4069436 3144 
1131 1111 4077202 -1800 
1132 1112 4079144 298 
1133 1113 4081086 1022 
1134 1114 4083028 378 
1135 1115 4084970 464 
1136 1116 4086910 376 
1136 1116 4086910 376 
1137 1117 4088852 1050 
1138 1118 4090794 1186 
1138 1118 4090794 1186 
1139 1119 4092736 1150 
1140 1120 4094676 416 
1141 1121 4096618 1280 
1142 1122 4098560 472 
1143 1123 4100498 284 
1144 1124 4102440 460 
1145 1125 4104382 314 
1146 1126 4106326 392 
1147 1127 4108266 292 
1148 1127 4112016 1494 
1149 1128 4114094 508 
1150 1129 4116036 358 
1151 1130 4117976 354 
1151 1130 4117976 354 
1152 1131 4121732 1508 
1153 1132 4123802 390 
1154 1133 4125744 318 
1155 1134 4127686 314 
1156 1135 4129628 1188 
1157 1136 4131570 436 
1158 1137 4133512 334 
1159 1138 4135454 1042 
1160 1139 4137394 280 
1161 1140 4139336 528 
1162 1141 4141278 316 
1163 1142 4143220 416 
1164 1143 4145162 394 
1165 1144 4147102 666 
1166 1145 4149044 964 
1167 1146 4150986 354 
1168 1147 4152928 396 
1169 1148 4154868 972 
1170 1149 4156810 282 
1171 1150 4158752 374 
1172 1151 4160694 1000 
1172 1151 4160694 1000 
1173 1152 4162636 932 
1173 1152 4162636 932 
1174 1153 4168342 3460 
1175 1154 4170402 376 
1175 1154 4170402 376 
1176 1155 4174286 3040 
1177 1156 4176226 312 
1178 1157 4178168 588 
1179 1158 4180110 1244 
1180 1159 4182052 712 
1181 1160 4183992 370 
1182 1161 4185934 374 
1183 1162 4187872 356 
26214 26214 1712597111 2004318071 
1183 1162 4187872 356 
1184 1163 4191758 3196 
1185 1164 4195552 1558 
1186 1165 4197580 470 
1187 1166 4199524 414 
1188 1167 4201466 490 
1189 1168 4203408 374 
1190 1169 4205350 398 
1191 1170 4207292 644 
1192 1171 4209232 1042 
1193 1172 4211174 1158 
1194 1173 4213116 418 
1195 1174 4215058 294 
1196 1175 4216998 414 
1197 1176 4218940 376 
1198 1177 4220882 732 
1199 1178 4222822 1282 
1200 1179 4224764 340 
1201 1180 4226706 372 
1202 1181 4228648 356 
1203 1182 4230590 396 
1204 1183 4232530 564 
1205 1184 4234472 416 
1206 1185 4236414 1146 
1207 1186 4238356 376 
1208 1187 4240298 692 
1209 1188 4242240 336 
1210 1189 4244182 378 
1211 1190 4246124 394 
1212 1191 4248062 1040 
1213 1192 4250006 314 
1214 1193 4251946 396 
1215 1194 4255832 2114 
1217 1195 4263596 -1584 
1218 1196 4267478 2132 
1219 1197 4269420 486 
1220 1198 4271362 288 
1221 1199 4273302 1002 
1222 1200 4275244 394 
1223 1201 4277186 314 
1224 1202 4279126 318 
1225 1203 4281062 534 
1226 1204 4283000 652 
1227 1205 4284946 1206 
1228 1206 4288828 2258 
1230 1208 4292710 558 
1231 1209 4294652 506 
1232 1210 4296592 286 
1233 1211 4298536 578 
1234 1212 4300478 416 
1235 1213 4302418 546 
1237 1215 4306300 280 
1238 1216 4308240 298 
1239 1217 4310182 376 
1240 1218 4312122 398 
1241 1219 4314064 314 
1242 1220 4316004 358 
1243 1221 4317946 296 
1243 1221 4317946 296 
1244 1222 4321828 2830 
1245 1223 4323768 414 
1246 1224 4325710 318 
1248 1226 4329592 356 
1249 1227 4331534 414 
1250 1228 4333474 1060 
1252 1230 4337356 336 
1253 1231 4339298 650 
1254 1232 4341240 300 
1255 1233 4343180 424 
1256 1234 4345122 412 
1258 1236 4349000 358 
1259 1237 4350942 1200 
1260 1238 4352884 294 
1261 1239 4354824 392 
1262 1240 4356762 472 
1263 1241 4358706 280 
1264 1242 4360648 358 
1265 1243 4362590 356 
1266 1244 4364532 316 
1267 1245 4366476 314 
1268 1246 4368420 464 
1269 1247 4370360 378 
1270 1248 4374158 1560 
1270 1248 4374158 1560 
1272 1250 4378126 286 
1273 1251 4380066 294 
1274 1252 4382008 872 
1275 1253 4383948 1440 
1276 1254 4385890 492 
1277 1255 4387832 1036 
1278 1256 4389770 284 
1280 1258 4393652 400 
1281 1259 4395592 414 
1281 1259 4395592 414 
1282 1260 4397538 1332 
1285 1263 4405300 2132 
1286 1264 4407242 338 
1287 1265 4409180 630 
1288 1266 4411124 288 
1289 1267 4413068 634 
1290 1268 4415012 416 
1292 1270 4418896 1204 
1293 1271 4420838 440 
1294 1272 4422780 748 
1295 1273 4424722 818 
1296 1274 4426662 374 
1297 1275 4428604 980 
1298 1276 4430546 492 
1299 1277 4432488 336 
1301 1279 4436370 312 
1302 1280 4440254 1890 
1303 1281 4442192 394 
1304 1282 4444134 334 
1305 1283 4446076 330 
1306 1284 4448020 338 
1307 1285 4449962 376 
1308 1286 4451904 318 
1309 1287 4453846 292 
1310 1288 4455788 420 
1311 1289 4457730 316 
1312 1290 4459672 314 
1313 1291 4463556 2226 
1314 1292 4465496 294 
1315 1293 4467438 416 
1316 1294 4469380 442 
1317 1295 4471318 940 
1318 1296 4473262 1342 
1319 1297 4475206 354 
1320 1298 4477146 520 
1321 1299 4479088 1174 
1321 1299 4479088 1174 
1322 1299 4482972 1848 
1323 1300 4484912 410 
1324 1301 4486854 450 
1325 1302 4488796 336 
1326 1303 4490738 288 
1327 1304 4492678 452 
1328 1305 4494620 376 
1329 1306 4496560 394 
1330 1307 4498502 354 
1331 1308 4500440 392 
1332 1309 4502380 360 
1333 1310 4504322 414 
1334 1311 4506264 472 
1335 1312 4508208 474 
1338 1315 4515952 1626 
1339 1316 4517914 1064 
1340 1317 4519856 336 
1341 1318 4521798 408 
1342 1319 4523738 416 
1343 1320 4525680 648 
1345 1322 4529562 280 
1346 1323 4531504 672 
1348 1325 4535386 378 
1349 1326 4537328 498 
1350 1327 4539270 360 
1350 1327 4539270 360 
1351 1328 4541212 1348 
1352 1329 4543152 668 
1353 1330 4545094 378 
1354 1331 4547036 418 
1354 1331 4547036 418 
1355 1332 4550920 2210 
1356 1333 4552858 288 
1357 1334 4554802 332 
1358 1335 4556742 480 
1359 1336 4558684 338 
1360 1337 4560628 414 
1361 1338 4562568 330 
1362 1339 4564510 438 
1363 1340 4566452 1148 
1364 1341 4568394 362 
1365 1342 4570336 330 
1366 1343 4574218 3168 
1367 1344 4576160 284 
1368 1345 4578102 318 
1369 1346 4580042 370 
1370 1347 4581984 752 
1371 1348 4583926 396 
1372 1349 4585868 420 
1373 1350 4587810 468 
1374 1351 4589752 376 
1375 1352 4591694 454 
1376 1353 4593634 1018 
1377 1354 4595576 1094 
1378 1355 4597518 694 
1379 1356 4599456 422 
1380 1357 4601396 336 
1381 1358 4605280 1720 
1382 1359 4607220 1260 
1383 1360 4609162 280 
1385 1362 4613046 316 
1386 1363 4614988 396 
1387 1364 4616926 1032 
1388 1365 4618870 748 
1389 1366 4620812 394 
1390 1367 4622754 432 
1391 1368 4624696 316 
1392 1369 4626636 550 
1393 1370 4628578 354 
1394 1371 4630520 654 
1395 1372 4632462 334 
1396 1373 4634406 394 
1397 1374 4636348 314 
1398 1375 4638290 1102 
1398 1375 4638290 1102 
1399 1376 4640232 904 
1400 1376 4644114 2342 
1401 1377 4646056 310 
1401 1377 4646056 310 
1402 1378 4649904 1600 
1403 1379 4651880 1208 
1405 1381 4655762 564 
1406 1382 4657702 358 
1407 1383 4659644 452 
1408 1384 4661586 376 
1409 1385 4663528 350 
1410 1386 4665470 378 
1411 1387 4667410 722 
1412 1388 4669352 298 
1412 1388 4669352 298 
1413 1388 4673232 2316 
1414 1389 4675172 336 
1414 1389 4675172 336 
1415 1390 4677118 1280 
1416 1391 4681002 1800 
1417 1392 4682942 584 
1418 1393 4684884 380 
1419 1394 4686824 334 
1420 1395 4688766 420 
1421 1396 4690706 726 
1422 1397 4692644 380 
1423 1398 4694588 390 
1425 1400 4698468 502 
1426 1401 4700408 510 
1427 1402 4702352 414 
1428 1403 4704292 474 
1429 1404 4706232 684 
1430 1405 4708172 396 
1431 1406 4710114 648 
1432 1407 4712056 288 
1433 1408 4717880 4198 
1434 1409 4719822 398 
1435 1410 4721764 610 
1436 1411 4723706 822 
1437 1412 4725648 1046 
1438 1413 4727588 396 
1439 1414 4729530 594 
1440 1415 4731472 286 
1441 1416 4733412 372 
1442 1417 4735354 336 
1443 1418 4737296 392 
1444 1419 4739232 950 
1445 1420 4741174 630 
1446 1421 4743114 668 
1447 1422 4745058 732 
1448 1423 4747000 392 
1449 1424 4748942 316 
1450 1425 4750882 360 
1451 1426 4752824 646 
1452 1427 4754766 420 
1453 1428 4756706 334 
1454 1429 4758648 394 
1455 1430 4760590 282 
1456 1431 4762530 376 
1457 1432 4764468 292 
1458 1433 4766412 512 
1459 1434 4768354 282 
1460 1435 4770294 766 
1461 1436 4772236 586 
1461 1436 4772236 586 
1462 1437 4776106 1630 
1463 1438 4778058 690 
1464 1439 4780000 380 
1464 1439 4780000 380 
1465 1440 4781942 1024 
1466 1441 4783878 1048 
1467 1442 4785818 312 
1468 1443 4787760 1158 
1469 1444 4789698 492 
1470 1445 4791640 910 
1471 1446 4793584 668 
1472 1447 4795528 954 
1473 1448 4797466 426 
1474 1449 4799410 590 
1475 1450 4801352 332 
1476 1451 4803294 1048 
1477 1452 4805234 370 
1477 1452 4805234 370 
1477 1452 4805234 370 
1478 1453 4809118 1708 
1479 1454 4811058 708 
1480 1455 4813000 1022 
1481 1456 4814942 394 
1482 1457 4816882 690 
1483 1458 4818820 666 
1484 1459 4820764 708 
1485 1460 4822706 452 
1486 1461 4824648 400 
1487 1462 4826588 484 
1488 1463 4828530 570 
1489 1464 4830470 524 
1490 1465 4832412 296 
1491 1466 4834354 428 
1492 1467 4836294 286 
1493 1468 4838236 358 
1494 1469 4840178 982 
1495 1470 4842118 390 
1496 1471 4844060 400 
1496 1471 4844060 400 
1497 1472 4847942 1728 
1498 1473 4849880 954 
1499 1474 4851820 770 
1500 1475 4853760 316 
1501 1476 4855706 334 
1502 1477 4857648 466 
1503 1478 4859584 358 
1504 1479 4863462 1642 
1505 1480 4865410 412 
1506 1481 4867352 860 
1507 1482 4869294 416 
1509 1484 4873176 394 
1510 1485 4875118 378 
1511 1486 4877058 294 
1512 1487 4879000 420 
1513 1488 4880940 466 
1514 1489 4882876 546 
1515 1490 4884814 456 
1516 1491 4886762 414 
1516 1491 4886762 414 
1518 1493 4890646 376 
1519 1494 4892586 282 
1520 1495 4894524 286 
1521 1496 4896464 1066 
1522 1497 4898406 1272 
1523 1498 4900346 660 
1524 1499 4902288 286 
1525 1500 4904230 912 
1526 1501 4906170 416 
1527 1502 4911998 3864 
1528 1503 4913936 400 
1529 1504 4915876 474 
1530 1505 4917820 298 
1531 1506 4919762 312 
1532 1507 4923554 1556 
1533 1508 4925586 486 
1534 1509 4927526 512 
1535 1510 4929468 468 
1536 1511 4931406 300 
1536 1511 4931406 300 
1537 1512 4933348 1190 
1538 1513 4935290 670 
1539 1514 4937232 1052 
1540 1515 4939172 300 
1541 1516 4941114 568 
1541 1516 4941114 568 
1542 1517 4944996 1918 
1543 1518 4950818 4152 
1544 1519 4954700 2324 
1545 1520 4956638 414 
1546 1521 4958578 378 
1546 1521 4958578 378 
1546 1521 4958578 378 
1547 1522 4962462 1792 
1548 1523 4964402 588 
1549 1524 4966344 1246 
1550 1525 4970226 1862 
1551 1526 4972166 414 
1552 1527 4974112 370 
1553 1528 4976050 1030 
1554 1529 4977990 320 
1555 1530 4979930 1010 
1556 1531 4981872 292 
1557 1532 4983812 1068 
1558 1533 4985754 360 
1558 1533 4985754 360 
1559 1533 4989636 2146 
1560 1534 4991574 848 
1561 1535 4993520 676 
1562 1536 4995460 470 
1563 1537 4997400 392 
1564 1538 4999342 290 
1564 1538 4999342 290 
1565 1539 5003228 2114 
1566 1540 5005166 316 
1567 1541 5007106 668 
1568 1542 5010992 1878 
1569 1543 5012934 1032 
1570 1544 5014876 396 
1571 1545 5016816 1368 
1572 1546 5018758 284 
1573 1547 5020698 282 
1574 1548 5022640 288 
1575 1549 5024580 370 
1576 1550 5026522 396 
1577 1551 5028462 282 
1578 1552 5030404 1188 
1579 1553 5032344 284 
1580 1554 5034286 560 
1582 1556 5038166 358 
1583 1557 5040108 284 
1584 1558 5042052 694 
1585 1559 5043992 584 
1586 1560 5045934 380 
1587 1561 5047876 940 
1588 1562 5049816 414 
1589 1563 5051758 294 
1590 1564 5053700 416 
1590 1564 5053700 416 
1591 1565 5057582 1686 
1592 1566 5059524 376 
1593 1567 5061466 336 
1594 1568 5063408 1194 
1595 1569 5065348 646 
1596 1570 5067290 300 
1597 1571 5069232 394 
1598 1572 5071174 518 
1599 1573 5073114 294 
1600 1574 5075056 400 
1600 1574 5075056 400 
1601 1575 5078936 1936 
1602 1576 5080880 1000 
1603 1577 5082822 1244 
1604 1578 5084760 470 
1605 1579 5086702 1458 
1606 1580 5090584 1692 
1607 1581 5094338 1508 
1607 1581 5094338 1508 
1608 1582 5096408 1108 
1609 1583 5098350 416 
1610 1584 5102234 2578 
1611 1585 5104178 1064 
1612 1586 5106122 418 
1613 1587 5108064 506 
1614 1588 5110006 378 
1615 1589 5111948 466 
1616 1590 5113888 338 
1617 1591 5115826 928 
1618 1592 5117768 646 
1619 1593 5119712 428 
1620 1594 5121656 278 
1620 1594 5121656 278 
1620 1594 5121656 278 
1621 1594 5125538 2870 
1622 1595 5127480 434 
1623 1596 5129422 446 
1624 1597 5131364 298 
1625 1598 5133306 294 
1626 1599 5135248 338 
1627 1600 5137190 314 
1627 1600 5137190 314 
1628 1601 5141072 1798 
1630 1603 5144958 1106 
1631 1604 5146896 466 
1632 1605 5148838 378 
1633 1606 5150782 518 
1634 1607 5154668 2516 
1636 1609 5160494 2108 
1637 1610 5162434 964 
1638 1611 5164376 350 
1639 1612 5166318 1214 
1640 1613 5168260 746 
1641 1614 5170202 500 
1642 1615 5172144 530 
1643 1616 5174086 374 
1644 1617 5176026 316 
1645 1618 5177968 288 
1646 1619 5179910 400 
1647 1620 5181852 526 
1648 1621 5183792 286 
1649 1622 5185734 586 
1650 1623 5187676 316 
1653 1626 5193500 280 
1654 1627 5197374 1638 
1655 1628 5199320 670 
1656 1629 5201262 320 
1657 1630 5203204 726 
1658 1631 5205144 1048 
1659 1632 5207086 512 
1660 1633 5209030 612 
1661 1634 5210966 588 
1662 1635 5212910 300 
1664 1637 5216794 490 
1665 1638 5218736 424 
1666 1639 5220676 530 
1667 1640 5222618 372 
1668 1641 5224560 754 
1669 1642 5226500 334 
1670 1643 5228442 1094 
1671 1644 5230384 296 
1673 1645 5236208 -1256 
1674 1646 5238150 376 
1675 1647 5240092 468 
1676 1648 5242034 316 
1677 1649 5243974 394 
1678 1650 5245916 358 
1679 1651 5247858 410 
1680 1652 5249802 668 
1681 1653 5251744 1050 
1682 1654 5253686 334 
1683 1655 5255624 280 
1684 1656 5257564 336 
1685 1657 5259508 556 
1685 1657 5259508 556 
1686 1658 5261452 1320 
1687 1659 5263392 370 
1688 1660 5265334 354 
1689 1661 5267276 720 
1690 1662 5269218 666 
1691 1663 5271158 466 
1692 1664 5273100 290 
1692 1664 5273100 290 
1693 1665 5275042 1280 
1694 1666 5276984 318 
1695 1667 5278924 1202 
1696 1668 5280866 288 
1697 1669 5282806 1038 
1698 1670 5284748 700 
1699 1671 5286690 416 
1700 1672 5288630 472 
1701 1673 5290572 478 
1702 1674 5292514 400 
1703 1675 5294454 290 
1704 1676 5296396 320 
1705 1677 5298338 538 
1706 1678 5300278 416 
1707 1679 5302220 284 
1708 1680 5304160 396 
1709 1681 5306102 1382 
1710 1682 5308044 358 
1711 1683 5309984 280 
1711 1683 5309984 280 
1711 1683 5309984 280 
1712 1684 5313866 2272 
1713 1685 5315808 722 
1714 1686 5317750 360 
1715 1687 5319690 454 
1716 1688 5323574 2322 
1718 1690 5327456 416 
1719 1691 5329398 282 
1721 1693 5333280 294 
1722 1694 5335220 728 
1723 1695 5338992 1536 
1724 1696 5341044 278 
1725 1697 5342986 528 
1726 1698 5344926 420 
1727 1699 5346868 374 
1728 1700 5348808 378 
1729 1701 5350750 314 
1730 1702 5352690 338 
1731 1703 5354632 1276 
1732 1704 5356572 378 
1733 1705 5358514 354 
1734 1706 5360454 408 
1735 1707 5362396 396 
1736 1708 5364338 472 
1737 1709 5366278 280 
1738 1710 5368220 300 
1739 1711 5370160 1128 
1740 1712 5372102 420 
1741 1713 5374042 742 
1742 1714 5375982 420 
1743 1715 5377924 896 
1744 1716 5379866 284 
1745 1717 5381806 310 
1746 1718 5383748 434 
1747 1719 5385690 972 
1748 1720 5387630 1132 
1749 1721 5389572 376 
1750 1722 5391512 360 
1751 1723 5393454 332 
1752 1724 5395396 450 
1753 1725 5397336 970 
1754 1726 5399278 784 
1755 1727 5401220 330 
1757 1728 5410926 -2112 
1758 1729 5412868 320 
1759 1730 5414810 374 
1760 1731 5416750 370 
1761 1732 5418692 974 
1762 1733 5422476 1552 
1763 1734 5424516 1014 
1764 1735 5426458 686 
1765 1736 5428398 392 
1766 1737 5430340 300 
1766 1737 5430340 300 
1767 1738 5432282 996 
1768 1739 5434222 1206 
1769 1740 5436164 414 
1770 1741 5438106 300 
1771 1742 5440048 310 
1773 1744 5445870 1670 
1774 1745 5447812 356 
1775 1746 5449754 376 
1777 1748 5453636 448 
1778 1749 5455576 724 
1779 1750 5457518 292 
1780 1751 5459460 844 
1781 1752 5461402 376 
1781 1752 5461402 376 
1782 1753 5467226 4546 
1783 1754 5469166 1080 
1784 1755 5471108 300 
1785 1756 5474992 2542 
1786 1757 5476934 972 
1786 1757 5476934 972 
1787 1758 5478874 1280 
1788 1759 5480816 530 
1789 1760 5482758 648 
1791 1762 5486640 994 
1792 1763 5488582 928 
1793 1764 5490524 528 
1794 1765 5492466 298 
1796 1767 5496348 528 
1797 1768 5498290 398 
1798 1769 5500232 566 
1799 1770 5502174 588 
1800 1771 5504114 1454 
1801 1772 5506056 1224 
1802 1773 5507998 288 
1803 1774 5509940 780 
1804 1775 5511882 288 
1804 1775 5511882 288 
1805 1776 5513822 918 
1806 1777 5515764 724 
1807 1778 5517706 528 
1808 1779 5519648 444 
1809 1780 5521590 1088 
1809 1780 5521590 1088 
1810 1781 5523532 1178 
1811 1782 5525474 390 
1812 1783 5527416 416 
1813 1784 5529358 412 
1814 1785 5533240 2320 
1815 1786 5535182 686 
1816 1787 5537124 568 
1817 1788 5539066 314 
1818 1789 5541008 360 
1819 1790 5542950 722 
1820 1791 5544892 374 
1821 1792 5546832 372 
1822 1793 5548774 414 
1823 1794 5550716 1204 
1824 1795 5554600 1966 
1825 1796 5556542 336 
1825 1796 5556542 336 
1826 1797 5558484 1304 
1827 1798 5562366 1904 
1828 1799 5564308 318 
1829 1800 5566250 392 
1830 1801 5569976 1488 
1831 1802 5574006 1792 
1832 1803 5575960 672 
1833 1804 5577902 1102 
1834 1805 5579844 376 
1835 1806 5581786 562 
1836 1807 5585670 2452 
1837 1808 5587612 392 
1838 1809 5589554 340 
1839 1810 5591496 372 
1840 1811 5593438 532 
1841 1812 5595380 736 
1842 1813 5597322 376 
1843 1814 5599264 310 
1844 1815 5601206 288 
1845 1816 5603148 724 
1846 1817 5605090 562 
1847 1818 5607030 334 
1848 1819 5608972 358 
1849 1820 5610914 352 
1850 1821 5612856 1022 
1851 1822 5614798 1302 
1852 1823 5616738 398 
1853 1824 5618680 330 
1853 1824 5618680 330 
1854 1825 5622558 1642 
1855 1826 5626448 1822 
1856 1827 5628390 386 
1857 1828 5630332 282 
1858 1829 5632274 414 
1859 1830 5634216 968 
1860 1831 5636158 492 
1861 1832 5638100 334 
1862 1833 5640042 712 
1863 1834 5641982 472 
1864 1835 5643924 478 
1865 1836 5645862 296 
1866 1837 5647808 414 
1867 1838 5649750 494 
1868 1839 5651692 336 
1869 1840 5653634 410 
1870 1841 5655574 602 
1871 1842 5657516 580 
1872 1843 5659460 340 
1873 1844 5661398 916 
1874 1845 5665284 1924 
1875 1846 5667226 416 
1876 1847 5669168 300 
1877 1848 5671110 548 
1878 1849 5673052 346 
1879 1850 5674994 352 
13107 13107 -1551966889 263771899 
1881 1852 5678876 860 
1882 1853 5680818 284 
1883 1854 5682760 378 
1884 1855 5684702 334 
1885 1856 5686644 296 
1886 1857 5688586 418 
1887 1858 5690528 504 
1888 1859 5692468 1068 
1889 1860 5694412 378 
1890 1861 5696350 666 
1891 1862 5698292 606 
1892 1863 5700234 742 
1893 1864 5702174 334 
1895 1866 5706062 354 
1895 1866 5706062 354 
1896 1867 5709946 1768 
1897 1868 5711888 294 
1898 1869 5713826 358 
1899 1870 5715770 352 
1900 1871 5717714 548 
1901 1872 5719656 354 
1902 1873 5721596 358 
1904 1875 5725480 420 
1904 1875 5725480 420 
1906 1877 5731306 338 
1907 1878 5733248 836 
1908 1879 5735190 492 
1909 1880 5737130 282 
1910 1881 5739072 1284 
1911 1882 5742956 2130 
1912 1883 5744898 684 
1913 1884 5746840 334 
1914 1885 5748780 376 
1915 1886 5750722 490 
1915 1886 5750722 490 
1916 1887 5754606 1974 
1917 1888 5756548 338 
1918 1889 5758486 316 
1919 1890 5760428 544 
1920 1891 5762372 610 
1921 1892 5766256 1920 
1922 1893 5768198 864 
1923 1894 5770138 374 
1924 1895 5772080 316 
1925 1896 5774022 294 
1926 1897 5775962 710 
1927 1898 5777902 356 
1928 1899 5779842 418 
1929 1900 5781784 314 
1930 1901 5783724 428 
1931 1902 5785666 338 
1932 1903 5787608 1018 
1933 1904 5789550 284 
1934 1905 5791492 824 
1935 1906 5793434 374 
1936 1907 5795378 398 
1937 1908 5797322 332 
1938 1909 5799262 696 
1939 1910 5801204 468 
1940 1911 5803146 298 
1941 1912 5805084 464 
1942 1913 5807024 452 
1943 1914 5808966 392 
1944 1915 5810910 514 
1945 1916 5812854 668 
1946 1917 5814794 316 
1947 1918 5816732 416 
1948 1919 5818678 284 
1949 1920 5820620 312 
1950 1921 5822560 408 
1951 1922 5824502 310 
1952 1923 5826444 318 
1953 1924 5828386 394 
1954 1925 5830328 396 
1956 1926 5836152 -1528 
1957 1927 5838092 352 
1958 1928 5840034 640 
1959 1929 5841976 516 
1960 1930 5843918 1376 
1961 1931 5845858 1162 
1962 1932 5847800 398 
1963 1933 5849742 548 
1964 1934 5851684 528 
1965 1935 5853626 412 
1966 1936 5855566 1106 
1967 1937 5857508 398 
1968 1937 5861234 1472 
1969 1938 5863334 394 
1970 1939 5865274 358 
1971 1940 5867216 376 
1973 1942 5871100 312 
1975 1943 5876920 -1516 
1976 1944 5878864 1204 
1978 1946 5882750 374 
1979 1947 5884690 290 
1979 1947 5884690 290 
1980 1948 5888574 3038 
1981 1949 5890516 1312 
1982 1950 5892456 542 
1982 1950 5892456 542 
1983 1951 5894398 850 
1984 1952 5896340 450 
1985 1953 5898282 376 
1986 1954 5900224 1094 
1987 1955 5902166 464 
1988 1956 5904106 392 
1989 1957 5906048 612 
1990 1958 5907990 378 
1991 1959 5909932 770 
1992 1960 5911874 574 
1993 1961 5913812 414 
1994 1962 5915752 288 
1995 1963 5917694 282 
1996 1964 5919638 952 
1997 1965 5921582 1264 
1998 1966 5923524 1264 
1999 1967 5925466 284 
2000 1968 5927406 358 
2001 1969 5929348 314 
2002 1970 5933226 2596 
2003 1971 5937110 1690 
2004 1972 5939054 300 
2004 1972 5939054 300 
2005 1973 5940996 860 
2006 1974 5942938 552 
2006 1974 5942938 552 
2007 1975 5946820 2012 
2008 1976 5948762 396 
2009 1977 5950704 852 
2010 1978 5952646 398 
2011 1979 5954586 294 
2012 1980 5956528 410 
2013 1981 5958470 280 
2013 1981 5958470 280 
2014 1982 5960412 1102 
2015 1983 5962354 356 
2016 1984 5964296 420 
2017 1985 5966234 390 
2018 1986 5968178 534 
2019 1987 5970120 334 
2020 1988 5972062 416 
2021 1989 5974004 414 
2022 1990 5975946 338 
2023 1991 5977886 312 
2024 1992 5981770 1696 
2025 1993 5983712 448 
2026 1994 5985654 356 
2027 1995 5987592 334 
2028 1996 5989532 1054 
2029 1997 5993420 1978 
2030 1998 5995362 410 
2031 1999 5997302 390 
2032 2000 5999242 692 
2033 2001 6001182 330 
2034 2002 6003124 1076 
2035 2003 6005064 402 
2036 2004 6007006 316 
2037 2005 6008948 314 
2038 2006 6010888 332 
2039 2007 6012830 648 
2040 2008 6014772 600 
2041 2009 6016716 476 
2042 2010 6018658 552 
2043 2011 6020600 396 
2044 2012 6022542 850 
2045 2013 6024484 310 
2046 2014 6026424 378 
2047 2015 6028366 280 
2048 2016 6030308 298 
2049 2017 6032250 1072 
2050 2018 6034190 288 
2051 2019 6038074 1916 
2052 2020 6041956 2098 
2053 2021 6043896 972 
2054 2022 6045836 490 
2055 2023 6047778 684 
2056 2024 6049720 316 
2057 2025 6051660 350 
2058 2026 6053606 376 
2059 2027 6055548 392 
2060 2028 6059374 1584 
2061 2029 6061372 374 
2062 2030 6063314 400 
2063 2031 6065254 1096 
2064 2032 6067196 1250 
2065 2033 6069136 1352 
2066 2034 6071078 692 
2067 2035 6073020 282 
2068 2036 6074962 284 
2069 2037 6076902 458 
2070 2038 6078842 378 
2070 2038 6078842 378 
2071 2039 6082646 1572 
2072 2040 6084666 300 
26214 26214 1724225279 -65537 
2073 2041 6086608 280 
2074 2042 6090466 1620 
2075 2043 6092434 390 
2076 2044 6094376 762 
2077 2045 6096318 314 
2078 2046 6098258 376 
2079 2047 6100200 386 
2080 2048 6102142 1172 
2082 2050 6106024 316 
2083 2051 6107966 526 
2084 2052 6109908 284 
2085 2053 6111850 374 
2086 2054 6115658 1566 
2087 2055 6117674 280 
2088 2056 6119614 570 
2089 2057 6121556 410 
2090 2058 6123498 1202 
2091 2059 6125440 788 
2092 2060 6127382 334 
2093 2061 6129322 394 
2094 2062 6131264 294 
2095 2063 6133206 316 
2096 2064 6135148 420 
2097 2065 6137090 284 
2098 2066 6139032 400 
2099 2067 6140974 1256 
2100 2068 6142916 318 
2101 2069 6144856 496 
2102 2070 6146798 500 
2103 2071 6148738 374 
2104 2072 6150680 284 
2104 2072 6150680 284 
2105 2073 6152624 1366 
2106 2074 6154564 398 
2107 2075 6156506 334 
2108 2076 6158448 356 
2109 2077 6162332 1840 
2110 2078 6164272 1044 
2111 2079 6166216 1378 
2112 2080 6168156 648 
2113 2081 6170098 292 
2114 2082 6172038 418 
2115 2083 6173980 318 
2116 2084 6175922 648 
2117 2085 6177864 424 
2118 2086 6179804 412 
2119 2087 6181746 478 
2120 2088 6183688 456 
2121 2089 6185628 370 
2122 2090 6187570 300 
2123 2091 6189512 314 
2124 2092 6191454 416 
2125 2093 6193394 1206 
2126 2094 6195336 318 
2127 2095 6197278 1024 
2128 2096 6199220 288 
2128 2096 6199220 288 
2129 2097 6203100 2920 
2130 2098 6205042 418 
2130 2098 6205042 418 
2132 2100 6208926 354 
2133 2101 6210868 296 
2134 2102 6212810 398 
2135 2103 6214752 310 
2136 2104 6216692 288 
2137 2105 6218634 280 
2138 2106 6220576 300 
2138 2106 6220576 300 
2139 2107 6224460 2168 
2140 2108 6226400 1082 
2141 2109 6228342 316 
2142 2110 6230282 528 
2143 2111 6232224 798 
2144 2112 6234162 378 
2145 2113 6236106 370 
2146 2114 6238048 334 
2147 2115 6239988 408 
2148 2116 6241930 668 
2149 2117 6243870 374 
2150 2118 6245812 420 
2151 2119 6247754 412 
2152 2120 6249694 968 
2153 2121 6251632 312 
2154 2122 6253572 316 
2155 2123 6255516 396 
2156 2124 6257458 572 
2157 2125 6259400 486 
2158 2126 6261342 980 
2159 2127 6263282 410 
2160 2128 6265224 704 
2160 2128 6265224 704 
2161 2129 6269108 1950 
2162 2130 6271048 310 
2163 2131 6272990 586 
2164 2132 6274932 450 
2165 2133 6276872 832 
2166 2134 6278814 316 
2167 2135 6280754 686 
2168 2136 6282696 420 
2169 2137 6284638 852 
2170 2138 6286578 454 
2171 2139 6288520 412 
2172 2140 6290462 418 
2173 2141 6292402 372 
2174 2142 6294344 418 
2175 2143 6296286 628 
2176 2144 6298224 340 
2177 2145 6300164 1288 
2178 2146 6302110 288 
2179 2147 6304052 1130 
2180 2148 6305990 674 
2181 2149 6307934 702 
2182 2150 6309872 294 
2182 2150 6309872 294 
2183 2151 6311812 816 
2183 2151 6311812 816 
2184 2152 6315614 1550 
2185 2153 6317640 312 
2186 2154 6319582 358 
2187 2155 6321524 412 
2188 2156 6323464 378 
2190 2158 6327348 530 
2191 2159 6329288 374 
2192 2160 6331230 316 
2193 2161 6333172 662 
2194 2162 6335112 626 
2195 2163 6340936 3702 
2196 2164 6342878 932 
2197 2165 6344816 1268 
2198 2166 6346760 320 
2199 2167 6348704 394 
2200 2168 6350646 316 
2202 2169 6356470 1930 
2203 2170 6358408 394 
2203 2170 6358408 394 
2204 2171 6362120 1462 
2205 2172 6364236 646 
2206 2172 6368120 2938 
2207 2173 6370062 350 
2209 2175 6373944 394 
2210 2176 6375886 734 
2211 2177 6377826 350 
2212 2178 6381708 2576 
2213 2179 6383650 376 
2214 2180 6385592 358 
2215 2181 6387532 608 
2216 2182 6389474 1314 
2217 2183 6391414 392 
2218 2184 6393356 402 
2219 2185 6395298 392 
2220 2186 6397238 284 
2222 2188 6401118 486 
2224 2190 6405000 416 
2225 2191 6406940 294 
2226 2192 6408886 532 
2227 2193 6410828 468 
2227 2193 6410828 468 
2228 2194 6414710 2212 
2229 2195 6416652 470 
2230 2196 6418594 786 
2231 2197 6420532 414 
2232 2198 6422474 908 
2233 2199 6426358 2968 
21845 21845 1439182079 -1 
2234 2200 6428302 360 
2235 2201 6432186 1688 
2237 2203 6436068 466 
2238 2204 6439952 1668 
2239 2205 6441894 1308 
2240 2206 6443836 378 
2241 2207 6445778 428 
2242 2208 6447720 670 
2243 2209 6451480 1514 
2244 2210 6453542 316 
2245 2211 6455482 354 
2246 2212 6457424 400 
2247 2213 6459366 356 
2248 2214 6461308 300 
2249 2215 6463250 292 
2249 2215 6463250 292 
2250 2216 6465196 1088 
2251 2217 6467134 294 
2252 2218 6469072 334 
2253 2219 6471020 1094 
2254 2220 6472960 570 
2256 2222 6476842 418 
2257 2223 6478786 604 
2258 2224 6480730 418 
2259 2225 6482670 1370 
2260 2226 6484612 432 
2261 2227 6486554 416 
2262 2228 6488496 652 
2263 2229 6490438 312 
2264 2230 6492380 358 
2265 2231 6494322 1144 
2266 2232 6496264 976 
2267 2233 6498206 618 
2268 2234 6502090 1692 
2269 2235 6504030 286 
17476 17476 1151611870 -270758256 
2271 2237 6507914 1164 
2272 2238 6509856 914 
2273 2239 6511796 414 
2274 2240 6513738 1074 
2274 2240 6513738 1074 
2275 2241 6515680 1286 
2276 2242 6517622 922 
2277 2243 6519564 1122 
2277 2243 6519564 1122 
2278 2244 6521506 1420 
2279 2245 6523448 1188 
2280 2246 6525386 294 
2281 2247 6527326 284 
2282 2248 6529268 534 
2283 2249 6531206 314 
2284 2250 6533150 296 
2286 2252 6537034 1040 
2287 2253 6538976 1276 
2288 2254 6540918 398 
2289 2255 6542860 290 
2290 2256 6544800 318 
2291 2257 6546742 354 
2292 2258 6548684 510 
2293 2259 6550626 354 
2294 2260 6552568 902 
2295 2261 6554510 336 
2296 2262 6556452 376 
2297 2263 6558394 414 
2298 2264 6560336 378 
2299 2265 6562278 526 
2300 2266 6564220 416 
2301 2267 6566162 628 
2302 2268 6568104 298 
2303 2269 6570046 928 
2304 2270 6571986 298 
2305 2271 6573928 950 
2306 2272 6575874 630 
2307 2273 6577814 416 
2308 2274 6579758 288 
2308 2274 6579758 288 
2308 2274 6579758 288 
2309 2274 6583644 1756 
2310 2275 6585586 410 
2311 2276 6587528 404 
2312 2277 6589470 1176 
2313 2278 6591412 666 
2315 2280 6595296 296 
2316 2281 6597238 356 
2317 2282 6599180 628 
2318 2283 6601122 896 
2319 2284 6603064 1118 
2320 2285 6605006 398 
2320 2285 6605006 398 
2321 2285 6608890 2766 
2322 2286 6610830 298 
2323 2287 6612772 354 
2324 2288 6614714 380 
2325 2289 6618542 1580 
2326 2290 6620540 482 
2327 2291 6622482 336 
2328 2292 6624424 1128 
2329 2293 6628302 1638 
2330 2294 6630248 1402 
2331 2295 6636070 5278 
2332 2296 6638012 398 
2333 2297 6641892 2472 
2334 2298 6643836 374 
2335 2299 6645778 1056 
2336 2300 6647720 688 
2337 2301 6649662 294 
2338 2302 6651604 418 
2339 2303 6653544 352 
2340 2304 6655486 708 
2341 2305 6657428 354 
2342 2306 6659370 360 
2343 2307 6661312 974 
2344 2308 6663254 510 
2345 2309 6665196 292 
2346 2310 6667138 376 
2347 2311 6669080 586 
2348 2312 6671020 294 
2349 2313 6672966 578 
2350 2314 6674908 578 
2351 2315 6676850 414 
2352 2316 6678790 448 
2353 2317 6680732 290 
2354 2318 6682674 284 
2355 2319 6684616 374 
2356 2320 6686554 414 
2357 2321 6688496 394 
2358 2322 6690438 1462 
2359 2323 6692380 1212 
2360 2324 6694320 286 
2361 2325 6696262 312 
2362 2326 6700144 2102 
2363 2327 6702084 1282 
2364 2328 6704026 398 
2365 2329 6709788 3520 
2366 2330 6711790 400 
2367 2331 6713732 476 
2368 2332 6717520 1544 
2369 2333 6719556 374 
2370 2334 6721498 710 
2371 2335 6723440 878 
2372 2336 6725382 376 
2372 2336 6725382 376 
2373 2337 6729264 1756 
2374 2338 6731206 490 
2375 2339 6735088 2244 
2376 2340 6737030 360 
2377 2341 6738972 396 
2378 2342 6740910 298 
2379 2343 6742854 372 
2380 2344 6744796 396 
2381 2345 6746738 798 
2382 2346 6748680 492 
2383 2347 6756446 5690 
2384 2348 6758388 418 
2385 2349 6760330 820 
2386 2350 6762272 318 
2387 2351 6764212 352 
2388 2352 6766154 358 
2389 2353 6768096 416 
2390 2354 6770038 380 
2391 2355 6771980 1040 
2391 2355 6771980 1040 
2392 2356 6775862 2018 
2393 2357 6777804 800 
2394 2358 6779744 334 
2395 2359 6781686 394 
30583 30583 1996997453 733261529 
2397 2361 6787510 1068 
2398 2362 6789452 380 
2399 2363 6791392 1140 
2400 2364 6793328 908 
2401 2365 6795266 486 
2402 2366 6797212 762 
2403 2367 6799156 900 
2404 2368 6803040 1728 
2405 2369 6804982 1172 
2406 2370 6806922 522 
2407 2371 6808864 416 
2408 2372 6810804 374 
2409 2373 6812746 556 
2410 2374 6814688 428 
2412 2375 6820514 2430 
2413 2376 6822454 294 
2414 2377 6824396 450 
2415 2378 6826338 296 
2416 2379 6828280 1166 
2417 2380 6830220 334 
2418 2381 6832162 356 
2419 2382 6834104 912 
2420 2383 6836046 360 
2421 2384 6837988 354 
2422 2385 6839930 954 
2423 2386 6841868 600 
2424 2387 6843812 360 
2425 2388 6845756 282 
2426 2389 6847696 378 
2427 2390 6849638 354 
2428 2391 6851580 416 
2429 2392 6855462 2126 
2430 2393 6857404 374 
2431 2394 6859346 994 
2432 2395 6861284 358 
2433 2396 6863228 428 
2434 2397 6865172 288 
2435 2398 6867112 1054 
2436 2399 6869054 470 
2437 2400 6870996 586 
2438 2401 6872938 1076 
2439 2402 6874880 1036 
2440 2403 6876820 356 
2441 2404 6878762 314 
2442 2405 6880704 320 
2443 2406 6882644 284 
2444 2407 6886526 2424 
2445 2408 6888468 628 
2446 2409 6890410 472 
2447 2410 6892350 334 
2448 2411 6894292 1194 
2449 2412 6896234 566 
2450 2413 6898174 338 
2451 2414 6900112 920 
2452 2414 6903996 288 
2453 2415 6905938 314 
2454 2416 6907882 1248 
2455 2417 6909824 300 
2456 2418 6911766 300 
2457 2419 6913708 424 
2458 2420 6915650 912 
2459 2421 6917590 334 
2460 2422 6919532 398 
2461 2423 6921474 1276 
2462 2424 6923414 926 
2463 2425 6925356 374 
2464 2426 6927298 836 
2465 2427 6931180 2374 
2466 2428 6933122 814 
2467 2429 6935064 332 
2469 2430 6974464 -14686 
2470 2431 6996694 378 
2470 2431 6996694 378 
