11 9 6131812 330 
12 10 6134402 338 
13 11 6136994 402 
14 12 6139586 334 
15 13 6142174 1080 
16 14 6144762 528 
17 15 6147354 432 
18 16 6149950 394 
19 17 6152540 372 
20 18 6155132 510 
21 19 6157720 526 
24 21 6165490 294 
26 22 6170668 294 
28 24 6175844 488 
29 25 6178434 1042 
30 26 6181022 316 
31 27 6183612 282 
32 28 6186200 282 
33 29 6188790 284 
34 30 6191378 354 
35 31 6193966 280 
37 32 6199144 374 
38 33 6201734 398 
39 34 6204322 524 
40 35 6206912 338 
42 37 6212090 684 
44 39 6219856 394 
45 40 6222444 334 
46 41 6225034 336 
47 42 6227622 354 
49 44 6232800 338 
50 45 6235388 338 
53 46 6248336 -7356 
54 47 6250924 398 
61166 61166 -1899956529 -374354513 
56 49 6256104 376 
58 51 6261280 692 
59 52 6263870 278 
60 52 6266460 334 
61 53 6269048 318 
62 54 6271636 610 
63 55 6274226 1062 
64 56 6276814 630 
65 57 6279404 282 
66 58 6281992 692 
67 59 6284582 334 
68 60 6287170 1082 
69 61 6289760 352 
71 62 6294938 508 
73 64 6302706 294 
74 65 6305294 468 
75 66 6307884 486 
76 67 6310472 786 
77 68 6313062 292 
78 69 6315652 398 
79 70 6318240 310 
80 71 6320830 400 
82 72 6326008 378 
83 73 6328598 414 
84 74 6331186 468 
85 75 6333776 962 
86 76 6336366 414 
87 77 6338954 900 
88 78 6341544 374 
90 80 6346722 398 
91 81 6349312 354 
92 82 6351900 414 
93 83 6354490 386 
96 86 6362258 358 
98 88 6367436 354 
99 89 6370024 352 
101 90 6375202 278 
102 91 6377792 380 
103 92 6380380 484 
104 93 6382968 374 
105 94 6385556 526 
107 95 6390734 584 
108 96 6393324 318 
109 97 6395912 584 
110 98 6398502 414 
112 99 6403680 294 
113 100 6406272 338 
114 101 6408858 632 
115 102 6411450 284 
116 103 6414040 298 
117 104 6416630 416 
118 105 6419220 528 
119 106 6421808 354 
120 107 6424398 568 
121 108 6426988 466 
122 109 6429574 298 
123 110 6432164 416 
124 111 6434756 370 
125 112 6439822 2172 
127 113 6445112 566 
128 114 6447702 338 
129 115 6450290 508 
130 116 6452880 380 
131 117 6455468 374 
132 118 6458058 490 
133 119 6460646 536 
134 120 6465696 2150 
135 121 6468412 414 
136 122 6471002 390 
137 123 6473590 374 
138 124 6476176 416 
139 125 6478770 286 
140 126 6481360 408 
141 127 6483950 980 
142 128 6486538 1974 
30583 30583 2009953789 -348241 
144 130 6491716 334 
146 131 6496894 398 
149 134 6504660 414 
150 135 6507250 974 
153 138 6515020 586 
154 139 6517608 374 
155 140 6520198 412 
156 141 6522786 418 
157 142 6525376 312 
158 143 6527964 284 
159 144 6530554 336 
160 144 6533142 706 
161 145 6535732 284 
163 146 6540910 1236 
165 147 6546086 296 
166 148 6548676 354 
167 149 6551264 352 
168 150 6553854 284 
169 151 6556444 280 
170 152 6559030 354 
171 153 6561620 330 
172 154 6564210 284 
173 155 6566800 332 
174 156 6569388 286 
175 157 6571978 470 
176 158 6574566 512 
177 159 6577156 314 
178 160 6579742 334 
179 161 6582332 394 
180 162 6584922 394 
181 163 6587512 646 
182 164 6590102 488 
183 165 6592690 566 
184 166 6595280 298 
185 166 6597868 1058 
186 167 6600458 426 
187 168 6603048 312 
188 169 6605634 296 
189 170 6608226 356 
190 171 6613256 2144 
191 172 6615996 1282 
192 173 6618586 360 
193 174 6621172 370 
194 175 6623760 416 
195 176 6626350 334 
196 177 6628940 338 
198 178 6634118 286 
199 179 6636708 372 
200 180 6641888 2446 
203 181 6649658 284 
204 182 6652248 358 
205 183 6654838 578 
206 184 6657428 284 
207 185 6660018 390 
208 186 6662606 394 
209 187 6665196 454 
210 188 6667786 568 
211 189 6670376 412 
212 190 6672966 378 
213 191 6675556 596 
214 192 6678146 486 
215 193 6680736 494 
216 194 6683322 318 
218 195 6688500 1042 
219 196 6691092 690 
220 197 6693684 418 
221 198 6696274 350 
222 199 6698862 1024 
223 199 6701452 416 
225 200 6706632 330 
227 201 6711810 418 
228 202 6714400 990 
229 203 6726118 556 
230 204 6752218 508 
