0 0 3649884 0 
1 1 3652476 350 
2 2 3655068 372 
3 3 3657658 412 
4 4 3660248 334 
5 5 3662836 278 
7 7 3668020 354 
8 8 3670612 396 
9 9 3673204 410 
10 10 3675792 414 
11 11 3678382 310 
12 12 3683560 4362 
13 13 3686148 282 
14 14 3688736 528 
15 15 3691326 370 
16 16 3693914 454 
17 17 3696502 374 
19 19 3701680 328 
20 20 3704268 668 
21 21 3706858 394 
22 22 3709446 292 
23 23 3712034 334 
24 24 3714624 658 
25 25 3717212 292 
27 27 3722390 1020 
28 28 3724978 898 
29 29 3727568 410 
30 30 3730156 514 
31 31 3732742 1176 
32 32 3735332 374 
34 34 3740510 398 
35 35 3743098 402 
36 36 3745686 282 
37 37 3748276 1006 
38 38 3750864 950 
39 39 3753452 330 
40 40 3756042 334 
42 42 3761216 282 
43 43 3763806 330 
44 44 3766396 334 
45 45 3768984 706 
46 46 3771574 314 
47 47 3774162 332 
48 48 3776750 1218 
49 49 3779340 412 
50 50 3781928 762 
51 51 3784518 312 
52 52 3787108 448 
53 53 3789696 368 
54 54 3792284 286 
55 55 3794874 332 
56 56 3797462 358 
57 57 3800050 278 
58 58 3802640 426 
59 59 3805228 392 
60 60 3807816 380 
61 61 3810404 370 
62 62 3812994 336 
63 63 3815582 310 
64 64 3818172 374 
65 65 3820760 280 
66 66 3823348 334 
66 66 3823348 334 
67 67 3828526 2320 
68 68 3831116 354 
69 69 3833704 390 
70 70 3836294 294 
71 71 3838882 278 
72 72 3841472 286 
73 73 3844060 442 
74 74 3846650 458 
75 75 3849238 292 
77 77 3854416 354 
79 79 3859592 330 
80 80 3862180 354 
81 81 3864770 628 
83 83 3869946 1294 
85 85 3875124 312 
86 86 3877712 296 
87 87 3880302 354 
88 88 3882890 278 
90 90 3888068 398 
91 91 3890656 356 
92 92 3893244 440 
93 93 3895832 392 
94 94 3898422 396 
95 95 3901010 350 
97 97 3906188 318 
98 98 3908776 870 
99 99 3911366 1008 
100 100 3913954 354 
101 101 3916542 310 
102 102 3919132 354 
103 103 3921720 352 
104 104 3924310 804 
105 105 3926898 372 
106 106 3929486 358 
107 107 3932076 676 
108 108 3934660 1146 
109 109 3937248 742 
110 110 3939840 488 
111 111 3942428 386 
112 112 3945016 1078 
113 113 3947604 382 
114 114 3950194 338 
115 115 3952786 388 
116 116 3955376 358 
117 117 3957964 290 
118 118 3960552 414 
119 119 3963142 522 
120 120 3965730 2016 
121 121 3968318 290 
122 122 3970904 294 
123 123 3973492 568 
124 124 3976080 292 
125 125 3978668 290 
126 126 3981256 396 
127 127 3983844 412 
128 128 3986436 592 
129 129 3989026 310 
130 130 3991614 530 
131 131 3994202 468 
132 132 3996792 378 
133 133 3999380 410 
134 134 4001968 298 
135 135 4004558 446 
137 137 4009734 654 
138 138 4012322 398 
139 139 4014912 1270 
140 140 4017500 374 
141 141 4020088 412 
142 142 4022678 284 
143 143 4025266 940 
144 144 4027854 374 
145 145 4030444 916 
146 146 4033032 970 
147 147 4035620 394 
149 149 4040796 622 
152 151 4051154 628 
153 152 4053738 422 
154 153 4056326 508 
155 154 4058912 310 
156 155 4061500 418 
157 156 4064092 1362 
160 159 4071856 708 
161 160 4074442 382 
162 161 4077034 580 
163 162 4079628 330 
164 163 4082218 286 
165 164 4084806 278 
166 165 4087394 298 
167 166 4089984 308 
168 167 4092572 368 
169 168 4095162 646 
170 169 4097750 498 
171 170 4100338 998 
172 171 4102926 334 
173 172 4105514 370 
174 173 4108104 368 
175 174 4110692 394 
176 175 4113282 432 
177 176 4115866 332 
178 177 4118454 396 
179 178 4121044 390 
180 179 4123632 398 
181 180 4126220 462 
182 181 4128808 338 
184 183 4133986 376 
185 184 4136574 432 
186 185 4139162 294 
188 187 4144340 316 
190 189 4149516 414 
191 190 4154694 3758 
192 191 4157282 398 
193 192 4159872 352 
194 193 4162460 374 
195 194 4165048 410 
196 195 4167640 338 
197 196 4170230 1036 
197 196 4170230 1036 
198 197 4172816 1876 
199 198 4175406 842 
200 199 4177992 570 
201 200 4180584 1460 
202 201 4183174 396 
203 202 4185762 388 
204 203 4188348 642 
205 204 4190936 370 
206 205 4193520 790 
207 206 4196112 542 
208 207 4198702 426 
209 208 4201290 474 
210 208 4203882 1612 
211 209 4206472 314 
212 210 4209058 334 
213 211 4211646 414 
214 212 4214234 418 
215 213 4216826 796 
216 214 4219416 768 
217 215 4222004 1150 
218 216 4224592 530 
219 217 4227180 624 
220 218 4229770 638 
221 219 4232358 506 
222 220 4234946 1306 
223 221 4237536 382 
224 222 4240124 748 
225 223 4242714 604 
226 224 4245302 298 
227 225 4247888 486 
228 226 4250480 394 
230 228 4255654 284 
231 229 4258242 410 
232 230 4260834 1150 
233 231 4263424 486 
234 232 4266010 1066 
235 233 4268602 1268 
236 234 4271190 526 
237 235 4273778 330 
238 236 4276368 376 
239 237 4278956 526 
240 238 4281544 608 
241 239 4284132 298 
242 240 4286720 1112 
244 242 4291898 418 
244 242 4291898 418 
245 243 4294486 1094 
246 244 4297074 1966 
247 245 4299662 310 
248 246 4302248 318 
249 247 4304840 900 
250 248 4307430 588 
251 249 4310018 278 
252 250 4312608 314 
254 252 4317786 934 
255 253 4320374 354 
256 254 4322964 298 
257 255 4325552 394 
258 256 4330732 2732 
259 257 4333320 406 
260 258 4335910 526 
261 259 4338498 470 
262 260 4341088 328 
263 261 4343678 350 
264 262 4346266 648 
265 263 4348856 392 
266 264 4351444 398 
267 265 4354034 1116 
268 266 4356624 314 
270 268 4361798 414 
271 269 4364386 350 
272 270 4366976 582 
273 271 4369564 942 
274 272 4372154 392 
275 273 4374748 370 
276 274 4377338 418 
277 275 4379926 886 
278 276 4382516 374 
279 277 4385104 1032 
280 278 4387694 294 
281 279 4390284 292 
282 280 4392872 292 
283 281 4395462 464 
284 282 4398050 460 
285 283 4403228 2674 
286 284 4405818 470 
287 285 4408408 394 
289 287 4413586 450 
290 288 4416174 352 
291 289 4418764 504 
292 290 4421348 376 
293 291 4423938 1200 
295 293 4429116 566 
296 294 4431704 588 
297 295 4434294 370 
298 296 4436886 770 
299 297 4439472 282 
300 298 4442064 410 
301 299 4444654 664 
302 300 4447244 506 
304 302 4452420 398 
305 303 4455010 358 
306 304 4457598 282 
307 305 4460188 584 
308 306 4462776 396 
309 307 4465366 410 
310 308 4467954 412 
311 309 4470542 392 
312 310 4473128 294 
314 311 4480894 -1950 
315 312 4483482 352 
316 313 4486072 932 
317 314 4488660 282 
319 316 4493840 522 
320 317 4496428 576 
321 318 4499018 354 
322 319 4501606 374 
323 320 4504196 684 
324 321 4506788 480 
325 322 4509378 370 
326 323 4511968 608 
328 325 4517146 358 
329 326 4519734 1336 
329 326 4519734 1336 
330 327 4522320 1642 
330 327 4522320 1642 
331 328 4524910 844 
332 329 4527496 1634 
333 330 4530088 290 
334 331 4532678 548 
335 332 4535264 526 
336 333 4537852 570 
336 333 4537852 570 
337 334 4540446 1062 
338 335 4543034 296 
339 336 4545624 2078 
340 337 4548210 488 
341 338 4550798 370 
343 340 4555972 858 
344 341 4558560 1270 
345 342 4561150 1976 
346 343 4563740 280 
347 344 4566332 926 
348 345 4568920 368 
349 346 4571508 410 
350 347 4574098 766 
351 348 4576686 760 
352 349 4579276 748 
353 350 4584450 3368 
354 351 4587038 1332 
354 351 4587038 1332 
355 352 4589628 1238 
356 353 4592220 314 
357 354 4594810 332 
359 356 4599988 526 
360 357 4602576 414 
361 358 4605166 364 
362 359 4607754 336 
363 360 4610344 442 
364 361 4612934 558 
365 362 4615524 314 
366 363 4618112 314 
368 365 4623290 348 
369 366 4625880 372 
370 367 4628468 334 
371 368 4631058 410 
372 369 4633646 646 
373 370 4636236 446 
374 371 4638824 284 
375 372 4641414 370 
376 373 4644002 334 
377 374 4646590 1058 
378 375 4649180 840 
379 376 4651768 660 
380 377 4654358 416 
381 378 4656946 296 
382 379 4659536 938 
383 380 4662124 370 
384 381 4664714 294 
384 381 4664714 294 
385 382 4667304 886 
386 383 4669890 414 
387 384 4672476 410 
388 385 4675066 354 
389 386 4677654 1312 
390 387 4680242 398 
391 388 4682832 290 
392 389 4685420 354 
393 390 4688010 394 
394 391 4690598 358 
395 392 4693188 350 
396 393 4695776 666 
397 394 4698368 334 
17476 17476 1143646730 1526770649 
399 396 4703548 762 
400 397 4706136 296 
401 398 4708726 1778 
402 399 4711314 354 
404 401 4716492 418 
405 402 4719082 426 
406 403 4721670 292 
407 404 4724258 310 
408 405 4726848 368 
409 406 4729438 410 
410 407 4732026 380 
411 408 4734616 1368 
412 409 4737204 448 
413 410 4739794 414 
414 411 4742382 374 
415 412 4744972 352 
417 414 4750150 644 
418 415 4752738 414 
419 416 4755328 396 
420 417 4757916 294 
421 418 4760506 626 
422 419 4763094 334 
423 420 4765684 1022 
424 421 4768272 286 
425 422 4770862 282 
426 423 4773450 1040 
427 424 4776040 314 
428 425 4778628 508 
429 426 4781214 394 
430 427 4783802 448 
431 428 4786390 546 
433 430 4791568 392 
434 431 4794158 660 
435 432 4796746 278 
436 433 4799336 354 
437 434 4801924 294 
438 435 4804514 790 
439 436 4807106 352 
440 437 4809696 354 
441 438 4812284 312 
442 439 4814874 670 
443 440 4817462 390 
444 441 4820050 336 
445 442 4822640 406 
446 443 4825228 336 
447 444 4827816 370 
448 445 4830404 1162 
449 446 4832994 584 
451 448 4838170 412 
452 449 4840758 338 
453 450 4843348 1242 
454 451 4845936 966 
455 452 4848524 1020 
456 453 4851114 1088 
457 454 4853702 576 
458 455 4856290 416 
459 456 4858880 370 
460 457 4861468 506 
461 458 4864056 444 
462 459 4866646 286 
463 460 4869234 412 
464 461 4871824 540 
465 462 4874412 414 
467 464 4879588 410 
468 465 4882178 332 
469 466 4884766 1094 
470 467 4887354 294 
471 468 4889940 390 
474 471 4897704 1978 
475 472 4900292 414 
30583 30583 2011642377 -928142816 
476 473 4902882 358 
477 474 4908058 2386 
478 475 4910648 294 
481 478 4918418 284 
482 479 4921006 494 
482 479 4921006 494 
483 480 4923594 1010 
484 481 4926182 416 
485 482 4928770 870 
486 483 4931360 314 
487 484 4933948 818 
488 485 4936536 438 
489 486 4941714 2602 
490 487 4944302 318 
491 488 4946890 372 
492 489 4949478 318 
493 490 4952066 482 
495 492 4957242 394 
496 493 4959832 508 
497 494 4962420 374 
498 495 4965010 1322 
499 496 4967600 370 
500 497 4970190 586 
502 499 4975368 334 
503 500 4977958 564 
504 501 4980546 298 
505 502 4983134 1702 
506 503 4985724 456 
507 504 4988312 414 
508 505 4990900 468 
509 506 4993488 350 
510 507 4996078 298 
511 508 4998666 350 
512 509 5001256 506 
513 510 5003844 706 
514 511 5006432 450 
515 512 5009022 476 
516 513 5011610 426 
517 514 5014198 410 
518 515 5016786 394 
519 516 5019376 1754 
520 517 5021964 468 
522 518 5029728 -1786 
523 519 5032318 280 
524 520 5034904 398 
525 521 5037494 350 
526 522 5040084 396 
528 524 5045262 294 
529 525 5047850 388 
530 526 5050438 900 
530 526 5050438 900 
531 527 5053026 912 
533 529 5058204 1048 
534 530 5060792 296 
535 531 5063380 740 
536 532 5065970 414 
537 533 5068558 294 
538 534 5071146 360 
539 535 5073736 1164 
540 536 5076320 288 
541 537 5078908 684 
544 540 5086674 816 
545 541 5089264 1990 
546 542 5091852 332 
547 543 5094444 332 
548 544 5097034 936 
549 545 5099622 574 
549 545 5099622 574 
550 546 5104800 3454 
551 547 5107388 780 
552 548 5109978 982 
553 549 5112566 1512 
554 550 5115156 334 
555 551 5117744 330 
556 552 5120334 286 
557 553 5122922 352 
558 554 5125512 292 
559 555 5128102 390 
560 556 5130688 432 
561 557 5133278 374 
562 558 5135868 378 
563 559 5138456 294 
565 561 5143632 484 
566 562 5146220 286 
567 563 5148806 396 
569 565 5153984 330 
570 566 5156576 348 
571 567 5159164 856 
572 568 5161754 352 
573 569 5164342 634 
574 570 5166932 368 
575 571 5169520 278 
576 572 5172108 506 
577 573 5174698 280 
578 574 5177286 392 
579 575 5179876 424 
580 576 5182464 414 
581 577 5185052 424 
582 578 5187640 296 
583 579 5190230 818 
584 580 5192818 982 
585 581 5195406 928 
586 582 5197996 398 
587 583 5200584 372 
588 584 5203172 394 
589 585 5205758 310 
590 586 5208346 378 
591 587 5210936 290 
592 588 5213524 684 
593 589 5216116 354 
594 590 5218706 486 
595 591 5221296 292 
596 592 5223886 488 
597 593 5226474 650 
599 595 5231652 1174 
600 596 5234240 728 
601 597 5236830 398 
602 598 5239418 354 
603 599 5242008 310 
604 600 5244596 378 
606 602 5249774 292 
607 603 5252364 934 
608 604 5254948 398 
609 605 5257536 280 
610 606 5260126 1202 
611 607 5262714 1120 
612 608 5265302 356 
613 609 5267892 280 
614 610 5270480 308 
615 611 5273072 1764 
616 612 5275658 652 
617 613 5278250 352 
618 614 5280836 396 
619 615 5283426 330 
620 616 5286016 330 
622 618 5291190 374 
623 619 5293782 1682 
624 620 5296370 280 
625 621 5298960 870 
626 622 5301544 284 
628 624 5306722 466 
628 624 5306722 466 
629 625 5309314 988 
630 626 5311902 294 
631 627 5314492 394 
632 628 5317080 458 
633 629 5319668 1064 
633 629 5319668 1064 
634 630 5322258 1640 
635 631 5324846 330 
636 632 5327436 586 
637 633 5330024 410 
638 634 5332612 398 
639 635 5335200 544 
640 636 5337790 374 
641 637 5340378 278 
642 638 5342964 466 
643 639 5345552 414 
644 640 5348140 680 
644 640 5348140 680 
645 641 5353318 2844 
646 642 5355908 370 
647 643 5358498 412 
648 644 5361086 352 
649 645 5363676 280 
650 646 5366268 802 
651 647 5368858 634 
653 649 5374036 370 
654 650 5376624 374 
655 651 5379214 280 
656 652 5381802 316 
657 653 5384392 1168 
658 654 5386982 296 
659 655 5389570 818 
660 656 5392160 318 
661 657 5394748 1012 
662 658 5397338 490 
663 659 5399926 484 
664 660 5402514 874 
665 661 5405102 290 
666 662 5407690 356 
667 663 5410280 1002 
668 664 5412868 316 
669 665 5415456 372 
670 666 5418046 316 
670 666 5418046 316 
671 667 5420634 930 
672 668 5423224 412 
673 669 5425812 1358 
674 670 5428400 1084 
675 671 5430990 310 
677 673 5436164 414 
678 674 5438754 1080 
679 675 5441340 290 
681 677 5446518 472 
682 678 5449110 376 
683 679 5451698 412 
684 680 5454288 670 
685 681 5456872 1108 
686 682 5459460 318 
687 683 5462052 998 
688 684 5464642 284 
689 685 5467226 328 
690 686 5469814 316 
691 687 5472402 372 
692 688 5474992 612 
693 689 5477580 282 
694 690 5480168 292 
695 691 5482756 410 
696 692 5485346 372 
696 692 5485346 372 
697 693 5487934 934 
698 694 5490522 336 
699 695 5493112 632 
700 696 5495700 1004 
701 697 5498288 488 
702 698 5500878 298 
703 699 5503466 1762 
704 700 5506058 566 
706 702 5511238 298 
707 703 5513826 292 
708 704 5516416 374 
709 705 5519004 332 
710 706 5521594 416 
711 707 5524182 700 
712 708 5526772 376 
713 709 5529360 1870 
714 710 5531948 550 
715 711 5534538 534 
716 712 5537126 406 
717 713 5539714 278 
718 714 5542304 1010 
719 715 5544892 394 
720 716 5547482 356 
721 717 5550072 930 
722 718 5552660 396 
723 719 5555250 466 
724 720 5557838 630 
726 722 5563016 292 
727 723 5565606 410 
728 724 5568194 1100 
729 725 5570784 628 
730 726 5573372 394 
731 727 5575962 664 
732 728 5578550 284 
733 729 5581138 332 
734 730 5583728 1944 
735 731 5586316 392 
736 732 5588904 436 
737 733 5591494 284 
738 734 5594082 414 
739 735 5596670 412 
740 736 5599260 414 
741 737 5601848 292 
742 738 5604436 286 
743 739 5607026 510 
744 740 5609614 376 
745 741 5612204 930 
746 742 5614794 668 
747 743 5617382 1420 
748 744 5619972 1940 
749 745 5622560 1666 
750 746 5625150 480 
751 747 5627738 330 
752 748 5630328 374 
752 748 5630328 374 
753 749 5632916 1334 
754 750 5635506 1010 
755 751 5638094 1810 
756 752 5640684 380 
758 754 5645862 392 
759 755 5648450 350 
760 756 5651040 284 
761 757 5653628 354 
762 758 5656216 416 
763 759 5658802 372 
764 760 5661392 316 
765 761 5663982 1014 
766 762 5666570 508 
767 763 5669158 280 
768 764 5671748 356 
769 765 5674336 298 
770 766 5676924 414 
771 767 5679512 410 
772 768 5682102 610 
773 769 5684690 704 
774 770 5687280 486 
775 771 5689870 370 
776 772 5692458 314 
777 773 5695048 310 
778 774 5697634 354 
779 775 5700224 392 
780 776 5702814 338 
781 777 5705402 588 
782 778 5707992 334 
783 779 5710580 370 
784 780 5713168 356 
785 781 5715758 1314 
786 782 5718346 416 
787 783 5720936 312 
788 784 5723524 356 
789 785 5726114 614 
790 786 5728702 374 
791 787 5731290 374 
792 788 5733880 414 
793 789 5736468 350 
794 790 5739058 296 
795 791 5741646 278 
796 792 5744234 1114 
797 793 5746824 334 
798 794 5749412 946 
799 795 5752000 412 
800 796 5754590 760 
800 796 5754590 760 
802 798 5759768 286 
803 799 5762356 648 
804 800 5764944 1634 
805 801 5767534 410 
805 801 5767534 410 
806 802 5770122 1496 
807 803 5772710 2076 
808 804 5775300 418 
809 805 5777888 292 
810 806 5780476 334 
811 807 5783062 396 
812 808 5785650 456 
813 809 5788238 482 
814 810 5790828 278 
815 811 5793416 370 
816 812 5796004 294 
817 813 5798594 1798 
818 814 5801182 416 
819 815 5803770 788 
820 816 5806362 396 
821 817 5808952 1030 
822 818 5811540 418 
823 819 5814128 662 
824 820 5816716 528 
825 821 5819306 1248 
826 822 5824482 2460 
827 823 5827072 1134 
828 824 5829660 1242 
829 825 5832248 408 
830 826 5834836 1046 
831 827 5837424 310 
832 828 5840014 670 
833 829 5842602 332 
834 830 5845190 1000 
835 831 5847778 566 
836 832 5850366 548 
837 833 5852954 414 
838 834 5855542 1170 
839 835 5858132 372 
840 836 5860720 282 
842 838 5865896 314 
843 839 5868484 906 
844 840 5871072 878 
845 841 5873660 486 
846 842 5876248 838 
846 842 5876248 838 
847 843 5878836 1078 
848 844 5881424 452 
849 845 5884012 392 
850 846 5886600 480 
851 847 5889190 1810 
852 848 5891778 296 
853 849 5894366 390 
854 850 5896952 352 
855 851 5899540 444 
856 852 5902128 314 
857 853 5904718 1158 
858 854 5907306 782 
859 855 5909894 404 
860 856 5912486 416 
861 857 5915076 368 
862 858 5917666 412 
863 859 5920254 414 
864 860 5922844 470 
865 861 5925432 684 
866 862 5928022 986 
868 864 5933200 974 
869 865 5935788 278 
870 866 5938376 358 
871 867 5940966 370 
872 868 5943556 1014 
873 869 5946142 704 
874 870 5948734 376 
875 871 5951322 418 
876 872 5953912 294 
877 873 5956500 312 
878 874 5959088 596 
879 875 5961678 330 
880 876 5964266 414 
880 876 5964266 414 
881 877 5966856 924 
883 879 5972034 374 
884 880 5974622 392 
885 881 5977210 558 
886 882 5979800 378 
887 883 5982388 328 
888 884 5984978 356 
889 885 5987566 378 
890 886 5990154 298 
891 887 5992744 414 
892 888 5995332 398 
893 889 5997922 1228 
894 890 6000510 1526 
895 891 6003100 354 
896 892 6005688 336 
897 893 6008276 688 
898 894 6010866 412 
899 895 6013454 334 
900 896 6016044 318 
901 897 6018634 352 
902 898 6021222 294 
903 899 6023812 902 
904 900 6026400 1636 
905 901 6028988 926 
906 902 6031578 352 
907 903 6034166 370 
909 905 6039346 330 
910 906 6041934 394 
912 908 6047112 728 
913 909 6049702 412 
914 910 6052290 412 
915 911 6054878 330 
916 912 6057466 532 
917 913 6060056 310 
918 914 6062644 418 
919 915 6067822 2676 
920 916 6070410 414 
921 917 6073000 414 
922 918 6075588 1374 
923 919 6078176 354 
924 920 6080764 358 
925 921 6083354 746 
926 922 6085942 468 
927 923 6088530 370 
928 924 6091116 994 
929 925 6093706 916 
930 926 6096296 510 
931 927 6098884 374 
932 928 6101472 686 
933 929 6104062 280 
934 930 6106650 390 
935 931 6109238 310 
936 932 6111828 338 
937 933 6114416 330 
938 934 6117006 374 
939 935 6119594 1754 
940 936 6124772 2532 
941 937 6129946 3464 
942 938 6132534 394 
943 939 6135126 480 
944 940 6140306 3158 
945 941 6142894 364 
946 942 6145484 1642 
947 943 6148072 716 
948 944 6150662 960 
949 945 6153248 406 
950 946 6155832 314 
952 948 6161010 286 
953 949 6163602 414 
954 950 6166194 284 
955 951 6168784 1218 
956 952 6171370 398 
957 953 6173960 390 
958 954 6176546 530 
960 956 6181728 548 
961 957 6184318 340 
962 958 6186908 378 
963 959 6189496 414 
964 960 6192086 416 
965 961 6194674 1218 
966 962 6197264 510 
967 963 6199854 1220 
968 964 6202442 376 
969 965 6205030 412 
970 966 6207620 600 
971 967 6210206 374 
973 968 6217974 -1862 
974 969 6220564 312 
975 970 6223154 410 
976 971 6225742 368 
977 972 6228332 454 
979 974 6236100 858 
980 975 6238688 406 
981 976 6241278 312 
982 977 6243868 822 
983 978 6246454 986 
984 979 6249046 1282 
985 980 6251636 1178 
986 981 6254224 588 
987 982 6256814 414 
988 983 6259404 1926 
989 984 6261992 370 
990 985 6264578 942 
991 986 6267170 410 
992 987 6269760 1296 
993 988 6272348 910 
994 989 6274936 334 
995 990 6277524 464 
996 991 6280114 1792 
997 992 6282704 376 
998 993 6285292 354 
999 994 6287878 1074 
1000 995 6290466 892 
1001 996 6293054 278 
1002 997 6295644 414 
1003 998 6298236 310 
1004 999 6300826 354 
1005 1000 6303416 970 
1006 1001 6306004 418 
1007 1002 6308594 816 
1008 1003 6311182 292 
1009 1004 6313770 426 
1010 1005 6316360 542 
1011 1006 6321538 2430 
1012 1007 6324126 1458 
1013 1008 6326716 350 
1014 1009 6329302 766 
1015 1010 6334482 2666 
1016 1011 6337072 334 
1017 1012 6339660 496 
1018 1013 6347314 4762 
1019 1014 6352464 2258 
1020 1015 6355192 316 
1021 1016 6357780 370 
1022 1017 6360370 356 
1023 1018 6365548 3338 
1024 1019 6368136 1178 
1025 1020 6370724 330 
1026 1021 6373314 588 
1027 1022 6375902 390 
1028 1023 6378490 378 
1029 1024 6381080 352 
1030 1025 6383668 394 
1031 1026 6386256 314 
1032 1027 6388846 550 
1033 1028 6391434 374 
1034 1029 6394024 378 
1035 1030 6396612 370 
1036 1031 6399200 1010 
1038 1033 6404378 318 
1039 1034 6406968 312 
1040 1035 6409556 414 
1042 1037 6414734 374 
1043 1038 6417322 290 
1044 1039 6419912 414 
1045 1040 6422498 840 
1046 1041 6425086 372 
1047 1042 6427678 374 
1048 1043 6430268 356 
1049 1044 6432856 278 
1050 1045 6435446 286 
1051 1046 6438034 412 
1052 1047 6440624 358 
1054 1048 6448388 -2310 
1055 1049 6450978 284 
1056 1050 6453566 586 
1057 1051 6456156 330 
1058 1052 6458742 378 
1059 1053 6461330 682 
1060 1054 6463922 530 
1061 1055 6466512 392 
1062 1056 6469100 1010 
1063 1057 6471688 680 
1063 1057 6471688 680 
1064 1058 6474278 1278 
1065 1059 6476866 646 
1066 1060 6479450 296 
1067 1061 6482042 308 
1068 1062 6484632 318 
1069 1063 6487220 332 
1070 1064 6489808 436 
1071 1065 6492398 280 
1072 1066 6494986 282 
1073 1067 6497572 390 
1074 1068 6500160 284 
1075 1069 6502748 626 
1076 1070 6505336 822 
1077 1071 6507926 564 
1078 1072 6510514 314 
1079 1073 6513104 508 
1080 1074 6515692 396 
1081 1075 6518282 410 
1082 1076 6520870 546 
1083 1077 6523460 334 
1084 1078 6526048 1016 
1085 1079 6528636 310 
1085 1079 6528636 310 
1087 1081 6533814 584 
1088 1082 6536402 334 
1089 1083 6538992 606 
1092 1086 6546756 620 
1093 1087 6549346 280 
1094 1088 6551936 332 
1095 1089 6554526 350 
1096 1090 6557114 632 
1097 1091 6559704 332 
1098 1092 6562292 356 
1099 1093 6564880 412 
1100 1094 6567470 286 
1101 1095 6570058 414 
1102 1096 6572644 318 
1103 1097 6575230 350 
1104 1098 6577820 470 
1105 1099 6580408 1186 
1106 1100 6582996 416 
1107 1101 6585584 308 
1108 1102 6588176 1124 
1109 1103 6590766 280 
1111 1105 6595942 410 
1112 1106 6598530 448 
1113 1107 6601118 474 
1114 1108 6603708 392 
1115 1109 6606292 464 
1116 1110 6608880 528 
1117 1111 6611468 666 
1118 1112 6614058 374 
1119 1113 6616646 290 
1120 1114 6619234 286 
1121 1115 6621822 312 
1122 1116 6624412 802 
1123 1117 6627000 408 
1124 1118 6629588 294 
1125 1119 6632176 354 
1126 1120 6634764 672 
1127 1121 6637354 580 
1128 1122 6639938 544 
1129 1123 6642528 1116 
1130 1124 6645118 606 
1131 1125 6647706 370 
1132 1126 6650294 316 
1133 1127 6652884 542 
1134 1128 6655468 1010 
1135 1129 6658058 1282 
1136 1130 6660648 286 
1137 1131 6665750 2210 
1138 1132 6668416 414 
1139 1133 6671006 820 
1140 1134 6673594 294 
1141 1135 6676182 430 
1142 1136 6678770 1496 
1143 1137 6681360 374 
1144 1138 6683948 312 
1145 1139 6689124 3376 
1146 1140 6691712 1158 
1147 1141 6694300 330 
1149 1142 6704654 2518 
1150 1143 6707244 294 
1151 1144 6709832 332 
1152 1145 6712422 448 
1153 1146 6715008 486 
1154 1147 6717598 374 
1155 1148 6720188 370 
1156 1149 6722776 730 
1157 1149 6725366 1486 
1158 1150 6727954 406 
1159 1151 6730544 372 
1160 1152 6733132 686 
1161 1153 6735720 312 
1162 1154 6738310 374 
1163 1155 6740898 806 
1164 1156 6743486 282 
1165 1157 6748518 2152 
1166 1158 6751250 552 
1166 1158 6751250 552 
1167 1159 6753840 854 
1168 1160 6756430 286 
1169 1161 6759018 704 
1170 1162 6761606 282 
1171 1163 6764196 414 
1172 1164 6766784 392 
1173 1165 6769372 412 
1174 1166 6771960 492 
1175 1167 6774548 392 
1176 1168 6777136 374 
1177 1169 6779726 928 
1178 1170 6782314 312 
1179 1171 6784902 332 
1180 1172 6787486 296 
1181 1173 6790078 352 
1182 1174 6792668 870 
1184 1176 6797846 414 
1185 1177 6800434 466 
1186 1178 6803022 354 
1187 1179 6805608 334 
1188 1180 6808196 978 
1189 1181 6810784 290 
1190 1182 6813376 648 
1191 1183 6815964 332 
1192 1184 6818554 1256 
1193 1185 6821142 416 
1194 1186 6823730 418 
1195 1187 6826320 374 
1196 1188 6828908 634 
1198 1190 6834086 336 
1199 1191 6836674 394 
1200 1192 6839262 394 
1201 1193 6841850 294 
1202 1194 6844440 334 
1203 1195 6847028 278 
1204 1196 6849616 376 
1205 1197 6852206 546 
1206 1198 6854794 1200 
1207 1199 6857378 278 
1208 1200 6859970 414 
1209 1201 6862558 352 
1210 1202 6865148 394 
1211 1203 6867736 356 
1212 1204 6870324 608 
1213 1205 6872914 352 
1214 1206 6875502 706 
1215 1207 6878090 310 
1216 1208 6880678 1186 
1217 1209 6883266 464 
1218 1210 6885854 342 
1219 1211 6888444 392 
1221 1213 6893622 1402 
1222 1214 6896208 294 
1224 1216 6901388 336 
1225 1217 6903976 312 
1226 1218 6906564 838 
1227 1219 6909152 662 
1228 1220 6911740 296 
1229 1221 6914328 740 
1230 1222 6916914 296 
1231 1223 6919502 414 
1232 1224 6922090 296 
1233 1225 6924682 370 
1235 1227 6929860 330 
1236 1228 6932448 314 
1237 1229 6935038 482 
1238 1230 6937626 286 
1240 1232 6942804 372 
1241 1233 6945392 314 
1243 1235 6950570 390 
1244 1236 6953158 352 
1245 1237 6955746 1256 
1246 1238 6958334 396 
1247 1239 6960922 350 
1248 1240 6963512 496 
1249 1241 6966092 412 
1250 1242 6968682 1506 
1251 1243 6971272 808 
1252 1244 6973860 356 
1253 1245 6976452 584 
1254 1246 6979040 398 
1255 1247 6981628 370 
1256 1248 6984218 376 
1257 1249 6986806 410 
1258 1250 6989394 528 
1259 1251 6991984 564 
1260 1252 6994572 284 
1261 1253 6997160 586 
1262 1254 6999748 2090 
1263 1255 7002338 424 
1264 1256 7004926 562 
1265 1257 7007514 980 
1266 1258 7010102 376 
1267 1259 7012690 776 
1268 1260 7015278 1240 
1269 1261 7017866 960 
1270 1262 7020454 466 
1271 1263 7023044 1612 
1272 1264 7025632 392 
1273 1265 7028220 290 
1274 1266 7030808 418 
1275 1267 7033396 1018 
1276 1268 7035982 1158 
1277 1269 7038570 410 
1278 1270 7041162 492 
1279 1271 7043750 546 
1280 1272 7046340 722 
1281 1273 7048928 646 
1283 1274 7056694 -2256 
1284 1275 7059282 2102 
1285 1276 7061872 278 
1286 1277 7064460 316 
1287 1278 7067048 370 
1288 1279 7069636 336 
1289 1280 7072226 314 
1290 1281 7074810 286 
1291 1282 7077400 1058 
1292 1283 7079990 780 
1293 1284 7082580 394 
1294 1285 7085164 314 
1295 1286 7087752 310 
1296 1287 7090342 318 
1297 1288 7092934 394 
1298 1289 7095524 354 
1299 1290 7098112 414 
1300 1291 7100700 374 
1301 1292 7103288 676 
1302 1293 7105876 1012 
1303 1294 7108462 370 
1304 1295 7111048 1494 
1305 1296 7113640 318 
1306 1297 7116230 286 
1307 1298 7118818 698 
1308 1299 7121406 396 
1310 1301 7126584 312 
1311 1302 7129172 334 
1312 1303 7134350 3268 
1313 1304 7136938 606 
1314 1305 7139526 414 
1315 1306 7142114 674 
1316 1307 7144702 284 
1317 1308 7149880 3596 
1318 1309 7152468 358 
1319 1310 7155056 410 
1320 1311 7160074 2136 
1321 1312 7162818 922 
1322 1313 7165408 1092 
1323 1314 7167996 292 
1324 1315 7170584 2020 
1325 1316 7175764 2860 
1326 1317 7178354 356 
1328 1319 7183532 1060 
1329 1320 7186118 408 
1330 1321 7188706 988 
1331 1322 7191298 798 
1332 1323 7193888 642 
1333 1324 7196478 350 
1334 1325 7199066 568 
1335 1326 7201654 1836 
1336 1327 7204240 1792 
1337 1328 7206830 406 
1338 1329 7209418 452 
1339 1330 7212006 760 
1340 1331 7214596 912 
1341 1332 7217184 278 
1342 1333 7219776 354 
1343 1334 7222366 412 
1344 1335 7224954 286 
1344 1335 7224954 286 
1345 1336 7227544 1248 
1346 1337 7230132 354 
1347 1338 7232722 730 
1348 1339 7235310 640 
1349 1340 7237900 314 
1350 1341 7240488 344 
1351 1342 7243078 354 
1352 1343 7245666 730 
1353 1344 7248254 1126 
1354 1345 7250844 396 
1355 1346 7253432 378 
1357 1347 7261198 -2214 
1358 1348 7263786 432 
1359 1349 7266374 374 
1360 1350 7268960 498 
1361 1351 7271546 412 
1362 1352 7274138 746 
1363 1353 7276728 334 
1364 1354 7279316 334 
1365 1355 7281904 330 
1365 1355 7281904 330 
1366 1356 7284492 1072 
1367 1357 7287080 414 
1368 1358 7289668 800 
1369 1359 7292256 642 
1370 1360 7294844 1738 
1371 1361 7297434 1078 
1372 1362 7300020 564 
1373 1363 7302608 1940 
1374 1364 7305198 778 
1375 1365 7307786 334 
1376 1366 7310374 1014 
1377 1367 7312962 414 
1378 1368 7315552 314 
1379 1369 7318140 854 
1380 1370 7320728 982 
1381 1371 7323318 282 
1382 1372 7325906 1474 
1383 1373 7328494 1548 
1384 1374 7331084 594 
1385 1375 7333672 350 
1386 1376 7336262 358 
1388 1378 7341438 1140 
1389 1379 7344028 410 
1390 1380 7346616 394 
1391 1381 7349204 332 
1392 1382 7351794 978 
1393 1383 7354382 444 
1394 1384 7356972 332 
1395 1385 7359560 340 
1396 1386 7362150 394 
1397 1387 7364738 544 
1398 1388 7367326 530 
1399 1389 7369916 282 
1400 1390 7372504 622 
1401 1391 7375092 526 
1402 1392 7377682 1468 
1403 1393 7380270 490 
1404 1394 7382858 1104 
1405 1395 7385448 1952 
1406 1396 7388036 414 
1407 1397 7390626 648 
1408 1398 7393214 282 
1409 1399 7395802 332 
1410 1400 7398392 476 
1411 1401 7400980 1462 
1412 1402 7403568 378 
1413 1403 7406156 330 
1414 1404 7408746 1432 
1415 1405 7411334 708 
1416 1406 7413922 1000 
1417 1407 7416510 372 
1418 1408 7419098 990 
1419 1409 7421688 408 
1420 1410 7424276 428 
1421 1411 7429452 3714 
1422 1412 7432040 336 
1423 1413 7434630 412 
1424 1414 7437218 336 
1425 1415 7439806 282 
1426 1416 7442394 782 
1428 1418 7447570 354 
1429 1419 7450158 278 
1430 1420 7452746 294 
1431 1421 7455334 442 
1433 1423 7460512 522 
1434 1424 7463100 296 
1435 1425 7465688 278 
1436 1426 7468276 478 
1437 1427 7470864 742 
1438 1428 7473452 394 
1439 1429 7476040 414 
1440 1430 7478628 464 
1441 1431 7481218 544 
1442 1432 7483806 284 
1443 1433 7486396 1770 
1444 1434 7488984 312 
1445 1435 7491572 728 
1446 1436 7494162 882 
1447 1437 7496750 282 
1448 1438 7499338 398 
1450 1440 7504516 414 
1451 1441 7507106 290 
1453 1443 7512284 310 
1454 1444 7514872 374 
1455 1445 7517460 290 
1456 1446 7520050 316 
1457 1447 7522638 282 
1457 1447 7522638 282 
1458 1448 7525228 1426 
1459 1449 7527816 744 
1460 1450 7530404 374 
1461 1451 7532994 1046 
1462 1452 7535582 506 
1463 1453 7538170 314 
1464 1454 7540760 314 
1465 1455 7543348 550 
1466 1456 7545936 354 
1467 1457 7548526 312 
1468 1458 7551114 398 
1470 1460 7556290 316 
1472 1462 7561466 414 
1473 1463 7564056 370 
1474 1464 7566646 368 
1475 1465 7569234 294 
1475 1465 7569234 294 
1476 1466 7571822 990 
1480 1470 7582178 626 
1481 1471 7584766 350 
1482 1472 7587356 396 
1483 1473 7589944 1700 
1484 1474 7592532 618 
1485 1475 7595120 526 
1486 1476 7597710 296 
1487 1477 7600298 682 
1488 1478 7602888 356 
1489 1479 7605476 370 
1490 1480 7608066 2086 
1491 1481 7610652 642 
1492 1482 7613238 394 
1493 1483 7615828 308 
1494 1484 7618416 284 
1495 1485 7621006 282 
1496 1486 7623598 286 
1497 1487 7626188 332 
1498 1488 7628778 1228 
1499 1489 7631368 596 
1500 1490 7633956 1944 
1501 1491 7636546 394 
1502 1492 7639134 374 
1503 1493 7641724 846 
1504 1494 7644312 838 
1505 1495 7646902 542 
1506 1496 7649490 1110 
1507 1497 7652080 394 
1508 1498 7654668 414 
1509 1499 7657258 966 
1510 1500 7659846 648 
1511 1501 7662436 1066 
1512 1502 7665024 294 
1513 1503 7667614 940 
1514 1504 7670202 1020 
1515 1505 7672792 544 
1516 1506 7675380 740 
1517 1507 7677968 454 
1518 1508 7680556 376 
1519 1509 7683146 276 
1520 1510 7685734 378 
1521 1511 7688324 330 
1522 1512 7690912 388 
1523 1513 7693500 634 
1524 1514 7696088 296 
1525 1515 7698676 1692 
1526 1516 7701266 506 
1527 1517 7703854 388 
1531 1521 7714208 412 
1532 1522 7716796 528 
1533 1523 7719386 392 
1534 1524 7721974 280 
1535 1525 7724560 278 
1536 1526 7727146 316 
1537 1527 7729738 292 
1539 1529 7734916 280 
1540 1530 7737504 418 
1541 1531 7740092 414 
1542 1532 7742680 418 
1543 1533 7745270 388 
1544 1534 7747858 314 
1545 1535 7750446 1882 
1546 1536 7753034 374 
1547 1537 7755624 374 
1548 1538 7758212 1654 
1549 1539 7760800 388 
1550 1540 7763388 314 
1551 1541 7765976 1512 
1552 1542 7768566 378 
1553 1543 7771154 492 
1555 1545 7778808 2170 
1556 1546 7781510 356 
1557 1547 7784098 348 
1558 1548 7786686 334 
1559 1549 7789276 408 
1560 1550 7791864 316 
1561 1551 7794452 282 
1562 1552 7797042 468 
1563 1553 7799628 374 
1564 1554 7802220 414 
1565 1555 7804810 464 
1566 1556 7807398 414 
1567 1557 7809988 1020 
1568 1558 7812576 394 
1569 1559 7815166 370 
1570 1560 7817754 1292 
1571 1561 7820342 350 
1572 1562 7822932 652 
1573 1563 7825520 486 
1574 1564 7828110 466 
1575 1565 7830698 330 
1576 1566 7833286 358 
1577 1567 7835876 622 
1578 1568 7838464 292 
1579 1569 7841050 430 
1580 1570 7843640 1562 
1581 1571 7846224 390 
1582 1572 7848810 390 
1583 1573 7851402 314 
1584 1574 7853988 358 
1585 1575 7856582 792 
1587 1577 7861762 412 
1588 1578 7866934 2726 
1589 1579 7869526 462 
1590 1580 7872114 566 
1591 1581 7874706 374 
1592 1582 7877294 408 
1594 1584 7885062 3764 
1595 1585 7887650 372 
1597 1587 7892828 278 
1598 1588 7895416 476 
1599 1589 7898006 1100 
1600 1590 7900594 1706 
1601 1591 7903182 330 
1602 1592 7905768 376 
1603 1593 7908356 334 
1604 1594 7910946 338 
1605 1595 7913538 328 
1606 1596 7916128 414 
1607 1597 7921306 2690 
1608 1598 7923894 706 
1609 1599 7926482 278 
1610 1600 7929072 314 
1611 1601 7931660 392 
1613 1603 7936838 332 
1614 1604 7939426 286 
1615 1605 7942016 388 
1616 1606 7944604 418 
1617 1607 7947194 278 
1619 1609 7952370 486 
1620 1610 7954956 312 
1621 1611 7957544 392 
1622 1612 7960134 396 
1623 1613 7962722 644 
1624 1614 7965310 384 
1625 1615 7970482 2306 
1626 1616 7973072 626 
1627 1617 7975660 568 
1628 1618 7978256 730 
1630 1620 7983436 414 
1631 1621 7986024 1460 
1632 1622 7988612 338 
1633 1623 7993790 4592 
1634 1624 7996380 1240 
1635 1625 7998970 390 
1636 1626 8001558 296 
1637 1627 8004146 1242 
1638 1628 8006736 826 
1639 1629 8009326 1052 
1640 1630 8011914 548 
1641 1631 8014504 1254 
1642 1632 8017092 416 
1643 1633 8019682 426 
1644 1634 8022270 466 
1645 1635 8024860 354 
1646 1636 8027446 314 
1647 1637 8030034 330 
1648 1638 8032622 1284 
1649 1639 8035212 674 
1650 1640 8037804 286 
1651 1641 8040394 1296 
1652 1642 8042984 314 
1653 1643 8045572 466 
1654 1644 8048162 472 
1655 1645 8050750 310 
1656 1646 8053340 778 
1657 1647 8055930 312 
1658 1648 8058518 412 
1659 1649 8061108 394 
1660 1650 8063692 774 
1661 1651 8066280 504 
1662 1652 8068870 416 
1663 1653 8071458 392 
1664 1654 8074048 1172 
1666 1656 8079226 1318 
1667 1657 8081814 350 
1668 1658 8084404 476 
1669 1659 8086994 604 
1672 1662 8094760 1850 
1673 1663 8097354 1060 
1676 1666 8105120 314 
1677 1667 8107710 414 
1677 1667 8107710 414 
1678 1668 8110298 2046 
1679 1669 8112888 1554 
1680 1670 8115476 314 
1681 1671 8118066 524 
1682 1672 8120654 426 
1683 1673 8123244 392 
17476 17476 1151146582 -143165458 
1686 1676 8131010 1996 
1687 1677 8133598 372 
1688 1678 8136186 1010 
1689 1679 8138776 286 
1690 1680 8141364 1258 
1691 1681 8143954 626 
1692 1682 8146538 332 
1693 1683 8149126 310 
1694 1684 8151714 294 
1695 1685 8154304 1144 
1697 1686 8162074 -2198 
1698 1687 8164664 1136 
1699 1688 8167252 758 
1700 1689 8169840 822 
1701 1690 8172430 350 
1703 1691 8180192 1152 
1704 1692 8182780 668 
1705 1693 8185370 596 
1706 1694 8187958 616 
1707 1695 8190550 310 
1708 1696 8193140 824 
1709 1697 8195730 1098 
1711 1699 8200906 370 
1712 1700 8203496 294 
1713 1701 8206082 964 
1714 1702 8208670 416 
1715 1703 8211258 308 
1716 1704 8213848 418 
1717 1705 8216436 1124 
1718 1706 8219028 466 
1719 1707 8221618 330 
1720 1708 8224208 354 
1722 1710 8229386 508 
1723 1711 8231974 390 
1724 1712 8234564 394 
1725 1713 8237152 352 
1726 1714 8239742 296 
1727 1715 8242332 522 
1729 1717 8247510 582 
1730 1718 8250098 942 
1731 1719 8252688 348 
1732 1720 8255274 378 
1733 1721 8257862 482 
1734 1722 8260452 354 
1735 1723 8263040 1256 
1736 1724 8265630 586 
1737 1725 8268222 404 
1738 1726 8270812 990 
1739 1727 8273402 450 
1739 1727 8273402 450 
1740 1728 8275990 1556 
1742 1730 8281168 356 
1744 1732 8286342 278 
1745 1733 8288930 390 
1746 1734 8291520 636 
1747 1735 8296652 2248 
1748 1736 8299288 374 
1749 1737 8301878 412 
1750 1738 8304466 528 
1751 1739 8307056 1228 
1752 1740 8309646 418 
1753 1741 8312232 392 
1754 1742 8314820 294 
1755 1743 8317408 378 
1756 1744 8319998 336 
1757 1745 8322586 1146 
1758 1746 8325178 990 
1759 1747 8327768 372 
1760 1748 8330358 750 
1761 1749 8332946 328 
1762 1750 8335534 436 
1763 1751 8338124 394 
1764 1752 8340712 294 
1765 1753 8343300 292 
1766 1754 8345890 446 
1767 1755 8348476 1218 
1768 1756 8351068 374 
1769 1756 8353656 1656 
1770 1757 8356246 1176 
1771 1758 8358834 1002 
1772 1759 8361422 354 
1773 1760 8364010 544 
1774 1761 8366600 412 
1775 1762 8369184 544 
1776 1763 8371776 548 
1777 1764 8374364 336 
1778 1765 8376954 546 
1779 1766 8379540 526 
1780 1767 8382126 374 
1781 1768 8384716 516 
1782 1769 8387304 1476 
1783 1770 8389892 466 
1784 1771 8392482 924 
1785 1772 8395072 644 
1786 1773 8397664 318 
1787 1774 8400254 548 
1788 1775 8402840 394 
1789 1776 8405430 1108 
1790 1777 8408020 354 
1791 1778 8410608 390 
1792 1779 8413198 416 
1793 1780 8415786 388 
1794 1781 8418374 296 
1796 1783 8423552 286 
1797 1784 8428730 2378 
1798 1785 8431320 398 
1799 1786 8433908 354 
1800 1787 8436498 374 
1801 1788 8439082 394 
1802 1789 8441670 586 
1803 1790 8444256 280 
1804 1791 8446846 1816 
1805 1792 8449436 528 
1806 1793 8452026 418 
1808 1795 8457208 394 
1809 1796 8459796 1272 
1810 1797 8462386 376 
1811 1798 8464974 662 
1812 1799 8467562 414 
1813 1800 8470152 284 
1814 1801 8472740 500 
1816 1803 8477916 298 
1817 1804 8480504 290 
1819 1806 8485682 764 
1820 1807 8488272 396 
1821 1808 8490860 1010 
1822 1809 8493446 286 
1824 1811 8498620 288 
1825 1812 8501210 818 
1826 1813 8503798 318 
1827 1814 8506386 644 
1828 1815 8508978 298 
1829 1816 8511568 1026 
1830 1817 8514154 508 
1831 1818 8516744 314 
1832 1819 8519334 316 
1833 1820 8521922 1100 
1834 1821 8524512 288 
1835 1822 8527100 1042 
1836 1823 8529688 570 
1837 1824 8532278 752 
1838 1825 8534866 418 
1839 1826 8537456 280 
26214 26214 1723564352 397479710 
1841 1828 8542632 310 
1842 1829 8547714 2190 
1843 1830 8550396 280 
1844 1831 8552986 1086 
1845 1832 8555576 1358 
1846 1833 8558162 708 
1847 1834 8560748 290 
1848 1835 8563338 328 
1849 1836 8565926 308 
1850 1837 8568514 418 
1851 1838 8571102 312 
1852 1839 8573692 414 
1853 1840 8576280 414 
1854 1841 8578868 354 
1855 1842 8581460 284 
1856 1843 8584050 284 
1857 1844 8586638 310 
1858 1845 8589226 608 
1859 1846 8591814 414 
1860 1847 8594404 1144 
1861 1848 8596988 374 
1862 1849 8599580 530 
1862 1849 8599580 530 
1863 1850 8602170 1178 
1864 1851 8604758 598 
1865 1852 8607344 486 
1866 1853 8609934 412 
1868 1855 8615110 358 
1868 1855 8615110 358 
1869 1856 8617696 1278 
1870 1857 8620288 1124 
1871 1858 8622878 624 
1872 1859 8628032 2272 
1873 1860 8630642 1076 
1874 1861 8633228 498 
1875 1862 8638412 2742 
1876 1863 8641000 282 
1877 1864 8643588 374 
1878 1865 8646176 476 
1879 1866 8648764 624 
1880 1867 8651354 414 
1881 1868 8653942 334 
1882 1869 8656530 354 
1883 1870 8659118 290 
1884 1871 8661704 394 
1885 1872 8664296 292 
1886 1873 8666882 522 
1887 1874 8669472 374 
1888 1875 8672062 396 
1889 1876 8674650 370 
1890 1877 8677240 376 
1891 1878 8679828 352 
1892 1879 8682416 294 
1893 1880 8685004 1052 
1894 1881 8687594 410 
1895 1882 8690182 1502 
1896 1883 8692770 466 
1897 1884 8695358 278 
1898 1885 8697946 864 
1899 1886 8700534 290 
1900 1887 8703122 394 
1901 1888 8705712 756 
1902 1889 8708300 398 
1903 1890 8710888 1856 
1904 1891 8713472 1106 
1905 1892 8716060 410 
1906 1893 8718652 286 
1907 1894 8721240 350 
1908 1895 8723830 392 
1909 1896 8726418 278 
1910 1897 8729008 1154 
1912 1898 8736774 -958 
1913 1899 8739362 814 
1914 1900 8741950 1144 
1915 1901 8744538 1042 
1916 1902 8747126 398 
1917 1903 8749714 604 
1918 1904 8752304 416 
1919 1905 8754892 506 
1920 1906 8757480 414 
1921 1907 8760068 398 
1922 1908 8762656 672 
1923 1909 8767834 2292 
1924 1910 8770420 1322 
1925 1911 8773006 846 
1926 1912 8775598 414 
1927 1913 8778184 410 
1928 1914 8780776 394 
1929 1915 8783366 370 
1930 1916 8785954 416 
1931 1917 8788542 964 
1932 1918 8791130 662 
1933 1919 8793720 332 
1934 1920 8796308 392 
1935 1921 8798896 1262 
1936 1922 8801484 470 
1937 1923 8804072 390 
1938 1924 8806660 414 
1939 1925 8809250 412 
1939 1925 8809250 412 
1940 1926 8811838 1600 
1941 1927 8814426 288 
1942 1928 8817014 988 
1943 1929 8819602 410 
1944 1930 8822190 314 
1945 1931 8824780 330 
1946 1932 8827368 282 
1947 1933 8829956 374 
1948 1934 8832546 974 
1949 1935 8835134 506 
1950 1936 8837718 312 
1951 1937 8840306 972 
1952 1938 8842896 286 
1953 1938 8845484 1450 
1954 1939 8848074 336 
1955 1940 8850662 634 
1956 1941 8853248 282 
1957 1942 8855838 728 
1958 1943 8858422 1758 
1959 1944 8861014 664 
1960 1945 8863598 1802 
1961 1946 8866188 1240 
1962 1947 8871252 2176 
1963 1948 8873954 1038 
1964 1949 8876538 634 
1965 1950 8879124 290 
1966 1951 8881716 754 
1967 1952 8884304 1888 
1968 1953 8886894 418 
1969 1954 8889478 286 
1970 1955 8892068 556 
1971 1956 8894658 414 
1972 1957 8897246 1080 
1972 1957 8897246 1080 
1973 1958 8899834 1238 
1974 1959 8902422 594 
1975 1960 8905012 330 
1976 1961 8907600 352 
1977 1962 8910188 890 
1978 1963 8912776 488 
1979 1964 8915364 1072 
1980 1965 8917954 288 
1981 1966 8920542 1586 
1982 1967 8923130 354 
1983 1968 8925718 1510 
1984 1969 8928306 596 
1985 1970 8930894 330 
1987 1971 8936070 1920 
1988 1972 8938660 294 
1989 1973 8941250 372 
1989 1973 8941250 372 
1990 1974 8943838 914 
1991 1975 8946424 348 
1992 1976 8949012 334 
1993 1977 8951604 1218 
1994 1978 8954190 358 
1996 1979 8961956 1260 
1997 1980 8964548 412 
1998 1981 8967138 334 
1998 1981 8967138 334 
1999 1982 8969726 1386 
1999 1982 8969726 1386 
2000 1983 8972314 930 
2001 1984 8974904 412 
2002 1985 8977492 414 
2003 1986 8989324 390 
2004 1987 9022122 334 
