0 0 722604 
1 1 724552 
2 2 726494 
3 3 728440 
4 4 730388 
5 5 732330 
6 6 734270 
7 7 736210 
8 8 738156 
9 9 740094 
10 10 742038 
11 11 743980 
12 12 745920 
13 13 747862 
14 14 749804 
15 15 751742 
16 16 753682 
17 17 755622 
18 18 757568 
19 19 759506 
20 20 761450 
21 21 763392 
22 22 765332 
23 23 767274 
24 24 769214 
25 25 771156 
26 26 773098 
27 27 775038 
28 28 776980 
29 29 778922 
30 30 780862 
31 31 782804 
32 32 784744 
33 33 786686 
34 34 788626 
35 35 790568 
36 36 792508 
37 37 794450 
38 38 796390 
39 39 798332 
40 40 800272 
41 41 802214 
42 42 804156 
43 43 806098 
44 44 808038 
45 45 809980 
46 46 811922 
47 47 813862 
48 48 815804 
49 49 817746 
50 50 819686 
51 51 821628 
52 52 823566 
53 53 825510 
54 54 827452 
55 55 829394 
56 56 831334 
57 57 833276 
58 58 835218 
59 59 837158 
60 60 839100 
61 61 841040 
62 62 842982 
63 63 844922 
64 64 846864 
65 65 848804 
66 66 850746 
67 67 852686 
68 68 854628 
69 69 856568 
70 70 858510 
71 71 860452 
72 72 862392 
73 73 864334 
74 74 866274 
75 75 868216 
76 76 870156 
77 77 872098 
78 78 874040 
79 79 875980 
80 80 877922 
81 81 879864 
82 82 881806 
83 83 883746 
84 84 885688 
85 85 887630 
86 86 889570 
87 87 891512 
88 88 893454 
89 89 895392 
90 90 897336 
91 91 899278 
92 92 901220 
93 93 903160 
94 94 905102 
95 95 907044 
96 96 908984 
97 97 910926 
98 98 912868 
99 99 914808 
100 100 916750 
101 101 918692 
102 102 920632 
103 103 922574 
104 104 924516 
105 105 926458 
106 106 928400 
107 107 930340 
108 108 932282 
109 109 934224 
110 110 936164 
111 111 938106 
112 112 940048 
113 113 941990 
114 114 943930 
115 115 945872 
116 116 947814 
117 117 949756 
118 118 951696 
119 119 953638 
120 120 955578 
121 121 957516 
122 122 959456 
123 123 961398 
124 124 963342 
125 125 965284 
126 126 967224 
127 127 969166 
128 128 971106 
129 129 973048 
130 130 974988 
131 131 976930 
132 132 978870 
133 133 980812 
134 134 982752 
135 135 984694 
136 136 986634 
137 137 988574 
138 138 990516 
139 139 992458 
140 140 994398 
141 141 996340 
142 142 998280 
143 143 1000222 
144 144 1002164 
145 145 1004104 
146 146 1006040 
147 147 1007978 
148 148 1009920 
149 149 1011868 
150 150 1013810 
151 151 1015752 
152 152 1017694 
153 153 1019634 
154 154 1021576 
155 155 1023516 
156 156 1025458 
157 157 1027400 
158 158 1029342 
159 159 1031284 
160 160 1033224 
161 161 1035166 
162 162 1037106 
163 163 1039048 
164 164 1040990 
165 165 1042930 
166 166 1044872 
167 167 1046814 
168 168 1048754 
169 169 1050696 
170 170 1052638 
171 171 1054580 
172 172 1056520 
173 173 1058462 
174 174 1060404 
175 175 1062344 
176 176 1064286 
177 177 1066228 
178 178 1068166 
179 179 1070106 
180 180 1072048 
181 181 1073990 
182 182 1075932 
183 183 1077872 
184 184 1079814 
185 185 1081756 
186 186 1083696 
187 187 1085638 
188 188 1087580 
189 189 1089522 
190 190 1091462 
191 191 1093404 
192 192 1095346 
193 193 1097286 
194 194 1099228 
195 195 1101170 
196 196 1103112 
197 197 1105052 
198 198 1106994 
199 199 1108938 
200 200 1110876 
201 201 1112820 
202 202 1114762 
203 203 1116704 
204 204 1118642 
205 205 1120586 
206 206 1122528 
207 207 1124468 
208 208 1126410 
209 209 1128352 
210 210 1130292 
211 211 1132234 
212 212 1134176 
213 213 1136114 
214 214 1138058 
215 215 1140000 
216 216 1141942 
217 217 1143880 
218 218 1145822 
219 219 1147766 
220 220 1149704 
221 221 1151646 
222 222 1153590 
223 223 1155530 
224 224 1157470 
225 225 1159414 
226 226 1161356 
227 227 1163294 
228 228 1165238 
229 229 1167180 
230 230 1169122 
231 231 1171064 
232 232 1173006 
233 233 1174944 
234 234 1176888 
235 235 1178830 
236 236 1180772 
237 237 1182714 
238 238 1184654 
239 239 1186596 
240 240 1188538 
241 241 1190480 
242 242 1192420 
243 243 1194362 
244 244 1196304 
245 245 1198246 
246 246 1200188 
247 247 1202126 
248 248 1204066 
249 249 1206008 
250 250 1207950 
251 251 1209892 
252 252 1211834 
253 253 1213774 
254 254 1215716 
255 255 1217658 
256 256 1219598 
257 257 1221540 
258 258 1223482 
259 259 1225424 
260 260 1227368 
261 261 1229310 
262 262 1231252 
263 263 1233192 
264 264 1235134 
265 265 1237074 
266 266 1239016 
267 267 1240958 
268 268 1242900 
269 269 1244840 
270 270 1246782 
271 271 1248724 
272 272 1250666 
273 273 1252608 
274 274 1254550 
275 275 1256490 
276 276 1258432 
277 277 1260374 
278 278 1262316 
279 279 1264258 
280 280 1266200 
281 281 1268142 
282 282 1270084 
283 283 1272024 
284 284 1273964 
285 285 1275904 
286 286 1277846 
287 287 1279788 
288 288 1281730 
289 289 1283670 
290 290 1285612 
291 291 1287554 
292 292 1289496 
293 293 1291436 
294 294 1293378 
295 295 1295320 
296 296 1297262 
297 297 1299204 
298 298 1301144 
299 299 1303086 
300 300 1305028 
301 301 1306970 
302 302 1308910 
303 303 1310852 
304 304 1312794 
305 305 1314736 
306 306 1316678 
307 307 1318620 
308 308 1320558 
309 309 1322500 
310 310 1324442 
311 311 1326384 
312 312 1328324 
313 313 1330270 
314 314 1332212 
315 315 1334154 
316 316 1336096 
317 317 1338038 
318 318 1339978 
319 319 1341920 
320 320 1343862 
321 321 1345806 
322 322 1347748 
323 323 1349688 
324 324 1351630 
325 325 1353574 
326 326 1355516 
327 327 1357458 
328 328 1359396 
329 329 1361340 
330 330 1363278 
331 331 1365220 
332 332 1367160 
333 333 1369102 
334 334 1371044 
335 335 1372988 
336 336 1374928 
337 337 1376872 
338 338 1378814 
339 339 1380754 
340 340 1382696 
341 341 1384638 
342 342 1386578 
343 343 1388520 
344 344 1390462 
345 345 1392404 
346 346 1394344 
347 347 1396284 
348 348 1398224 
349 349 1400166 
350 350 1402106 
351 351 1404048 
352 352 1405990 
353 353 1407930 
354 354 1409876 
355 355 1411814 
356 356 1413758 
357 357 1415700 
358 358 1417640 
359 359 1419582 
360 360 1421524 
361 361 1423464 
362 362 1425406 
363 363 1427348 
364 364 1429286 
365 365 1431226 
366 366 1433164 
367 367 1435104 
368 368 1437044 
369 369 1438986 
370 370 1440926 
371 371 1442870 
372 372 1444812 
373 373 1446756 
374 374 1448694 
375 375 1450638 
376 376 1452580 
377 377 1454522 
378 378 1456462 
379 379 1458404 
380 380 1460346 
381 381 1462288 
382 382 1464228 
383 383 1466170 
384 384 1468110 
385 385 1470052 
386 386 1471994 
387 387 1473934 
388 388 1475876 
389 389 1477818 
390 390 1479758 
391 391 1481700 
392 392 1483640 
393 393 1485582 
394 394 1487522 
395 395 1489464 
396 396 1491406 
397 397 1493346 
398 398 1495288 
399 399 1497228 
400 400 1499170 
401 401 1501112 
402 402 1503052 
403 403 1504994 
404 404 1506936 
405 405 1508878 
406 406 1510820 
407 407 1512760 
408 408 1514700 
409 409 1516640 
410 410 1518582 
411 411 1520524 
412 412 1522464 
413 413 1524406 
414 414 1526348 
415 415 1528290 
416 416 1530232 
417 417 1532172 
418 418 1534114 
419 419 1536056 
420 420 1537998 
421 421 1539940 
422 422 1541882 
423 423 1543822 
424 424 1545764 
425 425 1547706 
426 426 1549648 
427 427 1551590 
428 428 1553532 
429 429 1555474 
430 430 1557414 
431 431 1559356 
432 432 1561298 
433 433 1563240 
434 434 1565184 
435 435 1567128 
436 436 1569068 
437 437 1571010 
438 438 1572952 
439 439 1574894 
440 440 1576834 
441 441 1578776 
442 442 1580718 
443 443 1582660 
444 444 1584602 
445 445 1586544 
446 446 1588486 
447 447 1590428 
448 448 1592368 
449 449 1594310 
450 450 1596250 
451 451 1598192 
452 452 1600134 
453 453 1602076 
454 454 1604018 
455 455 1605958 
456 456 1607900 
457 457 1609842 
458 458 1611784 
459 459 1613726 
460 460 1615666 
461 461 1617608 
462 462 1619550 
463 463 1621492 
464 464 1623434 
465 465 1625376 
466 466 1627318 
467 467 1629260 
468 468 1631200 
469 469 1633142 
470 470 1635084 
471 471 1637026 
472 472 1638966 
473 473 1640908 
474 474 1642850 
475 475 1644792 
476 476 1646734 
477 477 1648676 
478 478 1650616 
479 479 1652558 
480 480 1654500 
481 481 1656442 
482 482 1658384 
483 483 1660322 
484 484 1662262 
485 485 1664204 
486 486 1666150 
487 487 1668092 
488 488 1670032 
489 489 1671974 
490 490 1673916 
491 491 1675858 
492 492 1677798 
493 493 1679740 
494 494 1681682 
495 495 1683624 
496 496 1685564 
497 497 1687504 
498 498 1689444 
499 499 1691386 
500 500 1693326 
501 501 1695268 
502 502 1697212 
503 503 1699156 
504 504 1701098 
505 505 1703038 
506 506 1704980 
507 507 1706922 
508 508 1708862 
509 509 1710804 
510 510 1712746 
511 511 1714688 
512 512 1716628 
513 513 1718570 
514 514 1720512 
515 515 1722454 
516 516 1724396 
517 517 1726336 
518 518 1728278 
519 519 1730220 
520 520 1732162 
521 521 1734104 
522 522 1736044 
523 523 1737986 
524 524 1739928 
525 525 1741870 
526 526 1743812 
527 527 1745752 
528 528 1747694 
529 529 1749636 
530 530 1751578 
531 531 1753518 
532 532 1755460 
533 533 1757402 
534 534 1759344 
535 535 1761284 
536 536 1763226 
537 537 1765168 
538 538 1767110 
539 539 1769048 
540 540 1770990 
541 541 1772932 
542 542 1774874 
543 543 1776814 
544 544 1778760 
545 545 1780702 
546 546 1782644 
547 547 1784586 
548 548 1786528 
549 549 1788470 
550 550 1790410 
551 551 1792352 
552 552 1794294 
553 553 1796236 
554 554 1798174 
555 555 1800116 
556 556 1802056 
557 557 1804002 
558 558 1805944 
559 559 1807886 
560 560 1809828 
561 561 1811770 
562 562 1813710 
563 563 1815652 
564 564 1817594 
565 565 1819536 
566 566 1821478 
567 567 1823418 
568 568 1825360 
569 569 1827302 
570 570 1829244 
571 571 1831184 
572 572 1833126 
573 573 1835068 
574 574 1837008 
575 575 1838950 
576 576 1840892 
577 577 1842834 
578 578 1844774 
579 579 1846716 
580 580 1848658 
581 581 1850600 
582 582 1852542 
583 583 1854482 
584 584 1856424 
585 585 1858366 
586 586 1860306 
587 587 1862248 
588 588 1864188 
589 589 1866130 
590 590 1868070 
591 591 1870012 
592 592 1871954 
593 593 1873894 
594 594 1875836 
595 595 1877778 
596 596 1879716 
597 597 1881656 
598 598 1883598 
599 599 1885538 
600 600 1887480 
601 601 1889424 
602 602 1891368 
603 603 1893308 
604 604 1895250 
605 605 1897192 
606 606 1899132 
607 607 1901074 
608 608 1903016 
609 609 1904954 
610 610 1906894 
611 611 1908836 
612 612 1910778 
613 613 1912722 
614 614 1914666 
615 615 1916606 
616 616 1918548 
617 617 1920490 
618 618 1922430 
619 619 1924372 
620 620 1926314 
621 621 1928256 
622 622 1930198 
623 623 1932140 
624 624 1934082 
625 625 1936024 
626 626 1937966 
627 627 1939908 
628 628 1941850 
629 629 1943790 
630 630 1945732 
631 631 1947674 
632 632 1949616 
633 633 1951558 
634 634 1953500 
635 635 1955440 
636 636 1957382 
637 637 1959324 
638 638 1961266 
639 639 1963208 
640 640 1965150 
641 641 1967092 
642 642 1969034 
643 643 1970976 
644 644 1972918 
645 645 1974860 
646 646 1976800 
647 647 1978742 
648 648 1980684 
649 649 1982626 
650 650 1984568 
651 651 1986510 
652 652 1988448 
653 653 1990388 
654 654 1992330 
655 655 1994272 
656 656 1996212 
657 657 1998154 
658 658 2000100 
659 659 2002042 
660 660 2003984 
661 661 2005924 
662 662 2007866 
663 663 2009808 
664 664 2011746 
665 665 2013686 
666 666 2015628 
667 667 2017570 
668 668 2019512 
669 669 2021456 
670 670 2023400 
671 671 2025340 
672 672 2027278 
673 673 2029222 
674 674 2031164 
675 675 2033106 
676 676 2035048 
677 677 2036990 
678 678 2038930 
679 679 2040872 
680 680 2042810 
681 681 2044754 
682 682 2046696 
683 683 2048638 
684 684 2050580 
685 685 2052520 
686 686 2054462 
687 687 2056404 
688 688 2058346 
689 689 2060286 
690 690 2062228 
691 691 2064170 
692 692 2066110 
693 693 2068052 
694 694 2069994 
695 695 2071934 
696 696 2073876 
697 697 2075818 
698 698 2077760 
699 699 2079702 
700 700 2081642 
701 701 2083584 
702 702 2085524 
703 703 2087466 
704 704 2089408 
705 705 2091350 
706 706 2093290 
707 707 2095232 
708 708 2097174 
709 709 2099116 
710 710 2101058 
711 711 2102998 
712 712 2104940 
713 713 2106882 
714 714 2108822 
715 715 2110764 
716 716 2112706 
717 717 2114648 
718 718 2116586 
719 719 2118526 
720 720 2120470 
721 721 2122412 
722 722 2124354 
723 723 2126296 
724 724 2128236 
725 725 2130178 
726 726 2132120 
727 727 2134062 
728 728 2136002 
729 729 2137940 
730 730 2139882 
731 731 2141822 
732 732 2143764 
733 733 2145706 
734 734 2147648 
735 735 2149592 
736 736 2151536 
737 737 2153478 
738 738 2155420 
739 739 2157360 
740 740 2159302 
741 741 2161244 
742 742 2163184 
743 743 2165126 
744 744 2167068 
745 745 2169008 
746 746 2170950 
747 747 2172890 
748 748 2174832 
749 749 2176774 
750 750 2178714 
751 751 2180656 
752 752 2182598 
753 753 2184540 
754 754 2186482 
755 755 2188424 
756 756 2190362 
757 757 2192304 
758 758 2194246 
759 759 2196188 
760 760 2198130 
761 761 2200072 
762 762 2202012 
763 763 2203954 
764 764 2205896 
765 765 2207838 
766 766 2209780 
767 767 2211720 
768 768 2213662 
769 769 2215604 
770 770 2217546 
771 771 2219486 
772 772 2221428 
773 773 2223370 
774 774 2225312 
775 775 2227252 
776 776 2229194 
777 777 2231136 
778 778 2233076 
779 779 2235018 
780 780 2236960 
781 781 2238902 
782 782 2240844 
783 783 2242782 
784 784 2244722 
785 785 2246660 
786 786 2248600 
787 787 2250542 
788 788 2252482 
789 789 2254424 
790 790 2256368 
791 791 2258310 
792 792 2260252 
793 793 2262192 
794 794 2264136 
795 795 2266080 
796 796 2268020 
797 797 2269962 
798 798 2271902 
799 799 2273844 
800 800 2275786 
801 801 2277726 
802 802 2279668 
803 803 2281610 
804 804 2283550 
805 805 2285492 
806 806 2287434 
807 807 2289374 
808 808 2291316 
809 809 2293258 
810 810 2295200 
811 811 2297140 
812 812 2299078 
813 813 2301018 
814 814 2302960 
815 815 2304900 
816 816 2306846 
817 817 2308788 
818 818 2310730 
819 819 2312670 
820 820 2314612 
821 821 2316554 
822 822 2318496 
823 823 2320434 
824 824 2322374 
825 825 2324320 
826 826 2326258 
827 827 2328200 
828 828 2330140 
829 829 2332082 
830 830 2334024 
831 831 2335964 
832 832 2337906 
833 833 2339848 
834 834 2341788 
835 835 2343730 
836 836 2345670 
837 837 2347610 
838 838 2349552 
839 839 2351494 
840 840 2353438 
841 841 2355380 
842 842 2357320 
843 843 2359262 
844 844 2361204 
845 845 2363144 
846 846 2365086 
847 847 2367024 
848 848 2368968 
849 849 2370910 
850 850 2372852 
851 851 2374792 
852 852 2376734 
853 853 2378674 
854 854 2380616 
855 855 2382558 
856 856 2384500 
857 857 2386440 
858 858 2388382 
859 859 2390326 
860 860 2392268 
861 861 2394208 
862 862 2396150 
863 863 2398092 
864 864 2400034 
865 865 2401976 
866 866 2403918 
867 867 2405860 
868 868 2407800 
869 869 2409742 
870 870 2411684 
871 871 2413626 
872 872 2415566 
873 873 2417508 
874 874 2419450 
875 875 2421390 
876 876 2423332 
877 877 2425274 
878 878 2427214 
879 879 2429156 
880 880 2431094 
881 881 2433036 
882 882 2434978 
883 883 2436920 
884 884 2438862 
885 885 2440804 
886 886 2442744 
887 887 2444686 
888 888 2446628 
889 889 2448568 
890 890 2450510 
891 891 2452452 
892 892 2454392 
893 893 2456334 
894 894 2458276 
895 895 2460216 
896 896 2462158 
897 897 2464100 
898 898 2466042 
899 899 2467984 
900 900 2469926 
901 901 2471866 
902 902 2473808 
903 903 2475750 
904 904 2477692 
905 905 2479634 
906 906 2481572 
907 907 2483512 
908 908 2485454 
909 909 2487396 
910 910 2489336 
911 911 2491278 
912 912 2493220 
913 913 2495162 
914 914 2497102 
915 915 2499044 
916 916 2500984 
917 917 2502926 
918 918 2504868 
919 919 2506808 
920 920 2508750 
921 921 2510692 
922 922 2512632 
923 923 2514574 
924 924 2516516 
925 925 2518458 
926 926 2520398 
927 927 2522340 
928 928 2524282 
929 929 2526222 
930 930 2528164 
931 931 2530106 
932 932 2532048 
933 933 2533990 
934 934 2535930 
935 935 2537872 
936 936 2539814 
937 937 2541756 
938 938 2543698 
939 939 2545640 
940 940 2547580 
941 941 2549522 
942 942 2551464 
943 943 2553406 
944 944 2555348 
945 945 2557288 
946 946 2559230 
947 947 2561172 
948 948 2563114 
949 949 2565056 
950 950 2566996 
951 951 2568940 
952 952 2570884 
953 953 2572824 
954 954 2574766 
955 955 2576708 
956 956 2578650 
957 957 2580590 
958 958 2582532 
959 959 2584474 
960 960 2586416 
961 961 2588358 
962 962 2590298 
963 963 2592242 
964 964 2594182 
965 965 2596124 
966 966 2598066 
967 967 2600006 
968 968 2601948 
969 969 2603890 
970 970 2605832 
971 971 2607774 
972 972 2609714 
973 973 2611656 
974 974 2613598 
975 975 2615540 
976 976 2617482 
977 977 2619422 
978 978 2621364 
979 979 2623306 
980 980 2625248 
981 981 2627190 
982 982 2629130 
983 983 2631072 
984 984 2633014 
985 985 2634954 
986 986 2636896 
987 987 2638838 
988 988 2640780 
989 989 2642720 
990 990 2644662 
991 991 2646604 
992 992 2648546 
993 993 2650488 
994 994 2652428 
995 995 2654368 
996 996 2656308 
997 997 2658250 
998 998 2660190 
999 999 2662132 
1000 1000 2664074 
1001 1001 2666014 
1002 1002 2667956 
1003 1003 2669898 
1004 1004 2671840 
1005 1005 2673780 
1006 1006 2675722 
1007 1007 2677666 
1008 1008 2679610 
1009 1009 2681550 
1010 1010 2683492 
1011 1011 2685434 
1012 1012 2687374 
1013 1013 2689316 
1014 1014 2691258 
1015 1015 2693200 
1016 1016 2695140 
1017 1017 2697082 
1018 1018 2699024 
1019 1019 2700964 
1020 1020 2702906 
1021 1021 2704848 
1022 1022 2706790 
1023 1023 2708732 
1024 1024 2710674 
1025 1025 2712614 
1026 1026 2714556 
1027 1027 2716498 
1028 1028 2718440 
1029 1029 2720382 
1030 1030 2722324 
1031 1031 2724266 
1032 1032 2726208 
1033 1033 2728148 
1034 1034 2730090 
1035 1035 2732032 
1036 1036 2733974 
1037 1037 2735914 
1038 1038 2737856 
1039 1039 2739798 
1040 1040 2741740 
1041 1041 2743680 
1042 1042 2745622 
1043 1043 2747564 
1044 1044 2749506 
1045 1045 2751448 
1046 1046 2753388 
1047 1047 2755330 
1048 1048 2757272 
1049 1049 2759212 
1050 1050 2761154 
1051 1051 2763096 
1052 1052 2765034 
1053 1053 2766976 
1054 1054 2768916 
1055 1055 2770858 
1056 1056 2772800 
1057 1057 2774742 
1058 1058 2776684 
1059 1059 2778624 
1060 1060 2780566 
1061 1061 2782508 
1062 1062 2784452 
1063 1063 2786396 
1064 1064 2788336 
1065 1065 2790278 
1066 1066 2792220 
1067 1067 2794160 
1068 1068 2796102 
1069 1069 2798044 
1070 1070 2799986 
1071 1071 2801928 
1072 1072 2803868 
1073 1073 2805810 
1074 1074 2807752 
1075 1075 2809694 
1076 1076 2811634 
1077 1077 2813576 
1078 1078 2815518 
1079 1079 2817460 
1080 1080 2819402 
1081 1081 2821342 
1082 1082 2823284 
1083 1083 2825226 
1084 1084 2827168 
1085 1085 2829108 
1086 1086 2831050 
1087 1087 2832990 
1088 1088 2834932 
1089 1089 2836874 
1090 1090 2838816 
1091 1091 2840758 
1092 1092 2842696 
1093 1093 2844636 
1094 1094 2846578 
1095 1095 2848520 
1096 1096 2850464 
1097 1097 2852406 
1098 1098 2854348 
1099 1099 2856290 
1100 1100 2858232 
1101 1101 2860172 
1102 1102 2862114 
1103 1103 2864054 
1104 1104 2865996 
1105 1105 2867936 
1106 1106 2869878 
1107 1107 2871820 
1108 1108 2873760 
1109 1109 2875702 
1110 1110 2877642 
1111 1111 2879580 
1112 1112 2881524 
1113 1113 2883466 
1114 1114 2885408 
1115 1115 2887348 
1116 1116 2889290 
1117 1117 2891232 
1118 1118 2893174 
1119 1119 2895114 
1120 1120 2897056 
1121 1121 2898998 
1122 1122 2900938 
1123 1123 2902880 
1124 1124 2904822 
1125 1125 2906764 
1126 1126 2908704 
1127 1127 2910646 
1128 1128 2912588 
1129 1129 2914528 
1130 1130 2916470 
1131 1131 2918412 
1132 1132 2920352 
1133 1133 2922294 
1134 1134 2924236 
1135 1135 2926178 
1136 1136 2928120 
1137 1137 2930062 
1138 1138 2932002 
1139 1139 2933944 
1140 1140 2935886 
1141 1141 2937828 
1142 1142 2939768 
1143 1143 2941710 
1144 1144 2943652 
1145 1145 2945594 
1146 1146 2947534 
1147 1147 2949476 
1148 1148 2951418 
1149 1149 2953358 
1150 1150 2955296 
1151 1151 2957236 
1152 1152 2959178 
1153 1153 2961122 
1154 1154 2963066 
1155 1155 2965006 
1156 1156 2966948 
1157 1157 2968890 
1158 1158 2970832 
1159 1159 2972772 
1160 1160 2974714 
1161 1161 2976656 
1162 1162 2978596 
1163 1163 2980538 
1164 1164 2982480 
1165 1165 2984422 
1166 1166 2986360 
1167 1167 2988300 
1168 1168 2990242 
1169 1169 2992186 
1170 1170 2994128 
1171 1171 2996070 
1172 1172 2998012 
1173 1173 2999954 
1174 1174 3001896 
1175 1175 3003836 
1176 1176 3005778 
1177 1177 3007720 
1178 1178 3009662 
1179 1179 3011604 
1180 1180 3013542 
1181 1181 3015482 
1182 1182 3017426 
1183 1183 3019366 
1184 1184 3021308 
1185 1185 3023248 
1186 1186 3025190 
1187 1187 3027134 
1188 1188 3029074 
1189 1189 3031018 
1190 1190 3032958 
1191 1191 3034902 
1192 1192 3036844 
1193 1193 3038784 
1194 1194 3040726 
1195 1195 3042670 
1196 1196 3044610 
1197 1197 3046552 
1198 1198 3048494 
1199 1199 3050436 
1200 1200 3052374 
1201 1201 3054316 
1202 1202 3056260 
1203 1203 3058200 
1204 1204 3060142 
1205 1205 3062084 
1206 1206 3064024 
1207 1207 3065966 
1208 1208 3067908 
1209 1209 3069848 
1210 1210 3071790 
1211 1211 3073728 
1212 1212 3075668 
1213 1213 3077610 
1214 1214 3079550 
1215 1215 3081492 
1216 1216 3083434 
1217 1217 3085378 
1218 1218 3087320 
1219 1219 3089262 
1220 1220 3091202 
1221 1221 3093144 
1222 1222 3095084 
1223 1223 3097026 
1224 1224 3098968 
1225 1225 3100908 
1226 1226 3102850 
1227 1227 3104790 
1228 1228 3106732 
1229 1229 3108674 
1230 1230 3110614 
1231 1231 3112556 
1232 1232 3114496 
1233 1233 3116438 
1234 1234 3118378 
1235 1235 3120320 
1236 1236 3122258 
1237 1237 3124198 
1238 1238 3126140 
1239 1239 3128080 
1240 1240 3130022 
1241 1241 3131966 
1242 1242 3133908 
1243 1243 3135850 
1244 1244 3137790 
1245 1245 3139732 
1246 1246 3141672 
1247 1247 3143614 
1248 1248 3145556 
1249 1249 3147498 
1250 1250 3149438 
1251 1251 3151380 
1252 1252 3153322 
1253 1253 3155260 
1254 1254 3157202 
1255 1255 3159144 
1256 1256 3161086 
1257 1257 3163028 
1258 1258 3164968 
1259 1259 3166910 
1260 1260 3168850 
1261 1261 3170792 
1262 1262 3172732 
1263 1263 3174674 
1264 1264 3176616 
1265 1265 3178556 
1266 1266 3180498 
1267 1267 3182438 
1268 1268 3184380 
1269 1269 3186322 
1270 1270 3188262 
1271 1271 3190204 
1272 1272 3192144 
1273 1273 3194086 
1274 1274 3196026 
1275 1275 3197968 
1276 1276 3199910 
1277 1277 3201850 
1278 1278 3203792 
1279 1279 3205732 
1280 1280 3207674 
1281 1281 3209614 
1282 1282 3211556 
1283 1283 3213498 
1284 1284 3215436 
1285 1285 3217376 
1286 1286 3219316 
1287 1287 3221258 
1288 1288 3223200 
1289 1289 3225142 
1290 1290 3227084 
1291 1291 3229026 
1292 1292 3230966 
1293 1293 3232908 
1294 1294 3234848 
1295 1295 3236790 
1296 1296 3238732 
1297 1297 3240672 
1298 1298 3242614 
1299 1299 3244554 
1300 1300 3246496 
1301 1301 3248438 
1302 1302 3250378 
1303 1303 3252320 
1304 1304 3254262 
1305 1305 3256202 
1306 1306 3258144 
1307 1307 3260086 
1308 1308 3262026 
1309 1309 3263968 
1310 1310 3265910 
1311 1311 3267850 
1312 1312 3269792 
1313 1313 3271732 
1314 1314 3273674 
1315 1315 3275614 
1316 1316 3277554 
1317 1317 3279496 
1318 1318 3281436 
1319 1319 3283378 
1320 1320 3285318 
1321 1321 3287260 
1322 1322 3289202 
1323 1323 3291142 
1324 1324 3293084 
1325 1325 3295024 
1326 1326 3296966 
1327 1327 3298906 
1328 1328 3300848 
1329 1329 3302790 
1330 1330 3304730 
1331 1331 3306672 
1332 1332 3308612 
1333 1333 3310554 
1334 1334 3312492 
1335 1335 3314432 
1336 1336 3316372 
1337 1337 3318314 
1338 1338 3320258 
1339 1339 3322200 
1340 1340 3324140 
1341 1341 3326082 
1342 1342 3328022 
1343 1343 3329964 
1344 1344 3331904 
1345 1345 3333846 
1346 1346 3335786 
1347 1347 3337726 
1348 1348 3339668 
1349 1349 3341610 
1350 1350 3343552 
1351 1351 3345492 
1352 1352 3347434 
1353 1353 3349374 
1354 1354 3351316 
1355 1355 3353254 
1356 1356 3355196 
1357 1357 3357136 
1358 1358 3359076 
1359 1359 3361020 
1360 1360 3362962 
1361 1361 3364902 
1362 1362 3366844 
1363 1363 3368782 
1364 1364 3370722 
1365 1365 3372664 
1366 1366 3374604 
1367 1367 3376546 
1368 1368 3378488 
1369 1369 3380428 
1370 1370 3382370 
1371 1371 3384312 
1372 1372 3386252 
1373 1373 3388194 
1374 1374 3390134 
1375 1375 3392076 
1376 1376 3394018 
1377 1377 3395962 
1378 1378 3397904 
1379 1379 3399846 
1380 1380 3401788 
1381 1381 3403728 
1382 1382 3405670 
1383 1383 3407612 
1384 1384 3409552 
1385 1385 3411494 
1386 1386 3413434 
1387 1387 3415376 
1388 1388 3417316 
1389 1389 3419258 
1390 1390 3421200 
1391 1391 3423140 
1392 1392 3425082 
1393 1393 3427024 
1394 1394 3428966 
1395 1395 3430906 
1396 1396 3432848 
1397 1397 3434788 
1398 1398 3436730 
1399 1399 3438670 
1400 1400 3440612 
1401 1401 3442554 
1402 1402 3444494 
1403 1403 3446436 
1404 1404 3448376 
1405 1405 3450318 
1406 1406 3452256 
1407 1407 3454198 
1408 1408 3456138 
1409 1409 3458080 
1410 1410 3460020 
1411 1411 3461962 
1412 1412 3463904 
1413 1413 3465844 
1414 1414 3467786 
1415 1415 3469728 
1416 1416 3471668 
1417 1417 3473610 
1418 1418 3475550 
1419 1419 3477492 
1420 1420 3479434 
1421 1421 3481374 
1422 1422 3483316 
1423 1423 3485256 
1424 1424 3487198 
1425 1425 3489138 
1426 1426 3491080 
1427 1427 3493020 
1428 1428 3494962 
1429 1429 3496904 
1430 1430 3498846 
1431 1431 3500786 
1432 1432 3502728 
1433 1433 3504672 
1434 1434 3506614 
1435 1435 3508554 
1436 1436 3510496 
1437 1437 3512436 
1438 1438 3514378 
1439 1439 3516320 
1440 1440 3518260 
1441 1441 3520202 
1442 1442 3522142 
1443 1443 3524084 
1444 1444 3526024 
1445 1445 3527966 
1446 1446 3529906 
1447 1447 3531848 
1448 1448 3533790 
1449 1449 3535730 
1450 1450 3537672 
1451 1451 3539614 
1452 1452 3541554 
1453 1453 3543496 
1454 1454 3545438 
1455 1455 3547378 
1456 1456 3549320 
1457 1457 3551260 
1458 1458 3553202 
1459 1459 3555144 
1460 1460 3557084 
1461 1461 3559026 
1462 1462 3560966 
1463 1463 3562908 
1464 1464 3564850 
1465 1465 3566790 
1466 1466 3568732 
1467 1467 3570672 
1468 1468 3572614 
1469 1469 3574554 
1470 1470 3576496 
1471 1471 3578436 
1472 1472 3580374 
1473 1473 3582314 
1474 1474 3584256 
1475 1475 3586198 
1476 1476 3588138 
1477 1477 3590080 
1478 1478 3592020 
1479 1479 3593962 
1480 1480 3595904 
1481 1481 3597848 
1482 1482 3599790 
1483 1483 3601732 
1484 1484 3603674 
1485 1485 3605614 
1486 1486 3607556 
1487 1487 3609498 
1488 1488 3611438 
1489 1489 3613378 
1490 1490 3615320 
1491 1491 3617260 
1492 1492 3619202 
1493 1493 3621142 
1494 1494 3623084 
1495 1495 3625024 
1496 1496 3626964 
1497 1497 3628906 
1498 1498 3630848 
1499 1499 3632788 
1500 1500 3634730 
1501 1501 3636670 
1502 1502 3638612 
1503 1503 3640552 
1504 1504 3642492 
1505 1505 3644430 
1506 1506 3646372 
1507 1507 3648316 
1508 1508 3650254 
1509 1509 3652198 
1510 1510 3654138 
1511 1511 3656080 
1512 1512 3658020 
1513 1513 3659962 
1514 1514 3661902 
1515 1515 3663844 
1516 1516 3665784 
1517 1517 3667726 
1518 1518 3669666 
1519 1519 3671608 
1520 1520 3673548 
1521 1521 3675488 
1522 1522 3677430 
1523 1523 3679372 
1524 1524 3681312 
1525 1525 3683254 
1526 1526 3685196 
1527 1527 3687136 
1528 1528 3689078 
1529 1529 3691018 
1530 1530 3692960 
1531 1531 3694898 
1532 1532 3696838 
1533 1533 3698778 
1534 1534 3700720 
1535 1535 3702660 
1536 1536 3704602 
1537 1537 3706546 
1538 1538 3708488 
1539 1539 3710430 
1540 1540 3712372 
1541 1541 3714312 
1542 1542 3716254 
1543 1543 3718196 
1544 1544 3720136 
1545 1545 3722078 
1546 1546 3724018 
1547 1547 3725960 
1548 1548 3727902 
1549 1549 3729842 
1550 1550 3731784 
1551 1551 3733726 
1552 1552 3735668 
1553 1553 3737610 
1554 1554 3739550 
1555 1555 3741492 
1556 1556 3743434 
1557 1557 3745376 
1558 1558 3747318 
1559 1559 3749258 
1560 1560 3751200 
1561 1561 3753142 
1562 1562 3755084 
1563 1563 3757024 
1564 1564 3758966 
1565 1565 3760908 
1566 1566 3762850 
1567 1567 3764790 
1568 1568 3766732 
1569 1569 3768672 
1570 1570 3770614 
1571 1571 3772556 
1572 1572 3774496 
1573 1573 3776438 
1574 1574 3778378 
1575 1575 3780320 
1576 1576 3782260 
1577 1577 3784202 
1578 1578 3786142 
1579 1579 3788084 
1580 1580 3790026 
1581 1581 3791966 
1582 1582 3793908 
1583 1583 3795846 
1584 1584 3797786 
1585 1585 3799726 
1586 1586 3801672 
1587 1587 3803614 
1588 1588 3805554 
1589 1589 3807496 
1590 1590 3809438 
1591 1591 3811378 
1592 1592 3813320 
1593 1593 3815262 
1594 1594 3817202 
1595 1595 3819144 
1596 1596 3821086 
1597 1597 3823024 
1598 1598 3824966 
1599 1599 3826910 
1600 1600 3828850 
1601 1601 3830792 
1602 1602 3832732 
1603 1603 3834674 
1604 1604 3836616 
1605 1605 3838558 
1606 1606 3840498 
1607 1607 3842440 
1608 1608 3844382 
1609 1609 3846324 
1610 1610 3848266 
1611 1611 3850208 
1612 1612 3852148 
1613 1613 3854090 
1614 1614 3856032 
1615 1615 3857972 
1616 1616 3859914 
1617 1617 3861856 
1618 1618 3863796 
1619 1619 3865738 
1620 1620 3867680 
1621 1621 3869618 
1622 1622 3871562 
1623 1623 3873500 
1624 1624 3875444 
1625 1625 3877386 
1626 1626 3879328 
1627 1627 3881268 
1628 1628 3883210 
1629 1629 3885152 
1630 1630 3887092 
1631 1631 3889034 
1632 1632 3890976 
1633 1633 3892916 
1634 1634 3894858 
1635 1635 3896798 
1636 1636 3898740 
1637 1637 3900680 
1638 1638 3902622 
1639 1639 3904562 
1640 1640 3906504 
1641 1641 3908446 
1642 1642 3910386 
1643 1643 3912324 
1644 1644 3914264 
1645 1645 3916206 
1646 1646 3918146 
1647 1647 3920088 
1648 1648 3922030 
1649 1649 3923974 
1650 1650 3925916 
1651 1651 3927856 
1652 1652 3929798 
1653 1653 3931740 
1654 1654 3933678 
1655 1655 3935622 
1656 1656 3937560 
1657 1657 3939504 
1658 1658 3941446 
1659 1659 3943386 
1660 1660 3945328 
1661 1661 3947266 
1662 1662 3949210 
1663 1663 3951152 
1664 1664 3953092 
1665 1665 3955034 
1666 1666 3956974 
1667 1667 3958916 
1668 1668 3960856 
1669 1669 3962798 
1670 1670 3964738 
1671 1671 3966680 
1672 1672 3968622 
1673 1673 3970562 
1674 1674 3972504 
1675 1675 3974446 
1676 1676 3976386 
1677 1677 3978328 
1678 1678 3980270 
1679 1679 3982210 
1680 1680 3984148 
1681 1681 3986090 
1682 1682 3988030 
1683 1683 3989972 
1684 1684 3991914 
1685 1685 3993858 
1686 1686 3995800 
1687 1687 3997740 
1688 1688 3999682 
1689 1689 4001622 
1690 1690 4003564 
1691 1691 4005506 
1692 1692 4007446 
1693 1693 4009388 
1694 1694 4011328 
1695 1695 4013270 
1696 1696 4015212 
1697 1697 4017152 
1698 1698 4019094 
1699 1699 4021034 
1700 1700 4022976 
1701 1701 4024916 
1702 1702 4026854 
1703 1703 4028794 
1704 1704 4030736 
1705 1705 4032678 
1706 1706 4034618 
1707 1707 4036560 
1708 1708 4038504 
1709 1709 4040446 
1710 1710 4042388 
1711 1711 4044328 
1712 1712 4046270 
1713 1713 4048212 
1714 1714 4050152 
1715 1715 4052094 
1716 1716 4054036 
1717 1717 4055978 
1718 1718 4057918 
1719 1719 4059860 
1720 1720 4061800 
1721 1721 4063742 
1722 1722 4065684 
1723 1723 4067624 
1724 1724 4069566 
1725 1725 4071506 
1726 1726 4073448 
1727 1727 4075390 
1728 1728 4077330 
1729 1729 4079272 
1730 1730 4081214 
1731 1731 4083156 
1732 1732 4085096 
1733 1733 4087038 
1734 1734 4088980 
1735 1735 4090920 
1736 1736 4092858 
1737 1737 4094800 
1738 1738 4096740 
1739 1739 4098682 
1740 1740 4100622 
1741 1741 4102564 
1742 1742 4104506 
1743 1743 4106446 
1744 1744 4108388 
1745 1745 4110332 
1746 1746 4112274 
1747 1747 4114214 
1748 1748 4116156 
1749 1749 4118096 
1750 1750 4120038 
1751 1751 4121978 
1752 1752 4123920 
1753 1753 4125860 
1754 1754 4127802 
1755 1755 4129742 
1756 1756 4131684 
1757 1757 4133624 
1758 1758 4135564 
1759 1759 4137504 
1760 1760 4139444 
1761 1761 4141386 
1762 1762 4143326 
1763 1763 4145268 
1764 1764 4147212 
1765 1765 4149154 
1766 1766 4151094 
1767 1767 4153036 
1768 1768 4154976 
1769 1769 4156918 
1770 1770 4158858 
1771 1771 4160798 
1772 1772 4162740 
1773 1773 4164680 
1774 1774 4166622 
1775 1775 4168562 
1776 1776 4170504 
1777 1777 4172444 
1778 1778 4174386 
1779 1779 4176326 
1780 1780 4178268 
1781 1781 4180208 
1782 1782 4182150 
1783 1783 4184092 
1784 1784 4186032 
1785 1785 4187974 
1786 1786 4189914 
1787 1787 4191856 
1788 1788 4193798 
1789 1789 4195738 
1790 1790 4197680 
1791 1791 4199622 
1792 1792 4201560 
1793 1793 4203500 
1794 1794 4205442 
1795 1795 4207384 
1796 1796 4209326 
1797 1797 4211266 
1798 1798 4213208 
1799 1799 4215150 
1800 1800 4217090 
1801 1801 4219032 
1802 1802 4220974 
1803 1803 4222916 
1804 1804 4224856 
1805 1805 4226798 
1806 1806 4228738 
1807 1807 4230680 
1808 1808 4232622 
1809 1809 4234562 
1810 1810 4236504 
1811 1811 4238444 
1812 1812 4240386 
1813 1813 4242328 
1814 1814 4244268 
1815 1815 4246210 
1816 1816 4248152 
1817 1817 4250092 
1818 1818 4252034 
1819 1819 4253976 
1820 1820 4255920 
1821 1821 4257862 
1822 1822 4259802 
1823 1823 4261744 
1824 1824 4263686 
1825 1825 4265626 
1826 1826 4267568 
1827 1827 4269510 
1828 1828 4271450 
1829 1829 4273392 
1830 1830 4275334 
1831 1831 4277276 
1832 1832 4279216 
1833 1833 4281158 
1834 1834 4283100 
1835 1835 4285040 
1836 1836 4286982 
1837 1837 4288922 
1838 1838 4290864 
1839 1839 4292806 
1840 1840 4294746 
1841 1841 4296686 
1842 1842 4298628 
1843 1843 4300568 
1844 1844 4302510 
1845 1845 4304450 
1846 1846 4306390 
1847 1847 4308332 
1848 1848 4310270 
1849 1849 4312210 
1850 1850 4314150 
1851 1851 4316092 
1852 1852 4318032 
1853 1853 4319972 
1854 1854 4321914 
1855 1855 4323856 
1856 1856 4325796 
1857 1857 4327738 
1858 1858 4329680 
1859 1859 4331622 
1860 1860 4333562 
1861 1861 4335504 
1862 1862 4337446 
1863 1863 4339388 
1864 1864 4341328 
1865 1865 4343270 
1866 1866 4345212 
1867 1867 4347154 
1868 1868 4349094 
1869 1869 4351036 
1870 1870 4352978 
1871 1871 4354920 
1872 1872 4356860 
1873 1873 4358802 
1874 1874 4360742 
1875 1875 4362684 
1876 1876 4364628 
1877 1877 4366570 
1878 1878 4368512 
1879 1879 4370454 
1880 1880 4372394 
1881 1881 4374336 
1882 1882 4376278 
1883 1883 4378218 
1884 1884 4380160 
1885 1885 4382100 
1886 1886 4384042 
1887 1887 4385982 
1888 1888 4387924 
1889 1889 4389864 
1890 1890 4391806 
1891 1891 4393748 
1892 1892 4395688 
1893 1893 4397630 
1894 1894 4399570 
1895 1895 4401512 
1896 1896 4403452 
1897 1897 4405394 
1898 1898 4407334 
1899 1899 4409276 
1900 1900 4411216 
1901 1901 4413158 
1902 1902 4415100 
1903 1903 4417038 
1904 1904 4418978 
1905 1905 4420920 
1906 1906 4422862 
1907 1907 4424802 
1908 1908 4426744 
1909 1909 4428686 
1910 1910 4430626 
1911 1911 4432568 
1912 1912 4434508 
1913 1913 4436450 
1914 1914 4438390 
1915 1915 4440332 
1916 1916 4442274 
1917 1917 4444214 
1918 1918 4446156 
1919 1919 4448096 
1920 1920 4450038 
1921 1921 4451980 
1922 1922 4453920 
1923 1923 4455862 
1924 1924 4457802 
1925 1925 4459744 
1926 1926 4461684 
1927 1927 4463626 
1928 1928 4465568 
1929 1929 4467508 
1930 1930 4469448 
1931 1931 4471390 
1932 1932 4473334 
1933 1933 4475276 
1934 1934 4477216 
1935 1935 4479158 
1936 1936 4481100 
1937 1937 4483040 
1938 1938 4484982 
1939 1939 4486924 
1940 1940 4488864 
1941 1941 4490806 
1942 1942 4492746 
1943 1943 4494688 
1944 1944 4496628 
1945 1945 4498570 
1946 1946 4500512 
1947 1947 4502452 
1948 1948 4504394 
1949 1949 4506336 
1950 1950 4508276 
1951 1951 4510218 
1952 1952 4512160 
1953 1953 4514100 
1954 1954 4516042 
1955 1955 4517982 
1956 1956 4519924 
1957 1957 4521864 
1958 1958 4523806 
1959 1959 4525744 
1960 1960 4527686 
1961 1961 4529626 
1962 1962 4531568 
1963 1963 4533510 
1964 1964 4535452 
1965 1965 4537394 
1966 1966 4539334 
1967 1967 4541276 
1968 1968 4543216 
1969 1969 4545158 
1970 1970 4547100 
1971 1971 4549040 
1972 1972 4550982 
1973 1973 4552922 
1974 1974 4554864 
1975 1975 4556806 
1976 1976 4558748 
1977 1977 4560688 
1978 1978 4562630 
1979 1979 4564572 
1980 1980 4566512 
1981 1981 4568454 
1982 1982 4570396 
1983 1983 4572336 
1984 1984 4574280 
1985 1985 4576220 
1986 1986 4578160 
1987 1987 4580100 
1988 1988 4582042 
1989 1989 4583982 
1990 1990 4585926 
1991 1991 4587868 
1992 1992 4589810 
1993 1993 4591750 
1994 1994 4593692 
1995 1995 4595632 
1996 1996 4597574 
1997 1997 4599516 
1998 1998 4601456 
1999 1999 4603398 
2000 2000 4605338 
2001 2001 4607280 
2002 2002 4609220 
2003 2003 4611162 
2004 2004 4613102 
2005 2005 4615044 
2006 2006 4616986 
2007 2007 4618926 
2008 2008 4620868 
2009 2009 4622808 
2010 2010 4624750 
2011 2011 4626692 
2012 2012 4628634 
2013 2013 4630576 
2014 2014 4632516 
2015 2015 4634458 
2016 2016 4636400 
2017 2017 4638342 
2018 2018 4640280 
2019 2019 4642220 
2020 2020 4644162 
2021 2021 4646104 
2022 2022 4648044 
2023 2023 4649986 
2024 2024 4651926 
2025 2025 4653868 
2026 2026 4655808 
2027 2027 4657750 
2028 2028 4659692 
2029 2029 4661632 
2030 2030 4663574 
2031 2031 4665514 
2032 2032 4667456 
2033 2033 4669396 
2034 2034 4671338 
2035 2035 4673280 
2036 2036 4675222 
2037 2037 4677162 
2038 2038 4679104 
2039 2039 4681046 
2040 2040 4682988 
2041 2041 4684928 
2042 2042 4686870 
2043 2043 4688812 
2044 2044 4690754 
2045 2045 4692696 
2046 2046 4694640 
2047 2047 4696582 
2048 2048 4698524 
2049 2049 4700464 
2050 2050 4702406 
2051 2051 4704348 
2052 2052 4706288 
2053 2053 4708230 
2054 2054 4710172 
2055 2055 4712114 
2056 2056 4714054 
2057 2057 4715996 
2058 2058 4717936 
2059 2059 4719878 
2060 2060 4721820 
2061 2061 4723762 
2062 2062 4725702 
2063 2063 4727644 
2064 2064 4729584 
2065 2065 4731526 
2066 2066 4733468 
2067 2067 4735408 
2068 2068 4737350 
2069 2069 4739292 
2070 2070 4741232 
2071 2071 4743174 
2072 2072 4745114 
2073 2073 4747054 
2074 2074 4748994 
2075 2075 4750936 
2076 2076 4752876 
2077 2077 4754818 
2078 2078 4756758 
2079 2079 4758700 
2080 2080 4760642 
2081 2081 4762582 
2082 2082 4764524 
2083 2083 4766466 
2084 2084 4768406 
2085 2085 4770348 
2086 2086 4772288 
2087 2087 4774230 
2088 2088 4776172 
2089 2089 4778112 
2090 2090 4780054 
2091 2091 4781994 
2092 2092 4783936 
2093 2093 4785878 
2094 2094 4787818 
2095 2095 4789760 
2096 2096 4791700 
2097 2097 4793642 
2098 2098 4795584 
2099 2099 4797524 
2100 2100 4799466 
2101 2101 4801406 
2102 2102 4803350 
2103 2103 4805292 
2104 2104 4807232 
2105 2105 4809174 
2106 2106 4811114 
2107 2107 4813056 
2108 2108 4814998 
2109 2109 4816938 
2110 2110 4818880 
2111 2111 4820822 
2112 2112 4822762 
2113 2113 4824704 
2114 2114 4826644 
2115 2115 4828586 
2116 2116 4830526 
2117 2117 4832468 
2118 2118 4834408 
2119 2119 4836350 
2120 2120 4838290 
2121 2121 4840232 
2122 2122 4842174 
2123 2123 4844116 
2124 2124 4846058 
2125 2125 4847998 
2126 2126 4849940 
2127 2127 4851882 
2128 2128 4853820 
2129 2129 4855760 
2130 2130 4857702 
2131 2131 4859644 
2132 2132 4861586 
2133 2133 4863526 
2134 2134 4865468 
2135 2135 4867410 
2136 2136 4869350 
2137 2137 4871292 
2138 2138 4873234 
2139 2139 4875176 
2140 2140 4877118 
2141 2141 4879058 
2142 2142 4881000 
2143 2143 4882942 
2144 2144 4884884 
2145 2145 4886826 
2146 2146 4888766 
2147 2147 4890708 
2148 2148 4892650 
2149 2149 4894590 
2150 2150 4896532 
2151 2151 4898472 
2152 2152 4900414 
2153 2153 4902354 
2154 2154 4904296 
2155 2155 4906236 
2156 2156 4908178 
2157 2157 4910122 
2158 2158 4912064 
2159 2159 4914006 
2160 2160 4915946 
2161 2161 4917888 
2162 2162 4919828 
2163 2163 4921768 
2164 2164 4923710 
2165 2165 4925650 
2166 2166 4927590 
2167 2167 4929532 
2168 2168 4931472 
2169 2169 4933414 
2170 2170 4935354 
2171 2171 4937296 
2172 2172 4939236 
2173 2173 4941178 
2174 2174 4943118 
2175 2175 4945060 
2176 2176 4947000 
2177 2177 4948942 
2178 2178 4950884 
2179 2179 4952824 
2180 2180 4954766 
2181 2181 4956708 
2182 2182 4958646 
2183 2183 4960586 
2184 2184 4962528 
2185 2185 4964468 
2186 2186 4966410 
2187 2187 4968350 
2188 2188 4970292 
2189 2189 4972232 
2190 2190 4974174 
2191 2191 4976116 
2192 2192 4978056 
2193 2193 4979998 
2194 2194 4981938 
2195 2195 4983880 
2196 2196 4985820 
2197 2197 4987762 
2198 2198 4989702 
2199 2199 4991644 
2200 2200 4993584 
2201 2201 4995526 
2202 2202 4997466 
2203 2203 4999408 
2204 2204 5001350 
2205 2205 5003290 
2206 2206 5005232 
2207 2207 5007172 
2208 2208 5009114 
2209 2209 5011054 
2210 2210 5012996 
2211 2211 5014938 
2212 2212 5016882 
2213 2213 5018824 
2214 2214 5020764 
2215 2215 5022706 
2216 2216 5024646 
2217 2217 5026588 
2218 2218 5028530 
2219 2219 5030472 
2220 2220 5032412 
2221 2221 5034354 
2222 2222 5036296 
2223 2223 5038236 
2224 2224 5040178 
2225 2225 5042120 
2226 2226 5044062 
2227 2227 5046002 
2228 2228 5047944 
2229 2229 5049886 
2230 2230 5051826 
2231 2231 5053768 
2232 2232 5055710 
2233 2233 5057650 
2234 2234 5059592 
2235 2235 5061534 
2236 2236 5063472 
2237 2237 5065412 
2238 2238 5067354 
2239 2239 5069294 
2240 2240 5071236 
2241 2241 5073178 
2242 2242 5075118 
2243 2243 5077060 
2244 2244 5078998 
2245 2245 5080938 
2246 2246 5082880 
2247 2247 5084820 
2248 2248 5086762 
2249 2249 5088706 
2250 2250 5090648 
2251 2251 5092590 
2252 2252 5094530 
2253 2253 5096472 
2254 2254 5098414 
2255 2255 5100354 
2256 2256 5102296 
2257 2257 5104236 
2258 2258 5106178 
2259 2259 5108118 
2260 2260 5110060 
2261 2261 5112000 
2262 2262 5113940 
2263 2263 5115882 
2264 2264 5117824 
2265 2265 5119766 
2266 2266 5121708 
2267 2267 5123650 
2268 2268 5125590 
2269 2269 5127532 
2270 2270 5129472 
2271 2271 5131414 
2272 2272 5133354 
2273 2273 5135292 
2274 2274 5137236 
2275 2275 5139174 
2276 2276 5141118 
2277 2277 5143060 
2278 2278 5145000 
2279 2279 5146942 
2280 2280 5148882 
2281 2281 5150822 
2282 2282 5152764 
2283 2283 5154704 
2284 2284 5156646 
2285 2285 5158588 
2286 2286 5160528 
2287 2287 5162470 
2288 2288 5164410 
2289 2289 5166352 
2290 2290 5168292 
2291 2291 5170234 
2292 2292 5172174 
2293 2293 5174112 
2294 2294 5176052 
2295 2295 5177994 
2296 2296 5179932 
2297 2297 5181872 
2298 2298 5183814 
2299 2299 5185754 
2300 2300 5187696 
2301 2301 5189638 
2302 2302 5191578 
2303 2303 5193520 
2304 2304 5195460 
2305 2305 5197402 
2306 2306 5199346 
2307 2307 5201290 
2308 2308 5203232 
2309 2309 5205172 
2310 2310 5207114 
2311 2311 5209056 
2312 2312 5210998 
2313 2313 5212938 
2314 2314 5214880 
2315 2315 5216822 
2316 2316 5218764 
2317 2317 5220706 
2318 2318 5222646 
2319 2319 5224588 
2320 2320 5226530 
2321 2321 5228474 
2322 2322 5230416 
2323 2323 5232356 
2324 2324 5234298 
2325 2325 5236240 
2326 2326 5238182 
2327 2327 5240122 
2328 2328 5242064 
2329 2329 5244006 
2330 2330 5245948 
2331 2331 5247888 
2332 2332 5249830 
2333 2333 5251772 
2334 2334 5253714 
2335 2335 5255654 
2336 2336 5257596 
2337 2337 5259538 
2338 2338 5261478 
2339 2339 5263420 
2340 2340 5265360 
2341 2341 5267302 
2342 2342 5269242 
2343 2343 5271184 
2344 2344 5273126 
2345 2345 5275068 
2346 2346 5277008 
2347 2347 5278950 
2348 2348 5280892 
2349 2349 5282826 
2350 2350 5284766 
2351 2351 5286708 
2352 2352 5288648 
2353 2353 5290590 
2354 2354 5292532 
2355 2355 5294472 
2356 2356 5296414 
2357 2357 5298356 
2358 2358 5300296 
2359 2359 5302238 
2360 2360 5304178 
2361 2361 5306120 
2362 2362 5308064 
2363 2363 5310008 
2364 2364 5311948 
2365 2365 5313890 
2366 2366 5315832 
2367 2367 5317772 
2368 2368 5319714 
2369 2369 5321656 
2370 2370 5323598 
2371 2371 5325538 
2372 2372 5327480 
2373 2373 5329420 
2374 2374 5331362 
2375 2375 5333302 
2376 2376 5335244 
2377 2377 5337184 
2378 2378 5339126 
2379 2379 5341068 
2380 2380 5343008 
2381 2381 5344950 
2382 2382 5346892 
2383 2383 5348834 
2384 2384 5350774 
2385 2385 5352716 
2386 2386 5354658 
2387 2387 5356598 
2388 2388 5358540 
2389 2389 5360482 
2390 2390 5362424 
2391 2391 5364366 
2392 2392 5366306 
2393 2393 5368248 
2394 2394 5370190 
2395 2395 5372132 
2396 2396 5374072 
2397 2397 5376014 
2398 2398 5377956 
2399 2399 5379898 
2400 2400 5381840 
2401 2401 5383780 
2402 2402 5385722 
2403 2403 5387664 
2404 2404 5389606 
2405 2405 5391548 
2406 2406 5393486 
2407 2407 5395426 
2408 2408 5397368 
2409 2409 5399310 
2410 2410 5401252 
2411 2411 5403192 
2412 2412 5405134 
2413 2413 5407076 
2414 2414 5409018 
2415 2415 5410960 
2416 2416 5412902 
2417 2417 5414846 
2418 2418 5416788 
2419 2419 5418730 
2420 2420 5420672 
2421 2421 5422614 
2422 2422 5424556 
2423 2423 5426498 
2424 2424 5428438 
2425 2425 5430380 
2426 2426 5432322 
2427 2427 5434264 
2428 2428 5436206 
2429 2429 5438148 
2430 2430 5440088 
2431 2431 5442030 
2432 2432 5443972 
2433 2433 5445914 
2434 2434 5447856 
2435 2435 5449798 
2436 2436 5451740 
2437 2437 5453680 
2438 2438 5455622 
2439 2439 5457564 
2440 2440 5459506 
2441 2441 5461446 
2442 2442 5463388 
2443 2443 5465330 
2444 2444 5467270 
2445 2445 5469212 
2446 2446 5471154 
2447 2447 5473096 
2448 2448 5475036 
2449 2449 5476978 
2450 2450 5478920 
2451 2451 5480862 
2452 2452 5482804 
2453 2453 5484744 
2454 2454 5486686 
2455 2455 5488626 
2456 2456 5490568 
2457 2457 5492510 
2458 2458 5494450 
2459 2459 5496392 
2460 2460 5498334 
2461 2461 5500276 
2462 2462 5502216 
2463 2463 5504156 
2464 2464 5506096 
2465 2465 5508038 
2466 2466 5509978 
2467 2467 5511920 
2468 2468 5513862 
2469 2469 5515802 
2470 2470 5517744 
2471 2471 5519686 
2472 2472 5521630 
2473 2473 5523572 
2474 2474 5525514 
2475 2475 5527456 
2476 2476 5529396 
2477 2477 5531338 
2478 2478 5533280 
2479 2479 5535220 
2480 2480 5537162 
2481 2481 5539102 
2482 2482 5541044 
2483 2483 5542986 
2484 2484 5544926 
2485 2485 5546868 
2486 2486 5548808 
2487 2487 5550750 
2488 2488 5552690 
2489 2489 5554632 
2490 2490 5556574 
2491 2491 5558514 
2492 2492 5560456 
2493 2493 5562396 
2494 2494 5564338 
2495 2495 5566278 
2496 2496 5568220 
2497 2497 5570164 
2498 2498 5572108 
2499 2499 5574048 
2500 2500 5575990 
2501 2501 5577932 
2502 2502 5579874 
2503 2503 5581814 
2504 2504 5583754 
2505 2505 5585698 
2506 2506 5587640 
2507 2507 5589582 
2508 2508 5591524 
2509 2509 5593466 
2510 2510 5595408 
2511 2511 5597348 
2512 2512 5599290 
2513 2513 5601232 
2514 2514 5603174 
2515 2515 5605116 
2516 2516 5607058 
2517 2517 5609000 
2518 2518 5610938 
2519 2519 5612876 
2520 2520 5614818 
2521 2521 5616762 
2522 2522 5618704 
2523 2523 5620646 
2524 2524 5622588 
2525 2525 5624530 
2526 2526 5626472 
2527 2527 5628414 
2528 2528 5630358 
2529 2529 5632300 
2530 2530 5634242 
2531 2531 5636184 
2532 2532 5638126 
2533 2533 5640068 
2534 2534 5642010 
2535 2535 5643952 
2536 2536 5645894 
2537 2537 5647834 
2538 2538 5649776 
2539 2539 5651718 
2540 2540 5653660 
2541 2541 5655602 
2542 2542 5657544 
2543 2543 5659486 
2544 2544 5661426 
2545 2545 5663368 
2546 2546 5665308 
2547 2547 5667248 
2548 2548 5669190 
2549 2549 5671132 
2550 2550 5673074 
2551 2551 5675016 
2552 2552 5676958 
2553 2553 5678900 
2554 2554 5680842 
2555 2555 5682784 
2556 2556 5684726 
2557 2557 5686668 
2558 2558 5688610 
2559 2559 5690552 
2560 2560 5692494 
2561 2561 5694436 
2562 2562 5696378 
2563 2563 5698320 
2564 2564 5700262 
2565 2565 5702204 
2566 2566 5704146 
2567 2567 5706088 
2568 2568 5708030 
2569 2569 5709972 
2570 2570 5711914 
2571 2571 5713856 
2572 2572 5715798 
2573 2573 5717740 
2574 2574 5719686 
2575 2575 5721628 
2576 2576 5723570 
2577 2577 5725512 
2578 2578 5727454 
2579 2579 5729396 
2580 2580 5731338 
2581 2581 5733280 
2582 2582 5735220 
2583 2583 5737162 
2584 2584 5739104 
2585 2585 5741046 
2586 2586 5742988 
2587 2587 5744930 
2588 2588 5746870 
2589 2589 5748812 
2590 2590 5750754 
2591 2591 5752696 
2592 2592 5754638 
2593 2593 5756578 
2594 2594 5758520 
2595 2595 5760462 
2596 2596 5762404 
2597 2597 5764346 
2598 2598 5766288 
2599 2599 5768230 
2600 2600 5770172 
2601 2601 5772110 
2602 2602 5774052 
2603 2603 5775994 
2604 2604 5777936 
2605 2605 5779876 
2606 2606 5781818 
2607 2607 5783760 
2608 2608 5785702 
2609 2609 5787644 
2610 2610 5789586 
2611 2611 5791526 
2612 2612 5793468 
2613 2613 5795410 
2614 2614 5797352 
2615 2615 5799294 
2616 2616 5801236 
2617 2617 5803178 
2618 2618 5805118 
2619 2619 5807060 
2620 2620 5809002 
2621 2621 5810944 
2622 2622 5812884 
2623 2623 5814826 
2624 2624 5816768 
2625 2625 5818710 
2626 2626 5820652 
2627 2627 5822592 
2628 2628 5824534 
2629 2629 5826480 
2630 2630 5828422 
2631 2631 5830364 
2632 2632 5832306 
2633 2633 5834248 
2634 2634 5836190 
2635 2635 5838132 
2636 2636 5840074 
2637 2637 5842014 
2638 2638 5843956 
2639 2639 5845898 
2640 2640 5847840 
2641 2641 5849782 
2642 2642 5851724 
2643 2643 5853666 
2644 2644 5855608 
2645 2645 5857550 
2646 2646 5859492 
2647 2647 5861434 
2648 2648 5863376 
2649 2649 5865318 
2650 2650 5867258 
2651 2651 5869200 
2652 2652 5871142 
2653 2653 5873084 
2654 2654 5875026 
2655 2655 5876968 
2656 2656 5878910 
2657 2657 5880848 
2658 2658 5882790 
2659 2659 5884732 
2660 2660 5886674 
2661 2661 5888616 
2662 2662 5890558 
2663 2663 5892500 
2664 2664 5894442 
2665 2665 5896384 
2666 2666 5898326 
2667 2667 5900268 
2668 2668 5902210 
2669 2669 5904152 
2670 2670 5906094 
2671 2671 5908036 
2672 2672 5909978 
2673 2673 5911920 
2674 2674 5913862 
2675 2675 5915802 
2676 2676 5917744 
2677 2677 5919686 
2678 2678 5921628 
2679 2679 5923570 
2680 2680 5925512 
2681 2681 5927454 
2682 2682 5929396 
2683 2683 5931338 
2684 2684 5933280 
2685 2685 5935224 
2686 2686 5937166 
2687 2687 5939108 
2688 2688 5941050 
2689 2689 5942992 
2690 2690 5944934 
2691 2691 5946876 
2692 2692 5948818 
2693 2693 5950760 
2694 2694 5952702 
2695 2695 5954644 
2696 2696 5956586 
2697 2697 5958528 
2698 2698 5960470 
2699 2699 5962412 
2700 2700 5964354 
2701 2701 5966296 
2702 2702 5968238 
2703 2703 5970180 
2704 2704 5972122 
2705 2705 5974064 
2706 2706 5976004 
2707 2707 5977946 
2708 2708 5979888 
2709 2709 5981830 
2710 2710 5983772 
2711 2711 5985714 
2712 2712 5987654 
2713 2713 5989594 
2714 2714 5991536 
2715 2715 5993478 
2716 2716 5995420 
2717 2717 5997362 
2718 2718 5999304 
2719 2719 6001244 
2720 2720 6003186 
2721 2721 6005128 
2722 2722 6007074 
2723 2723 6009012 
2724 2724 6010952 
2725 2725 6012894 
2726 2726 6014836 
2727 2727 6016778 
2728 2728 6018718 
2729 2729 6020660 
2730 2730 6022602 
2731 2731 6024544 
2732 2732 6026484 
2733 2733 6028426 
2734 2734 6030368 
2735 2735 6032312 
2736 2736 6034254 
2737 2737 6036196 
2738 2738 6038138 
2739 2739 6040080 
2740 2740 6042022 
2741 2741 6043962 
2742 2742 6045904 
2743 2743 6047846 
2744 2744 6049788 
2745 2745 6051730 
2746 2746 6053672 
2747 2747 6055614 
2748 2748 6057556 
2749 2749 6059498 
2750 2750 6061440 
2751 2751 6063382 
2752 2752 6065324 
2753 2753 6067266 
2754 2754 6069208 
2755 2755 6071150 
2756 2756 6073092 
2757 2757 6075032 
2758 2758 6076974 
2759 2759 6078916 
2760 2760 6080858 
2761 2761 6082800 
2762 2762 6084742 
2763 2763 6086682 
2764 2764 6088622 
2765 2765 6090564 
2766 2766 6092506 
2767 2767 6094448 
2768 2768 6096390 
2769 2769 6098332 
2770 2770 6100274 
2771 2771 6102216 
2772 2772 6104158 
2773 2773 6106100 
2774 2774 6108042 
2775 2775 6109984 
2776 2776 6111926 
2777 2777 6113868 
2778 2778 6115810 
2779 2779 6117752 
2780 2780 6119694 
2781 2781 6121636 
2782 2782 6123578 
2783 2783 6125520 
2784 2784 6127462 
2785 2785 6129404 
2786 2786 6131346 
2787 2787 6133288 
2788 2788 6135230 
2789 2789 6137172 
2790 2790 6139114 
2791 2791 6141056 
2792 2792 6142998 
2793 2793 6144940 
2794 2794 6146882 
2795 2795 6148824 
2796 2796 6150766 
2797 2797 6152708 
2798 2798 6154652 
2799 2799 6156594 
2800 2800 6158536 
2801 2801 6160476 
2802 2802 6162418 
2803 2803 6164360 
2804 2804 6166302 
2805 2805 6168244 
2806 2806 6170186 
2807 2807 6172128 
2808 2808 6174070 
2809 2809 6176012 
2810 2810 6177954 
2811 2811 6179896 
2812 2812 6181838 
2813 2813 6183780 
2814 2814 6185722 
2815 2815 6187662 
2816 2816 6189604 
2817 2817 6191546 
2818 2818 6193488 
2819 2819 6195428 
2820 2820 6197370 
2821 2821 6199312 
2822 2822 6201254 
2823 2823 6203194 
2824 2824 6205136 
2825 2825 6207076 
2826 2826 6209018 
2827 2827 6210958 
2828 2828 6212900 
2829 2829 6214840 
2830 2830 6216782 
2831 2831 6218722 
2832 2832 6220664 
2833 2833 6222606 
2834 2834 6224546 
2835 2835 6226488 
2836 2836 6228430 
2837 2837 6230370 
2838 2838 6232312 
2839 2839 6234254 
2840 2840 6236194 
2841 2841 6238136 
2842 2842 6240078 
2843 2843 6242018 
2844 2844 6243960 
2845 2845 6245900 
2846 2846 6247842 
2847 2847 6249784 
2848 2848 6251724 
2849 2849 6253666 
2850 2850 6255608 
2851 2851 6257548 
2852 2852 6259490 
2853 2853 6261432 
2854 2854 6263374 
2855 2855 6265314 
2856 2856 6267256 
2857 2857 6269198 
2858 2858 6271138 
2859 2859 6273080 
2860 2860 6275022 
2861 2861 6276964 
2862 2862 6278904 
2863 2863 6280846 
2864 2864 6282788 
2865 2865 6284730 
2866 2866 6286672 
2867 2867 6288612 
2868 2868 6290554 
2869 2869 6292496 
2870 2870 6294436 
2871 2871 6296378 
2872 2872 6298320 
2873 2873 6300260 
2874 2874 6302202 
2875 2875 6304144 
2876 2876 6306084 
2877 2877 6308026 
2878 2878 6309968 
2879 2879 6311908 
2880 2880 6313850 
2881 2881 6315792 
2882 2882 6317732 
2883 2883 6319674 
2884 2884 6321614 
2885 2885 6323556 
2886 2886 6325498 
2887 2887 6327438 
2888 2888 6329380 
2889 2889 6331322 
2890 2890 6333264 
2891 2891 6335206 
2892 2892 6337146 
2893 2893 6339088 
2894 2894 6341030 
2895 2895 6342970 
2896 2896 6344912 
2897 2897 6346854 
2898 2898 6348796 
2899 2899 6350738 
2900 2900 6352680 
2901 2901 6354622 
2902 2902 6356562 
2903 2903 6358504 
2904 2904 6360446 
2905 2905 6362388 
2906 2906 6364330 
2907 2907 6366272 
2908 2908 6368214 
2909 2909 6370154 
2910 2910 6372096 
2911 2911 6374038 
2912 2912 6375980 
2913 2913 6377920 
2914 2914 6379862 
2915 2915 6381804 
2916 2916 6383744 
2917 2917 6385686 
2918 2918 6387628 
2919 2919 6389568 
2920 2920 6391510 
2921 2921 6393452 
2922 2922 6395394 
2923 2923 6397334 
2924 2924 6399276 
2925 2925 6401216 
2926 2926 6403158 
2927 2927 6405100 
2928 2928 6407040 
2929 2929 6408982 
2930 2930 6410922 
2931 2931 6412864 
2932 2932 6414806 
2933 2933 6416746 
2934 2934 6418688 
2935 2935 6420630 
2936 2936 6422570 
2937 2937 6424512 
2938 2938 6426454 
2939 2939 6428396 
2940 2940 6430336 
2941 2941 6432278 
2942 2942 6434218 
2943 2943 6436160 
2944 2944 6438102 
2945 2945 6440042 
2946 2946 6441984 
2947 2947 6443926 
2948 2948 6445866 
2949 2949 6447808 
2950 2950 6449750 
2951 2951 6451690 
2952 2952 6453632 
2953 2953 6455574 
2954 2954 6457514 
2955 2955 6459456 
2956 2956 6461398 
2957 2957 6463338 
2958 2958 6465280 
2959 2959 6467222 
2960 2960 6469162 
2961 2961 6471104 
2962 2962 6473046 
2963 2963 6474986 
2964 2964 6476928 
2965 2965 6478870 
2966 2966 6480812 
2967 2967 6482752 
2968 2968 6484694 
2969 2969 6486636 
2970 2970 6488578 
2971 2971 6490518 
2972 2972 6492460 
2973 2973 6494402 
2974 2974 6496342 
2975 2975 6498284 
2976 2976 6500226 
2977 2977 6502168 
2978 2978 6504108 
2979 2979 6506050 
2980 2980 6507992 
2981 2981 6509934 
2982 2982 6511876 
2983 2983 6513816 
2984 2984 6515758 
2985 2985 6517700 
2986 2986 6519642 
2987 2987 6521584 
2988 2988 6523524 
2989 2989 6525466 
2990 2990 6527408 
2991 2991 6529350 
2992 2992 6531292 
2993 2993 6533234 
2994 2994 6535174 
2995 2995 6537116 
2996 2996 6539058 
2997 2997 6541000 
2998 2998 6542942 
2999 2999 6544884 
3000 3000 6546826 
3001 3001 6548766 
3002 3002 6550708 
3003 3003 6552650 
3004 3004 6554592 
3005 3005 6556534 
3006 3006 6558476 
3007 3007 6560418 
3008 3008 6562358 
3009 3009 6564300 
3010 3010 6566242 
3011 3011 6568184 
3012 3012 6570124 
3013 3013 6572066 
3014 3014 6574008 
3015 3015 6575950 
3016 3016 6577892 
3017 3017 6579832 
3018 3018 6581774 
3019 3019 6583716 
3020 3020 6585658 
3021 3021 6587600 
3022 3022 6589540 
3023 3023 6591482 
3024 3024 6593424 
3025 3025 6595366 
3026 3026 6597308 
3027 3027 6599248 
3028 3028 6601190 
3029 3029 6603132 
3030 3030 6605072 
3031 3031 6607014 
3032 3032 6608956 
3033 3033 6610898 
3034 3034 6612840 
3035 3035 6614782 
3036 3036 6616722 
3037 3037 6618664 
3038 3038 6620606 
3039 3039 6622548 
3040 3040 6624490 
3041 3041 6626432 
3042 3042 6628374 
3043 3043 6630316 
3044 3044 6632256 
3045 3045 6634198 
3046 3046 6636140 
3047 3047 6638082 
3048 3048 6640024 
3049 3049 6641966 
3050 3050 6643908 
3051 3051 6645850 
3052 3052 6647792 
3053 3053 6649734 
3054 3054 6651676 
3055 3055 6653618 
3056 3056 6655560 
3057 3057 6657500 
3058 3058 6659442 
3059 3059 6661384 
3060 3060 6663326 
3061 3061 6665268 
3062 3062 6667210 
3063 3063 6669150 
3064 3064 6671092 
3065 3065 6673034 
3066 3066 6674976 
3067 3067 6676916 
3068 3068 6678858 
3069 3069 6680800 
3070 3070 6682742 
3071 3071 6684684 
3072 3072 6686624 
3073 3073 6688566 
3074 3074 6690508 
3075 3075 6692450 
3076 3076 6694390 
3077 3077 6696332 
3078 3078 6698274 
3079 3079 6700214 
3080 3080 6702156 
3081 3081 6704098 
3082 3082 6706040 
3083 3083 6707982 
3084 3084 6709924 
3085 3085 6711864 
3086 3086 6713806 
3087 3087 6715748 
3088 3088 6717690 
3089 3089 6719632 
3090 3090 6721574 
3091 3091 6723516 
3092 3092 6725456 
3093 3093 6727398 
3094 3094 6729340 
3095 3095 6731282 
3096 3096 6733224 
3097 3097 6735164 
3098 3098 6737106 
3099 3099 6739048 
3100 3100 6740988 
3101 3101 6742930 
3102 3102 6744872 
3103 3103 6746812 
3104 3104 6748754 
3105 3105 6750696 
3106 3106 6752636 
3107 3107 6754578 
3108 3108 6756520 
3109 3109 6758462 
3110 3110 6760402 
3111 3111 6762344 
3112 3112 6764286 
3113 3113 6766228 
3114 3114 6768170 
3115 3115 6770112 
3116 3116 6772052 
3117 3117 6773994 
3118 3118 6775936 
3119 3119 6777878 
3120 3120 6779818 
3121 3121 6781760 
3122 3122 6783702 
3123 3123 6785644 
3124 3124 6787584 
3125 3125 6789526 
3126 3126 6791468 
3127 3127 6793408 
3128 3128 6795350 
3129 3129 6797290 
3130 3130 6799232 
3131 3131 6801174 
3132 3132 6803114 
3133 3133 6805056 
3134 3134 6806996 
3135 3135 6808938 
3136 3136 6810880 
3137 3137 6812822 
3138 3138 6814762 
3139 3139 6816704 
3140 3140 6818646 
3141 3141 6820588 
3142 3142 6822530 
3143 3143 6824472 
3144 3144 6826414 
3145 3145 6828356 
3146 3146 6830298 
3147 3147 6832240 
3148 3148 6834180 
3149 3149 6836122 
3150 3150 6838064 
3151 3151 6840006 
3152 3152 6841948 
3153 3153 6843890 
3154 3154 6845832 
3155 3155 6847774 
3156 3156 6849714 
3157 3157 6851656 
3158 3158 6853598 
3159 3159 6855540 
3160 3160 6857482 
3161 3161 6859424 
3162 3162 6861366 
3163 3163 6863306 
3164 3164 6865248 
3165 3165 6867190 
3166 3166 6869132 
3167 3167 6871074 
3168 3168 6873014 
3169 3169 6874956 
3170 3170 6876898 
3171 3171 6878838 
3172 3172 6880780 
3173 3173 6882722 
3174 3174 6884664 
3175 3175 6886606 
3176 3176 6888546 
3177 3177 6890488 
3178 3178 6892430 
3179 3179 6894370 
3180 3180 6896312 
3181 3181 6898252 
3182 3182 6900194 
3183 3183 6902134 
3184 3184 6904076 
3185 3185 6906018 
3186 3186 6907958 
3187 3187 6909900 
3188 3188 6911842 
3189 3189 6913782 
3190 3190 6915724 
3191 3191 6917666 
3192 3192 6919606 
3193 3193 6921548 
3194 3194 6923490 
3195 3195 6925432 
3196 3196 6927374 
3197 3197 6929314 
3198 3198 6931256 
3199 3199 6933198 
3200 3200 6935140 
3201 3201 6937082 
3202 3202 6939022 
3203 3203 6940964 
3204 3204 6942906 
3205 3205 6944846 
3206 3206 6946788 
3207 3207 6948730 
3208 3208 6950672 
3209 3209 6952614 
3210 3210 6954554 
3211 3211 6956496 
3212 3212 6958438 
3213 3213 6960380 
3214 3214 6962322 
3215 3215 6964262 
3216 3216 6966204 
3217 3217 6968146 
3218 3218 6970086 
3219 3219 6972028 
3220 3220 6973970 
3221 3221 6975912 
3222 3222 6977852 
3223 3223 6979794 
3224 3224 6981736 
3225 3225 6983676 
3226 3226 6985618 
3227 3227 6987560 
3228 3228 6989500 
3229 3229 6991442 
3230 3230 6993382 
3231 3231 6995324 
3232 3232 6997266 
3233 3233 6999206 
3234 3234 7001148 
3235 3235 7003090 
3236 3236 7005032 
3237 3237 7006974 
3238 3238 7008916 
3239 3239 7010856 
3240 3240 7012798 
3241 3241 7014740 
3242 3242 7016682 
3243 3243 7018624 
3244 3244 7020564 
3245 3245 7022506 
3246 3246 7024448 
3247 3247 7026390 
3248 3248 7028330 
3249 3249 7030272 
3250 3250 7032214 
3251 3251 7034156 
3252 3252 7036098 
3253 3253 7038038 
3254 3254 7039980 
3255 3255 7041922 
3256 3256 7043862 
3257 3257 7045804 
3258 3258 7047746 
3259 3259 7049688 
3260 3260 7051628 
3261 3261 7053570 
3262 3262 7055512 
3263 3263 7057454 
3264 3264 7059394 
3265 3265 7061336 
3266 3266 7063278 
3267 3267 7065220 
3268 3268 7067160 
3269 3269 7069102 
3270 3270 7071044 
3271 3271 7072986 
3272 3272 7074928 
3273 3273 7076870 
3274 3274 7078810 
3275 3275 7080752 
3276 3276 7082694 
3277 3277 7084634 
3278 3278 7086576 
3279 3279 7088516 
3280 3280 7090458 
3281 3281 7092400 
3282 3282 7094340 
3283 3283 7096282 
3284 3284 7098224 
3285 3285 7100164 
3286 3286 7102106 
3287 3287 7104048 
3288 3288 7105988 
3289 3289 7107930 
3290 3290 7109872 
3291 3291 7111812 
3292 3292 7113754 
3293 3293 7115694 
3294 3294 7117636 
3295 3295 7119578 
3296 3296 7121520 
3297 3297 7123460 
3298 3298 7125402 
3299 3299 7127342 
3300 3300 7129284 
3301 3301 7131226 
3302 3302 7133168 
3303 3303 7135108 
3304 3304 7137050 
3305 3305 7138992 
3306 3306 7140932 
3307 3307 7142874 
3308 3308 7144816 
3309 3309 7146756 
3310 3310 7148698 
3311 3311 7150640 
3312 3312 7152582 
3313 3313 7154522 
3314 3314 7156464 
3315 3315 7158406 
3316 3316 7160346 
3317 3317 7162288 
3318 3318 7164230 
3319 3319 7166172 
3320 3320 7168112 
3321 3321 7170052 
3322 3322 7171994 
3323 3323 7173934 
3324 3324 7175876 
3325 3325 7177816 
3326 3326 7179758 
3327 3327 7181698 
3328 3328 7183640 
3329 3329 7185580 
3330 3330 7187522 
3331 3331 7189464 
3332 3332 7191406 
3333 3333 7193346 
3334 3334 7195288 
3335 3335 7197230 
3336 3336 7199170 
3337 3337 7201112 
3338 3338 7203054 
3339 3339 7204994 
3340 3340 7206936 
3341 3341 7208878 
3342 3342 7210820 
3343 3343 7212760 
3344 3344 7214702 
3345 3345 7216644 
3346 3346 7218584 
3347 3347 7220524 
3348 3348 7222466 
3349 3349 7224408 
3350 3350 7226348 
3351 3351 7228290 
3352 3352 7230230 
3353 3353 7232172 
3354 3354 7234114 
3355 3355 7236054 
3356 3356 7237996 
3357 3357 7239936 
3358 3358 7241878 
3359 3359 7243820 
3360 3360 7245760 
3361 3361 7247702 
3362 3362 7249644 
3363 3363 7251584 
3364 3364 7253526 
3365 3365 7255468 
3366 3366 7257408 
3367 3367 7259350 
3368 3368 7261290 
3369 3369 7263232 
3370 3370 7265172 
3371 3371 7267114 
3372 3372 7269054 
3373 3373 7270994 
3374 3374 7272936 
3375 3375 7274876 
3376 3376 7276818 
3377 3377 7278760 
3378 3378 7280700 
3379 3379 7282640 
3380 3380 7284582 
3381 3381 7286522 
3382 3382 7288464 
3383 3383 7290404 
3384 3384 7292344 
3385 3385 7294286 
3386 3386 7296226 
3387 3387 7298168 
3388 3388 7300108 
3389 3389 7302050 
3390 3390 7303990 
3391 3391 7305932 
3392 3392 7307872 
3393 3393 7309812 
3394 3394 7311754 
3395 3395 7313694 
3396 3396 7315636 
3397 3397 7317578 
3398 3398 7319518 
3399 3399 7321460 
3400 3400 7323400 
3401 3401 7325342 
3402 3402 7327282 
3403 3403 7329224 
3404 3404 7331164 
3405 3405 7333106 
3406 3406 7335048 
3407 3407 7336988 
3408 3408 7338928 
3409 3409 7340870 
3410 3410 7342812 
3411 3411 7344752 
3412 3412 7346694 
3413 3413 7348634 
3414 3414 7350576 
3415 3415 7352518 
3416 3416 7354458 
3417 3417 7356400 
3418 3418 7358340 
3419 3419 7360282 
3420 3420 7362222 
3421 3421 7364164 
3422 3422 7366104 
3423 3423 7368046 
3424 3424 7369986 
3425 3425 7371928 
3426 3426 7373870 
3427 3427 7375810 
3428 3428 7377752 
3429 3429 7379694 
3430 3430 7381634 
3431 3431 7383576 
3432 3432 7385516 
3433 3433 7387458 
3434 3434 7389400 
3435 3435 7391342 
3436 3436 7393282 
3437 3437 7395224 
3438 3438 7397164 
3439 3439 7399106 
3440 3440 7401048 
3441 3441 7402990 
3442 3442 7404930 
3443 3443 7406872 
3444 3444 7408814 
3445 3445 7410754 
3446 3446 7412696 
3447 3447 7414638 
3448 3448 7416580 
3449 3449 7418520 
3450 3450 7420462 
3451 3451 7422404 
3452 3452 7424346 
3453 3453 7426288 
3454 3454 7428228 
3455 3455 7430170 
3456 3456 7432112 
3457 3457 7434054 
3458 3458 7435994 
3459 3459 7437936 
3460 3460 7439876 
3461 3461 7441820 
3462 3462 7443760 
3463 3463 7445700 
3464 3464 7447642 
3465 3465 7449582 
3466 3466 7451524 
3467 3467 7453466 
3468 3468 7455410 
3469 3469 7457348 
3470 3470 7459292 
3471 3471 7461230 
3472 3472 7463174 
3473 3473 7465116 
3474 3474 7467054 
3475 3475 7468998 
3476 3476 7470940 
3477 3477 7472882 
3478 3478 7474822 
3479 3479 7476764 
3480 3480 7478704 
3481 3481 7480646 
3482 3482 7482588 
3483 3483 7484530 
3484 3484 7486470 
3485 3485 7488412 
3486 3486 7490354 
3487 3487 7492296 
3488 3488 7494238 
3489 3489 7496180 
3490 3490 7498120 
3491 3491 7500058 
3492 3492 7502000 
3493 3493 7503942 
3494 3494 7505882 
3495 3495 7507824 
3496 3496 7509766 
3497 3497 7511708 
3498 3498 7513648 
3499 3499 7515590 
3500 3500 7517532 
3501 3501 7519472 
3502 3502 7521414 
3503 3503 7523356 
3504 3504 7525298 
3505 3505 7527238 
3506 3506 7529180 
3507 3507 7531122 
3508 3508 7533064 
3509 3509 7535004 
3510 3510 7536946 
3511 3511 7538888 
3512 3512 7540830 
3513 3513 7542770 
3514 3514 7544712 
3515 3515 7546656 
3516 3516 7548598 
3517 3517 7550540 
3518 3518 7552482 
3519 3519 7554424 
3520 3520 7556366 
3521 3521 7558306 
3522 3522 7560248 
3523 3523 7562190 
3524 3524 7564132 
3525 3525 7566074 
3526 3526 7568016 
3527 3527 7569958 
3528 3528 7571898 
3529 3529 7573840 
3530 3530 7575782 
3531 3531 7577724 
3532 3532 7579666 
3533 3533 7581608 
3534 3534 7583550 
3535 3535 7585490 
3536 3536 7587434 
3537 3537 7589374 
3538 3538 7591316 
3539 3539 7593258 
3540 3540 7595200 
3541 3541 7597142 
3542 3542 7599084 
3543 3543 7601024 
3544 3544 7602966 
3545 3545 7604908 
3546 3546 7606850 
3547 3547 7608788 
3548 3548 7610728 
3549 3549 7612670 
3550 3550 7614612 
3551 3551 7616552 
3552 3552 7618494 
3553 3553 7620436 
3554 3554 7622378 
3555 3555 7624320 
3556 3556 7626260 
3557 3557 7628202 
3558 3558 7630144 
3559 3559 7632086 
3560 3560 7634028 
3561 3561 7635970 
3562 3562 7637910 
3563 3563 7639852 
3564 3564 7641794 
3565 3565 7643734 
3566 3566 7645676 
3567 3567 7647618 
3568 3568 7649560 
3569 3569 7651502 
3570 3570 7653442 
3571 3571 7655388 
3572 3572 7657330 
3573 3573 7659272 
3574 3574 7661214 
3575 3575 7663154 
3576 3576 7665096 
3577 3577 7667038 
3578 3578 7668980 
3579 3579 7670922 
3580 3580 7672862 
3581 3581 7674804 
3582 3582 7676746 
3583 3583 7678688 
3584 3584 7680630 
3585 3585 7682570 
3586 3586 7684512 
3587 3587 7686454 
3588 3588 7688396 
3589 3589 7690338 
3590 3590 7692280 
3591 3591 7694220 
3592 3592 7696162 
3593 3593 7698104 
3594 3594 7700046 
3595 3595 7701988 
3596 3596 7703928 
3597 3597 7705870 
3598 3598 7707812 
3599 3599 7709754 
3600 3600 7711694 
3601 3601 7713636 
3602 3602 7715578 
3603 3603 7717516 
3604 3604 7719456 
3605 3605 7721396 
3606 3606 7723338 
3607 3607 7725280 
3608 3608 7727220 
3609 3609 7729162 
3610 3610 7731104 
3611 3611 7733044 
3612 3612 7734986 
3613 3613 7736928 
3614 3614 7738868 
3615 3615 7740810 
3616 3616 7742752 
3617 3617 7744692 
3618 3618 7746634 
3619 3619 7748576 
3620 3620 7750516 
3621 3621 7752458 
3622 3622 7754400 
3623 3623 7756342 
3624 3624 7758282 
3625 3625 7760226 
3626 3626 7762168 
3627 3627 7764110 
3628 3628 7766052 
3629 3629 7767994 
3630 3630 7769934 
3631 3631 7771876 
3632 3632 7773818 
3633 3633 7775760 
3634 3634 7777700 
3635 3635 7779642 
3636 3636 7781584 
3637 3637 7783526 
3638 3638 7785466 
3639 3639 7787408 
3640 3640 7789350 
3641 3641 7791292 
3642 3642 7793232 
3643 3643 7795174 
3644 3644 7797116 
3645 3645 7799056 
3646 3646 7800998 
3647 3647 7802938 
3648 3648 7804880 
3649 3649 7806822 
3650 3650 7808762 
3651 3651 7810704 
3652 3652 7812644 
3653 3653 7814586 
3654 3654 7816526 
3655 3655 7818468 
3656 3656 7820408 
3657 3657 7822350 
3658 3658 7824290 
3659 3659 7826232 
3660 3660 7828170 
3661 3661 7830110 
3662 3662 7832052 
3663 3663 7833992 
3664 3664 7835934 
3665 3665 7837874 
3666 3666 7839816 
3667 3667 7841758 
3668 3668 7843700 
3669 3669 7845640 
3670 3670 7847582 
3671 3671 7849524 
3672 3672 7851464 
3673 3673 7853406 
3674 3674 7855346 
3675 3675 7857288 
3676 3676 7859230 
3677 3677 7861172 
3678 3678 7863112 
3679 3679 7865058 
3680 3680 7867000 
3681 3681 7868940 
3682 3682 7870882 
3683 3683 7872824 
3684 3684 7874764 
3685 3685 7876706 
3686 3686 7878648 
3687 3687 7880588 
3688 3688 7882530 
3689 3689 7884472 
3690 3690 7886412 
3691 3691 7888354 
3692 3692 7890296 
3693 3693 7892236 
3694 3694 7894178 
3695 3695 7896120 
3696 3696 7898060 
3697 3697 7900002 
3698 3698 7901942 
3699 3699 7903884 
3700 3700 7905826 
3701 3701 7907766 
3702 3702 7909708 
3703 3703 7911650 
3704 3704 7913590 
3705 3705 7915532 
3706 3706 7917472 
3707 3707 7919414 
3708 3708 7921356 
3709 3709 7923296 
3710 3710 7925238 
3711 3711 7927180 
3712 3712 7929122 
3713 3713 7931062 
3714 3714 7933004 
3715 3715 7934946 
3716 3716 7936888 
3717 3717 7938826 
3718 3718 7940768 
3719 3719 7942708 
3720 3720 7944650 
3721 3721 7946592 
3722 3722 7948532 
3723 3723 7950474 
3724 3724 7952416 
3725 3725 7954358 
3726 3726 7956300 
3727 3727 7958242 
3728 3728 7960182 
3729 3729 7962124 
3730 3730 7964066 
3731 3731 7966008 
3732 3732 7967952 
3733 3733 7969894 
3734 3734 7971834 
3735 3735 7973776 
3736 3736 7975718 
3737 3737 7977658 
3738 3738 7979600 
3739 3739 7981542 
3740 3740 7983482 
3741 3741 7985424 
3742 3742 7987366 
3743 3743 7989306 
3744 3744 7991248 
3745 3745 7993190 
3746 3746 7995130 
3747 3747 7997072 
3748 3748 7999014 
3749 3749 8000956 
3750 3750 8002896 
3751 3751 8004838 
3752 3752 8006778 
3753 3753 8008720 
3754 3754 8010662 
3755 3755 8012604 
3756 3756 8014544 
3757 3757 8016486 
3758 3758 8018428 
3759 3759 8020370 
3760 3760 8022312 
3761 3761 8024254 
3762 3762 8026194 
3763 3763 8028136 
3764 3764 8030078 
3765 3765 8032020 
3766 3766 8033962 
3767 3767 8035904 
3768 3768 8037846 
3769 3769 8039786 
3770 3770 8041728 
3771 3771 8043670 
3772 3772 8045612 
3773 3773 8047554 
3774 3774 8049496 
3775 3775 8051438 
3776 3776 8053380 
3777 3777 8055322 
3778 3778 8057262 
3779 3779 8059202 
3780 3780 8061146 
3781 3781 8063088 
3782 3782 8065030 
3783 3783 8066972 
3784 3784 8068914 
3785 3785 8070856 
3786 3786 8072796 
3787 3787 8074738 
3788 3788 8076680 
3789 3789 8078620 
3790 3790 8080562 
3791 3791 8082504 
3792 3792 8084446 
3793 3793 8086388 
3794 3794 8088328 
3795 3795 8090270 
3796 3796 8092212 
3797 3797 8094154 
3798 3798 8096094 
3799 3799 8098036 
3800 3800 8099978 
3801 3801 8101918 
3802 3802 8103860 
3803 3803 8105802 
3804 3804 8107740 
3805 3805 8109684 
3806 3806 8111626 
3807 3807 8113566 
3808 3808 8115510 
3809 3809 8117448 
3810 3810 8119392 
3811 3811 8121332 
3812 3812 8123276 
3813 3813 8125218 
3814 3814 8127160 
3815 3815 8129098 
3816 3816 8131042 
3817 3817 8132984 
3818 3818 8134926 
3819 3819 8136866 
3820 3820 8138808 
3821 3821 8140750 
3822 3822 8142692 
3823 3823 8144634 
3824 3824 8146574 
3825 3825 8148516 
3826 3826 8150458 
3827 3827 8152400 
3828 3828 8154340 
3829 3829 8156282 
3830 3830 8158224 
3831 3831 8160166 
3832 3832 8162106 
3833 3833 8164048 
3834 3834 8165988 
3835 3835 8167930 
3836 3836 8169872 
3837 3837 8171812 
3838 3838 8173754 
3839 3839 8175692 
3840 3840 8177632 
3841 3841 8179574 
3842 3842 8181516 
3843 3843 8183460 
3844 3844 8185402 
3845 3845 8187344 
3846 3846 8189284 
3847 3847 8191226 
3848 3848 8193168 
3849 3849 8195108 
3850 3850 8197050 
3851 3851 8198990 
3852 3852 8200932 
3853 3853 8202874 
3854 3854 8204816 
3855 3855 8206756 
3856 3856 8208698 
3857 3857 8210638 
3858 3858 8212580 
3859 3859 8214522 
3860 3860 8216462 
3861 3861 8218404 
3862 3862 8220346 
3863 3863 8222288 
3864 3864 8224230 
3865 3865 8226172 
3866 3866 8228112 
3867 3867 8230054 
3868 3868 8231996 
3869 3869 8233938 
3870 3870 8235878 
3871 3871 8237820 
3872 3872 8239760 
3873 3873 8241702 
3874 3874 8243640 
3875 3875 8245580 
3876 3876 8247522 
3877 3877 8249464 
3878 3878 8251404 
3879 3879 8253346 
3880 3880 8255290 
3881 3881 8257232 
3882 3882 8259174 
3883 3883 8261116 
3884 3884 8263058 
3885 3885 8264998 
3886 3886 8266940 
3887 3887 8268882 
3888 3888 8270820 
3889 3889 8272764 
3890 3890 8274702 
3891 3891 8276642 
3892 3892 8278584 
3893 3893 8280524 
3894 3894 8282466 
3895 3895 8284408 
3896 3896 8286348 
3897 3897 8288290 
3898 3898 8290232 
3899 3899 8292174 
3900 3900 8294118 
3901 3901 8296060 
3902 3902 8298002 
3903 3903 8299944 
3904 3904 8301884 
3905 3905 8303826 
3906 3906 8305766 
3907 3907 8307708 
3908 3908 8309650 
3909 3909 8311590 
3910 3910 8313532 
3911 3911 8315472 
3912 3912 8317414 
3913 3913 8319356 
3914 3914 8321298 
3915 3915 8323240 
3916 3916 8325182 
3917 3917 8327124 
3918 3918 8329064 
3919 3919 8331006 
3920 3920 8332948 
3921 3921 8334890 
3922 3922 8336832 
3923 3923 8338774 
3924 3924 8340714 
3925 3925 8342656 
3926 3926 8344598 
3927 3927 8346540 
3928 3928 8348478 
3929 3929 8350418 
3930 3930 8352360 
3931 3931 8354302 
3932 3932 8356244 
3933 3933 8358186 
3934 3934 8360128 
3935 3935 8362068 
3936 3936 8364010 
3937 3937 8365952 
3938 3938 8367894 
3939 3939 8369834 
3940 3940 8371776 
3941 3941 8373716 
3942 3942 8375658 
3943 3943 8377600 
3944 3944 8379542 
3945 3945 8381482 
3946 3946 8383424 
3947 3947 8385366 
3948 3948 8387306 
3949 3949 8389248 
3950 3950 8391188 
3951 3951 8393130 
3952 3952 8395070 
3953 3953 8397012 
3954 3954 8398952 
3955 3955 8400898 
3956 3956 8402840 
3957 3957 8404780 
3958 3958 8406722 
3959 3959 8408664 
3960 3960 8410604 
3961 3961 8412546 
3962 3962 8414488 
3963 3963 8416430 
3964 3964 8418372 
3965 3965 8420312 
3966 3966 8422254 
3967 3967 8424196 
3968 3968 8426138 
3969 3969 8428076 
3970 3970 8430018 
3971 3971 8431962 
3972 3972 8433902 
3973 3973 8435844 
3974 3974 8437784 
3975 3975 8439728 
3976 3976 8441666 
3977 3977 8443610 
3978 3978 8445550 
3979 3979 8447494 
3980 3980 8449436 
3981 3981 8451378 
3982 3982 8453320 
3983 3983 8455262 
3984 3984 8457204 
3985 3985 8459146 
3986 3986 8461086 
3987 3987 8463028 
3988 3988 8464970 
3989 3989 8466910 
3990 3990 8468850 
3991 3991 8470792 
3992 3992 8472734 
3993 3993 8474678 
3994 3994 8476622 
3995 3995 8478564 
3996 3996 8480506 
3997 3997 8482448 
3998 3998 8484390 
3999 3999 8486330 
4000 4000 8488272 
4001 4001 8490214 
4002 4002 8492156 
4003 4003 8494098 
4004 4004 8496040 
4005 4005 8497982 
4006 4006 8499924 
4007 4007 8501866 
4008 4008 8503808 
4009 4009 8505748 
4010 4010 8507690 
4011 4011 8509632 
4012 4012 8511574 
4013 4013 8513516 
4014 4014 8515456 
4015 4015 8517398 
4016 4016 8519340 
4017 4017 8521282 
4018 4018 8523224 
4019 4019 8525166 
4020 4020 8527104 
4021 4021 8529048 
4022 4022 8530990 
4023 4023 8532932 
4024 4024 8534874 
4025 4025 8536816 
4026 4026 8538758 
4027 4027 8540698 
4028 4028 8542640 
4029 4029 8544582 
4030 4030 8546524 
4031 4031 8548464 
4032 4032 8550406 
4033 4033 8552348 
4034 4034 8554290 
4035 4035 8556232 
4036 4036 8558174 
4037 4037 8560114 
4038 4038 8562056 
4039 4039 8563998 
4040 4040 8565940 
4041 4041 8567878 
4042 4042 8569820 
4043 4043 8571762 
4044 4044 8573706 
4045 4045 8575648 
4046 4046 8577590 
4047 4047 8579532 
4048 4048 8581472 
4049 4049 8583414 
4049 4049 8583414 
4050 4050 8585356 
4051 4051 8587296 
4052 4052 8589238 
4053 4053 8591180 
4054 4054 8593122 
4055 4055 8595064 
4056 4056 8597006 
4057 4057 8598948 
4058 4058 8600890 
4059 4059 8602832 
4060 4060 8604772 
4061 4061 8606714 
4062 4062 8608656 
4063 4063 8610598 
4064 4064 8612538 
4065 4065 8614480 
4066 4066 8616418 
4067 4067 8618360 
4068 4068 8620302 
4069 4069 8622246 
4070 4070 8624188 
4071 4071 8626130 
4072 4072 8628072 
4073 4073 8630014 
4074 4074 8631954 
4075 4075 8633896 
4076 4076 8635838 
4077 4077 8637778 
4078 4078 8639720 
4079 4079 8641662 
4080 4080 8643604 
4081 4081 8645546 
4082 4082 8647486 
4083 4083 8649428 
4084 4084 8651370 
4085 4085 8653312 
4086 4086 8655254 
4087 4087 8657196 
4088 4088 8659138 
4089 4089 8661076 
4090 4090 8663018 
4091 4091 8664960 
4092 4092 8666900 
4093 4093 8668846 
4094 4094 8670788 
4095 4095 8672730 
4096 4096 8674672 
4097 4097 8676612 
4098 4098 8678554 
4099 4099 8680496 
4100 4100 8682438 
4101 4101 8684380 
4102 4102 8686320 
4103 4103 8688262 
4104 4104 8690204 
4105 4105 8692146 
4106 4106 8694086 
4107 4107 8696028 
4108 4108 8697970 
4109 4109 8699912 
4110 4110 8701854 
4111 4111 8703794 
4112 4112 8705736 
4113 4113 8707678 
4114 4114 8709618 
4115 4115 8711560 
4116 4116 8713502 
4117 4117 8715442 
4118 4118 8717384 
4119 4119 8719326 
4120 4120 8721266 
4121 4121 8723208 
4122 4122 8725150 
4123 4123 8727090 
4124 4124 8729032 
4125 4125 8730974 
4126 4126 8732916 
4127 4127 8734856 
4128 4128 8736798 
4129 4129 8738738 
4130 4130 8740680 
4131 4131 8742622 
4132 4132 8744564 
4133 4133 8746506 
4134 4134 8748446 
4135 4135 8750388 
4136 4136 8752330 
4137 4137 8754268 
4138 4138 8756210 
4139 4139 8758150 
4140 4140 8760092 
4141 4141 8762034 
4142 4142 8763976 
4143 4143 8765916 
4144 4144 8767858 
4145 4145 8769800 
4146 4146 8771742 
4147 4147 8773682 
4148 4148 8775624 
4149 4149 8777566 
4150 4150 8779506 
4151 4151 8781448 
4152 4152 8783390 
4153 4153 8785332 
4154 4154 8787272 
4155 4155 8789214 
4156 4156 8791156 
4157 4157 8793098 
4158 4158 8795038 
4159 4159 8796980 
4160 4160 8798926 
4161 4161 8800868 
4162 4162 8802810 
4163 4163 8804752 
4164 4164 8806694 
4165 4165 8808634 
4166 4166 8810576 
4167 4167 8812518 
4168 4168 8814460 
4169 4169 8816402 
4170 4170 8818342 
4171 4171 8820284 
4172 4172 8822226 
4173 4173 8824168 
4174 4174 8826108 
4175 4175 8828050 
4176 4176 8829992 
4177 4177 8831934 
4178 4178 8833876 
4179 4179 8835816 
4180 4180 8837758 
4181 4181 8839700 
4182 4182 8841640 
4183 4183 8843582 
4184 4184 8845524 
4185 4185 8847466 
4186 4186 8849406 
4187 4187 8851348 
4188 4188 8853290 
4189 4189 8855232 
4190 4190 8857172 
4191 4191 8859114 
4192 4192 8861052 
4193 4193 8862994 
4194 4194 8864936 
4195 4195 8866878 
4196 4196 8868818 
4197 4197 8870760 
4198 4198 8872702 
4199 4199 8874644 
4200 4200 8876584 
4201 4201 8878526 
4202 4202 8880468 
4203 4203 8882408 
4204 4204 8884350 
4205 4205 8886292 
4206 4206 8888234 
4207 4207 8890176 
4208 4208 8892116 
4209 4209 8894058 
4210 4210 8896000 
4211 4211 8897942 
4212 4212 8899882 
4213 4213 8901824 
4214 4214 8903766 
4215 4215 8905710 
4216 4216 8907654 
4217 4217 8909596 
4218 4218 8911538 
4219 4219 8913478 
4220 4220 8915420 
4221 4221 8917362 
4222 4222 8919304 
4223 4223 8921246 
4224 4224 8923188 
4225 4225 8925130 
4226 4226 8927072 
4227 4227 8929014 
4228 4228 8930956 
4229 4229 8932898 
4230 4230 8934840 
4231 4231 8936780 
4232 4232 8938722 
4233 4233 8940664 
4234 4234 8942606 
4235 4235 8944548 
4236 4236 8946490 
4237 4237 8948432 
4238 4238 8950372 
4239 4239 8952314 
4240 4240 8954256 
4241 4241 8956198 
4242 4242 8958140 
4243 4243 8960082 
4244 4244 8962024 
4245 4245 8963966 
4246 4246 8965908 
4247 4247 8967850 
4248 4248 8969790 
4249 4249 8971732 
4250 4250 8973674 
4251 4251 8975616 
4252 4252 8977556 
4253 4253 8979498 
4254 4254 8981440 
4255 4255 8983382 
4256 4256 8985324 
4257 4257 8987266 
4258 4258 8989206 
4259 4259 8991148 
4260 4260 8993090 
4261 4261 8995032 
4262 4262 8996974 
4263 4263 8998914 
4264 4264 9000856 
4265 4265 9002798 
4266 4266 9004740 
4267 4267 9006682 
4268 4268 9008626 
4269 4269 9010568 
4270 4270 9012510 
4271 4271 9014452 
4272 4272 9016394 
4273 4273 9018336 
4274 4274 9020280 
4275 4275 9022222 
4276 4276 9024164 
4277 4277 9026106 
4278 4278 9028048 
4279 4279 9029990 
4280 4280 9031932 
4281 4281 9033874 
4282 4282 9035816 
4283 4283 9037758 
4284 4284 9039698 
4285 4285 9041640 
4286 4286 9043582 
4287 4287 9045524 
4288 4288 9047466 
4289 4289 9049408 
4290 4290 9051350 
4291 4291 9053292 
4292 4292 9055234 
4293 4293 9057176 
4294 4294 9059118 
4295 4295 9061060 
4296 4296 9063002 
4297 4297 9064944 
4298 4298 9066886 
4299 4299 9068828 
4300 4300 9070770 
4301 4301 9072710 
4302 4302 9074652 
4303 4303 9076594 
4304 4304 9078536 
4305 4305 9080480 
4306 4306 9082418 
4307 4307 9084358 
4308 4308 9086300 
4309 4309 9088242 
4310 4310 9090184 
4311 4311 9092126 
4312 4312 9094066 
4313 4313 9096008 
4314 4314 9097950 
4315 4315 9099892 
4316 4316 9101836 
4317 4317 9103780 
4318 4318 9105720 
4319 4319 9107662 
4320 4320 9109604 
4321 4321 9111546 
4322 4322 9113488 
4323 4323 9115430 
4324 4324 9117370 
4325 4325 9119312 
4326 4326 9121254 
4327 4327 9123196 
4328 4328 9125138 
4329 4329 9127080 
4330 4330 9129022 
4331 4331 9130964 
4332 4332 9132904 
4333 4333 9134846 
4334 4334 9136788 
4335 4335 9138730 
4336 4336 9140672 
4337 4337 9142614 
4338 4338 9144554 
4339 4339 9146496 
4340 4340 9148438 
4341 4341 9150380 
4342 4342 9152320 
4343 4343 9154262 
4344 4344 9156204 
4345 4345 9158146 
4346 4346 9160086 
4347 4347 9162028 
4348 4348 9163970 
4349 4349 9165912 
4350 4350 9167854 
4351 4351 9169794 
4352 4352 9171734 
4353 4353 9173678 
4354 4354 9175620 
4355 4355 9177562 
4356 4356 9179504 
4357 4357 9181446 
4358 4358 9183384 
4359 4359 9185328 
4360 4360 9187272 
4361 4361 9189214 
4362 4362 9191154 
4363 4363 9193096 
4364 4364 9195038 
4365 4365 9196980 
4366 4366 9198922 
4367 4367 9200864 
4368 4368 9202804 
4369 4369 9204746 
4370 4370 9206688 
4371 4371 9208630 
4372 4372 9210572 
4373 4373 9212512 
4374 4374 9214454 
4375 4375 9216396 
4376 4376 9218336 
4377 4377 9220278 
4378 4378 9222220 
4379 4379 9224162 
4380 4380 9226104 
4381 4381 9228044 
4382 4382 9229986 
4383 4383 9231928 
4384 4384 9233870 
4385 4385 9235812 
4386 4386 9237754 
4387 4387 9239696 
4388 4388 9241638 
4389 4389 9243580 
4390 4390 9245520 
4391 4391 9247462 
4392 4392 9249404 
4393 4393 9251346 
4394 4394 9253288 
4395 4395 9255230 
4396 4396 9257172 
4397 4397 9259114 
4398 4398 9261056 
4399 4399 9262998 
4400 4400 9264938 
4401 4401 9266880 
4402 4402 9268822 
4403 4403 9270764 
4404 4404 9272706 
4405 4405 9274648 
4406 4406 9276588 
4407 4407 9278530 
4408 4408 9280472 
4409 4409 9282414 
4410 4410 9284356 
4411 4411 9286296 
4412 4412 9288238 
4413 4413 9290180 
4414 4414 9292122 
4415 4415 9294064 
4416 4416 9296006 
4417 4417 9297946 
4418 4418 9299888 
4419 4419 9301830 
4420 4420 9303772 
4421 4421 9305714 
4422 4422 9307656 
4423 4423 9309598 
4424 4424 9311540 
4425 4425 9313480 
4426 4426 9315422 
4427 4427 9317364 
4428 4428 9319304 
4429 4429 9321246 
4430 4430 9323188 
4431 4431 9325128 
4432 4432 9327070 
4433 4433 9329012 
4434 4434 9330952 
4435 4435 9332894 
4436 4436 9334834 
4437 4437 9336776 
4438 4438 9338718 
4439 4439 9340660 
4440 4440 9342602 
4441 4441 9344544 
4442 4442 9346486 
4443 4443 9348426 
4444 4444 9350368 
4445 4445 9352310 
4446 4446 9354252 
4447 4447 9356192 
4448 4448 9358134 
4449 4449 9360076 
4450 4450 9362018 
4451 4451 9363960 
4452 4452 9365900 
4453 4453 9367842 
4454 4454 9369784 
4455 4455 9371726 
4456 4456 9373666 
4457 4457 9375608 
4458 4458 9377550 
4459 4459 9379490 
4460 4460 9381432 
4461 4461 9383374 
4462 4462 9385314 
4463 4463 9387256 
4464 4464 9389198 
4465 4465 9391140 
4466 4466 9393080 
4467 4467 9395022 
4468 4468 9396964 
4469 4469 9398906 
4470 4470 9400848 
4471 4471 9402788 
4472 4472 9404730 
4473 4473 9406672 
4474 4474 9408614 
4475 4475 9410556 
4476 4476 9412498 
4477 4477 9414440 
4478 4478 9416382 
4479 4479 9418322 
4480 4480 9420264 
4481 4481 9422206 
4482 4482 9424148 
4483 4483 9426088 
4484 4484 9428030 
4485 4485 9429972 
4486 4486 9431914 
4487 4487 9433854 
4488 4488 9435796 
4489 4489 9437738 
4490 4490 9439680 
4491 4491 9441622 
4492 4492 9443564 
4493 4493 9445506 
4494 4494 9447446 
4495 4495 9449388 
4496 4496 9451330 
4497 4497 9453272 
4498 4498 9455214 
4499 4499 9457154 
4500 4500 9459096 
4501 4501 9461038 
4502 4502 9462980 
4503 4503 9464922 
4504 4504 9466864 
4505 4505 9468804 
4506 4506 9470746 
4507 4507 9472688 
4508 4508 9474630 
4509 4509 9476572 
4510 4510 9478512 
4511 4511 9480454 
4512 4512 9482396 
4513 4513 9484338 
4514 4514 9486280 
4515 4515 9488222 
4516 4516 9490164 
4517 4517 9492106 
4518 4518 9494046 
4519 4519 9495988 
4520 4520 9497930 
4521 4521 9499872 
