11454 11454 114499114 
11455 11455 114506240 
11456 11456 114513372 
11457 11457 114519854 
11458 11458 114526326 
11459 11459 114533444 
11460 11460 114540564 
11461 11461 114547034 
11462 11462 114554800 
11463 11463 114561920 
11464 11464 114567746 
11465 11465 114575514 
11466 11466 114581338 
11467 11467 114586520 
11468 11468 114591698 
11469 11469 114596874 
11470 11470 114602052 
11471 11471 114606584 
11472 11472 114611112 
11473 11473 114614996 
11474 11474 114618882 
11475 11475 114622764 
11476 11476 114626004 
11477 11477 114629238 
11478 11478 114632476 
11479 11479 114635712 
11480 11480 114638302 
11481 11481 114640892 
11482 11482 114643482 
11483 11483 114646070 
11484 11484 114648660 
11485 11485 114651898 
11486 11486 114655134 
11487 11487 114658370 
11488 11488 114661606 
11489 11489 114664842 
11490 11490 114668078 
11491 11491 114670668 
11492 11492 114673256 
11493 11493 114675844 
11494 11494 114678432 
11495 11495 114680376 
11496 11496 114682318 
11497 11497 114684260 
11498 11498 114686200 
11499 11499 114688142 
11500 11500 114690086 
11501 11501 114692026 
11502 11502 114693970 
11503 11503 114695912 
11504 11504 114697856 
11505 11505 114699798 
11506 11506 114701736 
11507 11507 114703682 
11508 11508 114705624 
11509 11509 114707566 
11510 11510 114709506 
11511 11511 114712094 
11512 11512 114714684 
11513 11513 114717272 
11514 11514 114720508 
11515 11515 114723744 
11516 11516 114726980 
11517 11517 114731506 
11518 11518 114736688 
11519 11519 114742518 
11520 11520 114748988 
11521 11521 114756108 
11522 11522 114762578 
11523 11523 114768408 
11524 11524 114773586 
11525 11525 114778764 
11526 11526 114784590 
11527 11527 114791062 
11528 11528 114798182 
11529 11529 114805300 
11530 11530 114813718 
11531 11531 114822782 
11532 11532 114830548 
11533 11533 114839612 
11534 11534 114850612 
11535 11535 114864204 
11536 11536 114879092 
11537 11537 114885570 
11538 11538 114906280 
11539 11539 114923758 
11540 11540 114937348 
11541 11541 114978772 
11542 11542 115009194 
11543 11543 115013076 
11544 11544 115022136 
11545 11545 115031846 
11546 11546 115044142 
11547 11547 115075208 
11548 11548 115082974 
11549 11549 115111454 
11550 11550 115117280 
11551 11551 115126990 
11552 11552 115137346 
11553 11553 115148350 
11554 11554 115169704 
11555 11555 115177476 
11556 11556 115195598 
11557 11557 115200778 
11558 11558 115204662 
11559 11559 115208544 
11560 11560 115213724 
11561 11561 115219548 
11562 11562 115227964 
11563 11563 115241558 
11564 11564 115264208 
11565 11565 115284270 
11566 11566 115291388 
11567 11567 115311456 
11568 11568 115322464 
11569 11569 115334762 
11570 11570 115350292 
11571 11571 115385886 
11572 11572 115400126 
11573 11573 115409186 
11574 11574 115421484 
11575 11575 115442192 
11576 11576 115473914 
11577 11577 115497218 
11578 11578 115507574 
11579 11579 115520518 
11580 11580 115536054 
11581 11581 115572942 
11582 11582 115598832 
11583 11583 115603362 
11584 11584 115614366 
11585 11585 115627310 
11586 11586 115707570 
11587 11587 115720514 
11588 11588 115734752 
11589 11589 115748346 
11590 11590 115753520 
11591 11591 115795584 
11592 11592 115806586 
11593 11593 115815000 
11594 11594 115823418 
11595 11595 115831832 
11596 11596 115840244 
11597 11597 115848658 
11598 11598 115856426 
11599 11599 115864194 
11600 11600 115871312 
11601 11601 115878426 
11602 11602 115885552 
11603 11603 115892672 
11604 11604 115899792 
11605 11605 115906914 
11606 11606 115913390 
11607 11607 115919862 
11608 11608 115925042 
11609 11609 115929572 
11610 11610 115933456 
11611 11611 115937340 
11612 11612 115941224 
11613 11613 115945110 
11614 11614 115949640 
11615 11615 115954814 
11616 11616 115960644 
11617 11617 115966470 
11618 11618 115971648 
11619 11619 115976178 
11620 11620 115980062 
11621 11621 115983944 
11622 11622 115987828 
11623 11623 115991710 
11624 11624 115995594 
11625 11625 115999478 
11626 11626 116003356 
11627 11627 116007890 
11628 11628 116012422 
11629 11629 116017598 
11630 11630 116023422 
11631 11631 116030540 
11632 11632 116035716 
11633 11633 116042190 
11634 11634 116048662 
11635 11635 116058372 
11636 11636 116068078 
11637 11637 116093326 
11638 11638 116103034 
11639 11639 116112740 
11640 11640 116141222 
11641 11641 116146400 
11642 11642 116187184 
11643 11643 116198834 
11644 11644 116238308 
11645 11645 116259020 
11646 11646 116275196 
11647 11647 116347048 
11648 11648 116372290 
11649 11649 116447370 
11650 11650 116474556 
11651 11651 116524390 
11652 11652 116572292 
11653 11653 116594296 
11654 11654 116664844 
11655 11655 116698500 
11656 11656 116759332 
11657 11657 116765804 
11658 11658 116770982 
11659 11659 116776160 
11660 11660 116781340 
11661 11661 116785870 
11662 11662 116791042 
11663 11663 116796224 
11664 11664 116802052 
11665 11665 116807228 
11666 11666 116811758 
11667 11667 116816292 
11668 11668 116821468 
11669 11669 116826648 
11670 11670 116831826 
11671 11671 116836998 
11672 11672 116842822 
11673 11673 116849300 
11674 11674 116855772 
11675 11675 116862892 
11676 11676 116870656 
11677 11677 116877774 
11678 11678 116884246 
11679 11679 116890072 
11680 11680 116895250 
11681 11681 116901074 
11682 11682 116907548 
11683 11683 116914670 
11684 11684 116922436 
11685 11685 116929558 
11686 11686 116936030 
11687 11687 116941856 
11688 11688 116947680 
11689 11689 116953506 
11690 11690 116959332 
11691 11691 116965154 
11692 11692 116971630 
11693 11693 116978752 
11694 11694 116986524 
11695 11695 116994938 
11696 11696 117002708 
11697 11697 117014364 
11698 11698 117033138 
11699 11699 117042198 
11700 11700 117053202 
11701 11701 117080390 
11702 11702 117092040 
11703 11703 117106284 
11704 11704 117145766 
11705 11705 117150946 
11706 11706 117181372 
11707 11707 117202736 
11708 11708 117275884 
11709 11709 117299188 
11710 11710 117314728 
11711 11711 117363278 
11712 11712 117369750 
11713 11713 117411172 
11714 11714 117415702 
11715 11715 117464238 
11716 11716 117471356 
11717 11717 117500480 
11718 11718 117505008 
11719 11719 117517306 
11720 11720 117567786 
11721 11721 117571020 
11722 11722 117581372 
11723 11723 117602736 
11724 11724 117608558 
11725 11725 117618914 
11726 11726 117633804 
11727 11727 117662932 
11728 11728 117668112 
11729 11729 117683648 
11730 11730 117709534 
11731 11731 117732840 
11732 11732 117788516 
11733 11733 117824770 
11734 11734 117832536 
11735 11735 117848074 
11736 11736 117875262 
11737 11737 117879792 
11738 11738 117891446 
11739 11739 117934164 
11740 11740 117938046 
11741 11741 117951640 
11742 11742 117977530 
11743 11743 117981414 
11744 11744 117990474 
11745 11745 118006660 
11746 11746 118024136 
11747 11747 118033196 
11748 11748 118046792 
11749 11749 118075266 
11750 11750 118079154 
11751 11751 118092746 
11752 11752 118147114 
11753 11753 118189182 
11754 11754 118198248 
11755 11755 118302450 
11756 11756 118346470 
11757 11757 118349706 
11758 11758 118358768 
11759 11759 118385956 
11760 11760 118389192 
11761 11761 118395662 
11762 11762 118404728 
11763 11763 118417674 
11764 11764 118426090 
11765 11765 118434500 
11766 11766 118442920 
11767 11767 118451982 
11768 11768 118483700 
11769 11769 118485642 
11770 11770 118489526 
11771 11771 118497942 
11772 11772 118534834 
11773 11773 118537422 
11774 11774 118542602 
11775 11775 118555552 
11776 11776 118567850 
11777 11777 118576266 
11778 11778 118585328 
11779 11779 118597626 
11780 11780 118604744 
11781 11781 118641636 
11782 11782 118684350 
11783 11783 118697942 
11784 11784 118730302 
11785 11785 118782078 
11786 11786 118785312 
11787 11787 118799550 
11788 11788 118821556 
11789 11789 118830612 
11790 11790 118849380 
11791 11791 118867506 
11792 11792 118875274 
11793 11793 118891460 
11794 11794 118900522 
11795 11795 118975606 
11796 11796 119024802 
11797 11797 119067520 
11798 11798 119072052 
11799 11799 119082410 
11800 11800 119117362 
11801 11801 119120596 
11802 11802 119128364 
11803 11803 119145196 
11804 11804 119152316 
11805 11805 119162670 
11806 11806 119171086 
11807 11807 119183386 
11808 11808 119216392 
11809 11809 119220920 
11810 11810 119269462 
11811 11811 119272696 
11812 11812 119281758 
11813 11813 119318656 
11814 11814 119322538 
11815 11815 119332250 
11816 11816 119367202 
11817 11817 119369790 
11818 11818 119376258 
11819 11819 119389204 
11820 11820 119421566 
11821 11821 119425448 
11822 11822 119435804 
11823 11823 119477878 
11824 11824 119480466 
11825 11825 119487586 
11826 11826 119505064 
11827 11827 119519950 
11828 11828 119526422 
11829 11829 119537426 
11830 11830 119556192 
11831 11831 119562018 
11832 11832 119574966 
11833 11833 119586618 
11834 11834 119636456 
11835 11835 119639692 
11836 11836 119675292 
11837 11837 119684998 
11838 11838 119738720 
11839 11839 119742604 
11840 11840 119777556 
11841 11841 119780144 
11842 11842 119785322 
11843 11843 119795034 
11844 11844 119827400 
11845 11845 119829344 
11846 11846 119831284 
11847 11847 119833226 
11848 11848 119835168 
11849 11849 119837110 
11850 11850 119839052 
11851 11851 119840996 
11852 11852 119842938 
11853 11853 119844880 
11854 11854 119846820 
11855 11855 119848766 
11856 11856 119850706 
11857 11857 119852648 
11858 11858 119854590 
11859 11859 119857176 
11860 11860 119859200 
11861 11861 119861138 
11862 11862 119863072 
11863 11863 119865010 
11864 11864 119866950 
11865 11865 119868892 
11866 11866 119872776 
11867 11867 119877304 
11868 11868 119881838 
11869 11869 119885720 
11870 11870 119890900 
11871 11871 119894136 
11872 11872 119901254 
11873 11873 119904494 
11874 11874 119910968 
11875 11875 119914206 
11876 11876 119920678 
11877 11877 119923918 
11878 11878 119930390 
11879 11879 119933628 
11880 11880 119940102 
11881 11881 119943338 
11882 11882 119949812 
11883 11883 119953050 
11884 11884 119959524 
11885 11885 119962760 
11886 11886 119969232 
11887 11887 119972468 
11888 11888 119978942 
11889 11889 119982178 
11890 11890 119988652 
11891 11891 119991888 
11892 11892 119998358 
11893 11893 120001596 
11894 11894 120008068 
11895 11895 120011306 
11896 11896 120017778 
11897 11897 120021016 
11898 11898 120027486 
11899 11899 120030724 
11900 11900 120037196 
11901 11901 120040434 
11902 11902 120046906 
11903 11903 120050142 
11904 11904 120056616 
11905 11905 120058576 
11906 11906 120060514 
11907 11907 120062452 
11908 11908 120064392 
11909 11909 120066332 
11910 11910 120068920 
11911 11911 120078628 
11912 11912 120081868 
11913 11913 120087688 
11914 11914 120091576 
11915 11915 120096102 
11916 11916 120100636 
11917 11917 120104520 
11918 11918 120109050 
11919 11919 120112934 
11920 11920 120118114 
11921 11921 120122000 
11922 11922 120127178 
11923 11923 120130416 
11924 11924 120137536 
11925 11925 120140776 
11926 11926 120146600 
11927 11927 120149836 
11928 11928 120156958 
11929 11929 120160194 
11930 11930 120166668 
11931 11931 120169904 
11932 11932 120176376 
11933 11933 120179612 
11933 11933 120179612 
11934 11934 120186084 
11935 11935 120189320 
11936 11936 120195794 
11937 11937 120199028 
11938 11938 120205500 
11939 11939 120208736 
11940 11940 120215208 
11941 11941 120218444 
11942 11942 120224916 
11943 11943 120228154 
11944 11944 120234626 
11945 11945 120237864 
11946 11946 120244334 
11947 11947 120247570 
11948 11948 120254044 
11949 11949 120257280 
11950 11950 120263752 
11951 11951 120266988 
11952 11952 120273460 
11953 11953 120276694 
11954 11954 120283170 
11955 11955 120286406 
11956 11956 120292878 
11957 11957 120296114 
11958 11958 120302586 
11959 11959 120305186 
11960 11960 120307132 
11961 11961 120309068 
11962 11962 120311006 
11963 11963 120312946 
11964 11964 120314886 
11965 11965 120316826 
11966 11966 120319416 
11967 11967 120332362 
11968 11968 120336892 
11969 11969 120347250 
11970 11970 120352426 
11971 11971 120360194 
11972 11972 120366020 
11973 11973 120373138 
11974 11974 120378964 
11975 11975 120386730 
11976 11976 120391906 
11977 11977 120400970 
11978 11978 120406146 
11979 11979 120414560 
11980 11980 120419736 
11981 11981 120421690 
11982 11982 120423634 
11983 11983 120425570 
11984 11984 120427508 
11985 11985 120429448 
11986 11986 120431388 
11987 11987 120433330 
11988 11988 120436566 
11989 11989 120595158 
11990 11990 120597104 
11991 11991 120599038 
11992 11992 120600980 
11993 11993 120602920 
11994 11994 120604858 
11995 11995 120611988 
11996 11996 120613930 
11997 11997 120615868 
11998 11998 120617808 
11999 11999 120619746 
12000 12000 120622334 
12001 12001 120632040 
12002 12002 120635278 
12003 12003 120641098 
12004 12004 120644980 
12005 12005 120649512 
12006 12006 120654044 
12007 12007 120657926 
12008 12008 120663106 
12009 12009 120666340 
12010 12010 120673464 
12011 12011 120676698 
12012 12012 120682522 
12013 12013 120685758 
12014 12014 120692880 
12015 12015 120696118 
12016 12016 120702592 
12017 12017 120705826 
12018 12018 120712300 
12019 12019 120715538 
12020 12020 120722010 
12021 12021 120725248 
12022 12022 120731720 
12023 12023 120734958 
12025 12025 120744666 
12026 12026 120751140 
12027 12027 120754376 
12028 12028 120760848 
12029 12029 120764084 
12030 12030 120770560 
12031 12031 120773796 
12032 12032 120775418 
