30706 30706 635898846 286 
30707 30707 635900878 290 
30708 30708 635902828 378 
30709 30709 635904772 332 
30710 30710 635906714 286 
30711 30711 635908656 284 
30712 30712 635910600 376 
30713 30713 635912542 376 
30714 30714 635914484 318 
30715 30715 635916428 414 
30716 30716 635918370 374 
30717 30717 635920310 352 
30718 30718 635922252 288 
30719 30719 635924196 550 
30720 30720 635926140 398 
30721 30721 635928082 334 
30722 30722 635930022 414 
30723 30723 635931964 392 
30724 30724 635933910 286 
30725 30725 635935850 334 
30726 30726 635937792 288 
30727 30727 635939736 294 
30728 30728 635941678 338 
30729 30729 635943620 292 
30730 30730 635945564 418 
30731 30731 635947508 394 
30732 30732 635949450 318 
30733 30733 635952688 370 
30734 30734 635957218 298 
30735 30735 635961750 414 
30736 30736 635966282 374 
30737 30737 635970816 396 
30738 30738 635975348 282 
30739 30739 635979880 354 
30740 30740 635984416 296 
30741 30741 635988946 352 
30742 30742 635993478 394 
30743 30743 635998010 354 
30744 30744 636014954 376 
