34674 34674 728586408 294 
34675 34675 728588358 394 
34676 34676 728590308 316 
34677 34677 728592252 334 
34678 34678 728594194 392 
34679 34679 728596136 394 
34680 34680 728598084 396 
34681 34681 728600034 414 
34682 34682 728601980 314 
34683 34683 728603924 330 
34684 34684 728605866 376 
34685 34685 728607810 410 
34686 34686 728609752 416 
34687 34687 728611700 280 
34688 34688 728613642 376 
34689 34689 728615586 374 
34690 34690 728617528 394 
34691 34691 728619468 294 
34692 34692 728621414 418 
34693 34693 728623354 410 
34694 34694 728625296 286 
34695 34695 728627240 416 
34696 34696 728629184 336 
34697 34697 728631126 278 
34698 34698 728633066 394 
34699 34699 728635008 412 
34700 34700 728636952 388 
34701 34701 728638894 358 
34702 34702 728640838 338 
34703 34703 728642780 286 
34704 34704 728644724 294 
34705 34705 728646666 418 
34706 34706 728648608 374 
34707 34707 728650552 334 
34708 34708 728652494 354 
34709 34709 728654436 354 
34710 34710 728656378 394 
34711 34711 728658324 354 
34712 34712 728660264 294 
34713 34713 728662206 410 
34714 34714 728664150 298 
34715 34715 728666094 280 
34716 34716 728668036 356 
34717 34717 728669972 294 
34718 34718 728671920 416 
34719 34719 728673862 374 
34720 34720 728675804 356 
34721 34721 728677748 292 
34722 34722 728679690 358 
34723 34723 728681632 392 
34724 34724 728683576 354 
34725 34725 728685518 314 
34726 34726 728687460 286 
34727 34727 728689402 282 
34728 34728 728691346 284 
34729 34729 728693288 392 
34730 34730 728695224 286 
34731 34731 728697172 290 
34732 34732 728699114 394 
34733 34733 728701056 420 
34734 34734 728702998 286 
34735 34735 728704940 396 
34736 34736 728706884 336 
34737 34737 728708828 334 
34738 34738 728710768 338 
34739 34739 728712712 330 
34740 34740 728714654 334 
34741 34741 728716598 334 
34742 34742 728718538 314 
34743 34743 728720480 314 
34744 34744 728722424 354 
34745 34745 728724364 352 
34746 34746 728726306 298 
34747 34747 728728248 312 
34748 34748 728730192 394 
34749 34749 728732134 376 
34750 34750 728734074 354 
34751 34751 728736018 314 
34752 34752 728737958 356 
34753 34753 728739902 330 
34754 34754 728741842 314 
34755 34755 728743782 416 
34756 34756 728745728 414 
34757 34757 728747670 278 
34758 34758 728749612 336 
34759 34759 728751554 374 
34760 34760 728753496 374 
34761 34761 728755438 312 
34762 34762 728757380 284 
34763 34763 728759324 396 
34764 34764 728761266 282 
34765 34765 728763204 352 
34766 34766 728765144 294 
34767 34767 728767092 280 
34768 34768 728769036 394 
34769 34769 728770978 294 
34770 34770 728772920 334 
34771 34771 728774864 290 
34772 34772 728776806 338 
34773 34773 728778748 294 
34774 34774 728780692 354 
34775 34775 728782632 314 
34776 34776 728784576 338 
34777 34777 728786518 350 
34778 34778 728788460 296 
34779 34779 728790404 314 
34780 34780 728792344 374 
34781 34781 728794290 294 
34782 34782 728796230 414 
34783 34783 728798174 414 
34784 34784 728800110 356 
34785 34785 728802058 392 
34786 34786 728804000 358 
34787 34787 728805944 330 
34788 34788 728807886 358 
34789 34789 728809828 390 
34790 34790 728811770 414 
34791 34791 728813714 314 
34792 34792 728815656 296 
34793 34793 728817598 282 
34794 34794 728819542 418 
34795 34795 728821486 310 
34796 34796 728823426 318 
34797 34797 728825368 334 
34798 34798 728827314 294 
34799 34799 728829254 294 
34800 34800 728831200 374 
34801 34801 728833142 374 
34802 34802 728835082 358 
34803 34803 728837026 330 
34804 34804 728838968 358 
34805 34805 728841556 330 
34806 34806 728843498 374 
34807 34807 728846086 412 
34808 34808 728848674 298 
34809 34809 728851264 392 
34810 34810 728853854 350 
34811 34811 728856450 390 
34812 34812 728859040 414 
34813 34813 728861630 314 
34814 34814 728864216 288 
34815 34815 728866812 314 
34816 34816 728869400 356 
34817 34817 728871992 416 
34818 34818 728874582 374 
34819 34819 728877170 290 
34820 34820 728879764 400 
34821 34821 728882354 334 
34822 34822 728884940 286 
34823 34823 728887528 394 
34824 34824 728890116 338 
34825 34825 728892706 294 
34826 34826 728895296 400 
34827 34827 728897884 370 
34828 34828 728900476 398 
34829 34829 728903064 290 
34830 34830 728905654 336 
34831 34831 728908244 282 
34832 34832 728910834 414 
34833 34833 728913426 298 
34834 34834 728916012 392 
34835 34835 728919254 282 
34836 34836 728921844 292 
34837 34837 728925082 332 
34838 34838 728928324 288 
34839 34839 728931562 394 
34840 34840 728934800 354 
34841 34841 728938036 278 
34842 34842 728941274 294 
34843 34843 728944512 342 
34844 34844 728947750 336 
34845 34845 728950986 374 
34846 34846 728954224 416 
34847 34847 728957460 294 
34848 34848 728960698 374 
34849 34849 728963934 330 
34850 34850 728967168 414 
34851 34851 728970412 280 
34852 34852 728973648 414 
34853 34853 728976886 330 
34854 34854 728980122 286 
34855 34855 728983362 370 
34856 34856 728986598 286 
34857 34857 728989836 290 
34858 34858 728993074 414 
34859 34859 728996310 310 
34860 34860 728999548 394 
34861 34861 729002786 352 
34862 34862 729006024 394 
34863 34863 729009908 312 
34864 34864 729013146 296 
34865 34865 729017030 392 
34866 34866 729020916 354 
34867 34867 729024800 280 
34868 34868 729028684 378 
34869 34869 729032562 330 
34870 34870 729036444 330 
34871 34871 729040332 372 
34872 34872 729044220 374 
34873 34873 729047460 370 
34874 34874 729051344 334 
34875 34875 729055228 390 
34876 34876 729059114 400 
34877 34877 729063000 350 
34878 34878 729067530 394 
34879 34879 729072062 370 
34880 34880 729076594 334 
34881 34881 729081126 374 
34882 34882 729084360 354 
34883 34883 729088248 292 
34884 34884 729092130 392 
34885 34885 729096664 334 
34886 34886 729101196 286 
34887 34887 729105730 368 
34888 34888 729110260 370 
34889 34889 729115440 298 
34890 34890 729120622 284 
34891 34891 729125152 392 
34892 34892 729128388 374 
34893 34893 729132922 372 
34894 34894 729138100 350 
34895 34895 729143928 374 
34896 34896 729148460 316 
34897 34897 729154284 294 
34898 34898 729158168 368 
34899 34899 729162052 396 
34900 34900 729166584 294 
34901 34901 729171760 294 
34902 34902 729178230 354 
34903 34903 729182112 392 
34904 34904 729188586 288 
34905 34905 729194414 292 
34906 34906 729199598 286 
34907 34907 729204776 370 
34908 34908 729209308 354 
34909 34909 729215136 330 
34910 34910 729221610 298 
34911 34911 729226788 278 
34912 34912 729232614 376 
34913 34913 729239090 370 
34914 34914 729241680 336 
34915 34915 729248154 352 
34916 34916 729255276 414 
34917 34917 729261752 294 
34918 34918 729268224 350 
34919 34919 729275346 290 
34920 34920 729282468 338 
34921 34921 729288942 334 
34922 34922 729296064 378 
34923 34923 729301892 410 
34924 34924 729305776 354 
34925 34925 729308366 352 
34926 34926 729310308 318 
34927 34927 729312250 280 
34928 34928 729314192 284 
34929 34929 729316134 394 
34930 34930 729318076 378 
34931 34931 729320020 290 
34932 34932 729322608 398 
34933 34933 729325198 410 
34934 34934 729328436 374 
34935 34935 729332320 314 
34936 34936 729336854 334 
34937 34937 729342032 358 
34938 34938 729347860 294 
34939 34939 729356278 350 
34940 34940 729362752 396 
34941 34941 729366636 336 
34942 34942 729369874 334 
34943 34943 729373110 334 
34944 34944 729376348 284 
34945 34945 729379586 336 
34946 34946 729382824 284 
34947 34947 729386062 392 
34948 34948 729389946 374 
34949 34949 729394478 354 
34950 34950 729400950 354 
34951 34951 729405484 370 
34952 34952 729411308 414 
34953 34953 729416488 310 
34954 34954 729421666 396 
34955 34955 729426198 394 
34956 34956 729430082 354 
34957 34957 729434614 282 
34958 34958 729439146 310 
34959 34959 729444324 370 
34960 34960 729450152 338 
34961 34961 729457274 330 
34962 34962 729466982 376 
34963 34963 729477992 330 
34964 34964 729487702 400 
34965 34965 729490294 298 
34966 34966 729493532 380 
34967 34967 729497416 294 
34968 34968 729505188 338 
34969 34969 729514898 372 
34970 34970 729525904 296 
34971 34971 729538204 336 
34972 34972 729550506 356 
34973 34973 729562808 370 
34974 34974 729572518 294 
34975 34975 729581582 390 
34976 34976 729590646 396 
34977 34977 729601000 294 
34978 34978 729611360 336 
34979 34979 729619778 370 
34980 34980 729624956 414 
34981 34981 729629490 332 
34982 34982 729634670 354 
34983 34983 729639848 370 
34984 34984 729645028 330 
34985 34985 729652152 334 
34986 34986 729659274 294 
34987 34987 729675452 350 
34988 34988 729695526 288 
34989 34989 729715594 410 
34990 34990 729723362 356 
34991 34991 729731778 354 
34992 34992 729737606 388 
34993 34993 729742782 354 
34994 34994 729749254 354 
34995 34995 729755730 294 
34996 34996 729762202 354 
34997 34997 729769970 310 
34998 34998 729778380 394 
34999 34999 729788738 374 
35000 35000 729811398 394 
35001 35001 729826938 334 
35002 35002 729834062 392 
35003 35003 729841184 414 
35004 35004 729848304 298 
35005 35005 729855426 290 
35006 35006 729862548 418 
35007 35007 729869670 284 
35008 35008 729877440 354 
35009 35009 729883268 334 
35010 35010 729885858 358 
35011 35011 729887798 282 
35012 35012 729889740 288 
35013 35013 729891682 390 
35014 35014 729893624 354 
35015 35015 729895566 314 
35016 35016 729897504 378 
35017 35017 729899446 334 
35018 35018 729901388 376 
35019 35019 729903332 316 
35020 35020 729905274 294 
35021 35021 729907216 374 
35022 35022 729909160 398 
35023 35023 729911108 392 
35024 35024 729913050 286 
35025 35025 729915640 352 
35026 35026 729917582 354 
35027 35027 729920174 310 
35028 35028 729922116 280 
35029 35029 729924058 294 
35030 35030 729926002 338 
35031 35031 729927944 330 
35032 35032 729929886 286 
35033 35033 729931826 370 
35034 35034 729933772 398 
35035 35035 729935712 280 
35036 35036 729937654 358 
35037 35037 729939596 368 
35038 35038 729941538 338 
35039 35039 729943482 372 
35040 35040 729945422 378 
35041 35041 729947366 394 
35042 35042 729949308 338 
35043 35043 729951252 294 
35044 35044 729953192 414 
35045 35045 729955134 294 
35046 35046 729957076 376 
35047 35047 729959020 376 
35048 35048 729960964 314 
35049 35049 729963554 414 
35050 35050 729966144 334 
35051 35051 729968732 418 
35052 35052 729971320 378 
35053 35053 729973910 394 
35054 35054 729976496 318 
35055 35055 729979092 374 
35056 35056 729981680 318 
35057 35057 729984270 310 
35058 35058 729986860 284 
35059 35059 729989450 416 
35060 35060 729992040 374 
35061 35061 729994630 354 
35062 35062 729997218 376 
35063 35063 729999162 372 
35064 35064 730001104 418 
35065 35065 730003046 278 
35066 35066 730004990 374 
35067 35067 730006932 396 
35068 35068 730008874 314 
35069 35069 730010816 280 
35070 35070 730012760 314 
35071 35071 730014700 394 
35072 35072 730017292 338 
35073 35073 730019876 334 
35074 35074 730022470 286 
35075 35075 730025060 284 
35076 35076 730027650 394 
35077 35077 730030240 334 
35078 35078 730033470 372 
35079 35079 730036708 374 
35080 35080 730039950 286 
35081 35081 730043188 414 
35082 35082 730046424 392 
35083 35083 730049014 290 
35084 35084 730051602 314 
35085 35085 730054840 394 
35086 35086 730057430 414 
35087 35087 730060020 290 
35088 35088 730063256 338 
35089 35089 730066492 334 
35090 35090 730069730 338 
35091 35091 730072966 374 
35092 35092 730076204 334 
35093 35093 730079442 354 
35094 35094 730082678 282 
35095 35095 730085910 330 
35096 35096 730089152 394 
35097 35097 730092392 334 
35098 35098 730096274 298 
35099 35099 730100154 374 
35100 35100 730104038 298 
35101 35101 730107922 394 
35102 35102 730111806 394 
35103 35103 730115696 284 
35104 35104 730119576 298 
35105 35105 730123462 376 
35106 35106 730127348 418 
35107 35107 730131232 294 
35108 35108 730135768 294 
35109 35109 730140300 392 
35110 35110 730144834 316 
35111 35111 730149368 294 
35112 35112 730153898 334 
35113 35113 730158430 414 
35114 35114 730162962 330 
35115 35115 730167498 352 
35116 35116 730172024 282 
35117 35117 730176556 284 
35118 35118 730181736 354 
35119 35119 730186912 390 
35120 35120 730192094 350 
35121 35121 730197272 368 
35122 35122 730203098 378 
35123 35123 730208926 310 
35124 35124 730215398 398 
35125 35125 730221872 334 
35126 35126 730228352 296 
35127 35127 730234178 286 
35128 35128 730241298 368 
35129 35129 730247770 350 
35130 35130 730254246 338 
35131 35131 730260722 412 
35132 35132 730267844 310 
35133 35133 730274968 280 
35134 35134 730281442 338 
35135 35135 730287916 354 
35136 35136 730295684 314 
35137 35137 730304748 350 
35138 35138 730313812 294 
35139 35139 730322876 312 
35140 35140 730331292 334 
35141 35141 730339062 310 
35142 35142 730348126 374 
35143 35143 730353954 412 
35144 35144 730358488 336 
35145 35145 730363668 376 
35146 35146 730368198 370 
35147 35147 730374026 374 
35148 35148 730380502 396 
35149 35149 730388266 352 
35150 35150 730400574 396 
35151 35151 730407694 314 
35152 35152 730423232 354 
35153 35153 730429058 292 
35154 35154 730436828 284 
35155 35155 730444604 390 
35156 35156 730449136 286 
35157 35157 730452372 290 
35158 35158 730455612 418 
35159 35159 730459494 294 
35160 35160 730464674 314 
35161 35161 730471796 296 
35162 35162 730482806 396 
35163 35163 730495758 410 
35164 35164 730502232 394 
35165 35165 730510650 294 
35166 35166 730519714 286 
35167 35167 730528780 294 
35168 35168 730537194 334 
35169 35169 730543668 350 
35170 35170 730549494 372 
35171 35171 730554674 310 
35172 35172 730559856 334 
35173 35173 730565682 354 
35174 35174 730572156 294 
35175 35175 730578630 350 
35176 35176 730587694 316 
35177 35177 730601938 294 
35178 35178 730606474 378 
35179 35179 730615536 352 
35180 35180 730624602 298 
35181 35181 730634316 414 
35182 35182 730644028 414 
35183 35183 730650500 354 
35184 35184 730653738 358 
35185 35185 730656328 334 
35186 35186 730658918 314 
35187 35187 730660860 354 
35188 35188 730662802 336 
35189 35189 730665392 394 
35190 35190 730667982 318 
35191 35191 730671218 372 
35192 35192 730675104 282 
35193 35193 730679636 352 
35194 35194 730685466 282 
35195 35195 730694530 294 
35196 35196 730707480 414 
35197 35197 730715250 374 
35198 35198 730721078 336 
35199 35199 730728200 278 
35200 35200 730735322 370 
35201 35201 730739854 350 
35202 35202 730749562 316 
35203 35203 730756042 370 
35204 35204 730763164 282 
35205 35205 730768992 414 
35206 35206 730775466 350 
35207 35207 730781294 334 
35208 35208 730787768 396 
35209 35209 730794892 394 
35210 35210 730804604 286 
35211 35211 730829858 334 
35212 35212 730847986 290 
35213 35213 730854458 310 
35214 35214 730857048 288 
35215 35215 730858994 390 
35216 35216 730860938 334 
35217 35217 730862880 412 
35218 35218 730864822 378 
35219 35219 730866764 284 
35220 35220 730868706 294 
35221 35221 730870650 280 
35222 35222 730872592 318 
35223 35223 730874534 374 
35224 35224 730876478 286 
35225 35225 730878420 374 
35226 35226 730880362 374 
35227 35227 730882306 278 
35228 35228 730884248 414 
35229 35229 730886190 374 
35230 35230 730888134 320 
35231 35231 730890076 278 
35232 35232 730892020 398 
35233 35233 730893962 282 
35234 35234 730895902 314 
35235 35235 730898492 330 
35236 35236 730901080 286 
35237 35237 730903024 398 
35238 35238 730904966 416 
35238 35238 730904966 416 
35239 35239 730906908 894 
35240 35240 730908850 284 
35241 35241 730910794 414 
35242 35242 730912736 298 
35243 35243 730914680 280 
35244 35244 730916622 298 
35245 35245 730918566 374 
35246 35246 730920508 298 
35247 35247 730922454 686 
35248 35248 730924398 358 
35249 35249 730926338 292 
35250 35250 730928282 414 
35251 35251 730930220 410 
35252 35252 730932166 354 
35253 35253 730934110 414 
35254 35254 730936050 338 
35255 35255 730937992 296 
35256 35256 730939932 320 
35257 35257 730941876 374 
35258 35258 730943818 374 
35259 35259 730946408 284 
35260 35260 730948352 396 
35261 35261 730950296 374 
35262 35262 730952882 374 
35263 35263 730955480 350 
35264 35264 730958070 394 
35265 35265 730960662 412 
35266 35266 730963252 314 
35267 35267 730965844 398 
35268 35268 730968432 374 
35269 35269 730971020 334 
35270 35270 730973610 398 
35271 35271 730976200 392 
35272 35272 730978790 394 
35273 35273 730981380 350 
35274 35274 730983322 356 
35275 35275 730985912 336 
35276 35276 730987856 284 
35277 35277 730990446 338 
35278 35278 730993036 394 
35279 35279 730995626 314 
35280 35280 730998216 338 
35281 35281 731000806 394 
35282 35282 731003396 374 
35283 35283 731005986 374 
35284 35284 731007922 338 
35285 35285 731009866 392 
35286 35286 731011814 316 
35287 35287 731013756 330 
35288 35288 731016348 380 
35289 35289 731018938 414 
35290 35290 731021524 416 
35291 35291 731024114 316 
35292 35292 731026710 416 
35293 35293 731029298 372 
35294 35294 731031242 298 
35295 35295 731033832 356 
35296 35296 731036422 286 
35297 35297 731039660 314 
35298 35298 731042248 298 
35299 35299 731044840 296 
35300 35300 731046776 354 
35301 35301 731048724 314 
35302 35302 731051314 334 
35303 35303 731053904 294 
35304 35304 731057140 334 
35305 35305 731060378 282 
35306 35306 731064264 314 
35307 35307 731068148 370 
35308 35308 731071386 394 
35309 35309 731074624 332 
35310 35310 731077860 334 
35311 35311 731081098 394 
35312 35312 731084334 358 
35313 35313 731088220 412 
35314 35314 731092106 282 
35315 35315 731095990 414 
35316 35316 731099874 358 
35317 35317 731103760 314 
35318 35318 731108288 394 
35319 35319 731112820 410 
35320 35320 731117354 284 
35321 35321 731121884 394 
35322 35322 731126420 414 
35323 35323 731130300 410 
35324 35324 731134184 300 
35325 35325 731138070 332 
35326 35326 731141952 526 
35327 35327 731146488 412 
35328 35328 731151020 354 
35329 35329 731156198 414 
35330 35330 731161378 420 
35331 35331 731166556 410 
35332 35332 731171738 392 
35333 35333 731177560 414 
35334 35334 731180802 374 
35335 35335 731184686 288 
35336 35336 731188572 298 
35337 35337 731194398 334 
35338 35338 731201522 334 
35339 35339 731207350 392 
35340 35340 731213176 418 
35341 35341 731220294 410 
35342 35342 731225472 416 
35343 35343 731233896 414 
35344 35344 731239074 370 
35345 35345 731242960 414 
35346 35346 731246844 354 
35347 35347 731250730 392 
35348 35348 731255262 294 
35349 35349 731260446 280 
35350 35350 731264978 374 
35351 35351 731268864 292 
35352 35352 731276634 286 
35353 35353 731286994 374 
35354 35354 731297354 288 
35355 35355 731305126 370 
35356 35356 731314834 314 
35357 35357 731324548 390 
35358 35358 731334266 374 
35359 35359 731341386 350 
35360 35360 731343976 420 
35361 35361 731347214 330 
35362 35362 731350450 282 
35363 35363 731354982 284 
35364 35364 731361458 378 
35365 35365 731367276 374 
35366 35366 731373756 418 
35367 35367 731382172 334 
35368 35368 731389942 414 
35369 35369 731401588 318 
35370 35370 731409360 354 
35371 35371 731414538 374 
35372 35372 731419718 292 
35373 35373 731425544 390 
35374 35374 731432016 282 
35375 35375 731442376 372 
35376 35376 731444968 378 
35377 35377 731449500 332 
35378 35378 731456620 510 
35379 35379 731463094 374 
35380 35380 731470212 414 
35381 35381 731477982 296 
35382 35382 731486396 314 
35383 35383 731496760 290 
35384 35384 731507766 370 
35385 35385 731516824 278 
35386 35386 731531718 352 
35387 35387 731538840 394 
35388 35388 731545956 298 
35389 35389 731554376 316 
35390 35390 731565382 420 
35391 35391 731576386 314 
35392 35392 731586748 394 
35393 35393 731597754 288 
35394 35394 731610054 396 
35395 35395 731629468 280 
35396 35396 731639178 300 
35397 35397 731650828 394 
35398 35398 731674780 354 
35399 35399 731678014 280 
35400 35400 731689026 316 
35401 35401 731702624 354 
35402 35402 731712982 414 
35403 35403 731723982 334 
35404 35404 731743410 284 
35405 35405 731755056 414 
35406 35406 731762830 334 
35407 35407 731770598 370 
35408 35408 731779014 286 
35409 35409 731807496 370 
35410 35410 731814618 294 
35411 35411 731828862 282 
35412 35412 731842456 416 
35413 35413 731857994 310 
35414 35414 731871584 394 
35415 35415 731885824 350 
35416 35416 731902016 334 
35417 35417 731923374 282 
35418 35418 731938914 376 
35419 35419 731955098 284 
35420 35420 731965454 334 
35421 35421 731975808 374 
35422 35422 731990700 282 
35423 35423 732027612 350 
35424 35424 732039264 318 
35425 35425 732054156 412 
35426 35426 732079406 286 
35427 35427 732109828 374 
35428 35428 732126016 416 
35429 35429 732140904 278 
35430 35430 732157086 336 
35431 35431 732175216 414 
35432 35432 732204990 286 
35433 35433 732223124 286 
35434 35434 732245786 356 
35435 35435 732259382 410 
35436 35436 732278158 394 
35437 35437 732307290 314 
35438 35438 732325416 414 
35439 35439 732354550 394 
35440 35440 732369438 284 
35441 35441 732383680 278 
35442 35442 732401158 374 
35443 35443 732450364 374 
35444 35444 732467196 334 
35445 35445 732478846 410 
35446 35446 732495032 286 
35447 35447 732529336 394 
35448 35448 732557176 298 
35449 35449 732574654 310 
35450 35450 732591486 294 
35451 35451 732612200 354 
35452 35452 732642620 418 
35453 35453 732671110 352 
35454 35454 732687944 398 
35455 35455 732705424 354 
35456 35456 732730674 288 
35457 35457 732761752 398 
35458 35458 732786354 374 
35459 35459 732802540 290 
35460 35460 732823258 374 
35461 35461 732853034 374 
35462 35462 732883470 374 
35463 35463 732902248 314 
35464 35464 732919730 286 
35465 35465 732946276 278 
35466 35466 732976704 286 
35467 35467 733003250 294 
35468 35468 733022026 336 
35469 35469 733044038 290 
35470 35470 733079648 318 
35471 35471 733108782 414 
35472 35472 733123672 414 
35473 35473 733146980 314 
35474 35474 733170930 318 
35475 35475 733172874 358 
35476 35476 733174816 374 
35477 35477 733176758 294 
35478 35478 733178698 374 
35479 35479 733180640 350 
35480 35480 733182580 338 
35481 35481 733184522 334 
35482 35482 733186464 418 
35483 35483 733188406 370 
35484 35484 733190348 396 
35485 35485 733192290 416 
35486 35486 733194232 314 
35487 35487 733196172 284 
35488 35488 733198112 336 
35489 35489 733200054 310 
35490 35490 733201998 374 
35491 35491 733203938 382 
35492 35492 733205880 358 
35493 35493 733207822 332 
35494 35494 733209764 318 
35495 35495 733211704 330 
35496 35496 733213648 356 
35497 35497 733215590 280 
35498 35498 733217530 354 
35499 35499 733219472 376 
35500 35500 733221414 288 
35501 35501 733223356 370 
35502 35502 733225300 416 
35503 35503 733227246 414 
35504 35504 733229188 316 
35505 35505 733231130 314 
35506 35506 733233072 286 
35507 35507 733235014 280 
35508 35508 733236956 394 
35509 35509 733238898 292 
35510 35510 733240840 378 
35511 35511 733242782 410 
35512 35512 733244724 312 
35513 35513 733246666 392 
35514 35514 733248608 284 
35515 35515 733250550 334 
35516 35516 733252494 378 
35517 35517 733254438 394 
35518 35518 733256380 334 
35519 35519 733258322 354 
35520 35520 733260264 354 
35521 35521 733262206 354 
35522 35522 733264148 338 
35523 35523 733266090 412 
35524 35524 733268032 340 
35525 35525 733269974 354 
35526 35526 733271916 340 
35527 35527 733273858 334 
35528 35528 733275802 296 
35529 35529 733277742 374 
35530 35530 733279688 294 
35531 35531 733281630 414 
35532 35532 733283572 378 
35533 35533 733285514 390 
35534 35534 733287456 374 
35535 35535 733289400 280 
35536 35536 733291336 298 
35537 35537 733293282 282 
35538 35538 733295224 394 
35539 35539 733297166 354 
35540 35540 733299108 374 
35541 35541 733301050 372 
35542 35542 733302992 338 
35543 35543 733304934 414 
35544 35544 733306876 286 
35545 35545 733308818 410 
35546 35546 733310760 394 
35547 35547 733312700 374 
35548 35548 733314642 358 
35549 35549 733316584 396 
35550 35550 733318526 318 
35551 35551 733320468 312 
35552 35552 733322410 298 
35553 35553 733324354 352 
35554 35554 733326298 378 
35555 35555 733328236 294 
35556 35556 733330180 378 
35557 35557 733332122 356 
35558 35558 733334064 370 
35559 35559 733336006 284 
35560 35560 733337948 376 
35561 35561 733339892 414 
35562 35562 733341834 394 
35563 35563 733343776 280 
35564 35564 733345720 338 
35565 35565 733347662 418 
35566 35566 733349602 394 
35567 35567 733351544 394 
35568 35568 733353486 354 
35569 35569 733355426 284 
35570 35570 733357368 668 
35571 35571 733359312 356 
35572 35572 733361254 298 
35573 35573 733363196 330 
35574 35574 733365138 418 
35575 35575 733367082 356 
35576 35576 733369024 294 
35577 35577 733370966 314 
35578 35578 733372906 314 
35579 35579 733374850 280 
35580 35580 733376792 398 
35581 35581 733378734 280 
35582 35582 733380676 414 
35583 35583 733382618 314 
35584 35584 733384560 388 
35585 35585 733386502 280 
35586 35586 733388444 394 
35587 35587 733390390 394 
35588 35588 733392330 378 
35589 35589 733394272 312 
35590 35590 733396214 286 
35591 35591 733398156 314 
35592 35592 733400098 380 
35593 35593 733402042 352 
35594 35594 733403984 334 
35595 35595 733405924 352 
35596 35596 733407868 374 
35597 35597 733409810 294 
35598 35598 733411752 340 
35599 35599 733413696 418 
35600 35600 733415638 338 
35601 35601 733417578 294 
35602 35602 733419522 298 
35603 35603 733421464 354 
35604 35604 733423408 318 
35605 35605 733425348 318 
35606 35606 733427290 378 
35607 35607 733429232 374 
35608 35608 733431176 334 
35609 35609 733433116 394 
35610 35610 733435060 298 
35611 35611 733437004 312 
35612 35612 733438946 318 
35613 35613 733440886 294 
35614 35614 733442828 318 
35615 35615 733444772 394 
35616 35616 733446712 300 
35617 35617 733448656 356 
35618 35618 733450598 378 
35619 35619 733452542 278 
35620 35620 733454484 412 
35621 35621 733456426 394 
35622 35622 733458368 314 
35623 35623 733460310 312 
35624 35624 733462248 396 
35625 35625 733464196 394 
35626 35626 733466138 284 
35627 35627 733468080 350 
35628 35628 733470020 374 
35629 35629 733471962 390 
35630 35630 733473904 288 
35631 35631 733475846 354 
35632 35632 733477790 374 
35633 35633 733479730 354 
35634 35634 733481672 376 
35635 35635 733483614 292 
35636 35636 733485558 380 
35637 35637 733487498 280 
35638 35638 733489442 416 
35639 35639 733491384 278 
35640 35640 733493326 360 
35641 35641 733495268 318 
35642 35642 733497210 338 
35643 35643 733499152 372 
35644 35644 733501094 338 
35645 35645 733503038 312 
35646 35646 733504980 398 
35647 35647 733506922 414 
35648 35648 733508864 416 
35649 35649 733510806 312 
35650 35650 733512748 418 
35651 35651 733515338 412 
35652 35652 733517282 414 
35653 35653 733519868 334 
35654 35654 733521808 398 
35655 35655 733523750 284 
35656 35656 733525694 290 
35657 35657 733527636 372 
35658 35658 733529578 418 
35659 35659 733531520 290 
35660 35660 733533464 394 
35661 35661 733535406 354 
35662 35662 733537348 294 
35663 35663 733539292 352 
35664 35664 733541232 334 
35665 35665 733543176 292 
35666 35666 733545118 418 
35667 35667 733547060 294 
35668 35668 733549002 350 
35669 35669 733550944 390 
35670 35670 733552886 414 
35671 35671 733554830 398 
35672 35672 733556772 286 
35673 35673 733558714 278 
35674 35674 733560656 354 
35675 35675 733562600 290 
35676 35676 733565190 378 
35677 35677 733567778 392 
35678 35678 733571016 310 
35679 35679 733576194 334 
35680 35680 733578784 414 
35681 35681 733581372 292 
35682 35682 733583312 394 
35683 35683 733585902 414 
35684 35684 733587846 338 
35685 35685 733589790 352 
35686 35686 733591730 394 
35687 35687 733593672 278 
35688 35688 733595614 374 
35689 35689 733597558 278 
35690 35690 733599496 334 
35691 35691 733601440 412 
35692 35692 733603380 394 
35693 35693 733605324 396 
35694 35694 733607266 394 
35695 35695 733609210 312 
35696 35696 733611150 314 
35697 35697 733613094 294 
35698 35698 733615036 284 
35699 35699 733616980 330 
35700 35700 733619568 398 
35701 35701 733622158 280 
35702 35702 733625394 320 
35703 35703 733629280 392 
35704 35704 733635106 288 
35705 35705 733640928 296 
35706 35706 733644170 400 
35707 35707 733648050 374 
35708 35708 733651936 420 
35709 35709 733655820 284 
35710 35710 733659708 314 
35711 35711 733663592 332 
35712 35712 733666834 286 
35713 35713 733670718 292 
35714 35714 733675250 370 
35715 35715 733682372 286 
35716 35716 733692084 358 
35717 35717 733698558 332 
35718 35718 733704386 338 
35719 35719 733709568 312 
35720 35720 733714746 294 
35721 35721 733720568 370 
35722 35722 733725748 398 
35723 35723 733731574 332 
35724 35724 733738050 338 
35725 35725 733746466 374 
35726 35726 733769778 358 
35727 35727 733777546 354 
35728 35728 733781434 318 
35729 35729 733789198 354 
35730 35730 733801498 292 
35731 35731 733823514 338 
35732 35732 733828044 286 
35733 35733 733837108 334 
35734 35734 733846174 316 
35735 35735 733849410 280 
35736 35736 733853942 374 
35737 35737 733861064 376 
35738 35738 733870128 418 
35739 35739 733879196 284 
35740 35740 733892790 374 
35741 35741 733914806 292 
35742 35742 733927108 414 
35743 35743 733957544 332 
35744 35744 733965958 378 
35745 35745 733974376 332 
35746 35746 733982792 286 
35747 35747 733993152 280 
35748 35748 734009982 288 
35749 35749 734030708 356 
35750 35750 734063084 418 
35751 35751 734072150 374 
35752 35752 734081212 352 
35753 35753 734092222 354 
35754 35754 734110998 418 
35755 35755 734123296 414 
35756 35756 734139486 378 
35757 35757 734167330 290 
35758 35758 734175096 334 
35759 35759 734186752 394 
35760 35760 734198408 396 
35761 35761 734217832 392 
35762 35762 734241138 418 
35763 35763 734256026 354 
35764 35764 734273510 414 
35765 35765 734286458 284 
35766 35766 734295522 356 
35767 35767 734306530 318 
35768 35768 734319478 296 
35769 35769 734344072 396 
35770 35770 734358314 298 
35771 35771 734379680 392 
35772 35772 734392626 294 
35773 35773 734402336 370 
35774 35774 734412046 314 
35775 35775 734423700 310 
35776 35776 734439238 334 
35777 35777 734457360 374 
35778 35778 734491028 398 
35779 35779 734503974 356 
35780 35780 734514978 396 
35781 35781 734525982 296 
35782 35782 734541520 308 
35783 35783 734582956 312 
35784 35784 734606266 282 
35785 35785 734619862 378 
35786 35786 734633460 394 
35787 35787 734650296 374 
35788 35788 734668422 336 
35789 35789 734691934 354 
