37674 37674 879157278 414 
37675 37675 879159878 314 
37676 37676 879162472 354 
37677 37677 879165068 414 
37678 37678 879167656 314 
37679 37679 879170246 394 
37680 37680 879172200 378 
37681 37681 879174788 414 
37682 37682 879176730 298 
37683 37683 879178672 314 
37684 37684 879180616 338 
37685 37685 879182554 350 
37686 37686 879184496 374 
37687 37687 879186442 350 
37688 37688 879189030 354 
37689 37689 879191620 352 
37690 37690 879194212 318 
37691 37691 879196798 370 
37692 37692 879199388 336 
37693 37693 879201978 390 
37694 37694 879204568 314 
37695 37695 879207154 294 
37696 37696 879209744 288 
37697 37697 879212332 290 
37698 37698 879214276 314 
37699 37699 879216218 372 
37700 37700 879218158 294 
37701 37701 879220100 294 
37702 37702 879222042 416 
37703 37703 879223984 278 
37704 37704 879225926 320 
37705 37705 879227868 334 
37706 37706 879229810 378 
37707 37707 879231752 372 
37708 37708 879233694 294 
37709 37709 879235636 350 
37710 37710 879237578 358 
37711 37711 879239520 282 
37712 37712 879241462 398 
37713 37713 879243406 292 
37714 37714 879245346 338 
37715 37715 879247286 354 
37716 37716 879249230 394 
37717 37717 879251172 296 
37718 37718 879253114 376 
37719 37719 879255058 314 
37720 37720 879257000 318 
37721 37721 879259590 394 
37722 37722 879262178 410 
37723 37723 879264764 336 
37724 37724 879267358 378 
37725 37725 879269946 394 
37726 37726 879272536 338 
37727 37727 879275126 392 
37728 37728 879277716 294 
37729 37729 879280306 312 
37730 37730 879282896 294 
37731 37731 879285484 294 
37732 37732 879287430 374 
37733 37733 879290018 280 
37734 37734 879291962 418 
37735 37735 879294550 290 
37736 37736 879297138 378 
37737 37737 879299728 332 
37738 37738 879302318 358 
37739 37739 879304908 416 
37740 37740 879307496 286 
37741 37741 879310084 352 
37742 37742 879312678 378 
37743 37743 879315266 312 
37744 37744 879317854 286 
37745 37745 879320444 412 
37746 37746 879323034 374 
37747 37747 879325624 352 
37748 37748 879328212 358 
37749 37749 879330802 318 
37750 37750 879333388 420 
37751 37751 879335982 316 
37752 37752 879338572 374 
37753 37753 879341160 396 
37754 37754 879343750 318 
37755 37755 879346342 280 
37756 37756 879348932 314 
37757 37757 879351520 414 
37758 37758 879354112 374 
37759 37759 879356700 330 
37760 37760 879359290 338 
37761 37761 879361880 374 
37762 37762 879364470 358 
37763 37763 879367060 278 
37764 37764 879369648 350 
37765 37765 879372238 354 
37766 37766 879374828 356 
37767 37767 879377420 338 
37768 37768 879380004 378 
37769 37769 879382598 374 
37770 37770 879385188 294 
37771 37771 879387778 282 
37772 37772 879390368 414 
37773 37773 879392958 314 
37774 37774 879395548 356 
37775 37775 879398138 374 
37776 37776 879400726 374 
37777 37777 879403964 332 
37778 37778 879406554 286 
37779 37779 879409790 334 
37780 37780 879413024 320 
37781 37781 879416260 394 
37782 37782 879419498 354 
37783 37783 879422740 286 
37784 37784 879425976 338 
37785 37785 879429212 350 
37786 37786 879432448 338 
37787 37787 879435686 280 
37788 37788 879438278 374 
37789 37789 879440868 310 
37790 37790 879443456 374 
37791 37791 879446046 352 
37792 37792 879448638 378 
37793 37793 879451220 396 
37794 37794 879453810 400 
37795 37795 879457046 390 
37796 37796 879460284 358 
37797 37797 879462222 312 
37798 37798 879464164 314 
37799 37799 879466112 392 
37800 37800 879468054 338 
37801 37801 879470644 314 
37802 37802 879473882 314 
37803 37803 879476474 294 
37804 37804 879479064 394 
37805 37805 879481654 332 
37806 37806 879484242 378 
37807 37807 879486832 294 
37808 37808 879490070 378 
37809 37809 879493956 294 
37810 37810 879497838 358 
37811 37811 879501080 354 
37812 37812 879503672 300 
37813 37813 879506910 290 
37814 37814 879510146 286 
37815 37815 879514030 282 
37816 37816 879517268 354 
37817 37817 879521152 294 
37818 37818 879525038 334 
37819 37819 879528922 350 
37820 37820 879532808 320 
37821 37821 879536694 392 
37822 37822 879540572 356 
37823 37823 879544460 390 
37824 37824 879548344 398 
37825 37825 879551582 374 
37826 37826 879555468 414 
37827 37827 879558704 394 
37828 37828 879561944 398 
37829 37829 879565826 414 
37830 37830 879569062 354 
37831 37831 879572300 350 
37832 37832 879575540 418 
37833 37833 879578776 372 
37834 37834 879582660 350 
37835 37835 879586546 312 
37836 37836 879590428 298 
37837 37837 879593668 378 
37838 37838 879597554 394 
37839 37839 879601438 294 
37840 37840 879605322 398 
37841 37841 879609854 280 
37842 37842 879613738 358 
37843 37843 879618264 280 
37844 37844 879622794 318 
37845 37845 879627326 312 
37846 37846 879631858 334 
37847 37847 879635748 280 
37848 37848 879639632 354 
37849 37849 879644160 370 
37850 37850 879649338 314 
37851 37851 879654520 398 
37852 37852 879659050 278 
37853 37853 879664234 330 
37854 37854 879668766 394 
37855 37855 879672650 352 
37856 37856 879677832 374 
37857 37857 879683012 394 
37858 37858 879688838 414 
37859 37859 879694020 396 
37860 37860 879699200 286 
37861 37861 879703732 298 
37862 37862 879708264 286 
37863 37863 879712148 354 
37864 37864 879716032 378 
37865 37865 879719916 396 
37866 37866 879724448 418 
37867 37867 879728980 338 
37868 37868 879733512 294 
37869 37869 879738044 280 
37870 37870 879741928 286 
37871 37871 879745812 290 
37872 37872 879750344 354 
37873 37873 879754876 354 
37874 37874 879759408 354 
37875 37875 879764582 372 
37876 37876 879769768 376 
37877 37877 879774944 334 
37878 37878 879780126 290 
37879 37879 879784010 332 
37880 37880 879787896 416 
37881 37881 879792426 374 
37882 37882 879797604 416 
37883 37883 879803432 398 
37884 37884 879809256 352 
37885 37885 879815082 284 
37886 37886 879820260 374 
37887 37887 879824796 314 
37888 37888 879828676 294 
37889 37889 879833208 396 
37890 37890 879838390 360 
37891 37891 879843568 374 
37892 37892 879849394 418 
37893 37893 879854568 280 
37894 37894 879859748 288 
37895 37895 879865572 296 
37896 37896 879872054 400 
37897 37897 879877874 354 
37898 37898 879883054 358 
37899 37899 879887592 282 
37900 37900 879892122 354 
37901 37901 879896006 350 
37902 37902 879900538 358 
37903 37903 879904422 372 
37904 37904 879908954 374 
37905 37905 879913488 282 
37906 37906 879918018 374 
37907 37907 879921902 416 
37908 37908 879927082 284 
37909 37909 879932260 334 
37910 37910 879937438 356 
37911 37911 879943914 394 
37912 37912 879951034 334 
37913 37913 879959450 280 
37914 37914 879967862 374 
37915 37915 879976282 354 
37916 37916 879983404 400 
37917 37917 879989224 332 
37918 37918 879995058 318 
37919 37919 879999588 330 
37920 37920 880003470 374 
37921 37921 880006058 354 
37922 37922 880008004 358 
37923 37923 880009944 294 
37924 37924 880011886 286 
37925 37925 880013830 394 
37926 37926 880015772 300 
37927 37927 880017712 358 
37928 37928 880020300 318 
37929 37929 880022890 314 
37930 37930 880026126 286 
37931 37931 880029364 394 
37932 37932 880032600 370 
37933 37933 880036484 372 
37934 37934 880041020 338 
37935 37935 880046198 334 
37936 37936 880052670 378 
37937 37937 880059792 294 
37938 37938 880066262 330 
37939 37939 880072090 334 
37940 37940 880077268 284 
37941 37941 880082444 410 
37942 37942 880087626 378 
37943 37943 880092804 390 
37944 37944 880098632 394 
37945 37945 880105106 410 
37946 37946 880110932 398 
37947 37947 880114816 330 
37948 37948 880118702 338 
37949 37949 880122588 374 
37950 37950 880126470 314 
37951 37951 880129710 374 
37952 37952 880132946 338 
37953 37953 880136182 282 
37954 37954 880140068 334 
37955 37955 880143952 314 
37956 37956 880147836 374 
37957 37957 880151722 414 
37958 37958 880156254 294 
37959 37959 880160786 312 
37960 37960 880165968 400 
37961 37961 880172442 414 
37962 37962 880180212 394 
37963 37963 880186688 414 
37964 37964 880193812 398 
37965 37965 880199640 414 
37966 37966 880207410 378 
37967 37967 880214526 392 
37968 37968 880220356 320 
37969 37969 880226184 394 
37970 37970 880232660 358 
37971 37971 880239134 394 
37972 37972 880244962 314 
37973 37973 880250790 394 
37974 37974 880257264 394 
37975 37975 880263736 310 
37976 37976 880268910 350 
37977 37977 880277326 310 
37978 37978 880283802 286 
37979 37979 880290278 314 
37980 37980 880296754 300 
37981 37981 880303876 376 
37982 37982 880310994 388 
37983 37983 880318116 310 
37984 37984 880326532 286 
37985 37985 880334300 314 
37986 37986 880342068 354 
37987 37987 880351132 278 
37988 37988 880361492 284 
37989 37989 880373144 380 
37990 37990 880382856 298 
37991 37991 880391918 370 
37992 37992 880401628 334 
37993 37993 880410694 294 
37994 37994 880417816 300 
37995 37995 880425584 294 
37996 37996 880433354 318 
37997 37997 880442414 298 
37998 37998 880450832 394 
37999 37999 880455364 282 
38000 38000 880458600 294 
38001 38001 880461838 372 
38002 38002 880465076 314 
38003 38003 880468314 292 
38004 38004 880470902 294 
38005 38005 880473494 412 
38006 38006 880476730 394 
38007 38007 880479966 350 
38008 38008 880483204 296 
38009 38009 880486442 390 
38010 38010 880489678 334 
38011 38011 880492916 396 
38012 38012 880496154 418 
38013 38013 880499390 292 
38014 38014 880501978 378 
38015 38015 880504570 370 
38016 38016 880507158 284 
38017 38017 880509748 412 
38018 38018 880512336 298 
38019 38019 880514928 336 
38020 38020 880517518 288 
38021 38021 880520108 352 
38022 38022 880522698 294 
38023 38023 880525934 334 
38024 38024 880529170 286 
38025 38025 880532408 352 
38026 38026 880535646 334 
38027 38027 880538882 312 
38028 38028 880542120 370 
38029 38029 880545360 376 
38030 38030 880548596 374 
38031 38031 880552470 284 
38032 38032 880556364 358 
38033 38033 880560248 332 
38034 38034 880564130 418 
38035 38035 880568016 390 
38036 38036 880571898 284 
38037 38037 880575782 352 
38038 38038 880579666 400 
38039 38039 880582906 314 
38040 38040 880586142 318 
38041 38041 880589380 314 
38042 38042 880592608 284 
38043 38043 880595854 334 
38044 38044 880599738 354 
38045 38045 880603622 312 
38046 38046 880608152 352 
38047 38047 880612686 354 
38048 38048 880617220 414 
38049 38049 880621748 334 
38050 38050 880625632 314 
38051 38051 880629518 370 
38052 38052 880633402 378 
38053 38053 880637286 352 
38054 38054 880641172 298 
38055 38055 880645706 354 
38056 38056 880650234 414 
38057 38057 880655416 414 
38058 38058 880660588 314 
38059 38059 880665772 330 
38060 38060 880670952 314 
38061 38061 880676132 390 
38062 38062 880681310 374 
38063 38063 880687138 336 
38064 38064 880692964 398 
38065 38065 880698792 396 
38066 38066 880704620 418 
38067 38067 880710448 294 
38068 38068 880716276 394 
38069 38069 880722102 374 
38070 38070 880727930 378 
38071 38071 880733758 370 
38072 38072 880739584 278 
38073 38073 880745412 332 
38074 38074 880751888 284 
38075 38075 880759656 312 
38076 38076 880767418 318 
38077 38077 880775834 280 
38078 38078 880784248 358 
38079 38079 880793312 352 
38080 38080 880802382 294 
38081 38081 880810150 294 
38082 38082 880818566 378 
38083 38083 880826984 334 
38084 38084 880835400 294 
38085 38085 880844462 390 
38086 38086 880852230 296 
38087 38087 880859998 352 
38088 38088 880868414 338 
38089 38089 880876828 376 
38090 38090 880887186 394 
38091 38091 880900130 314 
38092 38092 880907896 374 
38093 38093 880917608 314 
38094 38094 880922140 314 
38095 38095 880926024 392 
38096 38096 880931202 374 
38097 38097 880936382 396 
38098 38098 880942210 354 
38099 38099 880948684 350 
38100 38100 880955804 418 
38101 38101 880964220 280 
38102 38102 880975222 378 
38103 38103 880986880 354 
38104 38104 880994000 314 
38105 38105 880995936 396 
38106 38106 880999178 414 
38107 38107 881001120 410 
38108 38108 881003066 284 
38109 38109 881006950 310 
38110 38110 881014720 378 
38111 38111 881021194 290 
38112 38112 881028956 288 
38113 38113 881035436 372 
38114 38114 881042554 398 
38115 38115 881050972 374 
38116 38116 881061970 294 
38117 38117 881072332 286 
38118 38118 881075568 298 
38119 38119 881079452 334 
38120 38120 881084630 398 
38121 38121 881091106 314 
38122 38122 881098224 334 
38123 38123 881106642 374 
38124 38124 881116348 286 
38125 38125 881123470 368 
38126 38126 881130590 398 
38127 38127 881138358 294 
38128 38128 881146772 318 
38129 38129 881150008 278 
38130 38130 881153892 358 
38131 38131 881159068 334 
38132 38132 881164894 414 
38133 38133 881172660 286 
38134 38134 881183018 298 
38135 38135 881194666 394 
38136 38136 881206966 354 
38137 38137 881217972 332 
38138 38138 881230920 338 
38139 38139 881241280 282 
38140 38140 881249694 374 
38141 38141 881257464 414 
38142 38142 881265232 298 
38143 38143 881273648 372 
38144 38144 881282064 414 
38145 38145 881292422 414 
38146 38146 881304072 358 
38147 38147 881314436 280 
38148 38148 881325442 338 
38149 38149 881337098 294 
38150 38150 881349398 286 
38151 38151 881359110 392 
38152 38152 881368174 300 
38153 38153 881376588 414 
38154 38154 881385004 284 
38155 38155 881394712 396 
38156 38156 881406366 310 
38157 38157 881419310 372 
38158 38158 881425788 338 
38159 38159 881429672 416 
38160 38160 881432910 400 
38161 38161 881436146 394 
38162 38162 881439382 394 
38163 38163 881442620 282 
38164 38164 881445856 378 
38165 38165 881449092 412 
38166 38166 881452324 318 
38167 38167 881454914 280 
38168 38168 881458158 358 
38169 38169 881461394 414 
38170 38170 881463982 358 
38171 38171 881467220 414 
38172 38172 881470456 336 
38173 38173 881473694 354 
38174 38174 881476930 418 
38175 38175 881480166 396 
38176 38176 881484050 296 
38177 38177 881487284 336 
38178 38178 881489876 286 
38179 38179 881492466 350 
38180 38180 881495056 378 
38181 38181 881497646 318 
38182 38182 881500234 418 
38183 38183 881503470 410 
38184 38184 881506708 374 
38185 38185 881509944 314 
38186 38186 881513182 340 
38187 38187 881516418 378 
38188 38188 881519656 338 
38189 38189 881522894 390 
38190 38190 881526776 374 
38191 38191 881530662 420 
38192 38192 881534546 390 
38193 38193 881538430 414 
38194 38194 881542312 374 
38195 38195 881546198 414 
38196 38196 881550082 414 
38197 38197 881553966 334 
38198 38198 881557850 394 
38199 38199 881561732 314 
38200 38200 881565614 334 
38201 38201 881569496 294 
38202 38202 881573380 418 
38203 38203 881577910 314 
38204 38204 881582446 414 
38205 38205 881586976 392 
38206 38206 881592154 410 
38207 38207 881597334 414 
38208 38208 881601866 318 
38209 38209 881606398 414 
38210 38210 881610928 374 
38211 38211 881615462 330 
38212 38212 881619992 290 
38213 38213 881624524 334 
38214 38214 881629056 394 
38215 38215 881634236 374 
38216 38216 881639416 398 
38217 38217 881645240 332 
38218 38218 881651710 394 
38219 38219 881658188 334 
38220 38220 881665308 378 
38221 38221 881673076 338 
38222 38222 881681492 418 
38223 38223 881689260 294 
38224 38224 881696380 414 
38225 38225 881704150 294 
38226 38226 881713212 394 
38227 38227 881718390 314 
38228 38228 881724864 398 
38229 38229 881731984 334 
38230 38230 881739104 312 
38231 38231 881746872 330 
38232 38232 881754638 358 
38233 38233 881761756 356 
38234 38234 881769524 414 
38235 38235 881778586 290 
38236 38236 881789590 418 
38237 38237 881800596 334 
38238 38238 881810952 298 
38239 38239 881821312 354 
38240 38240 881831670 286 
38241 38241 881835552 354 
38242 38242 881842674 420 
38243 38243 881855620 340 
38244 38244 881860800 296 
38245 38245 881869864 280 
38246 38246 881882812 298 
38247 38247 881895112 292 
38248 38248 881905470 298 
38249 38249 881914534 410 
38250 38250 881926836 414 
38251 38251 881932012 332 
38252 38252 881949492 378 
38253 38253 881963734 312 
38254 38254 881974740 340 
38255 38255 881985096 358 
38256 38256 881995454 284 
38257 38257 882007106 390 
38258 38258 882014230 286 
38259 38259 882018114 316 
38260 38260 882023942 278 
38261 38261 882034298 334 
38262 38262 882049834 300 
38263 38263 882055012 352 
38264 38264 882063430 320 
38265 38265 882072492 390 
38266 38266 882084144 294 
38267 38267 882089970 280 
38268 38268 882106152 394 
38269 38269 882119098 392 
38270 38270 882130748 334 
38271 38271 882144342 374 
38272 38272 882165706 314 
38273 38273 882195484 410 
38274 38274 882212962 370 
38275 38275 882225906 278 
38276 38276 882240794 338 
38277 38277 882256980 314 
38278 38278 882280930 296 
38279 38279 882306824 410 
38280 38280 882324950 314 
38281 38281 882341132 394 
38282 38282 882357964 334 
38283 38283 882374144 278 
38284 38284 882392912 286 
38285 38285 882416864 396 
38286 38286 882437584 284 
38287 38287 882451828 350 
38288 38288 882462836 340 
38289 38289 882478378 414 
38290 38290 882506212 420 
38291 38291 882535340 332 
38292 38292 882550230 292 
38293 38293 882563174 334 
38294 38294 882578710 394 
38295 38295 882599432 394 
38296 38296 882627268 340 
38297 38297 882651218 414 
38298 38298 882668694 286 
38299 38299 882686176 398 
38300 38300 882706896 284 
38301 38301 882734732 374 
38302 38302 882759982 298 
38303 38303 882778108 294 
38304 38304 882796884 298 
38305 38305 882818248 330 
38306 38306 882847376 294 
38307 38307 882871974 338 
38308 38308 882891394 374 
38309 38309 882912112 332 
38310 38310 882936066 314 
38311 38311 882967784 334 
38312 38312 882970374 284 
38313 38313 882972964 372 
38314 38314 882974906 394 
38315 38315 882976846 332 
38316 38316 882978790 334 
38317 38317 882980732 290 
38318 38318 882982674 334 
38319 38319 882984618 314 
38320 38320 882986556 374 
38321 38321 882988498 314 
38322 38322 882990440 314 
38323 38323 882992384 290 
38324 38324 882994324 414 
38325 38325 882996266 314 
38326 38326 882998208 418 
38327 38327 883000150 284 
38328 38328 883002092 284 
38329 38329 883004034 372 
38330 38330 883005976 284 
38331 38331 883007916 354 
38332 38332 883009860 334 
38333 38333 883011802 410 
38334 38334 883013744 414 
38335 38335 883015688 398 
38336 38336 883017630 294 
38337 38337 883019570 278 
38338 38338 883021512 392 
38339 38339 883023454 414 
38340 38340 883025398 398 
38341 38341 883027340 370 
38342 38342 883029280 356 
38343 38343 883031222 414 
38344 38344 883033164 340 
38345 38345 883035106 294 
38346 38346 883037048 378 
38347 38347 883038990 330 
38348 38348 883040932 374 
38349 38349 883042874 332 
38350 38350 883044814 300 
38351 38351 883046756 316 
38352 38352 883048698 284 
38353 38353 883050640 392 
38354 38354 883052584 334 
38355 38355 883054524 286 
38356 38356 883056468 282 
38357 38357 883058410 316 
38358 38358 883060350 398 
38359 38359 883062292 350 
38360 38360 883064234 336 
38361 38361 883066176 414 
38362 38362 883068120 420 
38363 38363 883070062 292 
38364 38364 883072004 300 
38365 38365 883073946 394 
38366 38366 883075888 314 
38367 38367 883077830 336 
38368 38368 883079774 354 
38369 38369 883081718 418 
38370 38370 883083660 354 
38371 38371 883085602 312 
38372 38372 883087542 374 
38373 38373 883089486 296 
38374 38374 883091428 358 
38375 38375 883093366 296 
38376 38376 883095308 298 
38377 38377 883097252 354 
38378 38378 883099194 418 
38379 38379 883101134 290 
38380 38380 883103076 376 
38381 38381 883105020 316 
38382 38382 883106962 398 
38383 38383 883108904 390 
38384 38384 883110846 314 
38385 38385 883112788 410 
38386 38386 883114728 354 
38387 38387 883116672 292 
38388 38388 883118612 418 
38389 38389 883120556 410 
38390 38390 883122498 314 
38391 38391 883124440 292 
38392 38392 883126380 318 
38393 38393 883128324 390 
38394 38394 883130268 420 
38395 38395 883132210 314 
38396 38396 883134148 314 
38397 38397 883136742 350 
38398 38398 883140626 334 
38399 38399 883143862 314 
38400 38400 883145804 290 
38401 38401 883147746 280 
38402 38402 883149690 354 
38403 38403 883151630 292 
38404 38404 883153572 288 
38405 38405 883155516 416 
38406 38406 883157458 394 
38407 38407 883159398 334 
38408 38408 883161340 294 
38409 38409 883163282 350 
38410 38410 883165224 284 
38411 38411 883167166 394 
38412 38412 883169108 394 
38413 38413 883171050 284 
38414 38414 883172992 414 
38415 38415 883174934 354 
38416 38416 883176876 338 
38417 38417 883178818 334 
38418 38418 883180762 294 
38419 38419 883182704 372 
38420 38420 883184646 414 
38421 38421 883186588 374 
38422 38422 883188530 354 
38423 38423 883190472 290 
38424 38424 883193060 376 
38425 38425 883196298 410 
38426 38426 883199534 298 
38427 38427 883204066 280 
38428 38428 883207302 286 
38429 38429 883210540 352 
38430 38430 883213130 394 
38431 38431 883215720 390 
38432 38432 883218308 334 
38433 38433 883220250 282 
38434 38434 883222192 376 
38435 38435 883224134 284 
38436 38436 883226724 374 
38437 38437 883229312 354 
38438 38438 883231902 372 
38439 38439 883234492 280 
38440 38440 883237080 414 
38441 38441 883240318 392 
38442 38442 883244202 418 
38443 38443 883250024 314 
38444 38444 883257796 334 
38445 38445 883260384 314 
38446 38446 883262974 294 
38447 38447 883265564 290 
38448 38448 883268152 286 
38449 38449 883270742 296 
38450 38450 883272686 398 
38451 38451 883275276 280 
38452 38452 883277218 354 
38453 38453 883279160 352 
38454 38454 883281102 334 
38455 38455 883283690 280 
38456 38456 883286280 284 
38457 38457 883288870 314 
38458 38458 883291460 378 
38459 38459 883294050 330 
38460 38460 883296638 374 
38461 38461 883299876 296 
38462 38462 883303760 416 
38463 38463 883308940 378 
38464 38464 883318000 290 
38465 38465 883325766 354 
38466 38466 883332886 398 
38467 38467 883340008 282 
38468 38468 883347778 374 
38469 38469 883359432 314 
38470 38470 883373028 360 
38471 38471 883377558 390 
38472 38472 883382738 400 
38473 38473 883387270 310 
38474 38474 883392448 334 
38475 38475 883398276 394 
38476 38476 883404750 378 
38477 38477 883413814 334 
38478 38478 883426758 294 
38479 38479 883441646 296 
38480 38480 883457830 336 
38481 38481 883478548 292 
38482 38482 883492786 286 
38483 38483 883507032 352 
38484 38484 883518680 294 
38485 38485 883532272 314 
38486 38486 883551044 338 
38487 38487 883573052 280 
38488 38488 883591824 398 
38489 38489 883608008 280 
38490 38490 883622248 338 
38491 38491 883644258 330 
38492 38492 883670152 298 
38493 38493 883684392 314 
38494 38494 883697340 284 
38495 38495 883710936 280 
38496 38496 883727122 414 
38497 38497 883754958 330 
38498 38498 883778912 336 
38499 38499 883792504 372 
38500 38500 883806746 294 
38501 38501 883825522 294 
38502 38502 883844294 374 
38503 38503 883865656 284 
38504 38504 883885726 318 
38505 38505 883901906 400 
38506 38506 883921326 358 
38507 38507 883939452 354 
38508 38508 883961464 294 
38509 38509 883978944 356 
38510 38510 883999014 284 
38511 38511 884019732 392 
38512 38512 884037210 374 
38513 38513 884059220 292 
38514 38514 884081878 392 
38515 38515 884101296 314 
38516 38516 884127840 356 
38517 38517 884147266 414 
38518 38518 884155032 378 
38519 38519 884164742 318 
38520 38520 884180924 378 
38521 38521 884195818 330 
38522 38522 884206174 298 
38523 38523 884220416 394 
38524 38524 884241776 394 
38525 38525 884249546 372 
38526 38526 884260550 410 
38527 38527 884272848 280 
38528 38528 884289682 394 
38529 38529 884305866 294 
38530 38530 884318166 418 
38531 38531 884338234 374 
38532 38532 884351828 400 
38533 38533 884368008 412 
38534 38534 884386130 294 
38535 38535 884408140 284 
38536 38536 884430794 398 
38537 38537 884454776 354 
