24122 24122 507444348 414 
24123 24123 507446286 290 
24124 24124 507448236 398 
24125 24125 507450178 350 
24126 24126 507452120 372 
24127 24127 507454062 334 
24128 24128 507456004 358 
24129 24129 507457960 394 
24130 24130 507459902 414 
24131 24131 507461846 414 
24132 24132 507463784 284 
24133 24133 507465734 370 
24134 24134 507467680 374 
24135 24135 507469624 290 
24136 24136 507471566 286 
24137 24137 507473512 354 
24138 24138 507475450 414 
24139 24139 507477394 310 
24140 24140 507479338 294 
24141 24141 507481280 350 
24142 24142 507483222 338 
24143 24143 507485166 330 
24144 24144 507487106 318 
24145 24145 507489050 288 
24146 24146 507490992 294 
24147 24147 507492934 334 
24148 24148 507494876 294 
24149 24149 507496820 334 
24150 24150 507498762 338 
24151 24151 507500704 410 
24152 24152 507502646 374 
24153 24153 507504590 310 
24154 24154 507506532 294 
24155 24155 507508474 370 
24156 24156 507510418 414 
24157 24157 507512360 390 
24158 24158 507514302 374 
24159 24159 507516244 314 
24160 24160 507518186 298 
24161 24161 507520128 334 
24162 24162 507522072 314 
24163 24163 507524014 418 
24164 24164 507525956 394 
24165 24165 507527898 350 
24166 24166 507529840 314 
24167 24167 507531782 312 
24168 24168 507533726 338 
24169 24169 507535668 414 
24170 24170 507537610 374 
24171 24171 507539552 332 
24172 24172 507541496 336 
24173 24173 507543438 334 
24174 24174 507545378 294 
24175 24175 507547324 284 
24176 24176 507549264 318 
24177 24177 507551206 370 
24178 24178 507553150 376 
24179 24179 507555092 312 
24180 24180 507557034 286 
24181 24181 507558974 400 
24182 24182 507560920 394 
24183 24183 507562862 310 
24184 24184 507564804 394 
24185 24185 507566746 294 
24186 24186 507568688 296 
24187 24187 507570632 282 
24188 24188 507572574 358 
24189 24189 507574516 354 
24190 24190 507576460 380 
24191 24191 507578402 374 
24192 24192 507580344 414 
24193 24193 507582286 390 
24194 24194 507584230 354 
24195 24195 507586172 314 
24196 24196 507588116 334 
24197 24197 507590056 372 
24198 24198 507591998 418 
24199 24199 507593944 284 
24200 24200 507595886 318 
24201 24201 507597828 280 
24202 24202 507599772 284 
24203 24203 507601714 394 
24204 24204 507603656 354 
24205 24205 507605600 414 
24206 24206 507607542 334 
24207 24207 507609484 414 
24208 24208 507611426 414 
24209 24209 507613368 396 
24210 24210 507615310 286 
24211 24211 507617254 294 
24212 24212 507619196 328 
24213 24213 507621138 392 
24214 24214 507623080 314 
24215 24215 507625022 332 
24216 24216 507626966 398 
24217 24217 507628908 294 
24218 24218 507630850 298 
24219 24219 507632792 372 
24220 24220 507634736 356 
24221 24221 507636676 314 
24222 24222 507638620 360 
24223 24223 507640562 352 
24224 24224 507642506 298 
24225 24225 507644448 352 
24226 24226 507646390 318 
24227 24227 507648332 310 
24228 24228 507650276 356 
24229 24229 507652218 334 
24230 24230 507654158 416 
24231 24231 507656104 294 
24232 24232 507658044 338 
24233 24233 507659982 394 
24234 24234 507661930 314 
24235 24235 507663874 286 
24236 24236 507665816 288 
24237 24237 507667760 332 
24238 24238 507669702 286 
24239 24239 507671646 312 
24240 24240 507673588 378 
24241 24241 507675530 280 
24242 24242 507677474 288 
24243 24243 507679416 354 
24244 24244 507681360 298 
24245 24245 507683302 314 
24246 24246 507685244 376 
24247 24247 507687186 352 
24248 24248 507689132 284 
24249 24249 507691074 334 
24250 24250 507693014 374 
24251 24251 507694958 294 
24252 24252 507696900 286 
24253 24253 507698844 332 
24254 24254 507700782 394 
24255 24255 507702724 316 
24256 24256 507704674 284 
24257 24257 507706616 394 
24258 24258 507708560 286 
24259 24259 507710502 394 
24260 24260 507712446 298 
24261 24261 507714388 414 
24262 24262 507716330 358 
24263 24263 507718274 394 
24264 24264 507720216 314 
24265 24265 507722160 314 
24266 24266 507724098 358 
24267 24267 507726044 390 
24268 24268 507727988 294 
24269 24269 507729930 330 
24270 24270 507731872 378 
24271 24271 507733816 354 
24272 24272 507735758 374 
24273 24273 507737702 352 
24274 24274 507739642 414 
24275 24275 507741586 398 
24276 24276 507743530 294 
24277 24277 507745472 334 
24278 24278 507747416 358 
24279 24279 507749358 352 
24280 24280 507751300 286 
24281 24281 507753244 396 
24282 24282 507755188 298 
24283 24283 507757132 350 
24284 24284 507759072 294 
24285 24285 507761016 330 
24286 24286 507763604 354 
24287 24287 507766196 374 
24288 24288 507768786 378 
24289 24289 507771378 314 
24290 24290 507774616 418 
24291 24291 507777856 348 
24292 24292 507781734 334 
24293 24293 507785628 394 
24294 24294 507788864 314 
24295 24295 507792102 358 
24296 24296 507795340 398 
24297 24297 507798576 284 
24298 24298 507801814 378 
24299 24299 507805052 286 
24300 24300 507807642 420 
24301 24301 507810232 334 
24302 24302 507813470 370 
24303 24303 507816062 294 
24304 24304 507818650 318 
24305 24305 507821888 282 
24306 24306 507824480 278 
24307 24307 507827068 336 
24308 24308 507829658 334 
24309 24309 507832244 312 
24310 24310 507835482 374 
24311 24311 507839368 354 
24312 24312 507843256 294 
24313 24313 507846496 356 
24314 24314 507850376 298 
24315 24315 507854260 334 
24316 24316 507858148 338 
24317 24317 507861388 284 
24318 24318 507865274 338 
24319 24319 507869160 416 
24320 24320 507873050 334 
24321 24321 507876934 414 
24322 24322 507880172 414 
24323 24323 507883410 412 
24324 24324 507886648 298 
24325 24325 507889888 314 
24326 24326 507893772 394 
24327 24327 507897660 412 
24328 24328 507901540 354 
24329 24329 507906722 416 
24330 24330 507914502 358 
24331 24331 507920972 354 
24332 24332 507928096 354 
24333 24333 507934572 278 
24334 24334 507940406 418 
24335 24335 507942996 334 
24336 24336 507944938 414 
24337 24337 507947526 284 
24338 24338 507949472 278 
24339 24339 507951414 280 
24340 24340 507954002 396 
24341 24341 507956594 314 
24342 24342 507959184 360 
24343 24343 507962424 282 
24344 24344 507966308 334 
24345 24345 507970842 396 
24346 24346 507974076 354 
24347 24347 507977316 290 
24348 24348 507980554 318 
24349 24349 507984440 284 
24350 24350 507987678 334 
24351 24351 507990916 284 
24352 24352 507994802 354 
24353 24353 507998040 588 
24354 24354 508001274 294 
24355 24355 508004514 336 
24356 24356 508008398 376 
24357 24357 508012284 394 
24358 24358 508016818 374 
24359 24359 508023286 400 
24360 24360 508029120 356 
24361 24361 508034300 396 
24362 24362 508038186 294 
24363 24363 508041422 334 
24364 24364 508044010 372 
24365 24365 508046602 298 
24366 24366 508048542 358 
24367 24367 508050490 490 
24368 24368 508052432 334 
24369 24369 508055020 394 
24370 24370 508057610 380 
24371 24371 508060202 318 
24372 24372 508062790 414 
24373 24373 508065384 292 
24374 24374 508067974 334 
24375 24375 508070564 334 
24376 24376 508073802 378 
24377 24377 508077040 374 
24378 24378 508080924 396 
24379 24379 508084806 294 
24380 24380 508088042 374 
24381 24381 508092582 414 
24382 24382 508095818 294 
24383 24383 508099704 374 
24384 24384 508102942 396 
24385 24385 508106828 340 
24386 24386 508110712 414 
24387 24387 508114598 334 
24388 24388 508118482 350 
24389 24389 508122366 280 
24390 24390 508127548 446 
24391 24391 508132080 336 
24392 24392 508134022 286 
24393 24393 508135964 294 
24394 24394 508137904 374 
24395 24395 508139846 354 
24396 24396 508141788 396 
24397 24397 508143730 374 
24398 24398 508145674 416 
24399 24399 508147614 410 
24400 24400 508149558 414 
24401 24401 508151500 284 
24402 24402 508153444 360 
24403 24403 508155388 334 
24404 24404 508157330 418 
24405 24405 508159272 354 
24406 24406 508161216 356 
24407 24407 508163158 294 
24408 24408 508165100 394 
24409 24409 508167044 296 
24410 24410 508168986 414 
24411 24411 508170930 376 
24412 24412 508172872 298 
24413 24413 508174816 290 
24414 24414 508177406 298 
24415 24415 508180644 394 
24416 24416 508184526 378 
24417 24417 508188410 314 
24418 24418 508192296 298 
24419 24419 508195534 334 
24420 24420 508198122 334 
24421 24421 508200712 314 
24422 24422 508203302 328 
24423 24423 508205892 290 
24424 24424 508208484 380 
24425 24425 508210426 376 
24426 24426 508213014 294 
24427 24427 508215602 374 
24428 24428 508218192 348 
24429 24429 508220782 370 
24430 24430 508223374 394 
24431 24431 508225966 394 
24432 24432 508228556 338 
24433 24433 508231146 330 
24434 24434 508234384 318 
24435 24435 508237620 414 
24436 24436 508240858 282 
24437 24437 508244096 314 
24438 24438 508246686 338 
24439 24439 508249276 284 
24440 24440 508251220 284 
24441 24441 508253160 334 
24442 24442 508255102 418 
24443 24443 508257044 354 
24444 24444 508258988 348 
24445 24445 508260930 358 
24446 24446 508262872 338 
24447 24447 508264816 334 
24448 24448 508266758 318 
24449 24449 508268700 352 
24450 24450 508270644 338 
24451 24451 508272584 310 
24452 24452 508274528 398 
24453 24453 508276472 410 
24454 24454 508278416 376 
24455 24455 508280358 310 
24456 24456 508282300 374 
24457 24457 508284242 280 
24458 24458 508286832 334 
24459 24459 508290070 414 
24460 24460 508293308 374 
24461 24461 508296546 376 
24462 24462 508301080 398 
24463 24463 508306254 294 
24464 24464 508313382 398 
24465 24465 508319210 294 
24466 24466 508322448 354 
24467 24467 508325034 312 
24468 24468 508327624 286 
24469 24469 508330860 278 
24470 24470 508336692 418 
24471 24471 508343170 392 
24472 24472 508349644 294 
24473 24473 508356766 354 
24474 24474 508363242 298 
24475 24475 508369718 280 
24476 24476 508375546 418 
24477 24477 508379432 372 
24478 24478 508382022 298 
24479 24479 508384610 292 
24480 24480 508389790 294 
24481 24481 508396914 290 
24482 24482 508400148 294 
24483 24483 508403386 414 
24484 24484 508405976 286 
24485 24485 508408564 280 
24486 24486 508411152 318 
24487 24487 508413746 290 
24488 24488 508416334 394 
24489 24489 508418924 284 
24490 24490 508420866 286 
24491 24491 508423454 412 
24492 24492 508426046 318 
24493 24493 508428634 374 
24494 24494 508431224 414 
24495 24495 508433816 334 
24496 24496 508436406 284 
24497 24497 508439644 310 
24498 24498 508442882 278 
24499 24499 508446120 294 
24500 24500 508450652 390 
24501 24501 508456474 332 
24502 24502 508461660 294 
24503 24503 508468134 350 
24504 24504 508473314 318 
24505 24505 508477848 314 
24506 24506 508483028 294 
24507 24507 508487560 330 
24508 24508 508493388 418 
24509 24509 508499862 356 
24510 24510 508506978 416 
24511 24511 508512164 356 
24512 24512 508516048 398 
24513 24513 508520580 334 
24514 24514 508525114 352 
24515 24515 508528996 334 
24516 24516 508532882 318 
24517 24517 508536766 394 
24518 24518 508541298 314 
24519 24519 508546476 356 
24520 24520 508551656 398 
24521 24521 508556836 294 
24522 24522 508562662 334 
24523 24523 508569136 350 
24524 24524 508576902 288 
24525 24525 508584668 374 
24526 24526 508593086 314 
24527 24527 508599562 412 
24528 24528 508604098 416 
24529 24529 508606686 294 
24530 24530 508610572 414 
24531 24531 508613806 284 
24532 24532 508617694 378 
24533 24533 508625464 294 
24534 24534 508638410 298 
24535 24535 508644232 414 
24536 24536 508653296 416 
24537 24537 508662358 280 
24538 24538 508671420 318 
24539 24539 508679192 410 
24540 24540 508683722 284 
24541 24541 508688902 356 
24542 24542 508694730 360 
24543 24543 508701200 280 
24544 24544 508705732 334 
24545 24545 508711560 350 
24546 24546 508716090 336 
24547 24547 508721916 330 
24548 24548 508728390 356 
24549 24549 508734864 334 
24550 24550 508740684 354 
24551 24551 508742626 280 
24552 24552 508744568 298 
24553 24553 508746510 354 
24554 24554 508748450 318 
24555 24555 508750392 294 
24556 24556 508752334 414 
24557 24557 508754278 394 
24558 24558 508756216 374 
24559 24559 508758158 282 
24560 24560 508760098 336 
24561 24561 508762042 314 
24562 24562 508763984 376 
24563 24563 508765930 392 
24564 24564 508767872 318 
24565 24565 508769816 372 
24566 24566 508771758 378 
24567 24567 508773700 410 
24568 24568 508775640 354 
24569 24569 508777582 316 
24570 24570 508779524 318 
24571 24571 508781468 354 
24572 24572 508783410 370 
24573 24573 508785350 354 
24574 24574 508787294 284 
24575 24575 508789236 312 
24576 24576 508791178 394 
24577 24577 508793122 314 
24578 24578 508795062 394 
24579 24579 508797004 370 
24580 24580 508798946 418 
24581 24581 508800888 338 
24582 24582 508802832 298 
24583 24583 508804772 280 
24584 24584 508806714 320 
24585 24585 508808658 416 
24586 24586 508810600 354 
24587 24587 508812544 310 
24588 24588 508814486 418 
24589 24589 508816428 310 
24590 24590 508818370 418 
24591 24591 508820312 334 
24592 24592 508822254 286 
24593 24593 508824198 394 
24594 24594 508826140 358 
24595 24595 508828082 394 
24596 24596 508830024 288 
24597 24597 508831966 292 
24598 24598 508833910 414 
24599 24599 508835848 334 
24600 24600 508837794 298 
24601 24601 508839736 392 
24602 24602 508841680 284 
24603 24603 508843622 392 
24604 24604 508845564 358 
24605 24605 508847504 390 
24606 24606 508849448 314 
24607 24607 508851390 414 
24608 24608 508853330 288 
24609 24609 508855272 330 
24610 24610 508857216 378 
24611 24611 508859156 330 
24612 24612 508861098 420 
24613 24613 508863040 376 
24614 24614 508864982 334 
24615 24615 508866926 332 
24616 24616 508868868 334 
24617 24617 508870810 296 
24618 24618 508872752 370 
24619 24619 508874694 374 
24620 24620 508876634 318 
24621 24621 508878576 394 
24622 24622 508880520 318 
24623 24623 508882460 278 
24624 24624 508884406 354 
24625 24625 508886348 410 
24626 24626 508888290 354 
24627 24627 508890234 334 
24628 24628 508892176 418 
24629 24629 508894114 292 
24630 24630 508896708 286 
24631 24631 508898650 390 
24632 24632 508900592 394 
24633 24633 508902536 376 
24634 24634 508904476 278 
24635 24635 508906416 334 
24636 24636 508908358 288 
24637 24637 508910302 310 
24638 24638 508912244 334 
24639 24639 508914186 310 
24640 24640 508916126 286 
24641 24641 508918070 286 
24642 24642 508920012 400 
24643 24643 508921954 410 
24644 24644 508923898 340 
24645 24645 508925838 316 
24646 24646 508927782 294 
24647 24647 508929724 392 
24648 24648 508931666 338 
24649 24649 508933608 410 
24650 24650 508935550 358 
24651 24651 508938140 370 
24652 24652 508940730 314 
24653 24653 508943320 334 
24654 24654 508945910 334 
24655 24655 508948498 354 
24656 24656 508951088 414 
24657 24657 508953030 356 
24658 24658 508954970 398 
24659 24659 508956908 354 
24660 24660 508958858 414 
24661 24661 508960800 310 
24662 24662 508962742 416 
24663 24663 508964684 290 
24664 24664 508966624 394 
24665 24665 508968566 294 
24666 24666 508970510 338 
24667 24667 508972452 334 
24668 24668 508974394 334 
24669 24669 508976336 376 
24670 24670 508978280 318 
24671 24671 508980222 314 
24672 24672 508982164 414 
24673 24673 508984106 330 
24674 24674 508986048 318 
24675 24675 508987990 374 
24676 24676 508989932 398 
24677 24677 508991874 414 
24678 24678 508993818 340 
24679 24679 508995760 280 
24680 24680 508997698 414 
24681 24681 508999644 378 
24682 24682 509001586 314 
24683 24683 509004176 290 
24684 24684 509006762 354 
24685 24685 509009352 314 
24686 24686 509011298 396 
24687 24687 509013242 350 
24688 24688 509015184 418 
24689 24689 509017128 312 
24690 24690 509019070 286 
24691 24691 509021012 338 
24692 24692 509022954 286 
24693 24693 509024896 334 
24694 24694 509026838 370 
24695 24695 509028782 390 
24696 24696 509030724 314 
24697 24697 509032666 312 
24698 24698 509034608 298 
24699 24699 509036552 292 
24700 24700 509038492 414 
24701 24701 509040434 280 
24702 24702 509042378 336 
24703 24703 509044320 352 
24704 24704 509046260 318 
24705 24705 509048206 330 
24706 24706 509050794 286 
24707 24707 509054032 294 
24708 24708 509057264 374 
24709 24709 509061156 284 
24710 24710 509064390 398 
24711 24711 509068274 280 
24712 24712 509072156 356 
24713 24713 509076038 390 
24714 24714 509079276 296 
24715 24715 509082518 352 
24716 24716 509085754 286 
24717 24717 509088988 290 
24718 24718 509092226 354 
24719 24719 509095466 418 
24720 24720 509099352 334 
24721 24721 509103236 394 
24722 24722 509106474 320 
24723 24723 509110360 414 
24724 24724 509118130 354 
24725 24725 509124598 414 
24726 24726 509130430 354 
24727 24727 509133666 310 
24728 24728 509137550 398 
24729 24729 509141434 372 
24730 24730 509144672 416 
24731 24731 509147910 312 
24732 24732 509151146 418 
24733 24733 509154386 284 
24734 24734 509157620 334 
24735 24735 509160858 282 
24736 24736 509164098 400 
24737 24737 509167336 374 
24738 24738 509171216 298 
24739 24739 509175750 296 
24740 24740 509180284 296 
24741 24741 509184810 336 
24742 24742 509189344 358 
24743 24743 509195176 334 
24744 24744 509200354 334 
24745 24745 509208124 372 
24746 24746 509215246 398 
24747 24747 509223010 412 
24748 24748 509231436 284 
24749 24749 509238556 374 
24750 24750 509243736 334 
24751 24751 509248268 356 
24752 24752 509252150 358 
24753 24753 509256036 280 
24754 24754 509259920 394 
24755 24755 509263806 316 
24756 24756 509267692 284 
24757 24757 509271576 294 
24758 24758 509275464 298 
24759 24759 509279350 278 
24760 24760 509283880 414 
24761 24761 509288412 314 
24762 24762 509292944 288 
24763 24763 509297474 416 
24764 24764 509302654 356 
24765 24765 509308486 398 
24766 24766 509313018 416 
24767 24767 509318200 414 
24768 24768 509324674 358 
24769 24769 509329200 396 
24770 24770 509333732 414 
24771 24771 509336978 296 
24772 24772 509340862 374 
24773 24773 509344748 280 
24774 24774 509347986 354 
24775 24775 509351222 314 
24776 24776 509354458 378 
24777 24777 509358344 284 
24778 24778 509361582 298 
24779 24779 509365464 332 
24780 24780 509369996 398 
24781 24781 509375176 394 
24782 24782 509380354 286 
24783 24783 509385534 294 
24784 24784 509392010 314 
24785 24785 509400422 332 
24786 24786 509408190 354 
24787 24787 509414016 400 
24788 24788 509419848 298 
24789 24789 509423734 330 
24790 24790 509428264 350 
24791 24791 509430206 390 
24792 24792 509432148 394 
24793 24793 509434090 296 
24794 24794 509436030 282 
24795 24795 509437972 294 
24796 24796 509439916 358 
24797 24797 509441856 410 
24798 24798 509443798 284 
24799 24799 509445740 330 
24800 24800 509447684 354 
24801 24801 509449624 278 
24802 24802 509451570 354 
24803 24803 509453512 412 
24804 24804 509455454 358 
24805 24805 509457398 354 
24806 24806 509459338 318 
24807 24807 509461282 394 
24808 24808 509463226 314 
24809 24809 509465168 292 
24810 24810 509467756 336 
24811 24811 509470348 280 
24812 24812 509474228 414 
24813 24813 509478766 290 
24814 24814 509482648 358 
24815 24815 509486536 294 
24816 24816 509489772 314 
24817 24817 509493006 284 
24818 24818 509495596 414 
24819 24819 509498184 354 
24820 24820 509500772 426 
24821 24821 509503362 312 
24822 24822 509505954 378 
24823 24823 509508542 394 
24824 24824 509511134 414 
24825 24825 509513724 292 
24826 24826 509516960 398 
24827 24827 509520198 314 
24828 24828 509523442 378 
24829 24829 509526680 414 
24830 24830 509529916 298 
24831 24831 509533796 376 
24832 24832 509536390 318 
24833 24833 509538978 354 
24834 24834 509540920 358 
24835 24835 509542864 312 
24836 24836 509544806 350 
24837 24837 509546748 374 
24838 24838 509548690 418 
24839 24839 509550634 372 
24840 24840 509552574 298 
24841 24841 509554516 284 
24842 24842 509556460 414 
24843 24843 509558402 330 
24844 24844 509560344 360 
24845 24845 509562286 334 
24846 24846 509564230 314 
24847 24847 509566170 318 
24848 24848 509568112 284 
24849 24849 509570056 292 
24850 24850 509571998 334 
24851 24851 509573940 374 
24852 24852 509575882 398 
24853 24853 509577826 338 
24854 24854 509579768 358 
24855 24855 509581710 290 
24856 24856 509583652 298 
24857 24857 509586240 294 
24858 24858 509588830 356 
24859 24859 509592070 320 
24860 24860 509595304 338 
24861 24861 509598544 334 
24862 24862 509601780 334 
24863 24863 509605666 414 
24864 24864 509608254 398 
24865 24865 509611492 284 
24866 24866 509614730 318 
24867 24867 509617966 280 
24868 24868 509621204 418 
24869 24869 509624442 294 
24870 24870 509627678 338 
24871 24871 509630918 414 
24872 24872 509634802 294 
24873 24873 509639332 312 
24874 24874 509644514 394 
24875 24875 509647744 412 
24876 24876 509650986 298 
24877 24877 509653576 354 
24878 24878 509655520 318 
24879 24879 509657460 390 
24880 24880 509659402 300 
24881 24881 509661346 334 
24882 24882 509663288 298 
24883 24883 509665230 278 
24884 24884 509667174 338 
24885 24885 509669114 418 
24886 24886 509671056 298 
24887 24887 509673000 310 
24888 24888 509674940 298 
24889 24889 509676882 392 
24890 24890 509678826 414 
24891 24891 509680768 312 
24892 24892 509682710 398 
24893 24893 509684652 390 
24894 24894 509686594 298 
24895 24895 509688536 354 
24896 24896 509690478 398 
24897 24897 509692420 316 
24898 24898 509694364 418 
24899 24899 509696952 280 
24900 24900 509699542 394 
24901 24901 509702132 358 
24902 24902 509705370 416 
24903 24903 509709250 332 
24904 24904 509711190 380 
24905 24905 509713134 334 
24906 24906 509715074 354 
24907 24907 509717016 310 
24908 24908 509718956 398 
24909 24909 509720900 312 
24910 24910 509722842 374 
24911 24911 509724780 290 
24912 24912 509726720 374 
24913 24913 509728664 352 
24914 24914 509730614 318 
24915 24915 509732552 414 
24916 24916 509734498 316 
24917 24917 509736438 394 
24918 24918 509738382 314 
24919 24919 509740324 330 
24920 24920 509742268 378 
24921 24921 509744210 330 
24922 24922 509746154 284 
24923 24923 509748094 312 
24924 24924 509750038 354 
24925 24925 509751980 410 
24926 24926 509753922 398 
24927 24927 509755862 282 
24928 24928 509757806 398 
24929 24929 509759750 314 
24930 24930 509761692 294 
24931 24931 509763634 294 
24932 24932 509765574 278 
24933 24933 509767516 278 
24934 24934 509769460 338 
24935 24935 509771400 330 
24936 24936 509773344 398 
24937 24937 509775288 586 
24938 24938 509777230 330 
24939 24939 509779174 334 
24940 24940 509781116 358 
24941 24941 509783058 394 
24942 24942 509785002 314 
24943 24943 509786944 370 
24944 24944 509788884 284 
24945 24945 509790826 416 
24946 24946 509792768 376 
24947 24947 509794712 412 
24948 24948 509796656 418 
24949 24949 509798598 284 
24950 24950 509800540 376 
24951 24951 509802484 412 
24952 24952 509804426 292 
24953 24953 509806368 392 
24954 24954 509808310 370 
24955 24955 509810252 284 
24956 24956 509812196 284 
24957 24957 509814138 358 
24958 24958 509816082 358 
24959 24959 509818024 354 
24960 24960 509819966 288 
24961 24961 509821908 354 
24962 24962 509823852 334 
24963 24963 509825794 282 
24964 24964 509827736 400 
24965 24965 509829680 392 
24966 24966 509831622 374 
24967 24967 509833564 290 
24968 24968 509835506 394 
24969 24969 509837450 372 
24970 24970 509839392 286 
24971 24971 509841334 370 
24972 24972 509843278 284 
24973 24973 509845224 372 
24974 24974 509847164 418 
24975 24975 509849108 292 
24976 24976 509851050 284 
24977 24977 509852992 350 
24978 24978 509854936 336 
24979 24979 509856880 414 
24980 24980 509858822 286 
24981 24981 509860764 394 
24982 24982 509862708 356 
24983 24983 509864650 280 
24984 24984 509866592 320 
24985 24985 509868534 284 
24986 24986 509870478 338 
24987 24987 509872420 280 
24988 24988 509874364 318 
24989 24989 509876304 296 
24990 24990 509878248 318 
24991 24991 509880190 314 
24992 24992 509882132 334 
24993 24993 509884074 372 
24994 24994 509886016 394 
24995 24995 509887958 282 
24996 24996 509889900 288 
24997 24997 509891842 372 
24998 24998 509893784 414 
24999 24999 509895726 280 
25000 25000 509897668 338 
25001 25001 509899612 318 
25002 25002 509901558 418 
25003 25003 509903498 372 
25004 25004 509905440 294 
25005 25005 509907382 314 
25006 25006 509909320 398 
25007 25007 509911268 420 
25008 25008 509913210 378 
25009 25009 509915152 280 
25010 25010 509917094 416 
25011 25011 509919038 414 
25012 25012 509920980 294 
25013 25013 509922922 702 
25014 25014 509924864 374 
25015 25015 509926808 354 
25016 25016 509928750 314 
25017 25017 509930692 354 
25018 25018 509932628 286 
25019 25019 509934574 286 
25020 25020 509936518 320 
25021 25021 509938460 414 
25022 25022 509940404 416 
25023 25023 509942346 338 
25024 25024 509944288 398 
25025 25025 509946230 410 
25026 25026 509948172 398 
25027 25027 509950116 398 
25028 25028 509952058 414 
25029 25029 509954000 334 
25030 25030 509955944 320 
25031 25031 509957886 412 
25032 25032 509959828 350 
25033 25033 509961770 374 
25034 25034 509963712 414 
25035 25035 509965650 410 
25036 25036 509967596 358 
25037 25037 509969540 416 
25038 25038 509971480 314 
25039 25039 509973422 354 
25040 25040 509975366 358 
25041 25041 509977308 394 
25042 25042 509979252 354 
25043 25043 509981194 352 
25044 25044 509983132 374 
25045 25045 509985078 282 
25046 25046 509987018 288 
25047 25047 509988964 374 
25048 25048 509990906 334 
25049 25049 509992848 396 
25050 25050 509994792 394 
25051 25051 509996734 352 
25052 25052 509998676 394 
25053 25053 510000620 370 
25054 25054 510002562 286 
25055 25055 510004504 374 
25056 25056 510006446 284 
25057 25057 510008388 358 
25058 25058 510010330 418 
25059 25059 510012272 330 
25060 25060 510014216 294 
25061 25061 510016156 392 
25062 25062 510018100 318 
25063 25063 510020042 310 
25064 25064 510021984 298 
25065 25065 510023926 414 
25066 25066 510026514 374 
25067 25067 510029106 332 
25068 25068 510031694 318 
25069 25069 510034286 394 
25070 25070 510036874 398 
25071 25071 510040112 354 
25072 25072 510043996 358 
25073 25073 510048528 352 
25074 25074 510053054 394 
25075 25075 510058238 390 
25076 25076 510063416 296 
25077 25077 510068592 294 
25078 25078 510073124 378 
25079 25079 510076364 414 
25080 25080 510078954 340 
25081 25081 510080896 334 
25082 25082 510082838 298 
25083 25083 510084780 280 
25084 25084 510086724 378 
25085 25085 510088666 334 
25086 25086 510091902 290 
25087 25087 510095140 354 
25088 25088 510098376 282 
25089 25089 510101614 370 
25090 25090 510106140 414 
25091 25091 510108082 372 
25092 25092 510111324 398 
25093 25093 510114560 354 
25094 25094 510118444 398 
25095 25095 510121682 412 
25096 25096 510124918 338 
25097 25097 510128802 282 
25098 25098 510131392 298 
25099 25099 510133334 330 
25100 25100 510135278 418 
25101 25101 510137220 416 
25102 25102 510139162 358 
25103 25103 510141104 292 
25104 25104 510143046 286 
25105 25105 510144990 278 
25106 25106 510146932 286 
25107 25107 510148874 294 
25108 25108 510150816 360 
25109 25109 510153406 312 
25110 25110 510155996 418 
25111 25111 510158586 416 
25112 25112 510161822 394 
25113 25113 510166354 334 
25114 25114 510173476 356 
25115 25115 510185778 294 
25116 25116 510197428 318 
25117 25117 510208432 286 
25118 25118 510218798 288 
25119 25119 510231096 294 
25120 25120 510238214 374 
25121 25121 510244690 356 
25122 25122 510255048 378 
25123 25123 510258286 392 
25124 25124 510262170 378 
25125 25125 510265406 394 
25126 25126 510268642 378 
25127 25127 510271880 314 
25128 25128 510275120 286 
25129 25129 510278356 416 
25130 25130 510281592 334 
25131 25131 510284830 332 
25132 25132 510288716 358 
25133 25133 510292600 354 
25134 25134 510297132 294 
25135 25135 510303608 356 
25136 25136 510312670 280 
25137 25137 510320442 284 
25138 25138 510328860 334 
25139 25139 510337278 394 
25140 25140 510346990 338 
25141 25141 510351516 284 
25142 25142 510361234 282 
25143 25143 510367064 396 
25144 25144 510374184 314 
25145 25145 510381308 390 
25146 25146 510388430 358 
25147 25147 510396850 370 
25148 25148 510402672 294 
25149 25149 510414322 336 
25150 25150 510425976 314 
25151 25151 510437636 282 
25152 25152 510456414 294 
25153 25153 510460944 294 
25154 25154 510466124 294 
25155 25155 510471304 292 
25156 25156 510475836 316 
25157 25157 510481018 360 
25158 25158 510487490 294 
25159 25159 510493968 416 
25160 25160 510501736 338 
25161 25161 510512090 316 
25162 25162 510523748 394 
25163 25163 510535398 414 
25164 25164 510540582 356 
25165 25165 510545762 416 
25166 25166 510550942 288 
25167 25167 510562594 292 
25168 25168 510572954 390 
25169 25169 510590432 314 
25170 25170 510610500 398 
25171 25171 510620864 314 
25172 25172 510630574 394 
25173 25173 510640286 336 
25174 25174 510648054 354 
25175 25175 510657766 414 
25176 25176 510668770 418 
25177 25177 510681720 314 
25178 25178 510699200 298 
25179 25179 510721864 354 
25180 25180 510733528 298 
25181 25181 510742592 332 
25182 25182 510752304 374 
25183 25183 510760074 352 
25184 25184 510771084 284 
25185 25185 510782092 314 
25186 25186 510798278 298 
25187 25187 510815758 374 
25188 25188 510824826 358 
25189 25189 510829358 354 
25190 25190 510833890 394 
25191 25191 510838422 372 
25192 25192 510842306 318 
25193 25193 510848134 352 
25194 25194 510853960 294 
25195 25195 510863020 350 
25196 25196 510872088 418 
25197 25197 510879858 314 
25198 25198 510888922 358 
25199 25199 510905106 334 
25200 25200 510914814 294 
25201 25201 510930356 294 
25202 25202 510942010 420 
25203 25203 510951072 414 
25204 25204 510959490 388 
25205 25205 510966614 290 
25206 25206 510973088 414 
25207 25207 510980858 370 
25208 25208 510989924 394 
25209 25209 511000928 334 
25210 25210 511020346 372 
25211 25211 511044300 290 
25212 25212 511055312 334 
25213 25213 511064374 374 
25214 25214 511079268 414 
25215 25215 511085742 410 
25216 25216 511098040 294 
25217 25217 511107754 314 
25218 25218 511114878 378 
25219 25219 511121350 414 
25220 25220 511127824 294 
25221 25221 511134298 396 
25222 25222 511140772 414 
25223 25223 511148540 390 
25224 25224 511160194 412 
25225 25225 511179616 280 
25226 25226 511190620 414 
25227 25227 511195804 376 
25228 25228 511198394 414 
25229 25229 511200982 394 
25230 25230 511203572 294 
25231 25231 511207456 390 
25232 25232 511213282 334 
25233 25233 511224292 312 
25234 25234 511228822 378 
25235 25235 511232710 290 
25236 25236 511236594 294 
25237 25237 511241128 334 
25238 25238 511245010 354 
25239 25239 511248248 414 
25240 25240 511252134 378 
25241 25241 511257962 310 
25242 25242 511263140 370 
25243 25243 511267670 546 
25244 25244 511272204 290 
25245 25245 511277376 280 
25246 25246 511282558 378 
25247 25247 511287094 412 
25248 25248 511292270 354 
25249 25249 511298100 414 
25250 25250 511305220 334 
25251 25251 511309754 290 
25252 25252 511325292 354 
25253 25253 511328526 392 
25254 25254 511334354 378 
25255 25255 511339534 336 
25256 25256 511344716 318 
25257 25257 511351190 312 
25258 25258 511358312 284 
25259 25259 511361548 414 
25260 25260 511364786 380 
25261 25261 511368668 354 
25262 25262 511372556 284 
25263 25263 511377088 314 
25264 25264 511380974 374 
25265 25265 511385504 390 
25266 25266 511389388 354 
25267 25267 511393922 334 
25268 25268 511398456 288 
25269 25269 511403632 334 
25270 25270 511410754 286 
25271 25271 511425640 294 
25272 25272 511432114 294 
25273 25273 511437300 356 
25274 25274 511441184 394 
25275 25275 511445716 292 
25276 25276 511450890 334 
25277 25277 511456066 350 
25278 25278 511462542 418 
25279 25279 511470962 294 
25280 25280 511492976 418 
25281 25281 511494914 310 
25282 25282 511497506 340 
25283 25283 511500096 412 
25284 25284 511503334 310 
25285 25285 511507866 374 
25286 25286 511511750 288 
25287 25287 511516928 294 
25288 25288 511524054 318 
25289 25289 511535060 330 
25290 25290 511543472 314 
25291 25291 511550600 280 
25292 25292 511557072 280 
25293 25293 511564196 338 
25294 25294 511571318 294 
25295 25295 511578436 350 
25296 25296 511590090 398 
25297 25297 511593968 374 
25298 25298 511598504 378 
25299 25299 511603036 330 
25300 25300 511612746 374 
25301 25301 511617280 414 
25302 25302 511620516 314 
25303 25303 511623754 394 
25304 25304 511626990 358 
25305 25305 511630226 356 
25306 25306 511632816 298 
25307 25307 511635404 352 
25308 25308 511638640 294 
25309 25309 511641874 290 
25310 25310 511645118 358 
25311 25311 511649000 394 
25312 25312 511652238 354 
25313 25313 511656774 312 
25314 25314 511661304 394 
25315 25315 511666482 398 
25316 25316 511672304 340 
25317 25317 511678136 316 
25318 25318 511683962 378 
25319 25319 511689144 358 
25320 25320 511696268 354 
25321 25321 511698850 284 
25322 25322 511702734 358 
25323 25323 511720212 334 
25324 25324 511731864 298 
25325 25325 511753236 394 
25326 25326 511756470 358 
25327 25327 511763590 278 
25328 25328 511770714 318 
25329 25329 511779780 350 
25330 25330 511788192 288 
25331 25331 511790782 370 
25332 25332 511794666 338 
25333 25333 511806320 370 
25334 25334 511821212 340 
25335 25335 511824450 392 
25336 25336 511828332 398 
25337 25337 511832864 414 
25338 25338 511837398 378 
25339 25339 511841930 394 
25340 25340 511845814 338 
25341 25341 511850346 292 
25342 25342 511855526 398 
25343 25343 511861354 394 
25344 25344 511869774 358 
25345 25345 511878836 298 
25346 25346 511900850 298 
25347 25347 511906034 370 
25348 25348 511924814 294 
25349 25349 511933872 352 
25350 25350 511942942 338 
25351 25351 511953950 312 
25352 25352 511960426 298 
25353 25353 511967546 292 
25354 25354 511974022 338 
25355 25355 511982440 310 
25356 25356 511994740 374 
25357 25357 512009630 376 
25358 25358 512018046 378 
25359 25359 512030354 312 
25360 25360 512034240 414 
25361 25361 512039418 414 
25362 25362 512046540 394 
25363 25363 512058844 294 
25364 25364 512068556 294 
25365 25365 512091860 334 
25366 25366 512114528 334 
25367 25367 512121002 414 
25368 25368 512129420 414 
25369 25369 512141076 352 
25370 25370 512153376 414 
25371 25371 512155316 290 
25372 25372 512158552 338 
25373 25373 512170208 284 
25374 25374 512181222 282 
25375 25375 512187696 354 
25376 25376 512192228 358 
25377 25377 512198056 284 
25378 25378 512203882 298 
25379 25379 512209708 330 
25380 25380 512215534 314 
25381 25381 512222008 370 
25382 25382 512231068 394 
25383 25383 512250490 372 
25384 25384 512264730 398 
25385 25385 512269266 356 
25386 25386 512273150 414 
25387 25387 512277034 284 
25388 25388 512282862 298 
25389 25389 512291280 374 
25390 25390 512303580 334 
25391 25391 512308116 394 
25392 25392 512311354 340 
25393 25393 512313942 370 
25394 25394 512316534 394 
25395 25395 512319124 394 
25396 25396 512323656 294 
25397 25397 512328838 370 
25398 25398 512339194 298 
25399 25399 512344378 352 
25400 25400 512348262 298 
25401 25401 512351500 336 
25402 25402 512354738 284 
25403 25403 512357976 392 
25404 25404 512360566 330 
25405 25405 512363804 374 
25406 25406 512367042 418 
25407 25407 512369632 350 
25408 25408 512372870 414 
25409 25409 512376108 278 
25410 25410 512379346 338 
25411 25411 512382582 292 
25412 25412 512386468 376 
25413 25413 512391648 312 
25414 25414 512398124 378 
25415 25415 512404600 356 
25416 25416 512413664 414 
25417 25417 512420790 310 
25418 25418 512424674 318 
25419 25419 512429850 338 
25420 25420 512433732 378 
25421 25421 512457692 414 
25422 25422 512484892 286 
25423 25423 512489422 394 
25424 25424 512497192 338 
25425 25425 512503664 284 
25426 25426 512510144 310 
25427 25427 512517266 282 
25428 25428 512526332 358 
25429 25429 512543810 310 
25430 25430 512556118 314 
25431 25431 512561944 392 
25432 25432 512572948 300 
25433 25433 512594318 390 
25434 25434 512602730 298 
25435 25435 512611148 350 
25436 25436 512618924 288 
25437 25437 512624750 314 
25438 25438 512632520 314 
25439 25439 512644178 412 
25440 25440 512671364 338 
25441 25441 512697266 412 
25442 25442 512708272 294 
25443 25443 512717336 280 
25444 25444 512725754 414 
25445 25445 512735466 394 
25446 25446 512745178 394 
25447 25447 512757482 392 
25448 25448 512781430 318 
25449 25449 512807330 314 
25450 25450 512818984 294 
25451 25451 512828694 370 
25452 25452 512837110 414 
25453 25453 512846822 334 
25454 25454 512856536 294 
25455 25455 512872074 414 
25456 25456 512897966 314 
25457 25457 512922572 410 
25458 25458 512932932 374 
25459 25459 512942644 292 
25460 25460 512951060 286 
25461 25461 512960774 412 
25462 25462 512973076 394 
25463 25463 512993788 414 
25464 25464 513020334 316 
25465 25465 513034580 372 
25466 25466 513046232 354 
25467 25467 513056590 330 
25468 25468 513065652 414 
25469 25469 513076658 394 
25470 25470 513093492 358 
25471 25471 513120028 392 
25472 25472 513143334 284 
25473 25473 513152396 294 
25474 25474 513165992 398 
25475 25475 513179588 374 
25476 25476 513189300 358 
25477 25477 513191242 398 
25478 25478 513193830 370 
25479 25479 513197068 414 
25480 25480 513201600 338 
25481 25481 513210018 372 
25482 25482 513222966 278 
25483 25483 513227496 414 
25484 25484 513232028 294 
25485 25485 513235912 548 
25486 25486 513239798 318 
25487 25487 513243682 294 
25488 25488 513247568 338 
25489 25489 513251452 294 
25490 25490 513255336 294 
25491 25491 513259226 338 
25492 25492 513264402 294 
25493 25493 513272174 284 
25494 25494 513278650 378 
25495 25495 513285770 330 
25496 25496 513292890 354 
25497 25497 513300662 282 
25498 25498 513309076 378 
25499 25499 513323962 374 
25500 25500 513333030 336 
25501 25501 513338860 350 
25502 25502 513344688 412 
25503 25503 513350514 338 
25504 25504 513356990 398 
25505 25505 513360872 394 
25506 25506 513371878 282 
25507 25507 513382238 330 
25508 25508 513391952 400 
25509 25509 513401016 294 
25510 25510 513406196 374 
25511 25511 513409432 330 
25512 25512 513413318 374 
25513 25513 513417850 356 
25514 25514 513424324 318 
25515 25515 513433384 396 
25516 25516 513443102 286 
25517 25517 513451516 418 
25518 25518 513459286 414 
25519 25519 513470940 390 
25520 25520 513472882 298 
25521 25521 513476766 354 
25522 25522 513482592 418 
25523 25523 513492302 372 
25524 25524 513500070 394 
25525 25525 513509136 292 
25526 25526 513520788 314 
25527 25527 513533736 372 
25528 25528 513551214 284 
25529 25529 513579704 296 
25530 25530 513584882 378 
25531 25531 513590060 332 
25532 25532 513594592 374 
25533 25533 513599124 374 
25534 25534 513606244 354 
25535 25535 513615954 330 
25536 25536 513635374 414 
25537 25537 513649616 414 
25538 25538 513670980 398 
25539 25539 513678750 414 
25540 25540 513687814 398 
25541 25541 513694936 374 
25542 25542 513701412 380 
25543 25543 513707238 334 
25544 25544 513714362 354 
25545 25545 513724074 314 
25546 25546 513743496 338 
25547 25547 513756442 314 
25548 25548 513781044 338 
25549 25549 513790754 290 
25550 25550 513799818 380 
25551 25551 513806290 354 
25552 25552 513814058 294 
25553 25553 513821824 280 
25554 25554 513830890 334 
25555 25555 513835422 288 
25556 25556 513837360 354 
25557 25557 513839306 278 
25558 25558 513841246 398 
25559 25559 513843186 312 
25560 25560 513845128 334 
25561 25561 513847070 374 
25562 25562 513849012 290 
25563 25563 513850956 350 
25564 25564 513852896 334 
25565 25565 513854838 372 
25566 25566 513856780 354 
25567 25567 513858722 312 
25568 25568 513860664 398 
25569 25569 513862606 352 
25570 25570 513864548 396 
25571 25571 513866490 284 
25572 25572 513868434 360 
25573 25573 513870376 350 
25574 25574 513872316 318 
25575 25575 513874258 334 
25576 25576 513876200 294 
25577 25577 513878144 314 
25578 25578 513880086 314 
25579 25579 513882028 334 
25580 25580 513883970 318 
25581 25581 513885912 392 
25582 25582 513887856 334 
25583 25583 513889796 330 
25584 25584 513891740 300 
25585 25585 513893682 374 
25586 25586 513895626 318 
25587 25587 513897568 390 
25588 25588 513899510 318 
25589 25589 513901452 392 
25590 25590 513903394 374 
25591 25591 513905336 394 
25592 25592 513907278 358 
25593 25593 513909222 376 
25594 25594 513911164 314 
25595 25595 513913106 394 
25596 25596 513915048 316 
25597 25597 513916990 280 
25598 25598 513918932 294 
25599 25599 513920872 280 
25600 25600 513922814 378 
25601 25601 513924756 332 
25602 25602 513926698 358 
25603 25603 513928642 372 
25604 25604 513930584 314 
25605 25605 513932526 354 
25606 25606 513934470 338 
25607 25607 513936412 332 
25608 25608 513938354 378 
25609 25609 513940296 312 
25610 25610 513942238 356 
25611 25611 513944180 396 
25612 25612 513946124 374 
25613 25613 513948066 294 
25614 25614 513950008 284 
25615 25615 513951950 352 
25616 25616 513953896 394 
25617 25617 513955838 392 
25618 25618 513957780 286 
25619 25619 513959720 354 
25620 25620 513961664 410 
25621 25621 513963606 372 
25622 25622 513965548 288 
25623 25623 513967492 374 
25624 25624 513969434 374 
25625 25625 513971374 330 
25626 25626 513973314 374 
25627 25627 513975256 284 
25628 25628 513977200 288 
25629 25629 513979142 394 
25630 25630 513981084 314 
25631 25631 513983026 392 
25632 25632 513984970 414 
25633 25633 513986912 292 
25634 25634 513988854 398 
25635 25635 513990796 354 
25636 25636 513992738 338 
25637 25637 513994680 330 
25638 25638 513996624 398 
25639 25639 513998566 334 
25640 25640 514000508 398 
25641 25641 514002450 394 
25642 25642 514004394 358 
25643 25643 514006338 416 
25644 25644 514008278 310 
25645 25645 514010222 282 
25646 25646 514012166 294 
25647 25647 514014108 392 
25648 25648 514016050 288 
25649 25649 514017992 280 
25650 25650 514019936 336 
25651 25651 514021878 376 
25652 25652 514023818 320 
25653 25653 514025760 334 
25654 25654 514027704 296 
25655 25655 514029646 294 
25656 25656 514031588 394 
25657 25657 514033530 284 
25658 25658 514035472 380 
25659 25659 514037414 336 
25660 25660 514039356 320 
25661 25661 514041298 352 
25662 25662 514043242 356 
25663 25663 514045184 312 
25664 25664 514047126 414 
25665 25665 514049070 294 
25666 25666 514051012 374 
25667 25667 514052954 414 
25668 25668 514054892 334 
25669 25669 514056840 414 
25670 25670 514058782 314 
25671 25671 514060724 350 
25672 25672 514062668 314 
25673 25673 514064612 412 
25674 25674 514066554 338 
25675 25675 514068496 354 
25676 25676 514070438 374 
25677 25677 514072382 316 
25678 25678 514074324 294 
25679 25679 514076264 294 
25680 25680 514078208 396 
25681 25681 514080150 412 
25682 25682 514082094 286 
25683 25683 514084036 350 
25684 25684 514085978 298 
25685 25685 514087920 416 
25686 25686 514089864 286 
25687 25687 514091806 290 
25688 25688 514093748 414 
25689 25689 514095690 314 
25690 25690 514097632 284 
25691 25691 514099574 370 
25692 25692 514101518 296 
25693 25693 514103458 378 
25694 25694 514105402 286 
25695 25695 514107344 294 
25696 25696 514109286 286 
25697 25697 514111230 310 
25698 25698 514113172 298 
25699 25699 514115116 374 
25700 25700 514117060 294 
25701 25701 514119002 354 
25702 25702 514120944 414 
25703 25703 514122886 410 
25704 25704 514124830 338 
25705 25705 514126774 334 
25706 25706 514128718 352 
25707 25707 514130656 312 
25708 25708 514132600 338 
25709 25709 514134546 356 
25710 25710 514136484 286 
25711 25711 514138428 296 
25712 25712 514140368 338 
25713 25713 514142312 282 
25714 25714 514144254 314 
25715 25715 514146196 316 
25716 25716 514148138 340 
25717 25717 514150082 336 
25718 25718 514152024 374 
25719 25719 514153966 280 
25720 25720 514155908 316 
25721 25721 514157850 312 
25722 25722 514159792 418 
25723 25723 514161734 410 
25724 25724 514163676 378 
25725 25725 514165620 294 
25726 25726 514167562 294 
25727 25727 514169504 312 
25728 25728 514171446 374 
25729 25729 514173390 296 
25730 25730 514175334 398 
25731 25731 514177270 370 
25732 25732 514179214 288 
25733 25733 514181808 350 
25734 25734 514185046 420 
25735 25735 514188284 352 
25736 25736 514190230 418 
25737 25737 514192170 330 
25738 25738 514194112 338 
25739 25739 514196052 352 
25740 25740 514197996 296 
25741 25741 514199940 330 
25742 25742 514201880 334 
25743 25743 514203824 332 
25744 25744 514205766 398 
25745 25745 514207708 356 
25746 25746 514209652 298 
25747 25747 514211594 374 
25748 25748 514213536 314 
25749 25749 514215480 414 
25750 25750 514217422 318 
25751 25751 514219364 280 
25752 25752 514221308 358 
25753 25753 514223252 418 
25754 25754 514225194 394 
25755 25755 514227136 394 
25756 25756 514229080 394 
25757 25757 514231022 358 
25758 25758 514232966 374 
25759 25759 514234908 316 
25760 25760 514237500 400 
25761 25761 514240738 280 
25762 25762 514244616 414 
25763 25763 514248506 394 
25764 25764 514251746 338 
25765 25765 514254984 286 
25766 25766 514257572 354 
25767 25767 514260162 392 
25768 25768 514262752 338 
25769 25769 514265342 394 
25770 25770 514267284 318 
25771 25771 514269226 416 
25772 25772 514271170 284 
25773 25773 514273112 390 
25774 25774 514275056 356 
25775 25775 514276998 294 
25776 25776 514278936 334 
25777 25777 514280880 372 
25778 25778 514283472 318 
25779 25779 514286062 290 
25780 25780 514288652 394 
25781 25781 514291892 352 
25782 25782 514295128 374 
25783 25783 514299658 332 
25784 25784 514306776 340 
25785 25785 514311312 414 
25786 25786 514315198 480 
25787 25787 514319082 374 
25788 25788 514322320 394 
25789 25789 514325558 352 
25790 25790 514328796 314 
25791 25791 514332028 312 
25792 25792 514335262 418 
25793 25793 514338500 412 
25794 25794 514341738 394 
25795 25795 514345622 354 
25796 25796 514350160 414 
25797 25797 514356634 414 
25798 25798 514368286 398 
25799 25799 514373464 356 
25800 25800 514379290 288 
25801 25801 514385116 394 
25802 25802 514390944 314 
25803 25803 514396122 358 
25804 25804 514401302 314 
25805 25805 514406480 292 
25806 25806 514411658 294 
25807 25807 514417484 336 
25808 25808 514425898 374 
25809 25809 514449848 372 
25810 25810 514458268 318 
25811 25811 514466036 352 
25812 25812 514472510 284 
25813 25813 514480928 416 
25814 25814 514502290 414 
25815 25815 514508118 278 
25816 25816 514514592 378 
25817 25817 514521068 280 
25818 25818 514526248 374 
25819 25819 514532720 352 
25820 25820 514539844 394 
25821 25821 514551492 310 
25822 25822 514573508 314 
25823 25823 514606524 374 
25824 25824 514611702 568 
25825 25825 514622704 314 
25826 25826 514631124 414 
25827 25827 514642128 280 
25828 25828 514657022 318 
25829 25829 514666080 284 
25830 25830 514677092 394 
25831 25831 514700396 314 
25832 25832 514713988 334 
25833 25833 514723696 282 
25834 25834 514737292 350 
25835 25835 514751530 376 
25836 25836 514769008 314 
25837 25837 514783898 316 
25838 25838 514797492 378 
25839 25839 514812386 354 
25840 25840 514827272 390 
25841 25841 514839572 370 
25842 25842 514853812 378 
25843 25843 514870002 334 
25844 25844 514890716 294 
25845 25845 514904958 314 
25846 25846 514919854 318 
25847 25847 514935390 374 
25848 25848 514947686 374 
25849 25849 514961928 314 
25850 25850 514977470 354 
25851 25851 515000768 280 
25852 25852 515015012 414 
25853 25853 515030556 282 
25854 25854 515046734 316 
25855 25855 515050622 412 
25856 25856 515053860 418 
25857 25857 515057098 334 
25858 25858 515087346 334 
