48507 48507 1839508848 
48508 48508 1839510884 
48509 48509 1839512826 
48510 48510 1839514768 
48511 48511 1839516710 
48512 48512 1839518650 
48513 48513 1839520592 
48514 48514 1839522534 
48515 48515 1839524474 
48516 48516 1839526416 
48517 48517 1839528358 
48518 48518 1839530298 
48519 48519 1839532242 
48520 48520 1839534184 
48521 48521 1839536124 
48522 48522 1839538068 
48523 48523 1839540010 
48524 48524 1839541952 
48525 48525 1839543892 
48526 48526 1839545834 
48527 48527 1839547776 
48528 48528 1839549716 
48529 48529 1839551658 
48530 48530 1839553600 
48531 48531 1839555544 
48532 48532 1839557486 
48533 48533 1839559428 
48534 48534 1839561368 
48535 48535 1839563310 
48536 48536 1839565252 
48537 48537 1839567194 
48538 48538 1839569134 
48539 48539 1839571076 
48540 48540 1839573018 
48541 48541 1839574958 
48542 48542 1839576900 
48543 48543 1839578842 
48544 48544 1839580782 
48545 48545 1839582724 
48546 48546 1839584662 
48547 48547 1839586602 
48548 48548 1839588548 
48549 48549 1839590490 
48550 48550 1839592432 
48551 48551 1839594374 
48552 48552 1839596314 
48553 48553 1839598256 
48554 48554 1839600198 
48555 48555 1839602140 
48556 48556 1839604080 
48557 48557 1839606022 
48558 48558 1839607964 
48559 48559 1839609906 
48560 48560 1839611848 
48561 48561 1839613788 
48562 48562 1839615730 
48563 48563 1839617676 
48564 48564 1839619620 
48565 48565 1839621562 
48566 48566 1839623502 
48567 48567 1839625444 
48568 48568 1839627386 
48569 48569 1839629326 
48570 48570 1839631268 
48571 48571 1839633210 
48572 48572 1839635152 
48573 48573 1839637092 
48574 48574 1839639034 
48575 48575 1839640976 
48576 48576 1839642918 
48577 48577 1839644858 
48578 48578 1839646800 
48579 48579 1839648742 
48580 48580 1839650684 
48581 48581 1839652622 
48582 48582 1839654566 
48583 48583 1839656508 
48584 48584 1839658450 
48585 48585 1839660392 
48586 48586 1839662334 
48587 48587 1839664276 
48588 48588 1839666216 
48589 48589 1839668158 
48590 48590 1839670100 
48591 48591 1839672042 
48592 48592 1839673984 
48593 48593 1839675924 
48594 48594 1839677866 
48595 48595 1839679806 
48596 48596 1839681748 
48597 48597 1839683686 
48598 48598 1839685630 
48599 48599 1839687572 
48600 48600 1839689514 
48601 48601 1839691456 
48602 48602 1839693398 
48603 48603 1839695340 
48604 48604 1839697280 
48605 48605 1839699222 
48606 48606 1839701164 
48607 48607 1839703106 
48608 48608 1839705046 
48609 48609 1839706988 
48610 48610 1839708930 
48611 48611 1839710870 
48612 48612 1839712812 
48613 48613 1839714754 
48614 48614 1839716696 
48615 48615 1839718634 
48616 48616 1839720578 
48617 48617 1839722520 
48618 48618 1839724462 
48619 48619 1839726402 
48620 48620 1839728344 
48621 48621 1839730286 
48622 48622 1839732228 
48623 48623 1839734170 
48624 48624 1839736110 
48625 48625 1839738052 
48626 48626 1839739994 
48627 48627 1839741934 
48628 48628 1839743876 
48629 48629 1839745818 
48630 48630 1839747760 
48631 48631 1839749700 
48632 48632 1839751640 
48633 48633 1839753582 
48634 48634 1839755526 
48635 48635 1839757466 
48636 48636 1839759408 
48637 48637 1839761350 
48638 48638 1839763292 
48639 48639 1839765232 
48640 48640 1839767174 
48641 48641 1839769116 
48642 48642 1839771058 
48643 48643 1839773000 
48644 48644 1839774942 
48645 48645 1839776884 
48646 48646 1839778826 
48647 48647 1839780766 
48648 48648 1839782708 
48649 48649 1839784646 
48650 48650 1839786590 
48651 48651 1839788530 
48652 48652 1839790470 
48653 48653 1839792412 
48654 48654 1839794354 
48655 48655 1839796296 
48656 48656 1839798238 
48657 48657 1839800180 
48658 48658 1839802122 
48659 48659 1839804062 
48660 48660 1839806004 
48661 48661 1839807950 
48662 48662 1839809892 
48663 48663 1839811834 
48664 48664 1839813776 
48665 48665 1839815718 
48666 48666 1839817660 
48667 48667 1839819600 
48668 48668 1839821542 
48669 48669 1839823484 
48670 48670 1839825422 
48671 48671 1839827364 
48672 48672 1839829308 
48673 48673 1839831250 
48674 48674 1839833192 
48675 48675 1839835134 
48676 48676 1839837076 
48677 48677 1839839016 
48678 48678 1839840958 
48679 48679 1839842900 
48680 48680 1839844838 
48681 48681 1839846778 
48682 48682 1839848720 
48683 48683 1839850662 
48684 48684 1839852606 
48685 48685 1839854550 
48686 48686 1839856490 
48687 48687 1839858432 
48688 48688 1839860374 
48689 48689 1839862314 
48690 48690 1839864256 
48691 48691 1839866198 
48692 48692 1839868140 
48693 48693 1839870082 
48694 48694 1839872024 
48695 48695 1839873966 
48696 48696 1839875906 
48697 48697 1839877848 
48698 48698 1839879790 
48699 48699 1839881732 
48700 48700 1839883674 
48701 48701 1839885614 
48702 48702 1839887556 
48703 48703 1839889498 
48704 48704 1839891438 
48705 48705 1839893380 
48706 48706 1839895318 
48707 48707 1839897256 
48708 48708 1839899196 
48709 48709 1839901142 
48710 48710 1839903084 
48711 48711 1839905026 
48712 48712 1839906966 
48713 48713 1839908908 
48714 48714 1839910850 
48715 48715 1839912792 
48716 48716 1839914734 
48717 48717 1839916674 
48718 48718 1839918616 
48719 48719 1839920558 
48720 48720 1839922500 
48721 48721 1839924440 
48722 48722 1839926382 
48723 48723 1839928324 
48724 48724 1839930264 
48725 48725 1839932202 
48726 48726 1839934146 
48727 48727 1839936084 
48728 48728 1839938028 
48729 48729 1839939968 
48730 48730 1839941910 
48731 48731 1839943854 
48732 48732 1839945798 
48733 48733 1839947738 
48734 48734 1839949678 
48735 48735 1839951622 
48736 48736 1839953564 
48737 48737 1839955506 
48738 48738 1839957448 
48739 48739 1839959386 
48740 48740 1839961330 
48741 48741 1839963272 
48742 48742 1839965214 
48743 48743 1839967154 
48744 48744 1839969096 
48745 48745 1839971038 
48746 48746 1839972976 
48747 48747 1839974920 
48748 48748 1839976858 
48749 48749 1839978804 
48750 48750 1839980746 
48751 48751 1839982688 
48752 48752 1839984628 
48753 48753 1839986566 
48754 48754 1839988508 
48755 48755 1839990448 
48756 48756 1839992390 
48757 48757 1839994332 
48758 48758 1839996274 
48759 48759 1839998218 
48760 48760 1840000156 
48761 48761 1840002100 
48762 48762 1840004042 
48763 48763 1840005980 
48764 48764 1840007924 
48765 48765 1840009868 
48766 48766 1840011808 
48767 48767 1840013750 
48768 48768 1840015688 
48769 48769 1840017628 
48770 48770 1840019568 
48771 48771 1840021510 
48772 48772 1840023452 
48773 48773 1840025392 
48774 48774 1840027334 
48775 48775 1840029274 
48776 48776 1840031216 
48777 48777 1840033158 
48778 48778 1840035102 
48779 48779 1840037044 
48780 48780 1840038986 
48781 48781 1840040926 
48782 48782 1840042868 
48783 48783 1840044810 
48784 48784 1840046750 
48785 48785 1840048692 
48786 48786 1840050634 
48787 48787 1840052576 
48788 48788 1840054518 
48789 48789 1840056458 
48790 48790 1840058400 
48791 48791 1840060342 
48792 48792 1840062284 
48793 48793 1840064226 
48794 48794 1840066166 
48795 48795 1840068108 
48796 48796 1840070050 
48797 48797 1840071992 
48798 48798 1840073934 
48799 48799 1840075874 
48800 48800 1840077816 
48801 48801 1840079758 
48802 48802 1840081698 
48803 48803 1840083640 
48804 48804 1840085582 
48805 48805 1840087522 
48806 48806 1840089464 
48807 48807 1840091406 
48808 48808 1840093346 
48809 48809 1840095288 
48810 48810 1840097230 
48811 48811 1840099172 
48812 48812 1840101114 
48813 48813 1840103054 
48814 48814 1840104996 
48815 48815 1840106938 
48816 48816 1840108880 
48817 48817 1840110822 
48818 48818 1840112764 
48819 48819 1840114702 
48820 48820 1840116642 
48821 48821 1840118584 
48822 48822 1840120526 
48823 48823 1840122468 
48824 48824 1840124410 
48825 48825 1840126350 
48826 48826 1840128292 
48827 48827 1840130234 
48828 48828 1840132176 
48829 48829 1840134116 
48830 48830 1840136058 
48831 48831 1840138000 
48832 48832 1840139940 
48833 48833 1840141882 
48834 48834 1840143824 
48835 48835 1840145766 
48836 48836 1840147710 
48837 48837 1840149652 
48838 48838 1840151592 
48839 48839 1840153534 
48840 48840 1840155476 
48841 48841 1840157418 
48842 48842 1840159358 
48843 48843 1840161300 
48844 48844 1840163242 
48845 48845 1840165182 
48846 48846 1840167124 
48847 48847 1840169066 
48848 48848 1840171006 
48849 48849 1840172948 
48850 48850 1840174890 
48851 48851 1840176832 
48852 48852 1840178774 
48853 48853 1840180714 
48854 48854 1840182656 
48855 48855 1840184598 
48856 48856 1840186540 
48857 48857 1840188480 
48858 48858 1840190422 
48859 48859 1840192364 
48860 48860 1840194306 
48861 48861 1840196248 
48862 48862 1840198186 
48863 48863 1840200128 
48864 48864 1840202070 
48865 48865 1840204014 
48866 48866 1840205956 
48867 48867 1840207898 
48868 48868 1840209840 
48869 48869 1840211784 
48870 48870 1840213726 
48871 48871 1840215668 
48872 48872 1840217610 
48873 48873 1840219552 
48874 48874 1840221494 
48875 48875 1840223436 
48876 48876 1840225374 
48877 48877 1840227316 
48878 48878 1840229258 
48879 48879 1840231202 
48880 48880 1840233146 
48881 48881 1840235088 
48882 48882 1840237030 
48883 48883 1840238970 
48884 48884 1840240912 
48885 48885 1840242854 
48886 48886 1840244796 
48887 48887 1840246738 
48888 48888 1840248680 
48889 48889 1840250620 
48890 48890 1840252562 
48891 48891 1840254504 
48892 48892 1840256446 
48893 48893 1840258386 
48894 48894 1840260328 
48895 48895 1840262270 
48896 48896 1840264210 
48897 48897 1840266152 
48898 48898 1840268094 
48899 48899 1840270036 
48900 48900 1840271978 
48901 48901 1840273920 
48902 48902 1840275862 
48903 48903 1840277802 
48904 48904 1840279744 
48905 48905 1840281686 
48906 48906 1840283628 
48907 48907 1840285570 
48908 48908 1840287512 
48909 48909 1840289454 
48910 48910 1840291396 
48911 48911 1840293336 
48912 48912 1840295278 
48913 48913 1840297220 
48914 48914 1840299158 
48915 48915 1840301098 
48916 48916 1840303040 
48917 48917 1840304982 
48918 48918 1840306922 
48919 48919 1840308864 
48920 48920 1840310806 
48921 48921 1840312748 
48922 48922 1840314688 
48923 48923 1840316630 
48924 48924 1840318572 
48925 48925 1840320514 
48926 48926 1840322458 
48927 48927 1840324402 
48928 48928 1840326342 
48929 48929 1840328284 
48930 48930 1840330226 
48931 48931 1840332166 
48932 48932 1840334108 
48933 48933 1840336050 
48934 48934 1840337990 
48935 48935 1840339932 
48936 48936 1840341874 
48937 48937 1840343814 
48938 48938 1840345756 
48939 48939 1840347698 
48940 48940 1840349640 
48941 48941 1840351580 
48942 48942 1840353522 
48943 48943 1840355464 
48944 48944 1840357406 
48945 48945 1840359348 
48946 48946 1840361288 
48947 48947 1840363230 
48948 48948 1840365172 
48949 48949 1840367114 
48950 48950 1840369056 
48951 48951 1840370996 
48952 48952 1840372938 
48953 48953 1840374880 
48954 48954 1840376822 
48955 48955 1840378762 
48956 48956 1840380704 
48957 48957 1840382646 
48958 48958 1840384588 
48959 48959 1840386530 
48960 48960 1840388470 
48961 48961 1840390412 
48962 48962 1840392354 
48963 48963 1840394296 
48964 48964 1840396238 
48965 48965 1840398180 
48966 48966 1840400122 
48967 48967 1840402064 
48968 48968 1840404006 
48969 48969 1840405948 
48970 48970 1840407890 
48971 48971 1840409832 
48972 48972 1840411772 
48973 48973 1840413714 
48974 48974 1840415656 
48975 48975 1840417598 
48976 48976 1840419540 
48977 48977 1840421480 
48978 48978 1840423422 
48979 48979 1840425364 
48980 48980 1840427306 
48981 48981 1840429248 
48982 48982 1840431190 
48983 48983 1840433130 
48984 48984 1840435072 
48985 48985 1840437014 
48986 48986 1840438956 
48987 48987 1840440898 
48988 48988 1840442840 
48989 48989 1840444782 
48990 48990 1840446724 
48991 48991 1840448666 
48992 48992 1840450608 
48993 48993 1840452550 
48994 48994 1840454490 
48995 48995 1840456432 
48996 48996 1840458372 
48997 48997 1840460312 
48998 48998 1840462254 
48999 48999 1840464198 
49000 49000 1840466138 
49001 49001 1840468080 
49002 49002 1840470024 
49003 49003 1840471968 
49004 49004 1840473908 
49005 49005 1840475850 
49006 49006 1840477790 
49007 49007 1840479730 
49008 49008 1840481672 
49009 49009 1840483614 
49010 49010 1840485554 
49011 49011 1840487496 
49012 49012 1840489438 
49013 49013 1840491380 
49014 49014 1840493322 
49015 49015 1840495264 
49016 49016 1840497208 
49017 49017 1840499150 
49018 49018 1840501092 
49019 49019 1840503034 
49020 49020 1840504972 
49021 49021 1840506912 
49022 49022 1840508854 
49023 49023 1840510796 
49024 49024 1840512738 
49025 49025 1840514680 
49026 49026 1840516622 
49027 49027 1840518566 
49028 49028 1840520510 
49029 49029 1840522452 
49030 49030 1840524394 
49031 49031 1840526336 
49032 49032 1840528278 
49033 49033 1840530220 
49034 49034 1840532162 
49035 49035 1840534104 
49036 49036 1840536046 
49037 49037 1840537988 
49038 49038 1840539930 
49039 49039 1840541872 
49040 49040 1840543814 
49041 49041 1840545756 
49042 49042 1840547698 
49043 49043 1840549640 
49044 49044 1840551582 
49045 49045 1840553522 
49046 49046 1840555464 
49047 49047 1840557406 
49048 49048 1840559348 
49049 49049 1840561290 
49050 49050 1840563232 
49051 49051 1840565174 
49052 49052 1840567114 
49053 49053 1840569056 
49054 49054 1840570998 
49055 49055 1840572940 
49056 49056 1840574882 
49057 49057 1840576824 
49058 49058 1840578762 
49059 49059 1840580702 
49060 49060 1840582644 
49061 49061 1840584590 
49062 49062 1840586532 
49063 49063 1840588474 
49064 49064 1840590414 
49065 49065 1840592356 
49066 49066 1840594298 
49067 49067 1840596240 
49068 49068 1840598182 
49069 49069 1840600122 
49070 49070 1840602064 
49071 49071 1840604006 
49072 49072 1840605948 
49073 49073 1840607888 
49074 49074 1840609830 
49075 49075 1840611772 
49076 49076 1840613714 
49077 49077 1840615656 
49078 49078 1840617598 
49079 49079 1840619536 
49080 49080 1840621476 
49081 49081 1840623418 
49082 49082 1840625360 
49083 49083 1840627302 
49084 49084 1840629242 
49085 49085 1840631188 
49086 49086 1840633130 
49087 49087 1840635070 
49088 49088 1840637012 
49089 49089 1840638954 
49090 49090 1840640894 
49091 49091 1840642836 
49092 49092 1840644778 
49093 49093 1840646720 
49094 49094 1840648660 
49095 49095 1840650602 
49096 49096 1840652544 
49097 49097 1840654486 
49098 49098 1840656428 
49099 49099 1840658370 
49100 49100 1840660310 
49101 49101 1840662252 
49102 49102 1840664194 
49103 49103 1840666132 
49104 49104 1840668074 
49105 49105 1840670016 
49106 49106 1840671958 
49107 49107 1840673902 
49108 49108 1840675844 
49109 49109 1840677786 
49110 49110 1840679728 
49111 49111 1840681668 
49112 49112 1840683610 
49113 49113 1840685552 
49114 49114 1840687492 
49115 49115 1840689434 
49116 49116 1840691376 
49117 49117 1840693318 
49118 49118 1840695260 
49119 49119 1840697200 
49120 49120 1840699142 
49121 49121 1840701084 
49122 49122 1840703026 
49123 49123 1840704966 
49124 49124 1840706908 
49125 49125 1840708850 
49126 49126 1840710792 
49127 49127 1840712732 
49128 49128 1840714674 
49129 49129 1840716616 
49130 49130 1840718556 
49131 49131 1840720498 
49132 49132 1840722440 
49133 49133 1840724380 
49134 49134 1840726322 
49135 49135 1840728264 
49136 49136 1840730206 
49137 49137 1840732146 
49138 49138 1840734088 
49139 49139 1840736026 
49140 49140 1840737966 
49141 49141 1840739908 
49142 49142 1840741852 
49143 49143 1840743794 
49144 49144 1840745736 
49145 49145 1840747678 
49146 49146 1840749620 
49147 49147 1840751560 
49148 49148 1840753502 
49149 49149 1840755444 
49150 49150 1840757386 
49151 49151 1840759324 
49152 49152 1840761266 
49153 49153 1840763210 
49154 49154 1840765152 
49155 49155 1840767094 
49156 49156 1840769036 
49157 49157 1840770976 
49158 49158 1840772918 
49159 49159 1840774858 
49160 49160 1840776800 
49161 49161 1840778742 
49162 49162 1840780682 
49163 49163 1840782624 
49164 49164 1840784566 
49165 49165 1840786508 
49166 49166 1840788450 
49167 49167 1840790390 
49168 49168 1840792330 
49169 49169 1840794270 
49170 49170 1840796212 
49171 49171 1840798158 
49172 49172 1840800100 
49173 49173 1840802042 
49174 49174 1840803984 
49175 49175 1840805926 
49176 49176 1840807866 
49177 49177 1840809808 
49178 49178 1840811750 
49179 49179 1840813692 
49180 49180 1840815630 
49181 49181 1840817572 
49182 49182 1840819516 
49183 49183 1840821460 
49184 49184 1840823402 
49185 49185 1840825342 
49186 49186 1840827284 
49187 49187 1840829226 
49188 49188 1840831168 
49189 49189 1840833108 
49190 49190 1840835050 
49191 49191 1840836992 
49192 49192 1840838932 
49193 49193 1840840874 
49194 49194 1840842816 
49195 49195 1840844756 
49196 49196 1840846698 
49197 49197 1840848638 
49198 49198 1840850580 
49199 49199 1840852522 
49200 49200 1840854462 
49201 49201 1840856404 
49202 49202 1840858346 
49203 49203 1840860288 
49204 49204 1840862228 
49205 49205 1840864170 
49206 49206 1840866112 
49207 49207 1840868054 
49208 49208 1840869996 
49209 49209 1840871936 
49210 49210 1840873878 
49211 49211 1840875820 
49212 49212 1840877762 
49213 49213 1840879704 
49214 49214 1840881644 
49215 49215 1840883582 
49216 49216 1840885528 
49217 49217 1840887470 
49218 49218 1840889412 
49219 49219 1840891354 
49220 49220 1840893296 
49221 49221 1840895236 
49222 49222 1840897178 
49223 49223 1840899120 
49224 49224 1840901062 
49225 49225 1840903004 
49226 49226 1840904946 
49227 49227 1840906888 
49228 49228 1840908832 
49229 49229 1840910772 
49230 49230 1840912714 
49231 49231 1840914654 
49232 49232 1840916598 
49233 49233 1840918540 
49234 49234 1840920482 
49235 49235 1840922424 
49236 49236 1840924366 
49237 49237 1840926308 
49238 49238 1840928250 
49239 49239 1840930192 
49240 49240 1840932134 
49241 49241 1840934072 
49242 49242 1840936016 
49243 49243 1840937960 
49244 49244 1840939902 
49245 49245 1840941844 
49246 49246 1840943784 
49247 49247 1840945726 
49248 49248 1840947668 
49249 49249 1840949608 
49250 49250 1840951550 
49251 49251 1840953492 
49252 49252 1840955428 
49253 49253 1840957372 
49254 49254 1840959314 
49255 49255 1840961256 
49256 49256 1840963198 
49257 49257 1840965138 
49258 49258 1840967078 
49259 49259 1840969020 
49260 49260 1840970962 
49261 49261 1840972902 
49262 49262 1840974844 
49263 49263 1840976786 
49264 49264 1840978726 
49265 49265 1840980668 
49266 49266 1840982610 
49267 49267 1840984550 
49268 49268 1840986492 
49269 49269 1840988434 
49270 49270 1840990372 
49271 49271 1840992316 
49272 49272 1840994258 
49273 49273 1840996198 
49274 49274 1840998140 
49275 49275 1841000082 
49276 49276 1841002022 
49277 49277 1841003964 
49278 49278 1841005906 
49279 49279 1841007848 
49280 49280 1841009788 
49281 49281 1841011730 
49282 49282 1841013672 
49283 49283 1841015612 
49284 49284 1841017554 
49285 49285 1841019496 
49286 49286 1841021438 
49287 49287 1841023380 
49288 49288 1841025318 
49289 49289 1841027258 
49290 49290 1841029202 
49291 49291 1841031142 
49292 49292 1841033086 
49293 49293 1841035028 
49294 49294 1841036968 
49295 49295 1841038910 
49296 49296 1841040852 
49297 49297 1841042794 
49298 49298 1841044736 
49299 49299 1841046676 
49300 49300 1841048618 
49301 49301 1841050560 
49302 49302 1841052502 
49303 49303 1841054442 
49304 49304 1841056384 
49305 49305 1841058326 
49306 49306 1841060268 
49307 49307 1841062206 
49308 49308 1841064150 
49309 49309 1841066088 
49310 49310 1841068030 
49311 49311 1841069972 
49312 49312 1841071912 
49313 49313 1841073858 
49314 49314 1841075800 
49315 49315 1841077742 
49316 49316 1841079684 
49317 49317 1841081624 
49318 49318 1841083566 
49319 49319 1841085508 
49320 49320 1841087450 
49321 49321 1841089392 
49322 49322 1841091332 
49323 49323 1841093274 
49324 49324 1841095214 
49325 49325 1841097154 
49326 49326 1841099096 
49327 49327 1841101038 
49328 49328 1841102978 
49329 49329 1841104920 
49330 49330 1841106862 
49331 49331 1841108808 
49332 49332 1841110750 
49333 49333 1841112688 
49334 49334 1841114630 
49335 49335 1841116574 
49336 49336 1841118514 
49337 49337 1841120458 
49338 49338 1841122394 
49339 49339 1841124332 
49340 49340 1841126278 
49341 49341 1841128220 
49342 49342 1841130158 
49343 49343 1841132102 
49344 49344 1841134040 
49345 49345 1841135982 
49346 49346 1841137926 
49347 49347 1841139868 
49348 49348 1841141808 
49349 49349 1841143750 
49350 49350 1841145694 
49351 49351 1841147636 
49352 49352 1841149574 
49353 49353 1841151518 
49354 49354 1841153456 
49355 49355 1841155400 
49356 49356 1841157338 
49357 49357 1841159278 
49358 49358 1841161220 
49359 49359 1841163160 
49360 49360 1841165102 
49361 49361 1841167044 
49362 49362 1841168984 
49363 49363 1841170926 
49364 49364 1841172868 
49365 49365 1841174810 
49366 49366 1841176752 
49367 49367 1841178692 
49368 49368 1841180634 
49369 49369 1841182576 
49370 49370 1841184518 
49371 49371 1841186458 
49372 49372 1841188404 
49373 49373 1841190346 
49374 49374 1841192288 
49375 49375 1841194230 
49376 49376 1841196168 
49377 49377 1841198108 
49378 49378 1841200050 
49379 49379 1841201990 
49380 49380 1841203932 
49381 49381 1841205876 
49382 49382 1841207820 
49383 49383 1841209762 
49384 49384 1841211702 
49385 49385 1841213644 
49386 49386 1841215586 
49387 49387 1841217526 
49388 49388 1841219468 
49389 49389 1841221410 
49390 49390 1841223352 
49391 49391 1841225294 
49392 49392 1841227236 
49393 49393 1841229178 
49394 49394 1841231120 
49395 49395 1841233060 
49396 49396 1841235002 
49397 49397 1841236944 
49398 49398 1841238886 
49399 49399 1841240828 
49400 49400 1841242770 
49401 49401 1841244708 
49402 49402 1841246648 
49403 49403 1841248590 
49404 49404 1841250532 
49405 49405 1841252474 
49406 49406 1841254418 
49407 49407 1841256362 
49408 49408 1841258302 
49409 49409 1841260244 
49410 49410 1841262186 
49411 49411 1841264126 
49412 49412 1841266066 
49413 49413 1841268012 
49414 49414 1841269954 
49415 49415 1841271896 
49416 49416 1841273838 
49417 49417 1841275780 
49418 49418 1841277722 
49419 49419 1841279664 
49420 49420 1841281606 
49421 49421 1841283548 
49422 49422 1841285486 
49423 49423 1841287430 
49424 49424 1841289372 
49425 49425 1841291314 
49426 49426 1841293256 
49427 49427 1841295198 
49428 49428 1841297140 
49429 49429 1841299082 
49430 49430 1841301024 
49431 49431 1841302966 
49432 49432 1841304908 
49433 49433 1841306850 
49434 49434 1841308792 
49435 49435 1841310734 
49436 49436 1841312676 
49437 49437 1841314616 
49438 49438 1841316556 
49439 49439 1841318496 
49440 49440 1841320440 
49441 49441 1841322384 
49442 49442 1841324326 
49443 49443 1841326268 
49444 49444 1841328210 
49445 49445 1841330152 
49446 49446 1841332094 
49447 49447 1841334036 
49448 49448 1841335978 
49449 49449 1841337920 
49450 49450 1841339862 
49451 49451 1841341804 
49452 49452 1841343746 
49453 49453 1841345686 
49454 49454 1841347628 
49455 49455 1841349570 
49456 49456 1841351512 
49457 49457 1841353454 
49458 49458 1841355392 
49459 49459 1841357334 
49460 49460 1841359276 
49461 49461 1841361220 
49462 49462 1841363164 
49463 49463 1841365106 
49464 49464 1841367046 
49465 49465 1841368988 
49466 49466 1841370930 
49467 49467 1841372872 
49468 49468 1841374814 
49469 49469 1841376756 
49470 49470 1841378698 
49471 49471 1841380638 
49472 49472 1841382580 
49473 49473 1841384522 
49474 49474 1841386464 
49475 49475 1841388404 
49476 49476 1841390346 
49477 49477 1841392288 
49478 49478 1841394230 
49479 49479 1841396172 
49480 49480 1841398114 
49481 49481 1841400056 
49482 49482 1841401998 
49483 49483 1841403938 
49484 49484 1841405880 
49485 49485 1841407822 
49486 49486 1841409764 
49487 49487 1841411704 
49488 49488 1841413646 
49489 49489 1841415588 
49490 49490 1841417530 
49491 49491 1841419472 
49492 49492 1841421412 
49493 49493 1841423354 
49494 49494 1841425294 
49495 49495 1841427234 
49496 49496 1841429178 
49497 49497 1841431120 
49498 49498 1841433062 
49499 49499 1841435004 
49500 49500 1841436946 
49501 49501 1841438888 
49502 49502 1841440828 
49503 49503 1841442770 
49504 49504 1841444712 
49505 49505 1841446654 
49506 49506 1841448596 
49507 49507 1841450538 
49508 49508 1841452480 
49509 49509 1841454422 
49510 49510 1841456364 
49511 49511 1841458306 
49512 49512 1841460246 
49513 49513 1841462186 
49514 49514 1841464128 
49515 49515 1841466072 
49516 49516 1841468014 
49517 49517 1841469954 
49518 49518 1841471896 
49519 49519 1841473838 
49520 49520 1841475778 
49521 49521 1841477720 
49522 49522 1841479662 
49523 49523 1841481602 
49524 49524 1841483544 
49525 49525 1841485486 
49526 49526 1841487428 
49527 49527 1841489368 
49528 49528 1841491310 
49529 49529 1841493252 
49530 49530 1841495194 
49531 49531 1841497136 
49532 49532 1841499076 
49533 49533 1841501018 
49534 49534 1841502960 
49535 49535 1841504902 
49536 49536 1841506842 
49537 49537 1841508784 
49538 49538 1841510724 
49539 49539 1841512666 
49540 49540 1841514610 
49541 49541 1841516550 
49542 49542 1841518492 
49543 49543 1841520434 
49544 49544 1841522376 
49545 49545 1841524316 
49546 49546 1841526258 
49547 49547 1841528200 
49548 49548 1841530142 
49549 49549 1841532082 
49550 49550 1841534024 
49551 49551 1841535966 
49552 49552 1841537908 
49553 49553 1841539846 
49554 49554 1841541788 
49555 49555 1841543732 
49556 49556 1841545670 
49557 49557 1841547614 
49558 49558 1841549552 
49559 49559 1841551496 
49560 49560 1841553434 
49561 49561 1841555380 
49562 49562 1841557318 
49563 49563 1841559262 
49564 49564 1841561204 
49565 49565 1841563144 
49566 49566 1841565088 
49567 49567 1841567024 
49568 49568 1841568968 
49569 49569 1841570912 
49570 49570 1841572856 
49571 49571 1841574798 
49572 49572 1841576736 
49573 49573 1841578676 
49574 49574 1841580618 
49575 49575 1841582560 
49576 49576 1841584502 
49577 49577 1841586444 
49578 49578 1841588386 
49579 49579 1841590328 
49580 49580 1841592270 
49581 49581 1841594212 
49582 49582 1841596154 
49583 49583 1841598094 
49584 49584 1841600036 
49585 49585 1841601978 
49586 49586 1841603922 
49587 49587 1841605864 
49588 49588 1841607806 
49589 49589 1841609748 
49590 49590 1841611690 
49591 49591 1841613632 
49592 49592 1841615572 
49593 49593 1841617514 
49594 49594 1841619456 
49595 49595 1841621398 
49596 49596 1841623340 
49597 49597 1841625282 
49598 49598 1841627224 
49599 49599 1841629166 
49600 49600 1841631108 
49601 49601 1841633050 
49602 49602 1841634988 
49603 49603 1841636930 
49604 49604 1841638872 
49605 49605 1841640816 
49606 49606 1841642760 
49607 49607 1841644700 
49608 49608 1841646642 
49609 49609 1841648584 
49610 49610 1841650526 
49611 49611 1841652468 
49612 49612 1841654410 
49613 49613 1841656352 
49614 49614 1841658294 
49615 49615 1841660234 
49616 49616 1841662176 
49617 49617 1841664118 
49618 49618 1841666060 
49619 49619 1841668002 
49620 49620 1841669944 
49621 49621 1841671886 
49622 49622 1841673824 
49623 49623 1841675764 
49624 49624 1841677706 
49625 49625 1841679652 
49626 49626 1841681594 
49627 49627 1841683536 
49628 49628 1841685478 
49629 49629 1841687420 
49630 49630 1841689362 
49631 49631 1841691304 
49632 49632 1841693244 
49633 49633 1841695186 
49634 49634 1841697128 
49635 49635 1841699070 
49636 49636 1841701012 
49637 49637 1841702950 
49638 49638 1841704894 
49639 49639 1841706834 
49640 49640 1841708778 
49641 49641 1841710720 
49642 49642 1841712662 
49643 49643 1841714604 
49644 49644 1841716546 
49645 49645 1841718486 
49646 49646 1841720426 
49647 49647 1841722370 
49648 49648 1841724312 
49649 49649 1841726254 
49650 49650 1841728196 
49651 49651 1841730138 
49652 49652 1841732080 
49653 49653 1841734020 
49654 49654 1841735962 
49655 49655 1841737904 
49656 49656 1841739846 
49657 49657 1841741788 
49658 49658 1841743730 
49659 49659 1841745668 
49660 49660 1841747608 
49661 49661 1841749552 
49662 49662 1841751496 
49663 49663 1841753440 
49664 49664 1841755382 
49665 49665 1841757322 
49666 49666 1841759264 
49667 49667 1841761206 
49668 49668 1841763148 
49669 49669 1841765090 
49670 49670 1841767030 
49671 49671 1841768972 
49672 49672 1841770914 
49673 49673 1841772856 
49674 49674 1841774796 
49675 49675 1841776736 
49676 49676 1841778676 
49677 49677 1841780618 
49678 49678 1841782560 
49679 49679 1841784504 
49680 49680 1841786448 
49681 49681 1841788390 
49682 49682 1841790330 
49683 49683 1841792268 
49684 49684 1841794212 
49685 49685 1841796152 
49686 49686 1841798092 
49687 49687 1841800038 
49688 49688 1841801980 
49689 49689 1841803920 
49690 49690 1841805864 
49691 49691 1841807806 
49692 49692 1841809748 
49693 49693 1841811690 
49694 49694 1841813632 
49695 49695 1841815574 
49696 49696 1841817516 
49697 49697 1841819456 
49698 49698 1841821398 
49699 49699 1841823340 
49700 49700 1841825282 
49701 49701 1841827224 
49702 49702 1841829166 
49703 49703 1841831106 
49704 49704 1841833048 
49705 49705 1841834990 
49706 49706 1841836932 
49707 49707 1841838874 
49708 49708 1841840814 
49709 49709 1841842756 
49710 49710 1841844698 
49711 49711 1841846640 
49712 49712 1841848582 
49713 49713 1841850524 
49714 49714 1841852466 
49715 49715 1841854408 
49716 49716 1841856350 
49717 49717 1841858290 
49718 49718 1841860232 
49719 49719 1841862174 
49720 49720 1841864116 
49721 49721 1841866058 
49722 49722 1841868000 
49723 49723 1841869940 
49724 49724 1841871882 
49725 49725 1841873824 
49726 49726 1841875766 
49727 49727 1841877708 
49728 49728 1841879650 
49729 49729 1841881592 
49730 49730 1841883532 
49731 49731 1841885474 
49732 49732 1841887416 
49733 49733 1841889358 
49734 49734 1841891298 
49735 49735 1841893240 
49736 49736 1841895182 
49737 49737 1841897124 
49738 49738 1841899064 
49739 49739 1841901006 
49740 49740 1841902948 
49741 49741 1841904890 
49742 49742 1841906830 
49743 49743 1841908772 
49744 49744 1841910714 
49745 49745 1841912656 
49746 49746 1841914598 
49747 49747 1841916540 
49748 49748 1841918482 
49749 49749 1841920422 
49750 49750 1841922364 
49751 49751 1841924306 
49752 49752 1841926248 
49753 49753 1841928190 
49754 49754 1841930132 
49755 49755 1841932072 
49756 49756 1841934014 
49757 49757 1841935952 
49758 49758 1841937894 
49759 49759 1841939838 
49760 49760 1841941782 
49761 49761 1841943722 
49762 49762 1841945664 
49763 49763 1841947606 
49764 49764 1841949546 
49765 49765 1841951488 
49766 49766 1841953430 
49767 49767 1841955372 
49768 49768 1841957314 
49769 49769 1841959256 
49770 49770 1841961198 
49771 49771 1841963140 
49772 49772 1841965082 
49773 49773 1841967024 
49774 49774 1841968966 
49775 49775 1841970908 
49776 49776 1841972850 
49777 49777 1841974792 
49778 49778 1841976730 
49779 49779 1841978674 
49780 49780 1841980618 
49781 49781 1841982560 
49782 49782 1841984500 
49783 49783 1841986442 
49784 49784 1841988384 
49785 49785 1841990326 
49786 49786 1841992268 
49787 49787 1841994210 
49788 49788 1841996152 
49789 49789 1841998092 
49790 49790 1842000034 
49791 49791 1842001976 
49792 49792 1842003918 
49793 49793 1842005860 
49794 49794 1842007802 
49795 49795 1842009740 
49796 49796 1842011682 
49797 49797 1842013628 
49798 49798 1842015570 
49799 49799 1842017512 
49800 49800 1842019452 
49801 49801 1842021394 
49802 49802 1842023336 
49803 49803 1842025276 
49804 49804 1842027216 
49805 49805 1842029160 
49806 49806 1842031102 
49807 49807 1842033044 
49808 49808 1842034986 
49809 49809 1842036928 
49810 49810 1842038866 
49811 49811 1842040812 
49812 49812 1842042754 
49813 49813 1842044696 
49814 49814 1842046638 
49815 49815 1842048576 
49816 49816 1842050520 
49817 49817 1842052460 
49818 49818 1842054400 
49819 49819 1842056346 
49820 49820 1842058288 
49821 49821 1842060228 
49822 49822 1842062172 
49823 49823 1842064114 
49824 49824 1842066056 
49825 49825 1842067996 
49826 49826 1842069940 
49827 49827 1842071884 
49828 49828 1842073826 
49829 49829 1842075768 
49830 49830 1842077710 
49831 49831 1842079652 
49832 49832 1842081594 
49833 49833 1842083536 
49834 49834 1842085478 
49835 49835 1842087420 
49836 49836 1842089362 
49837 49837 1842091304 
49838 49838 1842093246 
49839 49839 1842095188 
49840 49840 1842097130 
49841 49841 1842099072 
49842 49842 1842101014 
49843 49843 1842102956 
49844 49844 1842104898 
49845 49845 1842106840 
49846 49846 1842108780 
49847 49847 1842110722 
49848 49848 1842112664 
49849 49849 1842114606 
49850 49850 1842116550 
49851 49851 1842118492 
49852 49852 1842120434 
49853 49853 1842122376 
49854 49854 1842124318 
49855 49855 1842126260 
49856 49856 1842128202 
49857 49857 1842130144 
49858 49858 1842132086 
49859 49859 1842134028 
49860 49860 1842135970 
49861 49861 1842137912 
49862 49862 1842139850 
49863 49863 1842141788 
49864 49864 1842143732 
49865 49865 1842145674 
49866 49866 1842147616 
49867 49867 1842149558 
49868 49868 1842151500 
49869 49869 1842153442 
49870 49870 1842155384 
49871 49871 1842157328 
49872 49872 1842159268 
49873 49873 1842161212 
49874 49874 1842163154 
49875 49875 1842165096 
49876 49876 1842167038 
49877 49877 1842168978 
49878 49878 1842170920 
49879 49879 1842172862 
49880 49880 1842174804 
49881 49881 1842176746 
49882 49882 1842178686 
49883 49883 1842180630 
49884 49884 1842182570 
49885 49885 1842184514 
49886 49886 1842186452 
49887 49887 1842188392 
49888 49888 1842190334 
49889 49889 1842192276 
49890 49890 1842194218 
49891 49891 1842196160 
49892 49892 1842198104 
49893 49893 1842200046 
49894 49894 1842201988 
49895 49895 1842203930 
49896 49896 1842205872 
49897 49897 1842207812 
49898 49898 1842209754 
49899 49899 1842211696 
49900 49900 1842213638 
49901 49901 1842215580 
49902 49902 1842217522 
49903 49903 1842219464 
49904 49904 1842221406 
49905 49905 1842223348 
49906 49906 1842225288 
49907 49907 1842227230 
49908 49908 1842229172 
49909 49909 1842231114 
49910 49910 1842233054 
49911 49911 1842234996 
49912 49912 1842236938 
49913 49913 1842238880 
49914 49914 1842240820 
49915 49915 1842242762 
49916 49916 1842244704 
49917 49917 1842246646 
49918 49918 1842248586 
49919 49919 1842250528 
49920 49920 1842252470 
49921 49921 1842254412 
49922 49922 1842256354 
49923 49923 1842258292 
49924 49924 1842260232 
49925 49925 1842262174 
49926 49926 1842264116 
49927 49927 1842266058 
49928 49928 1842268000 
49929 49929 1842269942 
49930 49930 1842271884 
49931 49931 1842273824 
49932 49932 1842275766 
49933 49933 1842277708 
49934 49934 1842279650 
49935 49935 1842281592 
49936 49936 1842283532 
49937 49937 1842285474 
49938 49938 1842287416 
49939 49939 1842289358 
49940 49940 1842291300 
49941 49941 1842293240 
49942 49942 1842295182 
49943 49943 1842297124 
49944 49944 1842299064 
49945 49945 1842301006 
49946 49946 1842302946 
49947 49947 1842304886 
49948 49948 1842306828 
49949 49949 1842308770 
49950 49950 1842310716 
49951 49951 1842312658 
49952 49952 1842314600 
49953 49953 1842316542 
49954 49954 1842318484 
49955 49955 1842320426 
49956 49956 1842322368 
49957 49957 1842324310 
49958 49958 1842326250 
49959 49959 1842328194 
49960 49960 1842330136 
49961 49961 1842332076 
49962 49962 1842334020 
49963 49963 1842335964 
49964 49964 1842337908 
49965 49965 1842339850 
49966 49966 1842341792 
49967 49967 1842343734 
49968 49968 1842345676 
49969 49969 1842347618 
49970 49970 1842349560 
49971 49971 1842351500 
49972 49972 1842353442 
49973 49973 1842355384 
49974 49974 1842357326 
49975 49975 1842359268 
49976 49976 1842361210 
49977 49977 1842363152 
49978 49978 1842365090 
49979 49979 1842367032 
49980 49980 1842368974 
49981 49981 1842370916 
49982 49982 1842372858 
49983 49983 1842374800 
49984 49984 1842376742 
49985 49985 1842378684 
49986 49986 1842380624 
49987 49987 1842382564 
49988 49988 1842384508 
49989 49989 1842386448 
49990 49990 1842388392 
49991 49991 1842390334 
49992 49992 1842392280 
49993 49993 1842394220 
49994 49994 1842396160 
49995 49995 1842398102 
49996 49996 1842400044 
49997 49997 1842401988 
49998 49998 1842403932 
49999 49999 1842405870 
50000 50000 1842407816 
50001 50001 1842409754 
50002 50002 1842411696 
50003 50003 1842413638 
50004 50004 1842415580 
50005 50005 1842417522 
50006 50006 1842419462 
50007 50007 1842421404 
50008 50008 1842423346 
50009 50009 1842425292 
50010 50010 1842427234 
50011 50011 1842429172 
50012 50012 1842431116 
50013 50013 1842433060 
50014 50014 1842435002 
50015 50015 1842436944 
50016 50016 1842438886 
50017 50017 1842440826 
50018 50018 1842442766 
50019 50019 1842444710 
50020 50020 1842446652 
50021 50021 1842448590 
50022 50022 1842450532 
50023 50023 1842452474 
50024 50024 1842454416 
50025 50025 1842456360 
50026 50026 1842458300 
50027 50027 1842460238 
50028 50028 1842462178 
50029 50029 1842464120 
50030 50030 1842466064 
50031 50031 1842468008 
50032 50032 1842469950 
50033 50033 1842471894 
50034 50034 1842473834 
50035 50035 1842475778 
50036 50036 1842477720 
50037 50037 1842479662 
50038 50038 1842481604 
50039 50039 1842483544 
50040 50040 1842485486 
50041 50041 1842487424 
50042 50042 1842489368 
50043 50043 1842491308 
50044 50044 1842493252 
50045 50045 1842495192 
50046 50046 1842497132 
50047 50047 1842499074 
50048 50048 1842501016 
50049 50049 1842502956 
50050 50050 1842504896 
50051 50051 1842506838 
50052 50052 1842508782 
50053 50053 1842510726 
50054 50054 1842512670 
50055 50055 1842514610 
50056 50056 1842516554 
50057 50057 1842518498 
50058 50058 1842520438 
50059 50059 1842522380 
50060 50060 1842524320 
50061 50061 1842526260 
50062 50062 1842528202 
50063 50063 1842530144 
50064 50064 1842532086 
50065 50065 1842534028 
50066 50066 1842535970 
50067 50067 1842537912 
50068 50068 1842539854 
50069 50069 1842541798 
50070 50070 1842543742 
50071 50071 1842545680 
50072 50072 1842547620 
50073 50073 1842549562 
50074 50074 1842551504 
50075 50075 1842553446 
50076 50076 1842555388 
50077 50077 1842557332 
50078 50078 1842559276 
50079 50079 1842561216 
50080 50080 1842563160 
50081 50081 1842565100 
50082 50082 1842567044 
50083 50083 1842568984 
50084 50084 1842570926 
50085 50085 1842572866 
50086 50086 1842574808 
50087 50087 1842576752 
50088 50088 1842578694 
50089 50089 1842580632 
50090 50090 1842582576 
50091 50091 1842584518 
50092 50092 1842586460 
50093 50093 1842588402 
50094 50094 1842590344 
50095 50095 1842592286 
50096 50096 1842594230 
50097 50097 1842596172 
50098 50098 1842598114 
50099 50099 1842600052 
50100 50100 1842601996 
50101 50101 1842603940 
50102 50102 1842605878 
50103 50103 1842607820 
50104 50104 1842609762 
50105 50105 1842611704 
50106 50106 1842613646 
50107 50107 1842615594 
50108 50108 1842617534 
50109 50109 1842619478 
50110 50110 1842621420 
50111 50111 1842623362 
50112 50112 1842625304 
50113 50113 1842627246 
50114 50114 1842629188 
50115 50115 1842631130 
50116 50116 1842633072 
50117 50117 1842635010 
50118 50118 1842636952 
50119 50119 1842638894 
50120 50120 1842640836 
50121 50121 1842642778 
50122 50122 1842644722 
50123 50123 1842646662 
50124 50124 1842648602 
50125 50125 1842650544 
50126 50126 1842652490 
50127 50127 1842654428 
50128 50128 1842656368 
50129 50129 1842658310 
50130 50130 1842660252 
50131 50131 1842662194 
50132 50132 1842664136 
50133 50133 1842666078 
50134 50134 1842668016 
50135 50135 1842669956 
50136 50136 1842671900 
50137 50137 1842673844 
50138 50138 1842675784 
50139 50139 1842677726 
50140 50140 1842679668 
50141 50141 1842681610 
50142 50142 1842683552 
50143 50143 1842685492 
50144 50144 1842687434 
50145 50145 1842689376 
50146 50146 1842691318 
50147 50147 1842693258 
50148 50148 1842695200 
50149 50149 1842697142 
50150 50150 1842699084 
50151 50151 1842701024 
50152 50152 1842702966 
50153 50153 1842704906 
50154 50154 1842706848 
50155 50155 1842708790 
50156 50156 1842710732 
50157 50157 1842712674 
50158 50158 1842714614 
50159 50159 1842716556 
50160 50160 1842718498 
50161 50161 1842720440 
50162 50162 1842722382 
50163 50163 1842724322 
50164 50164 1842726264 
50165 50165 1842728206 
50166 50166 1842730148 
50167 50167 1842732088 
50168 50168 1842734028 
50169 50169 1842735970 
50170 50170 1842737910 
50171 50171 1842739856 
50172 50172 1842741798 
50173 50173 1842743740 
50174 50174 1842745680 
50175 50175 1842747622 
50176 50176 1842749564 
50177 50177 1842751504 
50178 50178 1842753446 
50179 50179 1842755388 
50180 50180 1842757328 
50181 50181 1842759270 
50182 50182 1842761212 
50183 50183 1842763154 
50184 50184 1842765096 
50185 50185 1842767036 
50186 50186 1842768974 
50187 50187 1842770916 
50188 50188 1842772856 
50189 50189 1842774800 
50190 50190 1842776744 
50191 50191 1842778684 
50192 50192 1842780626 
50193 50193 1842782568 
50194 50194 1842784510 
50195 50195 1842786452 
50196 50196 1842788392 
50197 50197 1842790334 
50198 50198 1842792276 
50199 50199 1842794218 
50200 50200 1842796158 
50201 50201 1842798100 
50202 50202 1842800042 
50203 50203 1842801984 
50204 50204 1842803926 
50205 50205 1842805868 
50206 50206 1842807808 
50207 50207 1842809750 
50208 50208 1842811692 
50209 50209 1842813634 
50210 50210 1842815574 
50211 50211 1842817516 
50212 50212 1842819458 
50213 50213 1842821400 
50214 50214 1842823340 
50215 50215 1842825282 
50216 50216 1842827224 
50217 50217 1842829166 
50218 50218 1842831108 
50219 50219 1842833048 
50220 50220 1842834990 
50221 50221 1842836932 
50222 50222 1842838872 
50223 50223 1842840814 
50224 50224 1842842756 
50225 50225 1842844696 
50226 50226 1842846638 
50227 50227 1842848580 
50228 50228 1842850520 
50229 50229 1842852462 
50230 50230 1842854404 
50231 50231 1842856346 
50232 50232 1842858288 
50233 50233 1842860228 
50234 50234 1842862170 
50235 50235 1842864112 
50236 50236 1842866054 
50237 50237 1842867994 
50238 50238 1842869936 
50239 50239 1842871878 
50240 50240 1842873820 
50241 50241 1842875762 
50242 50242 1842877702 
50243 50243 1842879644 
50244 50244 1842881582 
50245 50245 1842883522 
50246 50246 1842885464 
50247 50247 1842887406 
50248 50248 1842889350 
50249 50249 1842891292 
50250 50250 1842893234 
50251 50251 1842895176 
50252 50252 1842897116 
50253 50253 1842899058 
50254 50254 1842901000 
50255 50255 1842902942 
50256 50256 1842904882 
50257 50257 1842906824 
50258 50258 1842908762 
50259 50259 1842910702 
50260 50260 1842912644 
50261 50261 1842914586 
50262 50262 1842916528 
50263 50263 1842918470 
50264 50264 1842920414 
50265 50265 1842922356 
50266 50266 1842924298 
50267 50267 1842926240 
50268 50268 1842928182 
50269 50269 1842930124 
50270 50270 1842932064 
50271 50271 1842934006 
50272 50272 1842935948 
50273 50273 1842937890 
50274 50274 1842939830 
50275 50275 1842941772 
50276 50276 1842943714 
50277 50277 1842945656 
50278 50278 1842947598 
50279 50279 1842949538 
50280 50280 1842951480 
50281 50281 1842953422 
50282 50282 1842955364 
50283 50283 1842957304 
50284 50284 1842959246 
50285 50285 1842961188 
50286 50286 1842963130 
50287 50287 1842965070 
50288 50288 1842967012 
50289 50289 1842968954 
50290 50290 1842970896 
50291 50291 1842972836 
50292 50292 1842974778 
50293 50293 1842976720 
50294 50294 1842978660 
50295 50295 1842980602 
50296 50296 1842982544 
50297 50297 1842984484 
50298 50298 1842986426 
50299 50299 1842988364 
50300 50300 1842990304 
50301 50301 1842992246 
50302 50302 1842994186 
50303 50303 1842996128 
50304 50304 1842998070 
50305 50305 1843000012 
50306 50306 1843001952 
50307 50307 1843003894 
50308 50308 1843005836 
50309 50309 1843007776 
50310 50310 1843009718 
50311 50311 1843011658 
50312 50312 1843013600 
50313 50313 1843015542 
50314 50314 1843017482 
50315 50315 1843019424 
50316 50316 1843021366 
50317 50317 1843023306 
50318 50318 1843025248 
50319 50319 1843027194 
50320 50320 1843029136 
50321 50321 1843031078 
50322 50322 1843033018 
50323 50323 1843034960 
50324 50324 1843036902 
50325 50325 1843038842 
50326 50326 1843040784 
50327 50327 1843042726 
50328 50328 1843044666 
50329 50329 1843046608 
50330 50330 1843048550 
50331 50331 1843050490 
50332 50332 1843052432 
50333 50333 1843054374 
50334 50334 1843056316 
50335 50335 1843058256 
50336 50336 1843060198 
50337 50337 1843062138 
50338 50338 1843064080 
50339 50339 1843066022 
50340 50340 1843067964 
50341 50341 1843069906 
50342 50342 1843071846 
50343 50343 1843073788 
50344 50344 1843075730 
50345 50345 1843077672 
50346 50346 1843079614 
50347 50347 1843081554 
50348 50348 1843083496 
50349 50349 1843085438 
50350 50350 1843087380 
50351 50351 1843089322 
50352 50352 1843091262 
50353 50353 1843093204 
50354 50354 1843095146 
50355 50355 1843097088 
50356 50356 1843099028 
50357 50357 1843100970 
50358 50358 1843102912 
50359 50359 1843104854 
50360 50360 1843106794 
50361 50361 1843108736 
50362 50362 1843110678 
50363 50363 1843112618 
50364 50364 1843114560 
50365 50365 1843116502 
50366 50366 1843118442 
50367 50367 1843120384 
50368 50368 1843122326 
50369 50369 1843124268 
50370 50370 1843126208 
50371 50371 1843128150 
50372 50372 1843130092 
50373 50373 1843132034 
50374 50374 1843133974 
50375 50375 1843135916 
50376 50376 1843137858 
50377 50377 1843139800 
50378 50378 1843141742 
50379 50379 1843143682 
50380 50380 1843145624 
50381 50381 1843147566 
50382 50382 1843149504 
50383 50383 1843151446 
50384 50384 1843153390 
50385 50385 1843155332 
50386 50386 1843157274 
50387 50387 1843159216 
50388 50388 1843161158 
50389 50389 1843163100 
50390 50390 1843165042 
50391 50391 1843166982 
50392 50392 1843168924 
50393 50393 1843170866 
50394 50394 1843172806 
50395 50395 1843174748 
50396 50396 1843176690 
50397 50397 1843178632 
50398 50398 1843180574 
50399 50399 1843182514 
50400 50400 1843184454 
50401 50401 1843186394 
50402 50402 1843188338 
50403 50403 1843190282 
50404 50404 1843192224 
50405 50405 1843194166 
50406 50406 1843196106 
50407 50407 1843198048 
50408 50408 1843199990 
50409 50409 1843201932 
50410 50410 1843203874 
50411 50411 1843205814 
50412 50412 1843207756 
50413 50413 1843209698 
50414 50414 1843211640 
50415 50415 1843213580 
50416 50416 1843215522 
50417 50417 1843217464 
50418 50418 1843219404 
50419 50419 1843221346 
50420 50420 1843223288 
50421 50421 1843225228 
50422 50422 1843227170 
50423 50423 1843229112 
50424 50424 1843231054 
50425 50425 1843232996 
50426 50426 1843234938 
50427 50427 1843236880 
50428 50428 1843238822 
50429 50429 1843240764 
50430 50430 1843242706 
50431 50431 1843244648 
50432 50432 1843246588 
50433 50433 1843248530 
50434 50434 1843250472 
50435 50435 1843252414 
50436 50436 1843254356 
50437 50437 1843256298 
50438 50438 1843258240 
50439 50439 1843260180 
50440 50440 1843262122 
50441 50441 1843264064 
50442 50442 1843266006 
50443 50443 1843267948 
50444 50444 1843269890 
50445 50445 1843271832 
50446 50446 1843273774 
50447 50447 1843275714 
50448 50448 1843277656 
50449 50449 1843279598 
50450 50450 1843281540 
50451 50451 1843283482 
50452 50452 1843285424 
50453 50453 1843287364 
50454 50454 1843289306 
50455 50455 1843291244 
50456 50456 1843293186 
50457 50457 1843295126 
50458 50458 1843297068 
50459 50459 1843299010 
50460 50460 1843300952 
50461 50461 1843302896 
50462 50462 1843304838 
50463 50463 1843306778 
50464 50464 1843308720 
50465 50465 1843310662 
50466 50466 1843312602 
50467 50467 1843314540 
50468 50468 1843316482 
50469 50469 1843318426 
50470 50470 1843320368 
50471 50471 1843322310 
50472 50472 1843324250 
50473 50473 1843326192 
50474 50474 1843328132 
50475 50475 1843330074 
50476 50476 1843332016 
50477 50477 1843333956 
50478 50478 1843335898 
50479 50479 1843337838 
50480 50480 1843339780 
50481 50481 1843341722 
50482 50482 1843343664 
50483 50483 1843345604 
50484 50484 1843347546 
50485 50485 1843349486 
50486 50486 1843351428 
50487 50487 1843353370 
50488 50488 1843355312 
50489 50489 1843357254 
50490 50490 1843359196 
50491 50491 1843361138 
50492 50492 1843363080 
50493 50493 1843365018 
50494 50494 1843366958 
50495 50495 1843368900 
50496 50496 1843370842 
50497 50497 1843372784 
50498 50498 1843374726 
50499 50499 1843376668 
50500 50500 1843378610 
50501 50501 1843380552 
50502 50502 1843382494 
50503 50503 1843384436 
50504 50504 1843386380 
50505 50505 1843388324 
50506 50506 1843390266 
50507 50507 1843392208 
50508 50508 1843394148 
50509 50509 1843396090 
50510 50510 1843398032 
50511 50511 1843399974 
50512 50512 1843401916 
50513 50513 1843403858 
50514 50514 1843405800 
50515 50515 1843407742 
50516 50516 1843409684 
50517 50517 1843411624 
50518 50518 1843413566 
50519 50519 1843415508 
50520 50520 1843417450 
50521 50521 1843419392 
50522 50522 1843421332 
50523 50523 1843423274 
50524 50524 1843425216 
50525 50525 1843427158 
50526 50526 1843429100 
50527 50527 1843431042 
50528 50528 1843432984 
50529 50529 1843434926 
50530 50530 1843436868 
50531 50531 1843438808 
50532 50532 1843440750 
50533 50533 1843442692 
50534 50534 1843444634 
50535 50535 1843446576 
50536 50536 1843448518 
50537 50537 1843450458 
50538 50538 1843452400 
50539 50539 1843454342 
50540 50540 1843456282 
50541 50541 1843458224 
50542 50542 1843460166 
50543 50543 1843462108 
50544 50544 1843464050 
50545 50545 1843465990 
50546 50546 1843467932 
50547 50547 1843469874 
50548 50548 1843471816 
50549 50549 1843473758 
50550 50550 1843475700 
50551 50551 1843477642 
50552 50552 1843479582 
50553 50553 1843481524 
50554 50554 1843483466 
50555 50555 1843485408 
50556 50556 1843487350 
50557 50557 1843489292 
50558 50558 1843491232 
50559 50559 1843493174 
50560 50560 1843495116 
50561 50561 1843497058 
50562 50562 1843499000 
50563 50563 1843500940 
50564 50564 1843502882 
50565 50565 1843504822 
50566 50566 1843506764 
50567 50567 1843508706 
50568 50568 1843510648 
50569 50569 1843512588 
50570 50570 1843514530 
50571 50571 1843516472 
50572 50572 1843518412 
50573 50573 1843520354 
50574 50574 1843522296 
50575 50575 1843524238 
50576 50576 1843526178 
50577 50577 1843528120 
50578 50578 1843530060 
50579 50579 1843532002 
50580 50580 1843533942 
50581 50581 1843535884 
50582 50582 1843537826 
50583 50583 1843539766 
50584 50584 1843541708 
50585 50585 1843543650 
50586 50586 1843545592 
50587 50587 1843547532 
50588 50588 1843549474 
50589 50589 1843551416 
50590 50590 1843553358 
50591 50591 1843555300 
50592 50592 1843557240 
50593 50593 1843559182 
50594 50594 1843561124 
50595 50595 1843563066 
50596 50596 1843565006 
50597 50597 1843566948 
50598 50598 1843568890 
50599 50599 1843570832 
50600 50600 1843572772 
50601 50601 1843574714 
50602 50602 1843576654 
50603 50603 1843578596 
50604 50604 1843580538 
50605 50605 1843582480 
50606 50606 1843584420 
50607 50607 1843586362 
50608 50608 1843588304 
50609 50609 1843590246 
50610 50610 1843592188 
50611 50611 1843594128 
50612 50612 1843596070 
50613 50613 1843598012 
50614 50614 1843599954 
50615 50615 1843601896 
50616 50616 1843603836 
50617 50617 1843605778 
50618 50618 1843607720 
50619 50619 1843609662 
50620 50620 1843611604 
50621 50621 1843613546 
50622 50622 1843615488 
50623 50623 1843617428 
50624 50624 1843619370 
50625 50625 1843621312 
50626 50626 1843623254 
50627 50627 1843625196 
50628 50628 1843627138 
50629 50629 1843629078 
50630 50630 1843631020 
50631 50631 1843632962 
50632 50632 1843634904 
50633 50633 1843636846 
50634 50634 1843638786 
50635 50635 1843640728 
50636 50636 1843642670 
50637 50637 1843644612 
50638 50638 1843646554 
50639 50639 1843648494 
50640 50640 1843650436 
50641 50641 1843652378 
50642 50642 1843654320 
50643 50643 1843656260 
50644 50644 1843658202 
50645 50645 1843660144 
50646 50646 1843662084 
50647 50647 1843664026 
50648 50648 1843665968 
50649 50649 1843667910 
50650 50650 1843669850 
50651 50651 1843671792 
50652 50652 1843673734 
50653 50653 1843675676 
50654 50654 1843677618 
50655 50655 1843679560 
50656 50656 1843681502 
50657 50657 1843683442 
50658 50658 1843685384 
50659 50659 1843687326 
50660 50660 1843689268 
50661 50661 1843691210 
50662 50662 1843693150 
50663 50663 1843695092 
50664 50664 1843697034 
50665 50665 1843698976 
50666 50666 1843700916 
50667 50667 1843702858 
50668 50668 1843704800 
50669 50669 1843706742 
50670 50670 1843708684 
50671 50671 1843710624 
50672 50672 1843712566 
50673 50673 1843714508 
50674 50674 1843716450 
50675 50675 1843718392 
50676 50676 1843720334 
50677 50677 1843722274 
50678 50678 1843724216 
50679 50679 1843726158 
50680 50680 1843728098 
50681 50681 1843730040 
50682 50682 1843731982 
50683 50683 1843733922 
50684 50684 1843735864 
50685 50685 1843737806 
50686 50686 1843739746 
50687 50687 1843741688 
50688 50688 1843743630 
50689 50689 1843745570 
50690 50690 1843747512 
50691 50691 1843749454 
50692 50692 1843751394 
50693 50693 1843753336 
50694 50694 1843755278 
50695 50695 1843757220 
50696 50696 1843759160 
50697 50697 1843761102 
50698 50698 1843763044 
50699 50699 1843764984 
50700 50700 1843766926 
50701 50701 1843768868 
50702 50702 1843770808 
50703 50703 1843772750 
50704 50704 1843774692 
50705 50705 1843776632 
50706 50706 1843778574 
50707 50707 1843780514 
50708 50708 1843782456 
50709 50709 1843784398 
50710 50710 1843786338 
50711 50711 1843788280 
50712 50712 1843790222 
50713 50713 1843792164 
50714 50714 1843794106 
50715 50715 1843796046 
50716 50716 1843797988 
50717 50717 1843799930 
50718 50718 1843801870 
50719 50719 1843803812 
50720 50720 1843805754 
50721 50721 1843807696 
50722 50722 1843809638 
50723 50723 1843811578 
50724 50724 1843813520 
50725 50725 1843815462 
50726 50726 1843817404 
50727 50727 1843819344 
50728 50728 1843821288 
50729 50729 1843823228 
50730 50730 1843825170 
50731 50731 1843827112 
50732 50732 1843829054 
50733 50733 1843830996 
50734 50734 1843832938 
50735 50735 1843834880 
50736 50736 1843836822 
50737 50737 1843838764 
50738 50738 1843840704 
50739 50739 1843842646 
50740 50740 1843844588 
50741 50741 1843846530 
50742 50742 1843848472 
50743 50743 1843850412 
50744 50744 1843852354 
50745 50745 1843854296 
50746 50746 1843856238 
50747 50747 1843858180 
50748 50748 1843860122 
50749 50749 1843862062 
50750 50750 1843864004 
50751 50751 1843865946 
50752 50752 1843867888 
50753 50753 1843869828 
50754 50754 1843871770 
50755 50755 1843873712 
50756 50756 1843875654 
50757 50757 1843877596 
50758 50758 1843879538 
50759 50759 1843881480 
50760 50760 1843883422 
50761 50761 1843885364 
50762 50762 1843887306 
50763 50763 1843889248 
50764 50764 1843891190 
50765 50765 1843893132 
50766 50766 1843895072 
50767 50767 1843897014 
50768 50768 1843898956 
50769 50769 1843900900 
50770 50770 1843902842 
50771 50771 1843904784 
50772 50772 1843906724 
50773 50773 1843908666 
50774 50774 1843910608 
50775 50775 1843912550 
50776 50776 1843914492 
50777 50777 1843916434 
50778 50778 1843918376 
50779 50779 1843920318 
50780 50780 1843922260 
50781 50781 1843924202 
50782 50782 1843926144 
50783 50783 1843928086 
50784 50784 1843930028 
50785 50785 1843931970 
50786 50786 1843933910 
50787 50787 1843935852 
50788 50788 1843937794 
50789 50789 1843939736 
50790 50790 1843941678 
50791 50791 1843943620 
50792 50792 1843945560 
50793 50793 1843947502 
50794 50794 1843949444 
50795 50795 1843951386 
50796 50796 1843953328 
50797 50797 1843955270 
50798 50798 1843957210 
50799 50799 1843959152 
50800 50800 1843961094 
50801 50801 1843963036 
50802 50802 1843964978 
50803 50803 1843966920 
50804 50804 1843968862 
50805 50805 1843970804 
50806 50806 1843972744 
50807 50807 1843974686 
50808 50808 1843976628 
50809 50809 1843978570 
50810 50810 1843980512 
50811 50811 1843982454 
50812 50812 1843984396 
50813 50813 1843986338 
50814 50814 1843988280 
50815 50815 1843990222 
50816 50816 1843992162 
50817 50817 1843994104 
50818 50818 1843996046 
50819 50819 1843997988 
50820 50820 1843999930 
50821 50821 1844001870 
50822 50822 1844003812 
50823 50823 1844005754 
50824 50824 1844007694 
50825 50825 1844009636 
50826 50826 1844011578 
50827 50827 1844013520 
50828 50828 1844015460 
50829 50829 1844017402 
50830 50830 1844019344 
50831 50831 1844021284 
50832 50832 1844023226 
50833 50833 1844025168 
50834 50834 1844027110 
50835 50835 1844029050 
50836 50836 1844030992 
50837 50837 1844032934 
50838 50838 1844034876 
50839 50839 1844036818 
50840 50840 1844038760 
50841 50841 1844040702 
50842 50842 1844042644 
50843 50843 1844044586 
50844 50844 1844046528 
50845 50845 1844048470 
50846 50846 1844050412 
50847 50847 1844052354 
50848 50848 1844054296 
50849 50849 1844056238 
50850 50850 1844058180 
50851 50851 1844060122 
50852 50852 1844062064 
50853 50853 1844064006 
50854 50854 1844065948 
50855 50855 1844067890 
50856 50856 1844069832 
50857 50857 1844071774 
50858 50858 1844073716 
50859 50859 1844075658 
50860 50860 1844077600 
50861 50861 1844079542 
50862 50862 1844081484 
50863 50863 1844083426 
50864 50864 1844085368 
50865 50865 1844087312 
50866 50866 1844089254 
50867 50867 1844091196 
50868 50868 1844093138 
50869 50869 1844095080 
50870 50870 1844097022 
50871 50871 1844098964 
50872 50872 1844100906 
50873 50873 1844102848 
50874 50874 1844104790 
50875 50875 1844106732 
50876 50876 1844108674 
50877 50877 1844110616 
50878 50878 1844112560 
50879 50879 1844114502 
50880 50880 1844116444 
50881 50881 1844118386 
50882 50882 1844120328 
50883 50883 1844122270 
50884 50884 1844124212 
50885 50885 1844126154 
50886 50886 1844128096 
50887 50887 1844130040 
50888 50888 1844131982 
50889 50889 1844133924 
50890 50890 1844135866 
50891 50891 1844137808 
50892 50892 1844139750 
50893 50893 1844141692 
50894 50894 1844143634 
50895 50895 1844145576 
50896 50896 1844147518 
50897 50897 1844149460 
50898 50898 1844151402 
50899 50899 1844153342 
50900 50900 1844155284 
50901 50901 1844157226 
50902 50902 1844159168 
50903 50903 1844161110 
50904 50904 1844163050 
50905 50905 1844164992 
50906 50906 1844166934 
50907 50907 1844168876 
50908 50908 1844170818 
50909 50909 1844172760 
50910 50910 1844174702 
50911 50911 1844176644 
50912 50912 1844178584 
50913 50913 1844180526 
50914 50914 1844182468 
50915 50915 1844184410 
50916 50916 1844186352 
50917 50917 1844188292 
50918 50918 1844190234 
50919 50919 1844192176 
50920 50920 1844194118 
50921 50921 1844196060 
50922 50922 1844198002 
50923 50923 1844199942 
50924 50924 1844201884 
50925 50925 1844203826 
50926 50926 1844205768 
50927 50927 1844207708 
50928 50928 1844209650 
50929 50929 1844211592 
50930 50930 1844213534 
50931 50931 1844215474 
50932 50932 1844217416 
50933 50933 1844219358 
50934 50934 1844221300 
50935 50935 1844223240 
50936 50936 1844225182 
50937 50937 1844227124 
50938 50938 1844229066 
50939 50939 1844231008 
50940 50940 1844232950 
50941 50941 1844234890 
50942 50942 1844236832 
50943 50943 1844238774 
50944 50944 1844240716 
50945 50945 1844242658 
50946 50946 1844244600 
50947 50947 1844246540 
50948 50948 1844248482 
50949 50949 1844250424 
50950 50950 1844252366 
50951 50951 1844254308 
50952 50952 1844256250 
50953 50953 1844258192 
50954 50954 1844260134 
50955 50955 1844262076 
50956 50956 1844264016 
50957 50957 1844265958 
50958 50958 1844267900 
50959 50959 1844269840 
50960 50960 1844271782 
50961 50961 1844273724 
50962 50962 1844275666 
50963 50963 1844277608 
50964 50964 1844279550 
50965 50965 1844281492 
50966 50966 1844283434 
50967 50967 1844285376 
50968 50968 1844287318 
50969 50969 1844289260 
50970 50970 1844291202 
50971 50971 1844293142 
50972 50972 1844295084 
50973 50973 1844297026 
50974 50974 1844298968 
50975 50975 1844300910 
50976 50976 1844302852 
50977 50977 1844304792 
50978 50978 1844306734 
50979 50979 1844308676 
50980 50980 1844310618 
50981 50981 1844312560 
50982 50982 1844314500 
50983 50983 1844316442 
50984 50984 1844318384 
50985 50985 1844320326 
50986 50986 1844322266 
50987 50987 1844324208 
50988 50988 1844326150 
50989 50989 1844328092 
50990 50990 1844330032 
50991 50991 1844331974 
50992 50992 1844333914 
50993 50993 1844335856 
50994 50994 1844337798 
50995 50995 1844339740 
50996 50996 1844341680 
50997 50997 1844343622 
50998 50998 1844345564 
50999 50999 1844347506 
51000 51000 1844349448 
51001 51001 1844351390 
51002 51002 1844353330 
51003 51003 1844355272 
51004 51004 1844357214 
51005 51005 1844359156 
51006 51006 1844361098 
51007 51007 1844363040 
51008 51008 1844364982 
51009 51009 1844366924 
51010 51010 1844368866 
51011 51011 1844370808 
51012 51012 1844372750 
51013 51013 1844374692 
51014 51014 1844376632 
51015 51015 1844378574 
51016 51016 1844380516 
51017 51017 1844382458 
51018 51018 1844384400 
51019 51019 1844386342 
51020 51020 1844388284 
51021 51021 1844390226 
51022 51022 1844392168 
51023 51023 1844394108 
51024 51024 1844396050 
51025 51025 1844397992 
51026 51026 1844399934 
51027 51027 1844401876 
51028 51028 1844403818 
51029 51029 1844405758 
51030 51030 1844407700 
51031 51031 1844409642 
51032 51032 1844411584 
51033 51033 1844413524 
51034 51034 1844475860 
51035 51035 1844526310 
