0 0 5321858 0 
1 1 5323816 336 
2 2 5325764 362 
3 3 5327708 404 
4 4 5329650 326 
5 5 5331592 270 
7 6 5335480 284 
10 7 5341314 -3544 
11 8 5343256 404 
12 9 5345200 308 
13 10 5347146 274 
14 11 5349090 274 
15 12 5351032 384 
17 12 5354916 322 
18 13 5356858 326 
21 14 5362684 -3600 
23 15 5366568 -1574 
24 16 5368510 408 
26 17 5372394 -1620 
28 18 5376278 -1670 
30 19 5380162 -1580 
31 20 5382104 404 
32 21 5384046 328 
34 22 5387930 -1540 
36 23 5391814 -1558 
39 24 5397640 -3562 
41 25 5401524 -1634 
42 26 5403466 408 
44 26 5407348 -1598 
46 27 5411236 306 
47 28 5413178 272 
50 29 5419004 348 
51 30 5420946 272 
53 31 5424832 -1658 
54 32 5426774 386 
57 33 5432600 -3520 
60 34 5438424 308 
61 35 5440366 306 
64 37 5446188 -1658 
68 38 5453960 -5468 
71 40 5459786 -1594 
72 41 5461728 274 
75 42 5467554 -3562 
76 43 5469496 348 
78 44 5473380 -1638 
79 45 5475322 324 
82 46 5481148 -3478 
84 47 5485034 362 
85 48 5486976 270 
86 48 5488918 386 
89 49 5494744 -1576 
90 49 5496684 368 
93 50 5502510 344 
95 51 5506394 -1666 
96 52 5508336 308 
98 53 5512216 -1556 
100 54 5516102 -1642 
101 55 5518046 328 
102 56 5519988 300 
103 57 5521930 364 
106 58 5527756 -3608 
107 59 5529698 324 
109 60 5533582 402 
112 61 5539408 388 
118 62 5551060 -7496 
120 63 5554942 288 
121 64 5556884 324 
124 65 5562710 -3536 
125 66 5564652 362 
127 67 5568536 -1614 
128 68 5570478 286 
133 69 5580188 -7388 
136 70 5586014 -3556 
137 70 5587956 362 
141 70 5595718 -1592 
142 71 5597660 404 
143 72 5599602 382 
147 73 5607370 -1574 
148 74 5609312 388 
149 74 5611250 342 
150 75 5613192 408 
154 76 5620962 -5522 
158 78 5628732 -1638 
164 78 5640386 -9370 
166 79 5644270 -1600 
168 80 5648154 -1560 
172 82 5655922 -1594 
173 83 5657862 402 
174 83 5659804 386 
178 85 5667576 404 
181 87 5673402 284 
185 87 5681174 -5498 
187 88 5685050 -1650 
189 89 5688934 -1536 
190 90 5690878 348 
191 91 5692822 366 
194 92 5698648 288 
195 93 5700590 282 
196 94 5702532 402 
197 95 5704474 364 
198 96 5706420 288 
199 97 5708364 282 
200 98 5710306 388 
204 99 5718074 308 
208 100 5725844 -1638 
211 101 5731670 -3520 
212 102 5733612 328 
213 103 5735554 324 
214 104 5737496 306 
215 105 5739438 406 
216 106 5741380 286 
218 107 5745266 -1556 
220 108 5749150 -1538 
221 109 5751092 364 
223 110 5754976 272 
224 111 5756920 328 
227 112 5762746 -3600 
228 113 5764688 276 
230 114 5768572 -1558 
234 115 5776342 -5438 
235 116 5778284 284 
236 117 5780226 388 
237 118 5782168 382 
238 119 5784110 366 
239 120 5786052 382 
240 121 5787994 348 
241 122 5789936 284 
242 123 5791880 278 
246 124 5799644 346 
247 125 5801586 284 
249 126 5805468 -1614 
250 127 5807412 308 
253 128 5813240 382 
255 129 5817128 402 
259 130 5824898 -3580 
260 131 5826840 408 
261 132 5828782 342 
265 133 5836552 -1636 
270 135 5846264 -3610 
273 136 5852090 -1656 
274 136 5854034 350 
275 137 5855976 272 
278 138 5861802 -3610 
281 139 5867628 -3612 
282 140 5869570 308 
283 141 5871512 364 
284 142 5873454 388 
285 143 5875392 324 
286 144 5877338 308 
289 145 5883164 -3562 
290 146 5885106 388 
293 147 5890932 326 
294 148 5892874 282 
295 149 5894818 324 
297 150 5898702 -1660 
299 151 5902586 -1574 
301 152 5906470 344 
304 153 5912298 -3580 
307 154 5918126 -1616 
310 155 5923952 -3598 
315 156 5933664 -1576 
320 156 5943374 -7440 
321 157 5945318 306 
324 158 5951144 -3556 
327 159 5956966 -3576 
328 160 5958908 274 
331 161 5964736 -3542 
333 162 5968622 -1666 
337 162 5976390 -5438 
339 162 5980276 -1578 
342 163 5986106 -3522 
345 164 5991934 -3500 
347 165 5995818 -1576 
349 165 5999702 -1654 
350 166 6001644 346 
352 167 6005528 -1620 
353 168 6007470 322 
354 169 6009414 406 
355 170 6011356 404 
358 171 6017182 -3538 
360 172 6021066 -1540 
364 174 6028836 408 
366 175 6032722 -1620 
367 176 6034664 282 
370 177 6040490 -3578 
373 178 6046318 -1594 
374 179 6048260 286 
375 180 6050204 324 
376 181 6052146 402 
377 182 6054088 304 
382 185 6063798 -1670 
385 186 6069624 -3612 
387 187 6073508 -1574 
391 188 6081276 -1574 
393 189 6085160 -1534 
394 190 6087102 348 
396 191 6090986 -1638 
397 192 6092928 322 
400 193 6098754 -3478 
410 194 6118176 386 
411 194 6120118 342 
412 195 6122060 308 
413 196 6124002 284 
414 197 6125944 274 
415 198 6127886 270 
422 198 6141478 -9436 
424 199 6145362 -1658 
426 201 6149246 306 
428 202 6153132 -1638 
429 203 6155074 362 
430 204 6157016 348 
431 205 6158958 324 
433 205 6162838 -1630 
434 206 6164782 302 
435 207 6166726 282 
438 208 6172552 -1656 
444 209 6184204 -9438 
445 210 6186144 364 
446 211 6188088 346 
448 212 6191972 -1576 
456 213 6207510 -1538 
457 213 6209452 342 
460 214 6215278 -3596 
464 216 6223048 -3478 
465 217 6224990 302 
468 218 6230816 -3558 
472 219 6238584 -3534 
475 220 6244412 -3614 
476 221 6246354 368 
477 222 6248296 304 
478 223 6250238 308 
479 224 6252180 304 
480 225 6254122 328 
481 226 6256064 362 
482 226 6258006 274 
483 227 6259948 270 
485 227 6263832 -1654 
486 228 6265774 288 
488 229 6269658 -1658 
489 230 6271600 284 
490 231 6273536 388 
491 232 6275478 272 
494 233 6281310 -3502 
499 235 6291020 284 
500 236 6292962 388 
501 237 6294904 328 
502 238 6296848 302 
505 239 6302674 -3610 
507 240 6306558 382 
508 240 6308500 368 
509 241 6310442 404 
510 242 6312384 386 
512 243 6316268 -1578 
513 244 6318210 386 
518 245 6327920 -7380 
519 246 6329862 344 
520 247 6331804 406 
522 248 6335688 -1672 
524 249 6339570 328 
526 250 6343454 -1556 
527 251 6345396 272 
528 252 6347334 286 
529 253 6349274 324 
530 254 6351216 388 
532 255 6355102 -1598 
533 256 6357046 322 
534 257 6358986 308 
539 258 6368700 -7448 
540 259 6370642 388 
541 260 6372584 282 
544 261 6378412 -3596 
545 262 6380354 404 
547 263 6384236 -1614 
550 264 6390066 -3520 
552 265 6393946 -1536 
553 266 6395888 272 
554 267 6397834 388 
556 269 6401718 348 
557 270 6403662 384 
558 271 6405604 276 
559 272 6407546 344 
560 273 6409488 346 
563 274 6415316 -3522 
566 275 6421144 -3560 
567 276 6423086 302 
568 277 6425028 348 
570 278 6428914 -1670 
571 279 6430856 342 
572 280 6432798 406 
573 281 6434740 272 
575 282 6438626 -1598 
579 283 6446394 -5538 
580 284 6448336 308 
582 285 6452222 -1540 
583 286 6454164 270 
588 286 6463870 -3496 
589 287 6465816 404 
593 288 6473586 -5544 
595 288 6477468 -1536 
596 289 6479410 386 
597 290 6481352 304 
599 291 6485238 -1536 
601 292 6489122 -1654 
602 293 6491064 308 
603 294 6493008 306 
604 295 6494946 306 
605 296 6496888 362 
606 297 6498830 326 
609 298 6504662 362 
610 299 6506604 308 
613 300 6512436 -3542 
622 302 6529918 -5424 
623 303 6531860 402 
625 304 6535746 274 
626 305 6537688 288 
630 306 6545458 404 
631 307 6547400 402 
637 309 6559054 382 
638 310 6560996 406 
639 311 6562938 402 
645 313 6574586 -1534 
646 314 6576530 308 
648 315 6580418 388 
651 315 6586246 -3612 
652 316 6588190 348 
653 316 6590132 362 
655 317 6594018 -1574 
658 318 6599840 -1656 
659 319 6601784 344 
660 320 6603724 308 
661 321 6605666 322 
666 322 6615384 -7502 
668 323 6619268 326 
669 324 6621210 272 
672 325 6627038 328 
673 326 6628980 404 
676 327 6634808 328 
677 328 6636750 324 
678 329 6638694 270 
680 330 6642578 -1580 
682 331 6646464 -1618 
684 332 6650348 -1538 
691 333 6663944 -9324 
694 334 6669772 -1560 
695 335 6671714 282 
696 336 6673656 288 
697 337 6675598 344 
698 338 6677542 408 
700 339 6681426 -1540 
702 340 6685310 -1560 
704 341 6689196 -1540 
706 342 6693080 -1558 
712 343 6704734 -9366 
713 344 6706676 322 
714 345 6708620 406 
715 346 6710560 408 
716 346 6712504 410 
719 347 6718326 -1662 
720 348 6720268 408 
723 349 6726096 272 
726 350 6731928 -3480 
733 353 6745526 -5420 
734 354 6747468 368 
736 355 6751352 288 
744 356 6766896 -9350 
747 357 6772720 -1532 
748 358 6774666 286 
750 359 6778552 -1636 
751 360 6780494 324 
752 361 6782436 308 
754 362 6786322 366 
757 363 6792148 -3614 
758 363 6794090 388 
761 364 6799918 -3500 
763 365 6803802 -1574 
765 366 6807686 302 
771 368 6819342 404 
772 369 6821284 276 
775 370 6827110 274 
777 371 6830996 -1594 
782 372 6840706 306 
783 373 6842648 384 
784 374 6844590 328 
787 375 6850418 -3584 
788 376 6852360 368 
790 377 6856244 328 
793 378 6862072 -3560 
794 379 6864014 274 
796 380 6867900 -1540 
797 381 6869842 402 
799 382 6873726 -1596 
801 383 6877612 348 
802 384 6879554 366 
803 385 6881496 402 
804 386 6883438 406 
812 387 6898978 -5556 
813 388 6900920 284 
814 389 6902862 276 
816 390 6906748 -1656 
817 391 6908690 272 
818 392 6910632 276 
819 393 6912574 342 
821 394 6916458 -1668 
822 394 6918400 406 
823 395 6920342 282 
824 396 6922284 408 
825 397 6924226 322 
828 398 6930052 -3516 
830 399 6933936 -1658 
834 400 6941704 328 
835 401 6943648 388 
836 402 6945590 388 
837 403 6947532 270 
838 404 6949476 274 
846 406 6965016 -1578 
851 408 6974730 -1556 
854 410 6980558 388 
855 411 6982500 360 
857 412 6986384 384 
860 414 6992212 -1670 
861 415 6994154 284 
862 416 6996096 274 
864 417 6999978 -1672 
865 418 7001920 324 
866 419 7003862 388 
868 419 7007746 -1598 
870 420 7011636 -1640 
872 421 7015520 -1638 
879 422 7029118 -11352 
880 423 7031060 368 
881 424 7033004 404 
883 425 7036888 -1634 
887 426 7044658 384 
893 427 7056312 -1656 
906 429 7081564 -9428 
908 430 7085450 -1640 
909 431 7087392 384 
910 432 7089334 348 
911 433 7091276 304 
914 434 7097098 288 
915 435 7099040 342 
916 436 7100982 274 
917 437 7102924 344 
918 438 7104866 388 
920 439 7108754 -1662 
924 442 7116524 -1660 
926 443 7120408 -1670 
929 444 7126236 -3602 
930 445 7128178 348 
931 446 7130120 382 
935 447 7137890 -1596 
936 448 7139832 408 
937 449 7141774 284 
939 450 7145660 -1556 
940 451 7147602 274 
942 452 7151488 -1640 
943 453 7153430 282 
944 454 7155374 408 
945 455 7157316 384 
947 456 7161202 -1554 
948 457 7163144 286 
949 458 7165086 304 
952 459 7170914 -3498 
954 459 7174798 -1660 
958 460 7182566 368 
962 461 7190336 -1540 
967 461 7200048 342 
972 463 7209760 326 
973 464 7211702 324 
974 465 7213646 410 
976 466 7217530 -1672 
982 467 7229186 348 
984 468 7233070 -1540 
986 469 7236956 366 
987 470 7238898 362 
988 471 7240840 386 
990 472 7244724 -1660 
991 473 7246668 286 
992 474 7248610 326 
993 475 7250552 404 
994 476 7252494 348 
996 477 7256380 -1620 
997 477 7258322 272 
998 478 7260266 348 
999 479 7262208 282 
1001 480 7266094 342 
1003 481 7269978 362 
1009 484 7281634 282 
62748 485 7285518 382 
1012 485 7287460 324 
1013 486 7289402 324 
1015 487 7293288 324 
1016 488 7295230 276 
1017 489 7297174 344 
1018 490 7299116 408 
1019 491 7301058 272 
1021 492 7304944 -1656 
1023 493 7308830 -1668 
1026 494 7314658 -3576 
1027 495 7316600 342 
1029 496 7320484 -1656 
1035 497 7332140 -5540 
1036 498 7334082 348 
1037 499 7336024 284 
1038 500 7337968 308 
1039 501 7339910 306 
1041 502 7343794 402 
1048 503 7357392 -11268 
1049 504 7359334 272 
1050 505 7361276 328 
1052 506 7365160 -1598 
1054 507 7369044 -1538 
1058 508 7376812 -1620 
1059 509 7378756 288 
1060 510 7380698 408 
1061 511 7382640 322 
1063 512 7386526 -1558 
1064 513 7388468 408 
1065 514 7390410 382 
1069 515 7398180 -3584 
1070 516 7400122 348 
1074 517 7407892 -5544 
1078 518 7415660 -1600 
1080 519 7419546 -1618 
1081 520 7421488 328 
1084 521 7427314 276 
1086 522 7431198 -1638 
1092 523 7442852 -7440 
1094 524 7446736 -1558 
1095 525 7448678 322 
1096 526 7450620 288 
1097 527 7452562 362 
1098 528 7454504 274 
1100 529 7458388 308 
1101 530 7460330 408 
1106 531 7470042 -7492 
1107 532 7471986 274 
1110 533 7477812 348 
1112 533 7481698 -1562 
1114 534 7485582 -1560 
1115 535 7487524 270 
1119 536 7495292 342 
1123 537 7503060 284 
1124 538 7505004 326 
1126 539 7508888 -1614 
1128 539 7512772 388 
1129 540 7514714 382 
1136 541 7528310 -1538 
1137 542 7530252 274 
1138 542 7532196 308 
1142 544 7539964 368 
1143 545 7541908 324 
1147 546 7549676 -5550 
1149 547 7553562 -1596 
1150 548 7555504 408 
1153 549 7561332 -3542 
1154 550 7563274 408 
1157 551 7569100 -1654 
1159 552 7572986 362 
1163 553 7580754 -1666 
1165 554 7584640 -1534 
1166 555 7586582 408 
1167 556 7588526 384 
1168 557 7590468 288 
1173 558 7600180 -7460 
1176 559 7606008 -3578 
1178 561 7609894 350 
1179 562 7611836 272 
1180 563 7613778 288 
30583 30583 2000135599 -70385924 
1182 564 7617664 350 
1183 565 7619606 362 
1185 566 7623486 -1552 
1186 567 7625432 366 
1187 568 7627374 302 
1190 569 7633202 -3560 
1194 570 7640968 384 
1195 571 7642910 324 
1199 572 7650686 -5560 
1202 573 7656514 -3476 
1204 573 7660398 -1618 
1208 574 7668166 -5552 
1210 575 7672052 -1582 
1212 576 7675938 -1538 
1214 578 7679822 368 
1215 579 7681764 302 
1217 580 7685650 -1556 
1221 581 7693420 -3582 
1222 582 7695360 326 
1225 584 7701190 -1576 
1226 585 7703134 408 
1228 586 7707018 288 
1232 587 7714788 386 
1233 588 7716730 324 
1234 589 7718672 274 
1237 590 7724500 -1658 
1239 591 7728384 -1596 
1240 592 7730326 348 
1241 593 7732270 282 
1246 594 7741982 -1670 
1248 595 7745866 -1558 
1249 596 7747810 328 
1250 597 7749752 286 
1251 598 7751696 284 
1252 599 7753638 366 
1255 599 7759462 -3562 
1256 600 7761402 276 
1262 601 7773062 382 
1264 602 7776946 -1618 
1274 603 7796370 -17210 
1276 604 7800256 -1652 
1280 605 7808024 -5522 
1282 606 7811908 -1580 
1286 607 7819676 -1536 
1288 608 7823562 -1578 
1289 609 7825500 286 
1290 610 7827444 386 
1291 611 7829388 384 
1293 612 7833272 -1554 
1295 612 7837156 -1666 
1297 613 7841040 -1596 
1298 614 7842982 388 
1299 615 7844924 404 
1301 616 7848808 -1556 
1302 617 7850750 368 
1303 618 7852692 272 
1304 619 7854630 406 
1305 620 7856576 404 
1306 621 7858518 408 
1307 622 7860460 284 
1314 623 7874054 -11378 
1316 624 7877938 -1538 
1318 624 7881822 408 
1320 625 7885706 -1540 
1323 626 7891532 -3520 
1324 627 7893474 408 
1326 628 7897360 -1670 
1327 629 7899302 272 
1329 630 7903186 272 
1333 631 7910954 -5498 
1335 632 7914838 -1534 
1336 633 7916782 342 
1337 634 7918724 402 
1338 635 7920666 328 
1339 635 7922608 342 
1340 635 7924550 368 
1344 636 7932318 -1670 
1351 638 7945914 402 
1358 639 7959508 -3496 
1359 640 7961450 272 
1362 641 7967278 -3538 
1364 642 7971162 -1540 
1367 643 7976988 -3600 
1369 644 7980872 -1666 
1370 645 7982814 326 
1371 646 7984758 368 
1373 647 7988642 -1640 
1377 648 7996410 384 
1380 649 8002236 -3476 
1383 650 8008062 -3534 
1385 651 8011946 -1534 
1386 652 8013888 406 
1388 653 8017772 -1640 
1389 654 8019714 270 
1390 655 8021656 388 
1391 656 8023598 364 
1394 657 8029426 -1540 
1396 658 8033306 -1654 
1397 659 8035248 272 
1399 660 8039136 -1556 
1405 660 8050792 -9326 
1408 661 8056620 -3558 
1410 662 8060506 -1560 
1415 663 8070218 -1600 
1417 664 8074104 -1634 
1421 665 8081872 -5418 
13107 13107 861092420 -1097667567 
1430 666 8099354 -9428 
1433 667 8105180 -3560 
1435 668 8109064 -1552 
1438 668 8114890 -3576 
1439 669 8116830 282 
1440 670 8118770 386 
1441 671 8120712 384 
1445 672 8128484 -1536 
1446 673 8130428 406 
1448 673 8134312 -1640 
1449 674 8136254 362 
1450 675 8138196 324 
1451 676 8140138 284 
1453 677 8144022 342 
1454 678 8145964 366 
1455 679 8147906 384 
1457 680 8151792 284 
1459 681 8155676 -1634 
1460 682 8157618 368 
1462 683 8161502 -1558 
1463 684 8163444 272 
1464 685 8165388 406 
1465 686 8167330 366 
1466 687 8169272 388 
1468 688 8173156 368 
1472 689 8180926 -5556 
1474 690 8184812 -1538 
1476 691 8188696 286 
1477 692 8190638 304 
1478 693 8192580 306 
1479 694 8194522 304 
1480 695 8196466 410 
1483 696 8202292 -3558 
1484 697 8204234 304 
1485 698 8206176 384 
1486 698 8208120 388 
1488 699 8212004 -1534 
1490 700 8215888 -1540 
1491 701 8217830 384 
1492 702 8219772 306 
1494 703 8223658 -1580 
1495 704 8225600 270 
1497 705 8229484 -1634 
1499 706 8233368 -1596 
1504 708 8243080 -3560 
1505 709 8245022 272 
1507 710 8248906 -1666 
1509 711 8252792 -1634 
1513 711 8260560 272 
1516 712 8266386 -3610 
1517 713 8268328 344 
1519 714 8272212 -1654 
1522 715 8278038 -3496 
1524 716 8281922 -1598 
1525 717 8283864 324 
1526 718 8285806 308 
1527 719 8287748 384 
1528 720 8289690 348 
1531 721 8295516 382 
1532 722 8297458 366 
1534 723 8301342 -1660 
1538 724 8309112 -3478 
1540 725 8312996 -1538 
1541 725 8314940 306 
1543 726 8318824 272 
1544 727 8320764 388 
1548 728 8328532 -5554 
1551 729 8334362 -1612 
1552 730 8336304 276 
1553 731 8338244 344 
1554 732 8340184 366 
1555 733 8342126 284 
1556 734 8344068 408 
1558 735 8347952 -1538 
1559 736 8349894 404 
1562 738 8355720 288 
1567 740 8365434 -3520 
1568 741 8367376 306 
1572 742 8375146 386 
1574 743 8379030 -1558 
1575 744 8380972 364 
1576 745 8382914 326 
1578 747 8386798 368 
1580 748 8390682 -1658 
1581 749 8392626 388 
1582 750 8394568 326 
1583 751 8396510 302 
1584 752 8398452 368 
1590 753 8410104 408 
1591 754 8412046 284 
1592 755 8413988 276 
1594 756 8417872 348 
1596 757 8421758 -1552 
1597 758 8423700 322 
1599 759 8427584 -1634 
1602 760 8433410 368 
1604 761 8437290 -1598 
1606 762 8441176 -1536 
1609 763 8447004 364 
1610 764 8448946 308 
26214 26214 1727048636 91332719 
1613 765 8454770 384 
1614 766 8456710 368 
1615 767 8458654 346 
1616 768 8460598 402 
1617 769 8462542 364 
1619 770 8466426 -1534 
1621 770 8470310 -1614 
1628 773 8483906 -1558 
1630 774 8487790 -1558 
1633 775 8493616 -3520 
1634 776 8495558 406 
1635 777 8497500 344 
1639 778 8505268 -1594 
1642 779 8511094 408 
1643 780 8513036 362 
1645 781 8516920 -1634 
1646 782 8518862 348 
1649 783 8524690 382 
1651 784 8528574 -1668 
1652 785 8530516 368 
1653 786 8532458 364 
1654 787 8534402 368 
1655 788 8536344 364 
1656 789 8538286 276 
1658 789 8542170 -1558 
1661 790 8547992 -1614 
1662 791 8549934 348 
1665 792 8555764 -3618 
1666 793 8557708 406 
1667 794 8559650 346 
1668 795 8561592 276 
1669 796 8563534 302 
1671 797 8567418 324 
1677 798 8579072 384 
1679 800 8582948 302 
1682 801 8588778 -3576 
1689 801 8602378 -11356 
63062 802 8606262 -1666 
1692 802 8608204 348 
1693 803 8610146 364 
1696 804 8615974 -1554 
1698 805 8619854 -1638 
1699 806 8621800 384 
1700 807 8623742 276 
1702 807 8627626 -1532 
1703 808 8629568 282 
1704 809 8631512 366 
1708 810 8639282 -5468 
1709 811 8641224 324 
1711 812 8645108 -1614 
1712 813 8647052 306 
1714 814 8650936 -1660 
1715 815 8652878 272 
1716 816 8654820 368 
1717 817 8656764 404 
1718 818 8658706 402 
1719 819 8660648 322 
1721 820 8664530 -1596 
1722 821 8666472 408 
1723 821 8668414 306 
1724 821 8670360 276 
1725 822 8672304 324 
1731 823 8683956 362 
1733 824 8687842 -1578 
1734 824 8689784 388 
1736 825 8693664 -1656 
1737 826 8695606 322 
1739 827 8699494 -1634 
1741 829 8703380 408 
1743 830 8707264 -1658 
1744 831 8709206 274 
1745 832 8711148 384 
1747 833 8715030 -1634 
1748 834 8716970 302 
1749 835 8718916 324 
1750 836 8720860 408 
1754 837 8728628 -5504 
1755 838 8730570 282 
1758 838 8736398 -1642 
1760 839 8740282 -1638 
1761 840 8742224 364 
1764 841 8748052 -3518 
1766 842 8751938 -1580 
1767 843 8753880 404 
1769 844 8757764 -1534 
1770 845 8759706 386 
1771 846 8761650 402 
1772 847 8763592 308 
1774 848 8767478 -1580 
1776 849 8771362 -1538 
1779 850 8777188 -3602 
1780 851 8779128 348 
1783 852 8784960 -3558 
1784 853 8786900 278 
1789 854 8796614 -1652 
1791 855 8800500 -1572 
1793 856 8804382 -1534 
1794 857 8806324 348 
1797 858 8812154 -3526 
1799 858 8816038 -1602 
1800 859 8817980 276 
1802 860 8821866 -1538 
1803 861 8823808 344 
1805 862 8827692 -1576 
1806 863 8829634 276 
1809 864 8835462 -3602 
1810 865 8837406 278 
1811 866 8839348 280 
1812 867 8841294 328 
1813 868 8843238 304 
1816 869 8849064 -3536 
1819 870 8854892 -3564 
1824 871 8864602 -7440 
1826 872 8868486 -1618 
1828 873 8872372 -1540 
1830 874 8876256 286 
1834 875 8884026 -1616 
1835 876 8885968 322 
1838 877 8891792 -3608 
1841 878 8897618 -3520 
1842 879 8899560 408 
1845 879 8905386 -3560 
1848 879 8911214 -3478 
1850 880 8915100 -1638 
1851 881 8917044 342 
1855 881 8924812 -5518 
1858 882 8930640 -3518 
1859 883 8932582 402 
1861 884 8936466 -1616 
1862 885 8938410 310 
1863 886 8940352 382 
1866 887 8946178 -3576 
1867 888 8948122 382 
1868 888 8950064 304 
1869 889 8952006 342 
1872 890 8957832 -3478 
1873 891 8959774 362 
1878 892 8969486 -7422 
1879 893 8971428 402 
1881 894 8975312 -1576 
1883 895 8979196 404 
1893 896 8998620 -17094 
1894 897 9000562 274 
1895 898 9002504 324 
1896 899 9004448 286 
1897 900 9006390 402 
1898 901 9008332 348 
1899 902 9010274 282 
1900 903 9012218 278 
1901 904 9014160 382 
1911 906 9033578 406 
1912 907 9035520 278 
1913 908 9037462 342 
1914 909 9039404 274 
1915 910 9041346 324 
1916 911 9043288 368 
1917 912 9045230 346 
1920 913 9051056 -3516 
1921 914 9052998 270 
1924 915 9058824 -3596 
1925 916 9060766 324 
1928 917 9066590 -1580 
1934 918 9078244 -1558 
1935 919 9080186 322 
1936 920 9082128 306 
1939 921 9087954 -3560 
1940 922 9089896 306 
1941 922 9091838 402 
1942 923 9093780 308 
1946 923 9101548 -1580 
1951 924 9111258 -7446 
1952 925 9113200 308 
1954 926 9117084 -1618 
1955 927 9119026 342 
1956 928 9120968 288 
1957 929 9122910 324 
1958 930 9124852 386 
1960 931 9128734 382 
1963 932 9134564 -3606 
1964 933 9136506 366 
1965 933 9138448 284 
1966 934 9140390 274 
1967 935 9142334 322 
1968 936 9144276 346 
1972 937 9152046 346 
1973 938 9153984 402 
1977 939 9161754 -5554 
1978 940 9163694 406 
1979 941 9165640 274 
1986 942 9179236 -1558 
1987 943 9181178 284 
1989 944 9185062 -1666 
1992 945 9190890 -3578 
1994 946 9194774 276 
1995 947 9196716 404 
1996 948 9198658 388 
1997 948 9200602 304 
1999 949 9204486 -1574 
2000 950 9206428 274 
2002 951 9210312 -1598 
2004 952 9214196 -1574 
2005 952 9216140 272 
2007 953 9220024 -1634 
2012 955 9229734 348 
2013 956 9231676 322 
2014 957 9233620 382 
2015 958 9235562 272 
2018 959 9241388 -3536 
2020 960 9245272 -1540 
2022 961 9249156 406 
2024 962 9253040 -1538 
2025 963 9254982 310 
2026 964 9256924 408 
2027 965 9258866 342 
2030 966 9264692 288 
2032 967 9268574 -1558 
2033 967 9270514 404 
2034 968 9272456 276 
2035 969 9274400 324 
2037 970 9278286 404 
2039 971 9282170 404 
2041 972 9286054 -1596 
2042 973 9287996 388 
2043 973 9289938 284 
2048 974 9299650 288 
2050 975 9303534 -1658 
2052 976 9307418 -1640 
2053 977 9309360 404 
2054 978 9311302 368 
2055 979 9313244 274 
2059 979 9321010 -5442 
2060 980 9322954 408 
2061 981 9324896 324 
2062 982 9326838 306 
2063 983 9328780 324 
2065 984 9332664 364 
2067 985 9336548 -1636 
2069 986 9340434 -1554 
2070 987 9342376 286 
2079 990 9359856 -7448 
2080 991 9361798 366 
2081 992 9363740 366 
2084 992 9369564 308 
61166 61166 -286958503 1512780711 
2086 993 9373450 308 
2087 994 9375392 306 
2088 995 9377334 308 
2089 996 9379276 364 
2092 997 9385102 306 
2093 998 9387040 364 
2099 1000 9398696 -7496 
2100 1001 9400638 308 
2103 1002 9406466 -3504 
2104 1003 9408408 326 
2107 1004 9414234 -3612 
2111 1005 9422002 404 
2117 1006 9433652 -7442 
2118 1007 9435594 308 
2121 1008 9441424 -3564 
2124 1008 9447250 344 
2125 1009 9449194 406 
2127 1010 9453078 -1616 
2130 1011 9458904 -3536 
2132 1012 9462782 -1532 
2133 1013 9464728 330 
2134 1014 9466672 368 
2135 1015 9468614 322 
2137 1016 9472498 -1594 
2139 1017 9476382 -1594 
2140 1018 9478324 348 
2143 1019 9484150 -3482 
2145 1020 9488034 -1534 
2151 1021 9499684 -5434 
2156 1022 9509394 -7402 
2161 1023 9519104 384 
2163 1024 9522992 404 
2165 1025 9526876 -1534 
2166 1026 9528818 346 
2167 1027 9530760 404 
2168 1028 9532702 306 
2171 1029 9538528 -3502 
2172 1030 9540470 386 
2173 1031 9542412 284 
2174 1032 9544354 276 
2175 1033 9546296 272 
2181 1034 9557948 304 
2182 1035 9559890 288 
2183 1036 9561832 274 
2184 1037 9563774 328 
2187 1037 9569600 -3580 
2189 1039 9573482 366 
2190 1040 9575424 346 
2192 1041 9579308 -1658 
2193 1041 9581250 304 
2194 1042 9583192 308 
2196 1043 9587074 400 
2197 1044 9589016 286 
2199 1045 9592900 272 
2201 1046 9596784 -1614 
2202 1047 9598726 308 
2205 1048 9604552 364 
2206 1049 9606494 368 
2209 1050 9612322 -3584 
2210 1051 9614264 348 
2212 1052 9618150 -1580 
2214 1053 9622034 -1560 
2215 1054 9623978 344 
2216 1055 9625920 382 
2219 1056 9631746 -3580 
2220 1056 9633686 278 
2221 1057 9635628 304 
2222 1058 9637570 346 
2223 1059 9639512 384 
2226 1060 9645340 -1594 
2228 1060 9649224 -1578 
2229 1061 9651164 324 
2232 1062 9656990 -1578 
2234 1063 9660874 -1540 
2235 1064 9662818 364 
2236 1065 9664760 402 
2237 1066 9666702 364 
2238 1067 9668646 276 
2240 1068 9672536 -1664 
2241 1069 9674478 312 
2242 1070 9676422 342 
2246 1071 9684190 286 
2247 1072 9686132 342 
2250 1073 9691960 362 
2255 1075 9701670 -3522 
2256 1076 9703612 308 
2257 1076 9705556 342 
2259 1078 9709440 348 
2262 1079 9715266 -1598 
2263 1080 9717208 364 
2264 1081 9719152 306 
2265 1081 9721094 404 
2266 1082 9723036 288 
2267 1083 9724978 404 
2268 1084 9726920 366 
2275 1085 9740516 -9422 
2277 1086 9744402 -1536 
2281 1087 9752166 -1532 
2284 1088 9757994 388 
2285 1089 9759936 304 
2290 1090 9769646 -7380 
2292 1091 9773532 322 
2295 1091 9779362 -3482 
2299 1092 9787132 -5422 
2300 1093 9789074 366 
2303 1094 9794900 -3562 
2306 1095 9800728 -3496 
2308 1095 9804612 -1580 
2312 1096 9812382 -1640 
2314 1097 9816266 -1558 
2315 1098 9818208 402 
2316 1099 9820150 368 
2319 1100 9825976 364 
2320 1101 9827918 368 
2321 1102 9829860 362 
2322 1103 9831802 406 
2324 1103 9835686 386 
2326 1104 9839572 -1558 
2332 1105 9851224 -9440 
2333 1106 9853166 304 
2337 1107 9860934 -5498 
2340 1108 9866756 -3576 
2341 1109 9868698 384 
2343 1110 9872582 -1666 
2344 1111 9874524 388 
2348 1112 9882294 -1620 
2351 1113 9888124 -3616 
2352 1114 9890066 346 
2353 1115 9892008 402 
2356 1116 9897836 -3578 
2357 1117 9899778 276 
2359 1118 9903662 -1662 
2360 1118 9905602 382 
2361 1119 9907544 302 
2362 1120 9909486 348 
2363 1121 9911428 284 
2364 1122 9913370 326 
2366 1123 9917256 270 
2368 1124 9921138 -1640 
2369 1125 9923080 324 
2371 1126 9926964 304 
2373 1127 9930848 -1574 
2375 1127 9934732 -1554 
2376 1127 9936674 406 
2377 1128 9938616 384 
2378 1128 9940558 368 
2379 1129 9942500 404 
2380 1129 9944442 406 
2381 1130 9946384 324 
2382 1131 9948326 408 
2383 1132 9950268 282 
2384 1132 9952210 288 
2387 1133 9958036 -3560 
2391 1134 9965806 284 
2392 1134 9967748 368 
2393 1135 9969690 284 
2395 1136 9973574 -1554 
2396 1137 9975518 348 
2399 1138 9981344 -3614 
2400 1139 9983286 308 
2401 1140 9985228 304 
2402 1141 9987170 288 
2403 1141 9989114 272 
2405 1142 9992996 -1636 
2406 1143 9994938 388 
2407 1144 9996882 274 
2411 1145 10004650 -5500 
2417 1145 10016304 -3596 
2418 1146 10018246 360 
2419 1147 10020188 344 
2421 1148 10024072 -1554 
2422 1149 10026014 274 
2424 1150 10029900 -1672 
2427 1151 10035726 272 
2428 1152 10037668 346 
2429 1152 10039612 384 
2430 1153 10041554 388 
2431 1154 10043496 402 
2433 1155 10047380 -1536 
2434 1156 10049322 388 
30583 30583 2011317973 -592549712 
2436 1157 10053208 306 
2438 1158 10057092 -1580 
2439 1159 10059034 304 
2443 1160 10066802 -5458 
2444 1160 10068744 306 
2445 1161 10070686 364 
2447 1162 10074568 -1670 
2452 1163 10084282 -7364 
2453 1163 10086222 322 
2454 1164 10088164 288 
2456 1165 10092050 -1594 
2457 1166 10093992 404 
2459 1167 10097876 -1596 
2460 1167 10099818 274 
2461 1168 10101756 360 
2462 1169 10103698 326 
2463 1170 10105640 382 
2467 1171 10113414 342 
2469 1172 10117298 -1574 
2470 1173 10119240 308 
2472 1174 10123124 -1638 
2474 1175 10127008 -1560 
2475 1176 10128950 302 
2476 1176 10130892 388 
2477 1177 10132834 324 
2478 1178 10134776 328 
2480 1179 10138662 -1620 
2481 1180 10140604 304 
2482 1181 10142546 286 
2484 1182 10146430 -1538 
2485 1183 10148374 304 
2487 1183 10152258 -1656 
2490 1184 10158084 -3558 
2495 1185 10167798 -5422 
2496 1186 10169740 304 
2498 1187 10173626 -1658 
2499 1188 10175564 284 
2500 1188 10177506 346 
2502 1189 10181394 348 
2503 1190 10183338 348 
2506 1192 10189164 406 
2507 1193 10191106 404 
2508 1194 10193048 386 
2509 1195 10194990 324 
2510 1196 10196932 328 
2512 1197 10200818 -1602 
2513 1198 10202760 322 
2514 1199 10204702 326 
2515 1200 10206644 324 
2516 1201 10208586 276 
2518 1202 10212466 386 
2519 1203 10214408 364 
2520 1204 10216352 388 
2521 1205 10218296 342 
2522 1205 10220238 388 
2523 1206 10222180 272 
2524 1207 10224120 288 
2525 1208 10226062 408 
2528 1209 10231888 -3538 
2529 1210 10233830 272 
2533 1211 10241602 -5552 
2536 1212 10247428 408 
2538 1213 10251312 328 
2539 1214 10253254 404 
2541 1216 10257140 304 
2543 1217 10261022 -1616 
2544 1218 10262964 322 
2548 1219 10270732 -1558 
2549 1220 10272674 324 
2550 1221 10274616 408 
2551 1222 10276558 272 
2552 1223 10278498 276 
2555 1224 10284324 -1536 
2556 1225 10286266 368 
2557 1226 10288206 324 
2559 1227 10292092 304 
2560 1228 10294036 346 
2562 1229 10297920 -1598 
2563 1230 10299862 384 
2567 1231 10307630 -5498 
2569 1232 10311516 406 
2570 1233 10313458 306 
2571 1234 10315400 324 
2573 1235 10319286 -1614 
2575 1236 10323166 328 
2579 1238 10330938 402 
2580 1239 10332880 328 
2581 1240 10334822 272 
2587 1242 10346476 -3600 
2589 1243 10350360 -1654 
2590 1244 10352302 328 
2604 1251 10379494 366 
2610 1252 10391148 -1560 
2612 1253 10395032 -1640 
2614 1254 10398918 -1560 
2615 1255 10400856 272 
2618 1256 10406686 -3614 
2620 1257 10410572 -1560 
2621 1258 10412514 284 
2628 1259 10426110 -7402 
2631 1260 10431938 -1636 
2632 1261 10433880 406 
2636 1262 10441650 -1564 
2637 1263 10443592 324 
2639 1264 10447478 -1636 
2640 1264 10449420 408 
2641 1265 10451364 342 
2642 1266 10453306 346 
2643 1267 10455248 304 
2649 1268 10466902 -9324 
2651 1269 10470786 -1574 
2652 1270 10472728 286 
2654 1271 10476614 -1660 
2655 1272 10478556 384 
2659 1273 10486324 -1634 
2660 1274 10488268 306 
2662 1275 10492152 -1582 
2668 1277 10503806 -1618 
2671 1278 10509632 -3502 
2672 1278 10511576 288 
2673 1279 10513514 368 
2674 1280 10515456 366 
2675 1281 10517400 344 
2677 1282 10521286 -1578 
2678 1283 10523228 286 
2680 1284 10527114 288 
2682 1285 10530998 -1672 
2683 1286 10532940 304 
2686 1287 10538768 -3598 
2688 1288 10542652 -1620 
2689 1289 10544594 272 
2690 1290 10546534 274 
2692 1291 10550418 -1672 
2694 1292 10554306 -1622 
2697 1293 10560134 -3522 
2698 1294 10562076 368 
2699 1295 10564020 324 
2700 1296 10565962 406 
2701 1297 10567904 382 
2702 1298 10569846 388 
2703 1299 10571788 362 
2705 1299 10575674 284 
2706 1300 10577616 286 
2707 1301 10579558 322 
2709 1302 10583444 384 
2710 1303 10585386 366 
2711 1304 10587328 344 
2712 1305 10589270 408 
2713 1306 10612704 282 
