Thread[Thread-1,5,main] 4.519 5.000 0 0 0 0 0 0 0  4.999 0 
 5.755 5.160 42254 0 0 0 0 42254 42254  9.839 0 
 7.037 5.229 84510 0 0 0 0 84510 42256  14.609 0 
 8.307 5.389 126764 0 0 0 0 126764 42254  19.220 0 
 9.497 5.526 169020 0 0 0 0 169020 42256  23.693 0 
 10.607 5.801 211272 0 0 0 0 211272 42252  27.892 0 
 11.659 6.075 253526 0 0 0 0 253526 42254  31.816 0 
 12.609 6.396 295782 0 0 0 0 295782 42256  35.419 0 
 13.616 6.659 338038 0 0 0 0 338038 42256  38.760 0 
 14.532 7.037 380292 0 0 0 0 380292 42254  41.723 0 
 15.355 7.552 422548 0 0 0 0 422548 42256  44.171 0 
 15.321 7.666 464804 0 0 439796 439796 464804 42256  46.504 1 
 15.001 7.941 507058 0 0 482054 42258 507058 42254  48.563 2 
 14.635 8.261 549314 0 0 482054 42258 549314 42256  50.301 2 
 14.348 8.467 591570 0 0 482054 42258 591570 42256  51.834 2 
 14.039 8.856 633826 0 0 482054 42258 633826 42256  52.977 2 
 13.765 9.039 676082 0 0 482054 42258 676082 42256  53.938 2 
 13.525 9.279 718338 0 0 482054 42258 718338 42256  54.658 2 
 13.227 9.474 760592 0 0 482054 42258 760592 42254  55.184 2 
 12.975 9.657 802848 0 0 482054 42258 802848 42256  55.526 2 
 12.724 9.863 845104 0 0 482054 42258 845104 42256  55.663 2 
 12.518 10.012 887358 0 0 482054 42258 887358 42254  55.675 2 
 12.277 10.103 929614 0 0 482054 42258 929614 42256  55.779 2 
 12.026 10.275 971870 0 0 482054 42258 971870 42256  56.054 2 
 11.831 10.378 1014124 0 0 482054 42258 1014124 42254  56.432 2 
 11.659 10.515 1056380 0 0 482054 42258 1056380 42256  56.948 2 
 11.431 10.641 1098632 0 0 482054 42258 1098632 42252  57.590 2 
 11.099 10.698 1140886 0 0 1115884 633830 1140886 42254  58.288 3 
 10.664 10.733 1183140 0 0 1115884 633830 1183140 42254  59.021 3 
 10.263 10.790 1225396 0 0 1115884 633830 1225396 42256  59.812 3 
 9.852 10.824 1267652 0 0 1115884 633830 1267652 42256  60.636 3 
 9.497 10.813 1309908 0 0 1115884 633830 1309908 42256  61.450 3 
 9.108 10.824 1352164 0 0 1115884 633830 1352164 42256  62.274 3 
 8.764 10.836 1394422 0 0 1115884 633830 1394422 42258  63.110 3 
 8.501 10.744 1436676 0 0 1411672 295788 1436676 42254  63.855 4 
 8.353 10.744 1478928 0 0 1411672 295788 1478928 42252  64.599 4 
 8.215 10.653 1521184 0 0 1496178 84506 1521184 42256  65.252 5 
 8.124 10.675 1563440 0 0 1496178 84506 1563440 42256  65.928 5 
 8.044 10.607 1605694 0 0 1580690 84512 1605694 42254  66.536 6 
 7.986 10.595 1647950 0 0 1580690 84512 1647950 42256  67.131 6 
 7.918 10.572 1690202 0 0 1580690 84512 1690202 42252  67.704 6 
 7.895 10.504 1732458 0 0 1707454 126764 1732458 42256  68.208 7 
 7.849 10.435 1774712 0 0 1707454 126764 1774712 42254  68.644 7 
 7.849 10.412 1816968 0 0 1707454 126764 1816968 42256  69.057 7 
 7.815 10.321 1859224 0 0 1707454 126764 1859224 42256  69.378 7 
 7.803 10.321 1901478 0 0 1876474 169020 1901478 42254  69.699 8 
 7.838 10.229 1943732 0 0 1876474 169020 1943732 42254  69.929 8 
 7.895 10.241 1985988 0 0 1876474 169020 1985988 42256  70.170 8 
 7.895 10.149 2028242 0 0 1876474 169020 2028242 42254  70.319 8 
 7.918 10.149 2070498 0 0 2045494 169020 2070498 42256  70.469 9 
 7.975 10.115 2112752 0 0 2045494 169020 2112752 42254  70.584 9 
 8.055 10.080 2155006 0 0 2045494 169020 2155006 42254  70.665 9 
 8.089 10.057 2197260 0 0 2045494 169020 2197260 42254  70.723 9 
 8.135 10.057 2239514 0 0 2045494 169020 2239514 42254  70.781 9 
 8.181 10.012 2281768 0 0 2045494 169020 2281768 42254  70.793 9 
 8.215 10.000 2324024 0 0 2045494 169020 2324024 42256  70.794 9 
 8.250 9.955 2366280 0 0 2045494 169020 2366280 42256  70.839 9 
 8.307 9.955 2408536 0 0 2045494 169020 2408536 42256  70.884 9 
 8.364 9.955 2450790 0 0 2045494 169020 2450790 42254  70.929 9 
 8.364 9.932 2493046 0 0 2045494 169020 2493046 42256  70.997 9 
 8.410 9.932 2535304 0 0 2045494 169020 2535304 42258  71.065 9 
 8.456 9.909 2577556 0 0 2045494 169020 2577556 42252  71.155 9 
 8.421 9.874 2619814 0 0 2045494 169020 2619814 42258  71.281 9 
 8.536 9.909 2662068 0 0 2637064 591570 2662068 42254  71.371 10 
 8.536 9.920 2704320 0 0 2637064 591570 2704320 42252  71.451 10 
 8.604 9.955 2746578 0 0 2637064 591570 2746578 42258  71.496 10 
 8.627 9.886 2788834 0 0 2637064 591570 2788834 42256  71.609 10 
 8.673 9.863 2831090 0 0 2637064 591570 2831090 42256  71.746 10 
 8.684 9.920 2873346 0 0 2637064 591570 2873346 42256  71.825 10 
 8.776 9.874 2915600 0 0 2637064 591570 2915600 42254  71.950 10 
 8.730 9.829 2957854 0 0 2637064 591570 2957854 42254  72.121 10 
 8.810 9.886 3000108 0 0 2637064 591570 3000108 42254  72.235 10 
 8.799 9.909 3042362 0 0 2637064 591570 3042362 42254  72.325 10 
 8.856 9.909 3084616 0 0 2637064 591570 3084616 42254  72.416 10 
 8.902 9.920 3126870 0 0 2637064 591570 3126870 42254  72.496 10 
 8.913 9.920 3169124 0 0 2637064 591570 3169124 42254  72.575 10 
 8.959 9.897 3211378 0 0 2637064 591570 3211378 42254  72.677 10 
 8.993 9.966 3253632 0 0 2637064 591570 3253632 42254  72.711 10 
 8.948 9.955 3295886 0 0 3270884 633820 3295886 42254  72.756 11 
 8.936 9.920 3338142 0 0 3270884 633820 3338142 42256  72.835 11 
 8.867 9.966 3380398 0 0 3270884 633820 3380398 42256  72.868 11 
 8.856 9.955 3422656 0 0 3270884 633820 3422656 42258  72.913 11 
 8.822 10.000 3464910 0 0 3270884 633820 3464910 42254  72.914 11 
 8.845 9.943 3507166 0 0 3270884 633820 3507166 42256  72.971 11 
 8.753 9.955 3549422 0 0 3270884 633820 3549422 42256  73.016 11 
 8.742 10.000 3591678 0 0 3270884 633820 3591678 42256  73.016 11 
 8.639 9.932 3633934 0 0 3270884 633820 3633934 42256  73.084 11 
 8.696 9.977 3676188 0 0 3651186 380302 3676188 42254  73.106 12 
 8.707 10.012 3718442 0 0 3651186 380302 3718442 42254  73.119 12 
 8.742 10.000 3760696 0 0 3651186 380302 3760696 42254  73.119 12 
 8.730 9.932 3802950 0 0 3651186 380302 3802950 42254  73.187 12 
 8.719 9.966 3845206 0 0 3651186 380302 3845206 42256  73.221 12 
 8.742 9.955 3887460 0 0 3651186 380302 3887460 42254  73.266 12 
 8.764 9.966 3929716 0 0 3651186 380302 3929716 42256  73.299 12 
 8.730 10.000 3971970 0 0 3651186 380302 3971970 42254  73.300 12 
 8.776 9.955 4014226 0 0 3651186 380302 4014226 42256  73.345 12 
 8.719 9.955 4056478 0 0 3651186 380302 4056478 42252  73.390 12 
 8.776 9.955 4098736 0 0 3651186 380302 4098736 42258  73.435 12 
 8.810 10.000 4140990 0 0 3651186 380302 4140990 42254  73.436 12 
 8.833 9.955 4183244 0 0 3651186 380302 4183244 42254  73.481 12 
 8.810 9.966 4225496 0 0 3651186 380302 4225496 42252  73.514 12 
 8.822 9.977 4267754 0 0 3651186 380302 4267754 42258  73.537 12 
 8.833 9.932 4310008 0 0 4285004 633818 4310008 42254  73.604 13 
 8.810 10.035 4352264 0 0 4285004 633818 4352264 42256  73.640 13 
 8.742 10.000 4394518 0 0 4285004 633818 4394518 42254  73.640 13 
 8.776 9.966 4436774 0 0 4285004 633818 4436774 42256  73.674 13 
 8.719 9.955 4479030 0 0 4285004 633818 4479030 42256  73.719 13 
 8.742 9.966 4521286 0 0 4285004 633818 4521286 42256  73.752 13 
 8.742 9.920 4563542 0 0 4285004 633818 4563542 42256  73.832 13 
 8.753 9.966 4605796 0 0 4285004 633818 4605796 42254  73.865 13 
 8.627 9.966 4648050 0 0 4285004 633818 4648050 42254  73.899 13 
 8.696 9.966 4690306 0 0 4285004 633818 4690306 42256  73.932 13 
 8.639 9.932 4732560 0 0 4285004 633818 4732560 42254  74.000 13 
 8.639 9.977 4774816 0 0 4285004 633818 4774816 42256  74.022 13 
 8.650 9.966 4817070 0 0 4285004 633818 4817070 42254  74.056 13 
 8.673 10.000 4859328 0 0 4285004 633818 4859328 42258  74.057 13 
 8.593 9.955 4901582 0 0 4285004 633818 4901582 42254  74.102 13 
 8.650 9.955 4943838 0 0 4918832 633828 4943838 42256  74.147 14 
 8.639 10.000 4986094 0 0 4918832 633828 4986094 42256  74.147 14 
 8.673 9.955 5028348 0 0 4918832 633828 5028348 42254  74.192 14 
 8.684 10.000 5070604 0 0 4918832 633828 5070604 42256  74.193 14 
 8.673 9.955 5112860 0 0 4918832 633828 5112860 42256  74.238 14 
 8.719 9.920 5155112 0 0 4918832 633828 5155112 42252  74.318 14 
 8.719 9.966 5197370 0 0 4918832 633828 5197370 42258  74.351 14 
 8.684 9.966 5239624 0 0 4918832 633828 5239624 42254  74.385 14 
 8.719 9.955 5281880 0 0 4918832 633828 5281880 42256  74.430 14 
 8.719 9.920 5324134 0 0 4918832 633828 5324134 42254  74.509 14 
 8.753 9.932 5366388 0 0 4918832 633828 5366388 42254  74.577 14 
 8.742 9.955 5408644 0 0 4918832 633828 5408644 42256  74.622 14 
 8.764 9.955 5450900 0 0 4918832 633828 5450900 42256  74.667 14 
 8.764 9.932 5493154 0 0 4918832 633828 5493154 42254  74.735 14 
 8.753 9.977 5535410 0 0 4918832 633828 5535410 42256  74.757 14 
 8.764 9.909 5577666 0 0 5552662 633830 5577666 42256  74.848 15 
 8.753 10.035 5619922 0 0 5552662 633830 5619922 42256  74.883 15 
 8.730 9.966 5662178 0 0 5552662 633830 5662178 42256  74.916 15 
 8.684 9.966 5704434 0 0 5552662 633830 5704434 42256  74.950 15 
 8.673 9.932 5746690 0 0 5552662 633830 5746690 42256  75.018 15 
 8.719 9.955 5788944 0 0 5552662 633830 5788944 42254  75.063 15 
 8.650 9.943 5831198 0 0 5552662 633830 5831198 42254  75.119 15 
 8.662 10.000 5873452 0 0 5552662 633830 5873452 42254  75.120 15 
 8.673 9.955 5915708 0 0 5552662 633830 5915708 42256  75.165 15 
 8.639 9.955 5957962 0 0 5552662 633830 5957962 42254  75.210 15 
 8.673 9.955 6000216 0 0 5552662 633830 6000216 42254  75.255 15 
 8.627 9.966 6042472 0 0 5552662 633830 6042472 42256  75.288 15 
 8.593 9.955 6084728 0 0 5552662 633830 6084728 42256  75.333 15 
 8.627 9.966 6126984 0 0 6101980 549318 6126984 42256  75.367 16 
 8.604 9.955 6169236 0 0 6101980 549318 6169236 42252  75.412 16 
 8.627 9.943 6211494 0 0 6101980 549318 6211494 42258  75.468 16 
 8.673 9.909 6253748 0 0 6101980 549318 6253748 42254  75.559 16 
 8.639 9.909 6296004 0 0 6101980 549318 6296004 42256  75.650 16 
 8.616 9.886 6338258 0 0 6101980 549318 6338258 42254  75.764 16 
 8.604 9.943 6380514 0 0 6101980 549318 6380514 42256  75.820 16 
 8.627 9.886 6422770 0 0 6101980 549318 6422770 42256  75.934 16 
 8.639 9.943 6465026 0 0 6101980 549318 6465026 42256  75.990 16 
 8.627 9.863 6507280 0 0 6101980 549318 6507280 42254  76.127 16 
 8.627 9.920 6549536 0 0 6101980 549318 6549536 42256  76.206 16 
 8.604 9.909 6591792 0 0 6101980 549318 6591792 42256  76.297 16 
 8.639 9.909 6634046 0 0 6101980 549318 6634046 42254  76.387 16 
 8.639 9.886 6676298 0 0 6101980 549318 6676298 42252  76.501 16 
 8.639 9.886 6718552 0 0 6101980 549318 6718552 42254  76.615 16 
 8.639 9.863 6760806 0 0 6735802 633822 6760806 42254  76.751 17 
 8.650 9.886 6803062 0 0 6735802 633822 6803062 42256  76.865 17 
 8.673 9.863 6845316 0 0 6735802 633822 6845316 42254  77.001 17 
 8.650 9.920 6887570 0 0 6735802 633822 6887570 42254  77.081 17 
 8.650 9.863 6929826 0 0 6735802 633822 6929826 42256  77.217 17 
 8.684 9.897 6972082 0 0 6735802 633822 6972082 42256  77.319 17 
 8.662 9.909 7014336 0 0 6735802 633822 7014336 42254  77.410 17 
 8.639 9.932 7056592 0 0 6735802 633822 7056592 42256  77.478 17 
 8.662 9.920 7098848 0 0 6735802 633822 7098848 42256  77.557 17 
 8.627 9.932 7141104 0 0 6735802 633822 7141104 42256  77.625 17 
 8.639 9.909 7183358 0 0 6735802 633822 7183358 42254  77.716 17 
 8.627 9.874 7225616 0 0 6735802 633822 7225616 42258  77.841 17 
 8.616 9.886 7267870 0 0 6735802 633822 7267870 42254  77.955 17 
 8.627 9.932 7310124 0 0 6735802 633822 7310124 42254  78.023 17 
 8.639 9.863 7352382 0 0 6735802 633822 7352382 42258  78.159 17 
 8.627 9.863 7394636 0 0 7369632 633830 7394636 42254  78.296 18 
 8.593 9.874 7436892 0 0 7369632 633830 7436892 42256  78.421 18 
 8.616 9.863 7479146 0 0 7369632 633830 7479146 42254  78.557 18 
 8.593 9.909 7521400 0 0 7369632 633830 7521400 42254  78.648 18 
 8.650 9.829 7563656 0 0 7369632 633830 7563656 42256  78.819 18 
 8.627 9.874 7605910 0 0 7369632 633830 7605910 42254  78.944 18 
 8.673 9.909 7648164 0 0 7369632 633830 7648164 42254  79.035 18 
 8.593 9.874 7690418 0 0 7369632 633830 7690418 42254  79.160 18 
 8.627 9.829 7732672 0 0 7369632 633830 7732672 42254  79.331 18 
 8.650 9.829 7774926 0 0 7369632 633830 7774926 42254  79.502 18 
 8.639 9.874 7817180 0 0 7369632 633830 7817180 42254  79.627 18 
 8.639 9.840 7859434 0 0 7369632 633830 7859434 42254  79.786 18 
 8.639 9.863 7901688 0 0 7369632 633830 7901688 42254  79.923 18 
 8.673 9.840 7943944 0 0 7369632 633830 7943944 42256  80.082 18 
 8.684 9.909 7986198 0 0 7369632 633830 7986198 42254  80.173 18 
 8.684 9.886 8028452 0 0 8003450 633818 8028452 42254  80.287 19 
 8.684 9.932 8070706 0 0 8003450 633818 8070706 42254  80.354 19 
 8.650 9.874 8112960 0 0 8003450 633818 8112960 42254  80.480 19 
 8.673 9.863 8155216 0 0 8003450 633818 8155216 42256  80.616 19 
 8.662 9.897 8197472 0 0 8003450 633818 8197472 42256  80.718 19 
 8.684 9.897 8239728 0 0 8003450 633818 8239728 42256  80.821 19 
 8.650 9.863 8281986 0 0 8003450 633818 8281986 42258  80.957 19 
 8.662 9.840 8324238 0 0 8003450 633818 8324238 42252  81.116 19 
 8.639 9.874 8366492 0 0 8003450 633818 8366492 42254  81.242 19 
 8.604 9.874 8408746 0 0 8003450 633818 8408746 42254  0.125 19 
 9.005 9.829 8451000 0 0 8003450 633818 8451000 42254  0.295 19 
 9.325 9.920 8493258 0 0 8003450 633818 8493258 42258  0.375 19 
 9.634 9.966 8535512 0 0 8003450 633818 8535512 42254  0.408 19 
 9.943 10.046 8577764 0 0 8003450 633818 8577764 42252  0.455 19 
 10.286 10.057 8620018 0 0 8003450 633818 8620018 42254  0.513 19 
 10.321 10.183 8662276 0 0 8637270 633820 8662276 42258  0.697 20 
 10.870 10.195 8704530 0 0 8637270 633820 8704530 42254  0.892 20 
 10.824 10.275 8746784 0 0 8721778 84508 8746784 42254  1.167 21 
 10.527 10.241 8789040 0 0 8721778 84508 8789040 42256  1.408 21 
 10.252 10.298 8831296 0 0 8721778 84508 8831296 42256  1.707 21 
 9.955 10.344 8873552 0 0 8721778 84508 8873552 42256  2.051 21 
 9.680 10.412 8915806 0 0 8721778 84508 8915806 42254  2.464 21 
 9.405 10.389 8958062 0 0 8721778 84508 8958062 42256  2.853 21 
 9.188 10.424 9000318 0 0 8721778 84508 9000318 42256  3.278 21 
 8.913 10.378 9042574 0 0 8721778 84508 9042574 42256  3.656 21 
 8.719 10.389 9084828 0 0 8721778 84508 9084828 42254  4.046 21 
 8.501 10.435 9127084 0 0 8721778 84508 9127084 42256  4.481 21 
 8.307 10.344 9169340 0 0 9144336 422558 9169340 42256  4.825 22 
 8.215 10.332 9211596 0 0 9144336 422558 9211596 42256  5.158 22 
 8.147 10.332 9253852 0 0 9228848 84512 9253852 42256  5.491 23 
 8.078 10.252 9296104 0 0 9228848 84512 9296104 42252  5.743 23 
 8.044 10.275 9338360 0 0 9228848 84512 9338360 42256  6.018 23 
 8.044 10.195 9380614 0 0 9355612 126764 9380614 42254  6.214 24 
 7.998 10.149 9422870 0 0 9355612 126764 9422870 42256  6.363 24 
 7.986 10.115 9465124 0 0 9355612 126764 9465124 42254  6.479 24 
 7.998 10.115 9507378 0 0 9482376 126764 9507378 42254  6.594 25 
 8.021 10.115 9549634 0 0 9482376 126764 9549634 42256  6.709 25 
 8.009 10.046 9591890 0 0 9482376 126764 9591890 42256  6.755 25 
 8.032 10.069 9634146 0 0 9482376 126764 9634146 42256  6.825 25 
 8.078 10.046 9676398 0 0 9651396 169020 9676398 42252  6.871 26 
 8.044 9.955 9718654 0 0 9651396 169020 9718654 42256  6.916 26 
 8.078 9.977 9760908 0 0 9651396 169020 9760908 42254  6.939 26 
 8.101 9.897 9803166 0 0 9651396 169020 9803166 42258  7.041 26 
 8.147 9.920 9845422 0 0 9820414 169018 9845422 42256  7.120 27 
 8.181 9.863 9887678 0 0 9820414 169018 9887678 42256  7.257 27 
 8.250 9.909 9929932 0 0 9820414 169018 9929932 42254  7.347 27 
 8.272 9.920 9972188 0 0 9820414 169018 9972188 42256  7.427 27 
 8.353 9.863 10014444 0 0 9820414 169018 10014444 42256  7.563 27 
 8.341 9.874 10056700 0 0 9820414 169018 10056700 42256  7.688 27 
 8.398 9.806 10098954 0 0 9820414 169018 10098954 42254  7.882 27 
 8.410 9.783 10141208 0 0 9820414 169018 10141208 42254  8.099 27 
 8.467 9.863 10183464 0 0 9820414 169018 10183464 42256  8.235 27 
 8.490 9.794 10225720 0 0 9820414 169018 10225720 42256  8.440 27 
 8.536 9.840 10267974 0 0 9820414 169018 10267974 42254  8.600 27 
 8.547 9.771 10310232 0 0 9820414 169018 10310232 42258  8.828 27 
 8.627 9.817 10352486 0 0 9820414 169018 10352486 42254  9.010 27 
 8.639 9.829 10394742 0 0 9820414 169018 10394742 42256  9.181 27 
 8.639 9.817 10436996 0 0 9820414 169018 10436996 42254  9.363 27 
 8.604 9.817 10479250 0 0 10454248 633834 10479250 42254  9.546 28 
 8.684 9.852 10521506 0 0 10454248 633834 10521506 42256  9.694 28 
 8.639 9.817 10563762 0 0 10454248 633834 10563762 42256  9.876 28 
 8.673 9.863 10606016 0 0 10454248 633834 10606016 42254  10.012 28 
 8.673 9.829 10648272 0 0 10454248 633834 10648272 42256  10.183 28 
 8.650 9.829 10690530 0 0 10454248 633834 10690530 42258  10.354 28 
 8.650 9.829 10732786 0 0 10454248 633834 10732786 42256  10.525 28 
 8.684 9.817 10775038 0 0 10454248 633834 10775038 42252  10.707 28 
 8.639 9.817 10817290 0 0 10454248 633834 10817290 42252  10.890 28 
 8.639 9.829 10859548 0 0 10454248 633834 10859548 42258  11.061 28 
 8.662 9.817 10901800 0 0 10454248 633834 10901800 42252  11.243 28 
 8.639 9.874 10944056 0 0 10454248 633834 10944056 42256  11.368 28 
 8.662 9.817 10986310 0 0 10454248 633834 10986310 42254  11.550 28 
 8.673 9.852 11028564 0 0 10454248 633834 11028564 42254  11.698 28 
 8.627 9.817 11070818 0 0 10454248 633834 11070818 42254  11.881 28 
 8.639 9.817 11113072 0 0 11088068 633820 11113072 42254  12.063 29 
 8.604 9.863 11155326 0 0 11088068 633820 11155326 42254  12.199 29 
 8.650 9.817 11197580 0 0 11088068 633820 11197580 42254  12.382 29 
 8.662 9.817 11239832 0 0 11088068 633820 11239832 42252  12.564 29 
 8.673 9.852 11282088 0 0 11088068 633820 11282088 42256  12.712 29 
 8.639 9.817 11324344 0 0 11088068 633820 11324344 42256  12.894 29 
 8.650 9.852 11366598 0 0 11088068 633820 11366598 42254  13.042 29 
 8.627 9.817 11408854 0 0 11088068 633820 11408854 42256  13.225 29 
 8.707 9.897 11451108 0 0 11088068 633820 11451108 42254  13.327 29 
 8.719 9.817 11493364 0 0 11088068 633820 11493364 42256  13.509 29 
 8.627 9.886 11535620 0 0 11088068 633820 11535620 42256  13.623 29 
 8.627 9.874 11577876 0 0 11088068 633820 11577876 42256  13.748 29 
 8.639 9.829 11620132 0 0 11088068 633820 11620132 42256  13.919 29 
 8.627 9.863 11662386 0 0 11088068 633820 11662386 42254  14.055 29 
 8.639 9.874 11704642 0 0 11088068 633820 11704642 42256  14.180 29 
 8.639 9.852 11746898 0 0 11721894 633826 11746898 42256  14.328 30 
 8.627 9.863 11789156 0 0 11721894 633826 11789156 42258  14.465 30 
 8.616 9.829 11831408 0 0 11721894 633826 11831408 42252  14.636 30 
 8.581 9.863 11873664 0 0 11721894 633826 11873664 42256  14.772 30 
 8.593 9.874 11915918 0 0 11721894 633826 11915918 42254  14.897 30 
 8.570 9.863 11958174 0 0 11721894 633826 11958174 42256  15.034 30 
 8.547 9.840 12000430 0 0 11721894 633826 12000430 42256  15.193 30 
 8.547 9.863 12042684 0 0 11721894 633826 12042684 42254  15.330 30 
 8.536 9.863 12084938 0 0 11721894 633826 12084938 42254  15.466 30 
 8.501 9.863 12127192 0 0 12102188 380294 12127192 42254  15.603 31 
 8.501 9.829 12169448 0 0 12102188 380294 12169448 42256  15.774 31 
 8.513 9.829 12211702 0 0 12102188 380294 12211702 42254  15.945 31 
 8.501 9.863 12253958 0 0 12102188 380294 12253958 42256  16.081 31 
 8.501 9.840 12296210 0 0 12102188 380294 12296210 42252  16.240 31 
 8.501 9.863 12338468 0 0 12102188 380294 12338468 42258  16.377 31 
 8.501 9.829 12380724 0 0 12102188 380294 12380724 42256  16.548 31 
 8.456 9.829 12422980 0 0 12102188 380294 12422980 42256  16.719 31 
 8.513 9.886 12465234 0 0 12440232 338044 12465234 42254  16.832 32 
 8.456 9.829 12507490 0 0 12440232 338044 12507490 42256  17.003 32 
 8.536 9.874 12549744 0 0 12440232 338044 12549744 42254  17.128 32 
 8.513 9.852 12591998 0 0 12440232 338044 12591998 42254  17.276 32 
 8.536 9.874 12634252 0 0 12440232 338044 12634252 42254  17.401 32 
 8.524 9.817 12676508 0 0 12440232 338044 12676508 42256  17.584 32 
 8.581 9.829 12718762 0 0 12440232 338044 12718762 42254  17.755 32 
 8.547 9.783 12761016 0 0 12440232 338044 12761016 42254  17.971 32 
 8.581 9.829 12803272 0 0 12440232 338044 12803272 42256  18.142 32 
 8.581 9.852 12845526 0 0 12440232 338044 12845526 42254  18.290 32 
 8.616 9.829 12887782 0 0 12440232 338044 12887782 42256  18.461 32 
 8.581 9.817 12930038 0 0 12440232 338044 12930038 42256  18.643 32 
 8.616 9.840 12972294 0 0 12440232 338044 12972294 42256  18.803 32 
 8.639 9.874 13014548 0 0 12440232 338044 13014548 42254  18.928 32 
 8.639 9.817 13056802 0 0 12440232 338044 13056802 42254  19.110 32 
 8.581 9.817 13099054 0 0 13074052 633820 13099054 42252  19.292 33 
 8.593 9.829 13141310 0 0 13074052 633820 13141310 42256  19.463 33 
 8.581 9.783 13183564 0 0 13074052 633820 13183564 42254  19.680 33 
 8.593 9.863 13225818 0 0 13074052 633820 13225818 42254  19.816 33 
 8.593 9.829 13268074 0 0 13074052 633820 13268074 42256  19.987 33 
 8.524 9.817 13310328 0 0 13074052 633820 13310328 42254  20.169 33 
 8.559 9.874 13352584 0 0 13074052 633820 13352584 42256  20.295 33 
 8.581 9.852 13394840 0 0 13074052 633820 13394840 42256  20.443 33 
 8.547 9.817 13437094 0 0 13074052 633820 13437094 42254  20.625 33 
 8.581 9.863 13479350 0 0 13074052 633820 13479350 42256  20.761 33 
 8.570 9.863 13521606 0 0 13074052 633820 13521606 42256  20.898 33 
 8.559 9.863 13563862 0 0 13074052 633820 13563862 42256  21.034 33 
 8.559 9.874 13606116 0 0 13074052 633820 13606116 42254  21.160 33 
 8.559 9.863 13648370 0 0 13074052 633820 13648370 42254  21.296 33 
 8.536 9.829 13690624 0 0 13074052 633820 13690624 42254  21.467 33 
 8.581 9.863 13732878 0 0 13707876 633824 13732878 42254  21.603 34 
 8.547 9.829 13775132 0 0 13707876 633824 13775132 42254  21.774 34 
 8.570 9.829 13817386 0 0 13707876 633824 13817386 42254  21.945 34 
 8.547 9.852 13859642 0 0 13707876 633824 13859642 42256  22.093 34 
 8.604 9.840 13901898 0 0 13707876 633824 13901898 42256  22.253 34 
 8.559 9.817 13944154 0 0 13707876 633824 13944154 42256  22.435 34 
 8.593 9.863 13986412 0 0 13707876 633824 13986412 42258  22.571 34 
 8.513 9.817 14028664 0 0 13707876 633824 14028664 42252  22.754 34 
 8.627 9.817 14070920 0 0 13707876 633824 14070920 42256  22.936 34 
 8.536 9.863 14113176 0 0 13707876 633824 14113176 42256  23.073 34 
 8.581 9.840 14155430 0 0 13707876 633824 14155430 42254  23.232 34 
 8.581 9.817 14197684 0 0 13707876 633824 14197684 42254  23.414 34 
 8.547 9.829 14239942 0 0 13707876 633824 14239942 42258  23.585 34 
 8.570 9.806 14282196 0 0 13707876 633824 14282196 42254  23.779 34 
 8.581 9.829 14324452 0 0 13707876 633824 14324452 42256  23.950 34 
 8.581 9.829 14366706 0 0 14341700 633824 14366706 42254  24.121 35 
 8.593 9.829 14408958 0 0 14341700 633824 14408958 42252  24.291 35 
 8.581 9.886 14451216 0 0 14341700 633824 14451216 42258  24.405 35 
 8.604 9.840 14493472 0 0 14341700 633824 14493472 42256  24.565 35 
 8.581 9.863 14535728 0 0 14341700 633824 14535728 42256  24.701 35 
 8.581 9.863 14577984 0 0 14341700 633824 14577984 42256  24.838 35 
 8.581 9.840 14620238 0 0 14341700 633824 14620238 42254  24.997 35 
 8.559 9.840 14662494 0 0 14341700 633824 14662494 42256  25.156 35 
 8.547 9.829 14704750 0 0 14341700 633824 14704750 42256  25.327 35 
 8.570 9.897 14747006 0 0 14341700 633824 14747006 42256  25.429 35 
