Usage: \n motedebug <port number>
Thread[Thread-1,5,main]
48 52 53 51 32 32 50 50 46 51 32 52 56 46 57 13 10 
48 52 48 52 32 32 50 50 46 48 32 52 56 46 57 13 10 
48 52 48 50 32 32 50 49 46 54 32 53 48 46 48 13 10 
48 51 57 57 32 32 50 49 46 50 32 53 50 46 53 13 10 
48 52 48 52 32 32 50 48 46 54 32 53 54 46 50 13 10 
48 51 57 56 32 32 50 48 46 54 32 53 55 46 48 13 10 
48 52 49 49 32 32 50 48 46 53 32 53 55 46 55 13 10 
48 51 57 56 32 32 50 48 46 50 32 53 57 46 53 13 10 
48 52 49 48 32 32 50 48 46 50 32 53 57 46 56 13 10 
48 52 49 49 32 32 50 48 46 49 32 54 48 46 54 13 10 
48 52 48 57 32 32 49 57 46 57 32 54 49 46 48 13 10 
48 52 49 52 32 32 49 57 46 56 32 54 49 46 56 13 10 
48 52 48 57 32 32 49 57 46 54 32 54 50 46 49 13 10 
48 52 49 52 32 32 49 57 46 53 32 54 50 46 49 13 10 
48 52 49 56 32 32 49 57 46 52 32 54 50 46 50 13 10 
48 52 49 54 32 32 49 57 46 50 32 54 50 46 55 13 10 
48 52 50 54 32 32 49 57 46 49 32 54 50 46 57 13 10 
48 52 50 52 32 32 49 56 46 57 32 54 51 46 56 13 10 
48 52 49 57 32 32 49 57 46 48 32 54 51 46 48 13 10 
48 52 50 55 32 32 49 56 46 57 32 54 50 46 55 13 10 
48 52 51 53 32 32 49 57 46 48 32 54 50 46 49 13 10 
48 52 50 49 32 32 49 56 46 56 32 54 50 46 54 13 10 
48 52 50 55 32 32 49 56 46 55 32 54 51 46 48 13 10 
48 52 51 55 32 32 49 56 46 54 32 54 51 46 51 13 10 
48 52 51 52 32 32 49 56 46 55 32 54 50 46 56 13 10 
48 52 50 57 32 32 49 56 46 55 32 54 50 46 52 13 10 
48 52 51 56 32 32 49 56 46 54 32 54 50 46 56 13 10 
48 52 51 54 32 32 49 56 46 52 32 54 51 46 50 13 10 
48 52 51 55 32 32 49 56 46 52 32 54 51 46 50 13 10 
48 52 52 51 32 32 49 56 46 51 32 54 51 46 55 13 10 
48 52 51 53 32 32 49 56 46 53 32 54 50 46 56 13 10 
48 52 52 49 32 32 49 56 46 51 32 54 51 46 53 13 10 
48 52 51 54 32 32 49 56 46 53 32 54 50 46 56 13 10 
48 52 52 49 32 32 49 56 46 53 32 54 50 46 57 13 10 
48 52 50 56 32 32 49 56 46 50 32 54 52 46 48 13 10 
48 52 52 50 32 32 49 56 46 49 32 54 52 46 53 13 10 
48 52 52 51 32 32 49 56 46 50 32 54 52 46 52 13 10 
48 52 52 57 32 32 49 55 46 57 32 54 53 46 51 13 10 
48 52 52 56 32 32 49 55 46 57 32 54 53 46 49 13 10 
48 52 52 53 32 32 49 56 46 49 32 54 52 46 49 13 10 
48 52 52 55 32 32 49 56 46 48 32 54 52 46 49 13 10 
48 52 52 49 32 32 49 55 46 54 32 54 53 46 50 13 10 
48 52 53 56 32 32 49 55 46 54 32 54 53 46 49 13 10 
48 52 53 56 32 32 49 55 46 55 32 54 53 46 51 13 10 
48 52 53 55 32 32 49 55 46 53 32 54 53 46 56 13 10 
48 52 52 57 32 32 49 55 46 53 32 54 54 46 48 13 10 
48 52 53 53 32 32 49 55 46 52 32 54 54 46 50 13 10 
48 52 53 54 32 32 49 55 46 52 32 54 54 46 54 13 10 
48 52 52 54 32 32 49 55 46 51 32 54 54 46 57 13 10 
48 52 53 52 32 32 49 55 46 52 32 54 54 46 54 13 10 
48 52 54 49 32 32 49 55 46 50 32 54 55 46 51 13 10 
48 52 53 53 32 32 49 55 46 50 32 54 55 46 51 13 10 
48 52 53 48 32 32 49 55 46 53 32 54 54 46 53 13 10 
48 52 53 49 32 32 49 55 46 54 32 54 54 46 48 13 10 
48 52 52 57 32 32 49 55 46 54 32 54 54 46 48 13 10 
48 52 52 55 32 32 49 55 46 55 32 54 53 46 54 13 10 
48 52 53 48 32 32 49 55 46 54 32 54 54 46 50 13 10 
48 52 52 57 32 32 49 55 46 52 32 54 54 46 57 13 10 
48 52 53 48 32 32 49 56 46 48 32 54 52 46 57 13 10 
48 52 52 53 32 32 49 56 46 50 32 54 52 46 48 13 10 
48 52 51 55 32 32 49 56 46 53 32 54 50 46 49 13 10 
48 52 51 55 32 32 49 56 46 55 32 54 49 46 49 13 10 
48 52 51 52 32 32 49 56 46 57 32 53 57 46 53 13 10 
48 52 51 54 32 32 49 57 46 53 32 53 54 46 57 13 10 
48 52 50 52 32 32 49 57 46 51 32 53 54 46 51 13 10 
48 52 50 56 32 32 49 57 46 57 32 53 52 46 55 13 10 
48 52 50 50 32 32 50 48 46 48 32 53 52 46 51 13 10 
48 52 49 55 32 32 50 48 46 50 32 53 51 46 56 13 10 
48 52 49 54 32 32 49 57 46 57 32 53 52 46 54 13 10 
48 52 50 52 32 32 49 57 46 55 32 53 51 46 49 13 10 
48 52 49 50 32 32 50 48 46 48 32 53 50 46 48 13 10 
48 52 49 50 32 32 49 57 46 57 32 53 48 46 56 13 10 
48 52 49 50 32 32 50 48 46 52 32 52 57 46 52 13 10 
48 52 49 54 32 32 50 48 46 52 32 52 55 46 56 13 10 
48 52 48 55 32 32 50 49 46 49 32 52 54 46 56 13 10 
48 52 48 52 32 32 50 48 46 56 32 52 54 46 57 13 10 
48 52 48 48 32 32 50 48 46 56 32 52 54 46 48 13 10 
48 52 48 56 32 32 50 48 46 56 32 52 53 46 57 13 10 
48 52 48 48 32 32 50 49 46 49 32 52 52 46 56 13 10 
48 52 48 53 32 32 50 48 46 55 32 52 52 46 50 13 10 
48 52 48 51 32 32 50 48 46 55 32 52 53 46 49 13 10 
48 52 48 54 32 32 50 49 46 51 32 52 51 46 56 13 10 
48 51 57 53 32 32 50 49 46 55 32 52 51 46 55 13 10 
48 51 57 55 32 32 50 49 46 51 32 52 51 46 52 13 10 
48 51 57 57 32 32 50 49 46 51 32 52 49 46 51 13 10 
48 52 48 48 32 32 50 49 46 54 32 52 49 46 53 13 10 
48 51 56 57 32 32 50 49 46 54 32 52 49 46 57 13 10 
48 51 57 49 32 32 50 49 46 56 32 52 49 46 55 13 10 
48 51 57 54 32 32 50 49 46 54 32 52 49 46 54 13 10 
48 51 57 56 32 32 50 49 46 56 32 52 49 46 54 13 10 
48 51 56 57 32 32 50 49 46 54 32 52 49 46 50 13 10 
48 51 57 54 32 32 50 49 46 54 32 52 49 46 54 13 10 
48 51 57 52 32 32 50 49 46 49 32 52 50 46 50 13 10 
48 51 56 54 32 32 50 49 46 50 32 52 50 46 54 13 10 
48 52 48 48 32 32 50 48 46 56 32 52 51 46 48 13 10 
48 52 48 50 32 32 50 49 46 49 32 52 50 46 56 13 10 
48 51 57 50 32 32 50 49 46 49 32 52 50 46 50 13 10 
48 51 57 56 32 32 50 49 46 54 32 52 49 46 48 13 10 
48 51 57 52 32 32 50 49 46 57 32 52 48 46 57 13 10 
48 51 57 48 32 32 50 49 46 57 32 52 49 46 51 13 10 
48 51 57 50 32 32 50 49 46 57 32 52 49 46 49 13 10 
48 51 57 49 32 32 50 49 46 57 32 52 48 46 54 13 10 
48 51 56 54 32 32 50 49 46 55 32 52 49 46 49 13 10 
48 51 57 49 32 32 50 49 46 51 32 52 49 46 48 13 10 
48 51 57 50 32 32 50 49 46 50 32 52 50 46 49 13 10 
48 51 56 55 32 32 50 49 46 50 32 52 49 46 54 13 10 
48 51 57 51 32 32 50 49 46 53 32 52 49 46 50 13 10 
48 51 56 57 32 32 50 49 46 51 32 52 48 46 57 13 10 
48 51 56 57 32 32 50 49 46 53 32 52 48 46 51 13 10 
48 51 55 57 32 32 50 49 46 51 32 51 57 46 54 13 10 
48 51 56 56 32 32 50 49 46 50 32 51 57 46 52 13 10 
48 51 57 52 32 32 50 48 46 56 32 51 57 46 57 13 10 
48 51 57 50 32 32 50 48 46 57 32 51 57 46 50 13 10 
48 51 57 56 32 32 50 48 46 55 32 51 57 46 55 13 10 
48 51 56 53 32 32 50 48 46 56 32 51 57 46 55 13 10 
48 51 57 57 32 32 50 48 46 56 32 52 48 46 48 13 10 
48 51 56 52 32 32 50 48 46 54 32 51 57 46 56 13 10 
48 52 48 48 32 32 50 48 46 54 32 51 57 46 51 13 10 
48 51 57 56 32 32 50 48 46 54 32 51 56 46 54 13 10 
48 51 56 56 32 32 50 48 46 56 32 51 55 46 57 13 10 
48 51 57 50 32 32 50 48 46 54 32 51 55 46 55 13 10 
48 51 57 57 32 32 50 48 46 57 32 51 55 46 54 13 10 
48 51 57 50 32 32 50 48 46 52 32 51 55 46 48 13 10 
48 51 57 52 32 32 50 48 46 54 32 51 55 46 50 13 10 
48 52 48 50 32 32 50 48 46 51 32 51 55 46 49 13 10 
48 51 57 51 32 32 50 48 46 50 32 51 55 46 48 13 10 
48 51 57 56 32 32 50 49 46 48 32 51 55 46 57 13 10 
48 52 48 48 32 32 50 48 46 57 32 51 56 46 53 13 10 
48 51 57 55 32 32 50 48 46 56 32 51 56 46 54 13 10 
48 51 57 52 32 32 50 48 46 56 32 51 57 46 48 13 10 
48 52 48 49 32 32 50 48 46 53 32 51 56 46 51 13 10 
48 51 56 56 32 32 50 48 46 52 32 51 54 46 55 13 10 
48 51 57 52 32 32 50 48 46 52 32 51 54 46 48 13 10 
48 51 57 52 32 32 50 48 46 54 32 51 54 46 53 13 10 
48 51 57 52 32 32 50 48 46 50 32 51 54 46 56 13 10 
48 51 57 52 32 32 50 48 46 52 32 51 54 46 49 13 10 
48 51 56 52 32 32 50 48 46 53 32 51 54 46 50 13 10 
48 51 57 48 32 32 50 48 46 53 32 51 53 46 51 13 10 
48 52 48 48 32 32 50 48 46 53 32 51 53 46 52 13 10 
48 51 57 55 32 32 50 48 46 52 32 51 54 46 53 13 10 
48 51 56 53 32 32 50 48 46 53 32 51 54 46 51 13 10 
48 52 48 48 32 32 50 48 46 50 32 51 54 46 52 13 10 
48 51 57 48 32 32 50 48 46 51 32 51 54 46 54 13 10 
48 51 57 52 32 32 49 57 46 55 32 52 50 46 51 13 10 
48 52 48 51 32 32 49 57 46 50 32 52 52 46 52 13 10 
48 52 48 50 32 32 49 57 46 50 32 52 52 46 51 13 10 
48 52 48 56 32 32 49 56 46 57 32 52 52 46 53 13 10 
48 52 49 50 32 32 49 56 46 57 32 52 52 46 56 13 10 
48 52 49 54 32 32 49 56 46 53 32 52 54 46 52 13 10 
48 52 50 49 32 32 49 56 46 53 32 52 55 46 49 13 10 
48 52 50 48 32 32 49 56 46 53 32 52 55 46 54 13 10 
48 52 50 56 32 32 49 56 46 53 32 52 55 46 57 13 10 
48 52 50 49 32 32 49 56 46 53 32 52 56 46 53 13 10 
48 52 49 56 32 32 49 56 46 49 32 53 48 46 50 13 10 
48 52 50 57 32 32 49 56 46 51 32 53 48 46 49 13 10 
48 52 50 52 32 32 49 56 46 49 32 53 48 46 57 13 10 
48 52 50 55 32 32 49 56 46 49 32 53 49 46 49 13 10 
48 52 49 53 32 32 49 56 46 49 32 53 49 46 57 13 10 
48 52 50 49 32 32 49 56 46 48 32 53 50 46 52 13 10 
48 52 50 53 32 32 49 55 46 57 32 53 51 46 51 13 10 
48 52 50 51 32 32 49 56 46 48 32 53 51 46 48 13 10 
48 52 50 53 32 32 49 55 46 57 32 53 51 46 54 13 10 
48 52 50 52 32 32 49 55 46 57 32 53 51 46 57 13 10 
48 52 50 56 32 32 49 56 46 48 32 53 52 46 49 13 10 
48 52 50 56 32 32 49 55 46 56 32 53 53 46 49 13 10 
48 52 51 49 32 32 49 56 46 48 32 53 52 46 55 13 10 
48 52 50 54 32 32 49 56 46 51 32 53 51 46 57 13 10 
48 52 49 56 32 32 49 56 46 52 32 53 51 46 55 13 10 
48 52 50 56 32 32 49 56 46 54 32 53 50 46 57 13 10 
48 52 50 48 32 32 49 56 46 52 32 53 51 46 56 13 10 
48 52 49 56 32 32 49 56 46 53 32 53 51 46 56 13 10 
48 52 50 50 32 32 49 56 46 50 32 53 52 46 55 13 10 
48 52 50 51 32 32 49 56 46 49 32 53 53 46 55 13 10 
48 52 50 52 32 32 49 56 46 50 32 53 53 46 49 13 10 
48 52 50 56 32 32 49 56 46 49 32 53 53 46 55 13 10 
48 52 50 57 32 32 49 56 46 48 32 53 54 46 49 13 10 
48 52 50 54 32 32 49 55 46 57 32 53 54 46 51 13 10 
48 52 50 54 32 32 49 55 46 55 32 53 55 46 48 13 10 
48 52 50 57 32 32 49 55 46 55 32 53 54 46 57 13 10 
48 52 50 56 32 32 49 55 46 54 32 53 55 46 49 13 10 
48 52 51 51 32 32 49 55 46 53 32 53 55 46 53 13 10 
48 52 50 57 32 32 49 55 46 54 32 53 55 46 52 13 10 
48 52 51 53 32 32 49 55 46 54 32 53 55 46 54 13 10 
48 52 51 53 32 32 49 55 46 51 32 53 56 46 53 13 10 
48 52 50 55 32 32 49 55 46 49 32 53 57 46 53 13 10 
48 52 52 51 32 32 49 55 46 49 32 53 57 46 52 13 10 
48 52 51 51 32 32 49 55 46 48 32 53 57 46 53 13 10 
48 52 52 51 32 32 49 54 46 57 32 54 48 46 50 13 10 
48 52 51 56 32 32 49 55 46 48 32 54 48 46 48 13 10 
48 52 52 48 32 32 49 55 46 49 32 53 57 46 55 13 10 
48 52 52 52 32 32 49 55 46 49 32 54 48 46 49 13 10 
48 52 51 56 32 32 49 55 46 50 32 53 57 46 57 13 10 
48 52 52 48 32 32 49 55 46 51 32 53 57 46 57 13 10 
48 52 51 54 32 32 49 55 46 49 32 54 49 46 51 13 10 
48 52 51 56 32 32 49 55 46 52 32 54 48 46 50 13 10 
48 52 52 48 32 32 49 55 46 56 32 53 56 46 56 13 10 
48 52 51 49 32 32 49 55 46 53 32 54 48 46 51 13 10 
48 52 51 49 32 32 49 56 46 48 32 53 56 46 54 13 10 
48 52 51 53 32 32 49 55 46 54 32 54 48 46 53 13 10 
48 52 51 54 32 32 49 55 46 53 32 54 48 46 56 13 10 
48 52 51 52 32 32 49 55 46 57 32 53 57 46 52 13 10 
48 52 51 52 32 32 49 56 46 48 32 53 57 46 50 13 10 
48 52 51 52 32 32 49 55 46 56 32 54 48 46 51 13 10 
48 52 51 49 32 32 49 55 46 56 32 54 48 46 51 13 10 
48 52 51 51 32 32 49 55 46 56 32 54 49 46 50 13 10 
48 52 50 51 32 32 49 56 46 48 32 54 48 46 53 13 10 
48 52 50 53 32 32 49 55 46 56 32 54 49 46 49 13 10 
48 52 50 57 32 32 49 56 46 48 32 54 48 46 54 13 10 
48 52 50 53 32 32 49 56 46 49 32 54 48 46 51 13 10 
48 52 50 53 32 32 49 56 46 49 32 54 48 46 50 13 10 
48 52 50 48 32 32 49 56 46 49 32 54 48 46 49 13 10 
48 52 50 55 32 32 49 56 46 52 32 53 57 46 48 13 10 
48 52 50 48 32 32 49 57 46 48 32 53 54 46 56 13 10 
48 52 49 52 32 32 49 56 46 56 32 53 54 46 55 13 10 
48 52 49 51 32 32 49 56 46 53 32 53 54 46 55 13 10 
48 52 50 50 32 32 49 56 46 55 32 53 54 46 48 13 10 
48 52 49 52 32 32 49 57 46 48 32 53 53 46 51 13 10 
48 52 48 57 32 32 49 57 46 48 32 53 52 46 55 13 10 
48 52 50 50 32 32 49 56 46 53 32 53 54 46 51 13 10 
48 52 48 52 32 32 49 56 46 56 32 53 53 46 55 13 10 
48 52 49 52 32 32 49 56 46 49 32 53 56 46 57 13 10 
48 52 50 48 32 32 49 56 46 52 32 53 56 46 51 13 10 
48 52 50 51 32 32 49 56 46 52 32 53 57 46 50 13 10 
48 52 49 56 32 32 49 56 46 52 32 53 57 46 50 13 10 
48 52 49 48 32 32 49 56 46 51 32 53 56 46 57 13 10 
48 52 49 54 32 32 49 56 46 52 32 53 56 46 49 13 10 
48 52 49 55 32 32 49 56 46 52 32 53 54 46 55 13 10 
48 52 49 51 32 32 49 57 46 49 32 53 51 46 53 13 10 
48 52 50 48 32 32 49 57 46 51 32 53 50 46 55 13 10 
48 52 48 55 32 32 49 57 46 52 32 53 50 46 51 13 10 
48 52 48 56 32 32 49 57 46 55 32 53 49 46 54 13 10 
48 52 48 56 32 32 50 48 46 49 32 52 57 46 56 13 10 
48 52 48 53 32 32 50 48 46 51 32 52 57 46 50 13 10 
48 51 57 56 32 32 50 48 46 53 32 52 56 46 56 13 10 
48 52 48 51 32 32 50 48 46 49 32 53 48 46 49 13 10 
48 52 48 57 32 32 49 57 46 57 32 53 50 46 53 13 10 
48 52 48 50 32 32 49 57 46 52 32 53 54 46 55 13 10 
48 52 48 53 32 32 49 57 46 51 32 53 54 46 57 13 10 
48 52 48 53 32 32 49 57 46 48 32 53 56 46 51 13 10 
48 52 48 53 32 32 49 57 46 50 32 53 54 46 54 13 10 
48 52 48 55 32 32 49 57 46 48 32 53 56 46 50 13 10 
48 51 57 57 32 32 49 57 46 52 32 53 54 46 49 13 10 
48 52 49 48 32 32 49 57 46 54 32 53 52 46 57 13 10 
48 52 48 54 32 32 49 57 46 51 32 53 51 46 53 13 10 
48 52 49 50 32 32 49 57 46 54 32 53 48 46 48 13 10 
48 51 57 56 32 32 49 57 46 57 32 53 48 46 56 13 10 
48 52 49 53 32 32 49 57 46 52 32 53 49 46 52 13 10 
48 52 49 48 32 32 49 57 46 54 32 53 49 46 52 13 10 
48 52 48 56 32 32 49 57 46 52 32 53 48 46 55 13 10 
48 52 49 52 32 32 49 57 46 50 32 53 48 46 49 13 10 
48 52 48 53 32 32 49 57 46 48 32 53 50 46 50 13 10 
48 52 48 54 32 32 49 57 46 49 32 53 50 46 52 13 10 
48 52 48 54 32 32 49 57 46 49 32 53 50 46 50 13 10 
48 52 48 54 32 32 49 57 46 50 32 53 52 46 49 13 10 
48 52 48 52 32 32 49 57 46 50 32 53 50 46 55 13 10 
48 52 49 49 32 32 49 57 46 52 32 53 49 46 48 13 10 
48 52 49 49 32 32 49 57 46 57 32 53 48 46 51 13 10 
48 52 48 53 32 32 50 48 46 48 32 53 49 46 48 13 10 
48 52 48 55 32 32 50 48 46 48 32 53 49 46 51 13 10 
48 51 57 56 32 32 50 48 46 49 32 53 49 46 50 13 10 
48 51 57 54 32 32 50 48 46 48 32 53 50 46 53 13 10 
48 51 57 54 32 32 49 57 46 56 32 53 54 46 55 13 10 
48 52 48 54 32 32 49 57 46 54 32 53 57 46 51 13 10 
48 51 57 53 32 32 49 57 46 54 32 54 48 46 53 13 10 
48 51 57 54 32 32 49 57 46 56 32 53 57 46 55 13 10 
48 51 57 56 32 32 50 48 46 49 32 54 48 46 50 13 10 
48 51 57 53 32 32 50 48 46 51 32 53 56 46 48 13 10 
48 51 57 51 32 32 50 48 46 52 32 53 52 46 52 13 10 
48 51 57 48 32 32 50 48 46 53 32 53 49 46 53 13 10 
48 51 57 52 32 32 50 48 46 53 32 52 57 46 52 13 10 
48 51 57 52 32 32 50 48 46 54 32 52 56 46 52 13 10 
48 51 57 51 32 32 50 48 46 55 32 52 56 46 48 13 10 
48 51 56 55 32 32 50 48 46 55 32 52 56 46 52 13 10 
48 51 57 49 32 32 50 49 46 49 32 52 54 46 52 13 10 
48 51 56 56 32 32 50 49 46 50 32 52 54 46 55 13 10 
48 51 57 50 32 32 50 49 46 52 32 52 54 46 54 13 10 
48 51 56 53 32 32 50 49 46 49 32 52 55 46 53 13 10 
48 51 56 57 32 32 50 49 46 51 32 52 54 46 51 13 10 
48 51 56 54 32 32 50 49 46 53 32 52 54 46 50 13 10 
48 51 56 48 32 32 50 49 46 51 32 52 57 46 52 13 10 
48 51 57 48 32 32 50 48 46 57 32 53 50 46 52 13 10 
48 51 56 55 32 32 50 48 46 55 32 53 51 46 49 13 10 
48 51 56 57 32 32 50 48 46 54 32 53 51 46 57 13 10 
48 51 56 49 32 32 50 48 46 52 32 53 53 46 50 13 10 
48 51 56 55 32 32 50 48 46 51 32 53 53 46 55 13 10 
48 51 57 51 32 32 50 48 46 50 32 53 53 46 57 13 10 
48 51 57 50 32 32 50 48 46 50 32 53 52 46 57 13 10 
48 51 56 56 32 32 50 48 46 49 32 53 53 46 49 13 10 
48 52 48 50 32 32 50 48 46 48 32 53 55 46 53 13 10 
48 51 57 54 32 32 49 57 46 56 32 53 54 46 52 13 10 
48 51 57 54 32 32 49 57 46 53 32 53 55 46 49 13 10 
48 51 57 56 32 32 49 57 46 53 32 53 55 46 48 13 10 
48 52 48 48 32 32 49 57 46 51 32 53 55 46 49 13 10 
48 52 48 48 32 32 49 57 46 51 32 53 55 46 52 13 10 
48 52 48 48 32 32 49 57 46 49 32 53 57 46 51 13 10 
48 52 48 54 32 32 49 56 46 57 32 54 48 46 57 13 10 
48 52 49 51 32 32 49 57 46 48 32 54 48 46 53 13 10 
48 52 49 52 32 32 49 56 46 57 32 54 49 46 52 13 10 
48 52 50 51 32 32 49 56 46 57 32 54 49 46 57 13 10 
48 52 49 52 32 32 49 56 46 54 32 54 51 46 53 13 10 
48 52 50 49 32 32 49 56 46 54 32 54 51 46 55 13 10 
48 52 49 49 32 32 49 56 46 53 32 54 51 46 51 13 10 
48 52 50 50 32 32 49 56 46 51 32 54 51 46 55 13 10 
48 52 49 53 32 32 49 56 46 49 32 54 52 46 52 13 10 
48 52 50 49 32 32 49 56 46 49 32 54 52 46 48 13 10 
48 52 49 49 32 32 49 56 46 49 32 54 51 46 53 13 10 
48 52 50 51 32 32 49 56 46 49 32 54 51 46 52 13 10 
48 52 49 57 32 32 49 56 46 48 32 54 52 46 48 13 10 
48 52 50 54 32 32 49 56 46 48 32 54 52 46 54 13 10 
48 52 50 53 32 32 49 56 46 48 32 54 52 46 53 13 10 
48 52 51 49 32 32 49 55 46 57 32 54 52 46 57 13 10 
48 52 50 50 32 32 49 56 46 49 32 54 52 46 48 13 10 
48 52 50 48 32 32 49 55 46 57 32 54 52 46 55 13 10 
48 52 50 53 32 32 49 56 46 48 32 54 52 46 51 13 10 
48 52 50 53 32 32 49 55 46 57 32 54 52 46 53 13 10 
48 52 50 48 32 32 49 56 46 48 32 54 52 46 53 13 10 
48 52 50 55 32 32 49 55 46 57 32 54 52 46 53 13 10 
48 52 50 57 32 32 49 55 46 57 32 54 52 46 54 13 10 
48 52 50 53 32 32 49 55 46 55 32 54 53 46 54 13 10 
48 52 50 51 32 32 49 55 46 55 32 54 53 46 53 13 10 
48 52 51 48 32 32 49 55 46 56 32 54 53 46 51 13 10 
48 52 50 55 32 32 49 55 46 55 32 54 53 46 53 13 10 
48 52 50 53 32 32 49 55 46 56 32 54 53 46 53 13 10 
48 52 50 56 32 32 49 55 46 56 32 54 53 46 57 13 10 
48 52 51 48 32 32 49 55 46 55 32 54 54 46 55 13 10 
48 52 51 53 32 32 49 55 46 57 32 54 54 46 52 13 10 
48 52 52 48 32 32 49 55 46 55 32 54 55 46 52 13 10 
48 52 52 51 32 32 49 55 46 56 32 54 55 46 54 13 10 
48 52 52 48 32 32 49 55 46 55 32 54 55 46 56 13 10 
48 52 51 55 32 32 49 55 46 56 32 54 55 46 57 13 10 
48 52 51 56 32 32 49 55 46 56 32 54 55 46 53 13 10 
48 52 51 55 32 32 49 55 46 55 32 54 55 46 52 13 10 
48 52 52 51 32 32 49 55 46 57 32 54 55 46 48 13 10 
48 52 50 53 32 32 49 55 46 57 32 54 54 46 57 13 10 
48 52 50 56 32 32 49 55 46 57 32 54 55 46 49 13 10 
48 52 51 52 32 32 49 56 46 48 32 54 55 46 49 13 10 
48 52 50 55 32 32 49 56 46 49 32 54 54 46 57 13 10 
48 52 51 48 32 32 49 56 46 48 32 54 55 46 49 13 10 
48 52 50 53 32 32 49 56 46 50 32 54 54 46 55 13 10 
48 52 50 56 32 32 49 56 46 51 32 54 54 46 54 13 10 
48 52 50 56 32 32 49 56 46 51 32 54 54 46 53 13 10 
48 52 50 57 32 32 49 56 46 52 32 54 54 46 52 13 10 
48 52 50 50 32 32 49 56 46 53 32 54 53 46 56 13 10 
48 52 50 49 32 32 49 56 46 52 32 54 54 46 50 13 10 
48 52 50 56 32 32 49 56 46 52 32 54 54 46 53 13 10 
48 52 50 55 32 32 49 56 46 53 32 54 54 46 49 13 10 
48 52 51 50 32 32 49 56 46 55 32 54 53 46 50 13 10 
48 52 51 48 32 32 49 56 46 56 32 54 52 46 51 13 10 
48 52 50 57 32 32 49 57 46 48 32 54 51 46 48 13 10 
48 52 50 55 32 32 49 57 46 54 32 54 48 46 48 13 10 
48 52 50 49 32 32 49 57 46 56 32 53 56 46 54 13 10 
48 52 49 52 32 32 50 48 46 51 32 53 54 46 54 13 10 
48 52 48 57 32 32 50 48 46 54 32 53 53 46 50 13 10 
48 52 48 50 32 32 50 48 46 56 32 53 51 46 56 13 10 
48 51 57 56 32 32 50 49 46 48 32 53 50 46 57 13 10 
48 52 48 48 32 32 50 49 46 48 32 53 49 46 55 13 10 
48 51 57 53 32 32 50 49 46 52 32 52 57 46 51 13 10 
48 51 56 56 32 32 50 49 46 53 32 52 55 46 57 13 10 
48 51 57 51 32 32 50 49 46 55 32 52 54 46 53 13 10 
48 51 56 54 32 32 50 50 46 49 32 52 53 46 50 13 10 
48 51 56 51 32 32 50 50 46 51 32 52 51 46 52 13 10 
48 51 56 55 32 32 50 50 46 49 32 52 52 46 53 13 10 
48 51 55 52 32 32 50 50 46 51 32 52 51 46 57 13 10 
48 51 56 48 32 32 50 50 46 50 32 52 51 46 52 13 10 
48 51 55 56 32 32 50 50 46 53 32 52 51 46 53 13 10 
48 51 55 54 32 32 50 50 46 52 32 52 52 46 49 13 10 
48 51 55 55 32 32 50 50 46 56 32 52 51 46 50 13 10 
48 51 56 52 32 32 50 50 46 54 32 52 51 46 54 13 10 
48 51 56 49 32 32 50 50 46 51 32 52 52 46 56 13 10 
48 51 55 52 32 32 50 50 46 55 32 52 51 46 55 13 10 
48 51 55 52 32 32 50 50 46 52 32 52 51 46 56 13 10 
48 51 55 56 32 32 50 50 46 51 32 52 51 46 57 13 10 
48 51 55 57 32 32 50 50 46 54 32 52 51 46 49 13 10 
48 51 55 54 32 32 50 50 46 54 32 52 50 46 56 13 10 
48 51 56 52 32 32 50 50 46 53 32 52 51 46 52 13 10 
48 51 55 56 32 32 50 50 46 53 32 52 51 46 49 13 10 
48 51 55 52 32 32 50 50 46 52 32 52 51 46 51 13 10 
48 51 55 57 32 32 50 50 46 52 32 52 51 46 54 13 10 
48 51 55 56 32 32 50 50 46 51 32 52 52 46 50 13 10 
48 51 56 52 32 32 50 51 46 48 32 52 50 46 52 13 10 
48 51 55 51 32 32 50 50 46 56 32 52 51 46 51 13 10 
48 51 55 56 32 32 50 50 46 54 32 52 53 46 52 13 10 
48 51 54 53 32 32 50 50 46 53 32 52 53 46 49 13 10 
48 51 55 57 32 32 50 50 46 55 32 52 52 46 51 13 10 
48 51 55 56 32 32 50 50 46 51 32 52 54 46 52 13 10 
48 51 55 56 32 32 50 49 46 56 32 52 54 46 48 13 10 
48 51 56 52 32 32 50 49 46 53 32 52 54 46 55 13 10 
48 51 56 51 32 32 50 49 46 55 32 52 55 46 50 13 10 
48 51 56 51 32 32 50 49 46 56 32 52 55 46 48 13 10 
48 51 56 52 32 32 50 50 46 48 32 52 55 46 48 13 10 
48 51 57 53 32 32 50 50 46 51 32 52 54 46 51 13 10 
48 51 57 50 32 32 50 50 46 49 32 52 53 46 49 13 10 
48 51 56 53 32 32 50 50 46 49 32 52 53 46 51 13 10 
48 51 56 55 32 32 50 50 46 49 32 52 53 46 57 13 10 
48 51 55 54 32 32 50 50 46 48 32 52 54 46 57 13 10 
48 51 55 53 32 32 50 49 46 56 32 52 57 46 51 13 10 
48 51 55 55 32 32 50 50 46 48 32 52 55 46 55 13 10 
48 51 56 50 32 32 50 50 46 50 32 52 54 46 49 13 10 
48 51 55 54 32 32 50 50 46 48 32 52 54 46 54 13 10 
48 51 56 49 32 32 50 50 46 49 32 52 54 46 50 13 10 
48 51 55 55 32 32 50 50 46 50 32 52 53 46 55 13 10 
48 51 55 53 32 32 50 50 46 51 32 52 53 46 50 13 10 
48 51 55 55 32 32 50 50 46 49 32 52 53 46 56 13 10 
48 51 55 53 32 32 50 49 46 57 32 52 55 46 52 13 10 
48 51 54 56 32 32 50 49 46 57 32 52 57 46 51 13 10 
48 51 55 54 32 32 50 50 46 49 32 52 56 46 48 13 10 
48 51 55 54 32 32 50 50 46 48 32 52 55 46 50 13 10 
48 51 56 49 32 32 50 50 46 48 32 52 54 46 49 13 10 
48 51 55 55 32 32 50 49 46 56 32 52 55 46 48 13 10 
48 51 56 51 32 32 50 50 46 48 32 52 53 46 54 13 10 
48 51 56 49 32 32 50 50 46 49 32 52 54 46 52 13 10 
48 51 56 48 32 32 50 50 46 50 32 52 55 46 57 13 10 
48 51 55 53 32 32 50 50 46 52 32 52 55 46 51 13 10 
48 51 55 54 32 32 50 50 46 53 32 52 53 46 57 13 10 
48 51 55 54 32 32 50 50 46 49 32 52 55 46 51 13 10 
48 51 55 57 32 32 50 50 46 50 32 52 55 46 55 13 10 
48 51 55 55 32 32 50 50 46 48 32 52 56 46 53 13 10 
48 51 55 57 32 32 50 50 46 48 32 52 57 46 48 13 10 
48 51 55 56 32 32 50 49 46 57 32 52 56 46 48 13 10 
48 51 55 49 32 32 50 49 46 57 32 52 55 46 54 13 10 
48 51 56 48 32 32 50 49 46 57 32 52 56 46 50 13 10 
48 51 55 53 32 32 50 49 46 57 32 52 56 46 56 13 10 
48 51 56 48 32 32 50 49 46 53 32 52 57 46 53 13 10 
48 51 54 57 32 32 50 49 46 52 32 52 57 46 55 13 10 
48 51 56 51 32 32 50 49 46 52 32 52 56 46 57 13 10 
48 51 55 53 32 32 50 49 46 50 32 52 57 46 50 13 10 
48 51 56 49 32 32 50 49 46 50 32 52 57 46 50 13 10 
48 51 55 54 32 32 50 49 46 51 32 52 56 46 57 13 10 
48 51 56 50 32 32 50 49 46 49 32 52 56 46 51 13 10 
48 51 56 53 32 32 50 49 46 49 32 52 56 46 51 13 10 
48 51 56 54 32 32 50 48 46 56 32 52 57 46 54 13 10 
48 51 57 48 32 32 50 48 46 54 32 53 48 46 53 13 10 
48 51 57 50 32 32 50 48 46 55 32 53 48 46 50 13 10 
48 51 57 50 32 32 50 48 46 54 32 53 48 46 56 13 10 
48 51 57 53 32 32 50 48 46 54 32 53 48 46 54 13 10 
48 51 57 54 32 32 50 48 46 52 32 53 49 46 52 13 10 
48 52 48 48 32 32 50 48 46 53 32 53 49 46 50 13 10 
48 52 48 51 32 32 50 48 46 52 32 53 49 46 56 13 10 
48 52 48 49 32 32 50 48 46 51 32 53 49 46 57 13 10 
48 52 48 53 32 32 50 48 46 50 32 53 50 46 49 13 10 
48 52 48 50 32 32 50 48 46 51 32 53 50 46 49 13 10 
48 51 57 56 32 32 50 48 46 49 32 53 51 46 49 13 10 
48 52 48 51 32 32 50 48 46 49 32 53 51 46 53 13 10 
48 51 57 56 32 32 49 57 46 57 32 53 52 46 53 13 10 
48 51 57 57 32 32 49 57 46 57 32 53 52 46 54 13 10 
48 52 48 53 32 32 50 48 46 49 32 53 52 46 49 13 10 
48 52 49 53 32 32 50 48 46 48 32 53 52 46 54 13 10 
48 52 49 52 32 32 50 48 46 48 32 53 52 46 56 13 10 
48 52 48 57 32 32 49 57 46 56 32 53 53 46 51 13 10 
48 52 49 49 32 32 49 57 46 57 32 53 53 46 49 13 10 
48 52 49 55 32 32 49 57 46 57 32 53 53 46 48 13 10 
48 52 48 55 32 32 50 48 46 49 32 53 52 46 51 13 10 
48 52 49 48 32 32 50 48 46 48 32 53 52 46 54 13 10 
48 52 48 56 32 32 50 48 46 50 32 53 52 46 48 13 10 
48 52 48 55 32 32 49 57 46 56 32 53 53 46 50 13 10 
48 52 48 55 32 32 50 48 46 49 32 53 52 46 51 13 10 
48 52 48 56 32 32 50 48 46 48 32 53 52 46 57 13 10 
48 52 48 52 32 32 50 48 46 49 32 53 52 46 52 13 10 
48 52 49 50 32 32 50 48 46 48 32 53 52 46 55 13 10 
48 52 49 50 32 32 49 57 46 57 32 53 53 46 52 13 10 
48 52 49 48 32 32 50 48 46 48 32 53 53 46 50 13 10 
48 52 49 49 32 32 49 57 46 57 32 53 53 46 54 13 10 
48 52 48 55 32 32 49 57 46 57 32 53 53 46 56 13 10 
48 52 49 50 32 32 49 57 46 56 32 53 54 46 50 13 10 
48 52 48 57 32 32 49 57 46 55 32 53 54 46 56 13 10 
48 52 49 53 32 32 49 57 46 55 32 53 55 46 48 13 10 
48 52 49 51 32 32 49 57 46 54 32 53 55 46 49 13 10 
48 52 49 53 32 32 49 57 46 56 32 53 54 46 53 13 10 
48 52 49 55 32 32 49 57 46 54 32 53 54 46 57 13 10 
48 52 49 52 32 32 49 57 46 54 32 53 55 46 50 13 10 
48 52 49 53 32 32 49 57 46 52 32 53 56 46 50 13 10 
48 52 49 50 32 32 49 57 46 53 32 53 56 46 48 13 10 
48 52 50 49 32 32 49 57 46 51 32 53 56 46 56 13 10 
48 52 49 53 32 32 49 57 46 50 32 53 57 46 51 13 10 
48 52 49 54 32 32 49 57 46 50 32 53 57 46 52 13 10 
48 52 49 56 32 32 49 57 46 52 32 53 56 46 53 13 10 
48 52 49 52 32 32 49 57 46 51 32 53 56 46 56 13 10 
48 52 49 53 32 32 49 57 46 55 32 53 55 46 53 13 10 
48 52 49 54 32 32 49 57 46 54 32 53 55 46 55 13 10 
48 52 49 55 32 32 49 57 46 55 32 53 55 46 57 13 10 
48 52 49 53 32 32 49 57 46 55 32 53 55 46 56 13 10 
48 52 48 57 32 32 49 57 46 57 32 53 54 46 54 13 10 
48 52 49 54 32 32 50 48 46 49 32 53 53 46 55 13 10 
48 52 49 52 32 32 50 48 46 50 32 53 53 46 48 13 10 
48 52 49 48 32 32 50 48 46 52 32 53 52 46 48 13 10 
48 52 48 56 32 32 50 48 46 54 32 53 50 46 57 13 10 
48 52 48 53 32 32 50 48 46 56 32 53 49 46 50 13 10 
48 52 48 56 32 32 50 49 46 48 32 53 48 46 49 13 10 
48 52 48 52 32 32 50 49 46 50 32 52 57 46 50 13 10 
48 52 48 57 32 32 50 49 46 52 32 52 56 46 56 13 10 
48 52 48 49 32 32 50 49 46 55 32 52 56 46 48 13 10 
48 51 57 57 32 32 50 49 46 56 32 52 54 46 54 13 10 
48 51 57 57 32 32 50 50 46 48 32 52 53 46 49 13 10 
48 51 57 52 32 32 50 50 46 50 32 52 52 46 50 13 10 
48 51 56 57 32 32 50 50 46 53 32 52 51 46 52 13 10 
48 51 56 53 32 32 50 50 46 55 32 52 50 46 52 13 10 
48 51 56 57 32 32 50 50 46 56 32 52 49 46 57 13 10 
48 51 56 48 32 32 50 51 46 48 32 52 48 46 57 13 10 
48 51 56 53 32 32 50 51 46 50 32 52 48 46 48 13 10 
48 51 56 51 32 32 50 51 46 51 32 51 57 46 49 13 10 
48 51 56 53 32 32 50 51 46 53 32 51 55 46 55 13 10 
48 51 56 48 32 32 50 51 46 55 32 51 55 46 54 13 10 
48 51 56 54 32 32 50 51 46 57 32 51 55 46 53 13 10 
48 51 56 48 32 32 50 52 46 48 32 51 54 46 55 13 10 
48 51 56 50 32 32 50 52 46 50 32 51 54 46 54 13 10 
48 51 56 53 32 32 50 52 46 52 32 51 54 46 49 13 10 