5	85	0	6	5	85	5	85	0	3	0	4	129	127
9	10	0	0	0	0	0	0	0	0	0	0	0	0	0	0	0	0	0	0	0	0	0	0	0	0	0	0	0	0	1	0	0	0	0	0	205	1
5	85	0	6	5	85	5	85	0	3	0	4	131	127
9	10	0	0	0	0	0	0	0	0	0	0	0	0	0	0	0	0	0	0	0	0	0	0	0	0	0	0	0	0	1	1	0	0	0	0	205	1
0	0	0	6	5	85	5	85	0	3	0	4	3	3
9	10	0	0	0	0	4	219	6	58	4	239	6	94	0	0	0	0	0	0	0	0	0	0	0	0	0	0	0	0	1	1	0	0	0	0	206	0
0	0	0	6	5	85	5	85	0	3	0	4	3	3
9	10	0	0	0	0	4	210	6	50	4	244	6	111	0	0	0	0	0	0	0	0	0	0	0	0	0	0	0	0	1	1	0	0	0	0	207	0
0	0	0	6	5	85	5	85	0	3	0	4	3	3
9	10	0	0	0	0	4	219	6	67	4	254	6	139	0	0	0	0	0	0	0	0	0	0	0	0	0	0	0	0	1	1	0	0	0	0	208	0
0	0	0	6	5	85	5	85	0	3	0	4	3	3
9	10	0	0	0	0	4	227	6	78	4	254	6	139	0	0	0	0	0	0	0	0	0	0	0	0	0	0	0	0	1	1	0	0	0	0	209	0
0	0	0	6	5	85	5	85	0	3	0	4	3	3
9	10	0	0	0	0	4	211	6	51	4	246	6	122	0	0	0	0	0	0	0	0	0	0	0	0	0	0	0	0	1	1	0	0	0	0	210	0
0	0	0	6	5	85	5	85	0	3	0	4	3	3
9	10	0	0	0	0	4	219	6	67	4	243	6	114	0	0	0	0	0	0	0	0	0	0	0	0	0	0	0	0	1	1	0	0	0	0	211	0
0	0	0	6	5	85	5	85	0	3	0	4	3	3
9	10	0	0	0	0	4	230	6	87	4	251	6	130	0	0	0	0	0	0	0	0	0	0	0	0	0	0	0	0	1	1	0	0	0	0	212	0
0	0	0	6	5	85	5	85	0	3	0	4	3	3
9	10	0	0	0	0	4	210	6	50	4	244	6	111	0	0	0	0	0	0	0	0	0	0	0	0	0	0	0	0	1	1	0	0	0	0	213	0
0	0	0	6	5	85	5	85	0	3	0	4	3	3
9	10	0	0	0	0	4	222	6	75	4	243	6	114	0	0	0	0	0	0	0	0	0	0	0	0	0	0	0	0	1	1	0	0	0	0	214	0
0	0	0	6	5	85	5	85	0	3	0	4	3	3
9	10	0	0	0	0	4	227	6	78	4	254	6	139	0	0	0	0	0	0	0	0	0	0	0	0	0	0	0	0	1	1	0	0	0	0	215	0
0	0	0	6	5	85	5	85	0	3	0	4	3	3
9	10	0	0	0	0	4	215	6	62	4	246	6	123	0	0	0	0	0	0	0	0	0	0	0	0	0	0	0	0	1	1	0	0	0	0	216	0
0	0	0	6	5	85	5	85	0	3	0	4	3	3
9	10	0	0	0	0	4	227	6	78	4	247	6	123	0	0	0	0	0	0	0	0	0	0	0	0	0	0	0	0	1	1	0	0	0	0	217	0
0	0	0	6	5	85	5	85	0	3	0	4	3	3
9	10	0	0	0	0	4	211	6	51	4	246	6	124	0	0	0	0	0	0	0	0	0	0	0	0	0	0	0	0	1	1	0	0	0	0	218	0
0	0	0	6	5	85	5	85	0	3	0	4	3	3
9	10	0	0	0	0	4	227	6	78	4	250	6	130	0	0	0	0	0	0	0	0	0	0	0	0	0	0	0	0	1	1	0	0	0	0	219	0
0	0	0	6	5	85	5	85	0	3	0	4	3	3
9	10	0	0	0	0	4	222	6	78	4	246	6	123	0	0	0	0	0	0	0	0	0	0	0	0	0	0	0	0	1	1	0	0	0	0	220	0
0	0	0	6	5	85	5	85	0	3	0	4	3	3
9	10	0	0	0	0	4	219	6	67	4	251	6	130	0	0	0	0	0	0	0	0	0	0	0	0	0	0	0	0	1	1	0	0	0	0	221	0
0	0	0	6	5	85	5	85	0	3	0	4	3	3
9	10	0	0	0	0	4	230	6	87	4	254	6	139	0	0	0	0	0	0	0	0	0	0	0	0	0	0	0	0	1	1	0	0	0	0	222	0
0	0	0	6	5	85	5	85	0	3	0	4	3	3
9	10	0	0	0	0	4	211	6	51	4	244	6	111	0	0	0	0	0	0	0	0	0	0	0	0	0	0	0	0	1	1	0	0	0	0	223	0
0	0	0	6	5	85	5	85	0	3	0	4	3	3
9	10	0	0	0	0	4	230	6	87	4	255	6	141	0	0	0	0	0	0	0	0	0	0	0	0	0	0	0	0	1	1	0	0	0	0	224	0
0	0	0	6	5	85	5	85	0	3	0	4	3	3
9	10	0	0	0	0	4	211	6	51	4	246	6	123	0	0	0	0	0	0	0	0	0	0	0	0	0	0	0	0	1	1	0	0	0	0	225	0
0	0	0	6	5	85	5	85	0	3	0	4	3	3
9	10	0	0	0	0	4	222	6	78	4	254	6	138	0	0	0	0	0	0	0	0	0	0	0	0	0	0	0	0	1	1	0	0	0	0	226	0
0	0	0	6	5	85	5	85	0	3	0	4	3	3
9	10	0	0	0	0	4	219	6	70	4	243	6	114	0	0	0	0	0	0	0	0	0	0	0	0	0	0	0	0	1	1	0	0	0	0	227	0
0	0	0	6	5	85	5	85	0	3	0	4	3	3
9	10	0	0	0	0	4	222	6	78	4	255	6	139	0	0	0	0	0	0	0	0	0	0	0	0	0	0	0	0	1	1	0	0	0	0	228	0
0	0	0	6	5	85	5	85	0	3	0	4	3	3
9	10	0	0	0	0	4	220	6	66	4	243	6	114	0	0	0	0	0	0	0	0	0	0	0	0	0	0	0	0	1	1	0	0	0	0	229	0
0	0	0	6	5	85	5	85	0	3	0	4	3	3
9	10	0	0	0	0	4	219	6	67	4	254	6	138	0	0	0	0	0	0	0	0	0	0	0	0	0	0	0	0	1	1	0	0	0	0	230	0
0	0	0	6	5	85	5	85	0	3	0	4	3	3
9	10	0	0	0	0	4	220	6	66	4	246	6	123	0	0	0	0	0	0	0	0	0	0	0	0	0	0	0	0	1	1	0	0	0	0	231	0
0	0	0	6	5	85	5	85	0	3	0	4	3	3
9	10	0	0	0	0	4	230	6	87	5	3	5	194	0	0	0	0	0	0	0	0	0	0	0	0	0	0	0	0	1	1	0	0	0	0	232	0
0	0	0	6	5	85	5	85	0	3	0	4	3	3
9	10	0	0	0	0	4	210	6	50	4	235	6	95	0	0	0	0	0	0	0	0	0	0	0	0	0	0	0	0	1	1	0	0	0	0	233	0
0	0	0	6	5	85	5	85	0	3	0	4	3	3
9	10	0	0	0	0	4	230	6	87	4	255	6	139	0	0	0	0	0	0	0	0	0	0	0	0	0	0	0	0	1	1	0	0	0	0	234	0
0	0	0	6	5	85	5	85	0	3	0	4	3	3
9	10	0	0	0	0	4	222	6	78	4	254	6	139	0	0	0	0	0	0	0	0	0	0	0	0	0	0	0	0	1	1	0	0	0	0	235	0
0	0	0	6	5	85	5	85	0	3	0	4	3	3
9	10	0	0	0	0	4	211	6	51	4	247	6	123	0	0	0	0	0	0	0	0	0	0	0	0	0	0	0	0	1	1	0	0	0	0	236	0
0	0	0	6	5	85	5	85	0	3	0	4	3	3
9	10	0	0	0	0	4	227	6	78	4	254	6	138	0	0	0	0	0	0	0	0	0	0	0	0	0	0	0	0	1	1	0	0	0	0	237	0
0	0	0	6	5	85	5	85	0	3	0	4	3	3
9	10	0	0	0	0	4	211	6	51	4	247	6	123	0	0	0	0	0	0	0	0	0	0	0	0	0	0	0	0	1	1	0	0	0	0	238	0
0	0	0	6	5	85	5	85	0	3	0	4	3	3
9	10	0	0	0	0	4	218	6	67	4	254	6	139	0	0	0	0	0	0	0	0	0	0	0	0	0	0	0	0	1	1	0	0	0	0	239	0
0	0	0	6	5	85	5	85	0	3	0	4	3	3
9	10	0	0	0	0	4	222	6	78	4	243	6	114	0	0	0	0	0	0	0	0	0	0	0	0	0	0	0	0	1	1	0	0	0	0	240	0
0	0	0	6	5	85	5	85	0	3	0	4	3	3
9	10	0	0	0	0	4	219	6	67	4	243	6	114	0	0	0	0	0	0	0	0	0	0	0	0	0	0	0	0	1	1	0	0	0	0	241	0
0	0	0	6	5	85	5	85	0	3	0	4	3	3
9	10	0	0	0	0	4	222	6	78	4	255	6	139	0	0	0	0	0	0	0	0	0	0	0	0	0	0	0	0	1	1	0	0	0	0	242	0
0	0	0	6	5	85	5	85	0	3	0	4	3	3
9	10	0	0	0	0	4	221	6	78	4	254	6	139	0	0	0	0	0	0	0	0	0	0	0	0	0	0	0	0	1	1	0	0	0	0	243	0
0	0	0	6	5	85	5	85	0	3	0	4	3	3
9	10	0	0	0	0	4	222	6	78	4	243	6	114	0	0	0	0	0	0	0	0	0	0	0	0	0	0	0	0	1	1	0	0	0	0	244	0
0	0	0	6	5	85	5	85	0	3	0	4	3	3
9	10	0	0	0	0	4	218	6	68	4	254	6	139	0	0	0	0	0	0	0	0	0	0	0	0	0	0	0	0	1	1	0	0	0	0	245	0
0	0	0	6	5	85	5	85	0	3	0	4	3	3
9	10	0	0	0	0	4	211	6	51	4	247	6	123	0	0	0	0	0	0	0	0	0	0	0	0	0	0	0	0	1	1	0	0	0	0	246	0
0	0	0	6	5	85	5	85	0	3	0	4	3	3
9	10	0	0	0	0	4	227	6	78	4	254	6	139	0	0	0	0	0	0	0	0	0	0	0	0	0	0	0	0	1	1	0	0	0	0	247	0
0	0	0	6	5	85	5	85	0	3	0	4	3	3
9	10	0	0	0	0	4	220	6	66	4	246	6	123	0	0	0	0	0	0	0	0	0	0	0	0	0	0	0	0	1	1	0	0	0	0	248	0
0	0	0	6	5	85	5	85	0	3	0	4	3	3
9	10	0	0	0	0	4	227	6	78	4	254	6	139	0	0	0	0	0	0	0	0	0	0	0	0	0	0	0	0	1	1	0	0	0	0	249	0
0	0	0	6	5	85	5	85	0	3	0	4	3	3
9	10	0	0	0	0	4	211	6	54	4	247	6	123	0	0	0	0	0	0	0	0	0	0	0	0	0	0	0	0	1	1	0	0	0	0	250	0
0	0	0	6	5	85	5	85	0	3	0	4	3	3
9	10	0	0	0	0	4	219	6	68	4	255	6	139	0	0	0	0	0	0	0	0	0	0	0	0	0	0	0	0	1	1	0	0	0	0	251	0
0	0	0	6	5	85	5	85	0	3	0	4	3	3
9	10	0	0	0	0	4	134	5	155	4	185	6	3	0	0	0	0	0	0	0	0	0	0	0	0	0	0	0	0	1	1	0	0	0	0	252	0
0	0	0	6	5	85	5	85	0	3	0	4	3	3
9	10	0	0	0	0	4	219	6	67	4	251	6	130	0	0	0	0	0	0	0	0	0	0	0	0	0	0	0	0	1	1	0	0	0	0	253	0
0	0	0	6	5	85	5	85	0	3	0	4	3	3
9	10	0	0	0	0	4	217	6	67	4	238	6	107	0	0	0	0	0	0	0	0	0	0	0	0	0	0	0	0	1	1	0	0	0	0	254	0
0	0	0	6	5	85	5	85	0	3	0	4	3	3
9	10	0	0	0	0	4	219	6	67	4	254	6	139	0	0	0	0	0	0	0	0	0	0	0	0	0	0	0	0	1	1	0	0	0	0	255	0
0	0	0	6	5	85	5	85	0	3	0	4	3	3
9	10	0	0	0	0	4	222	6	78	4	246	6	123	0	0	0	0	0	0	0	0	0	0	0	0	0	0	0	0	1	1	0	0	0	0	0	0
0	0	0	6	5	85	5	85	0	3	0	4	3	3
9	10	0	0	0	0	4	220	6	66	4	254	6	139	0	0	0	0	0	0	0	0	0	0	0	0	0	0	0	0	1	1	0	0	0	0	1	0
0	0	0	6	5	85	5	85	0	3	0	4	3	3
9	10	0	0	0	0	4	223	6	79	4	255	6	142	0	0	0	0	0	0	0	0	0	0	0	0	0	0	0	0	1	1	0	0	0	0	2	0
0	0	0	6	5	85	5	85	0	3	0	4	3	3
9	10	0	0	0	0	4	219	6	67	4	244	6	111	0	0	0	0	0	0	0	0	0	0	0	0	0	0	0	0	1	1	0	0	0	0	3	0
0	0	0	6	5	85	5	85	0	3	0	4	3	3
9	10	0	0	0	0	4	222	6	78	4	254	6	139	0	0	0	0	0	0	0	0	0	0	0	0	0	0	0	0	1	1	0	0	0	0	4	0
0	0	0	6	5	85	5	85	0	3	0	4	3	3
9	10	0	0	0	0	4	219	6	67	4	244	6	111	0	0	0	0	0	0	0	0	0	0	0	0	0	0	0	0	1	1	0	0	0	0	5	0
0	0	0	6	5	85	5	85	0	3	0	4	3	3
9	10	0	0	0	0	4	223	6	79	4	246	6	123	0	0	0	0	0	0	0	0	0	0	0	0	0	0	0	0	1	1	0	0	0	0	6	0
0	0	0	6	5	85	5	85	0	3	0	4	3	3
9	10	0	0	0	0	4	219	6	67	4	254	6	139	0	0	0	0	0	0	0	0	0	0	0	0	0	0	0	0	1	1	0	0	0	0	7	0
0	0	0	6	5	85	5	85	0	3	0	4	3	3
9	10	0	0	0	0	4	216	6	55	4	246	6	123	0	0	0	0	0	0	0	0	0	0	0	0	0	0	0	0	1	1	0	0	0	0	8	0
0	0	0	6	5	85	5	85	0	3	0	4	3	3
9	10	0	0	0	0	4	227	6	78	4	248	6	118	0	0	0	0	0	0	0	0	0	0	0	0	0	0	0	0	1	1	0	0	0	0	9	0
0	0	0	6	5	85	5	85	0	3	0	4	3	3
9	10	0	0	0	0	4	222	6	78	4	246	6	123	0	0	0	0	0	0	0	0	0	0	0	0	0	0	0	0	1	1	0	0	0	0	10	0
0	0	0	6	5	85	5	85	0	3	0	4	3	3
9	10	0	0	0	0	4	219	6	70	4	255	6	139	0	0	0	0	0	0	0	0	0	0	0	0	0	0	0	0	1	1	0	0	0	0	11	0
0	0	0	6	5	85	5	85	0	3	0	4	3	3
9	10	0	0	0	0	4	222	6	78	4	255	6	139	0	0	0	0	0	0	0	0	0	0	0	0	0	0	0	0	1	1	0	0	0	0	12	0
0	0	0	6	5	85	5	85	0	3	0	4	3	3
9	10	0	0	0	0	4	219	6	68	4	243	6	114	0	0	0	0	0	0	0	0	0	0	0	0	0	0	0	0	1	1	0	0	0	0	13	0
0	0	0	6	5	85	5	85	0	3	0	4	3	3
9	10	0	0	0	0	4	219	6	70	4	255	6	139	0	0	0	0	0	0	0	0	0	0	0	0	0	0	0	0	1	1	0	0	0	0	14	0
0	0	0	6	5	85	5	85	0	3	0	4	3	3
9	10	0	0	0	0	4	219	6	67	4	246	6	123	0	0	0	0	0	0	0	0	0	0	0	0	0	0	0	0	1	1	0	0	0	0	15	0
0	0	0	6	5	85	5	85	0	3	0	4	3	3
9	10	0	0	0	0	4	222	6	78	4	255	6	139	0	0	0	0	0	0	0	0	0	0	0	0	0	0	0	0	1	1	0	0	0	0	16	0
0	0	0	6	5	85	5	85	0	3	0	4	3	3
9	10	0	0	0	0	4	219	6	67	4	253	6	138	0	0	0	0	0	0	0	0	0	0	0	0	0	0	0	0	1	1	0	0	0	0	17	0
0	0	0	6	5	85	5	85	0	3	0	4	3	3
9	10	0	0	0	0	4	223	6	78	4	255	6	139	0	0	0	0	0	0	0	0	0	0	0	0	0	0	0	0	1	1	0	0	0	0	18	0
0	0	0	6	5	85	5	85	0	3	0	4	3	3
9	10	0	0	0	0	4	222	6	78	4	254	6	139	0	0	0	0	0	0	0	0	0	0	0	0	0	0	0	0	1	1	0	0	0	0	19	0
0	0	0	6	5	85	5	85	0	3	0	4	3	3
9	10	0	0	0	0	4	222	6	78	4	255	6	139	0	0	0	0	0	0	0	0	0	0	0	0	0	0	0	0	1	1	0	0	0	0	20	0
0	0	0	6	5	85	5	85	0	3	0	4	3	3
9	10	0	0	0	0	4	219	6	67	4	253	6	139	0	0	0	0	0	0	0	0	0	0	0	0	0	0	0	0	1	1	0	0	0	0	21	0
0	0	0	6	5	85	5	85	0	3	0	4	3	3
9	10	0	0	0	0	4	222	6	78	4	247	6	124	0	0	0	0	0	0	0	0	0	0	0	0	0	0	0	0	1	1	0	0	0	0	22	0
0	0	0	6	5	85	5	85	0	3	0	4	3	3
9	10	0	0	0	0	4	229	6	87	4	254	6	139	0	0	0	0	0	0	0	0	0	0	0	0	0	0	0	0	1	1	0	0	0	0	23	0
0	0	0	6	5	85	5	85	0	3	0	4	3	3
9	10	0	0	0	0	4	211	6	51	4	246	6	123	0	0	0	0	0	0	0	0	0	0	0	0	0	0	0	0	1	1	0	0	0	0	24	0
0	0	0	6	5	85	5	85	0	3	0	4	3	3
9	10	0	0	0	0	4	228	6	75	4	250	6	130	0	0	0	0	0	0	0	0	0	0	0	0	0	0	0	0	1	1	0	0	0	0	25	0
0	0	0	6	5	85	5	85	0	3	0	4	3	3
9	10	0	0	0	0	4	222	6	78	4	247	6	125	0	0	0	0	0	0	0	0	0	0	0	0	0	0	0	0	1	1	0	0	0	0	26	0
0	0	0	6	5	85	5	85	0	3	0	4	3	3
9	10	0	0	0	0	4	219	6	70	4	254	6	139	0	0	0	0	0	0	0	0	0	0	0	0	0	0	0	0	1	1	0	0	0	0	27	0
0	0	0	6	5	85	5	85	0	3	0	4	3	3
9	10	0	0	0	0	4	229	6	87	4	254	6	139	0	0	0	0	0	0	0	0	0	0	0	0	0	0	0	0	1	1	0	0	0	0	28	0
0	0	0	6	5	85	5	85	0	3	0	4	3	3
9	10	0	0	0	0	4	211	6	51	4	246	6	123	0	0	0	0	0	0	0	0	0	0	0	0	0	0	0	0	1	1	0	0	0	0	29	0
0	0	0	6	5	85	5	85	0	3	0	4	3	3
9	10	0	0	0	0	4	230	6	87	4	251	6	131	0	0	0	0	0	0	0	0	0	0	0	0	0	0	0	0	1	1	0	0	0	0	30	0
0	0	0	6	5	85	5	85	0	3	0	4	3	3
9	10	0	0	0	0	4	220	6	66	4	253	6	138	0	0	0	0	0	0	0	0	0	0	0	0	0	0	0	0	1	1	0	0	0	0	31	0
0	0	0	6	5	85	5	85	0	3	0	4	3	3
9	10	0	0	0	0	4	211	6	54	4	247	6	126	0	0	0	0	0	0	0	0	0	0	0	0	0	0	0	0	1	1	0	0	0	0	32	0
0	0	0	6	5	85	5	85	0	3	0	4	3	3
9	10	0	0	0	0	4	219	6	67	4	254	6	139	0	0	0	0	0	0	0	0	0	0	0	0	0	0	0	0	1	1	0	0	0	0	33	0
0	0	0	6	5	85	5	85	0	3	0	4	3	3
9	10	0	0	0	0	4	219	6	70	4	254	6	138	0	0	0	0	0	0	0	0	0	0	0	0	0	0	0	0	1	1	0	0	0	0	34	0
0	0	0	6	5	85	5	85	0	3	0	4	3	3
9	10	0	0	0	0	4	211	6	51	4	246	6	123	0	0	0	0	0	0	0	0	0	0	0	0	0	0	0	0	1	1	0	0	0	0	35	0
0	0	0	6	5	85	5	85	0	3	0	4	3	3
9	10	0	0	0	0	4	221	6	78	4	255	6	142	0	0	0	0	0	0	0	0	0	0	0	0	0	0	0	0	1	1	0	0	0	0	36	0
0	0	0	6	5	85	5	85	0	3	0	4	3	3
9	10	0	0	0	0	4	219	6	67	4	254	6	138	0	0	0	0	0	0	0	0	0	0	0	0	0	0	0	0	1	1	0	0	0	0	37	0
0	0	0	6	5	85	5	85	0	3	0	4	3	3
9	10	0	0	0	0	4	212	6	50	4	247	6	123	0	0	0	0	0	0	0	0	0	0	0	0	0	0	0	0	1	1	0	0	0	0	38	0
0	0	0	6	5	85	5	85	0	3	0	4	3	3
9	10	0	0	0	0	4	227	6	79	4	250	6	130	0	0	0	0	0	0	0	0	0	0	0	0	0	0	0	0	1	1	0	0	0	0	39	0
0	0	0	6	5	85	5	85	0	3	0	4	3	3
9	10	0	0	0	0	4	222	6	78	4	243	6	114	0	0	0	0	0	0	0	0	0	0	0	0	0	0	0	0	1	1	0	0	0	0	40	0
0	0	0	6	5	85	5	85	0	3	0	4	3	3
9	10	0	0	0	0	4	219	6	68	4	254	6	139	0	0	0	0	0	0	0	0	0	0	0	0	0	0	0	0	1	1	0	0	0	0	41	0
0	0	0	6	5	85	5	85	0	3	0	4	3	3
9	10	0	0	0	0	4	230	6	87	4	255	6	142	0	0	0	0	0	0	0	0	0	0	0	0	0	0	0	0	1	1	0	0	0	0	42	0
0	0	0	6	5	85	5	85	0	3	0	4	3	3
9	10	0	0	0	0	4	215	6	62	4	244	6	111	0	0	0	0	0	0	0	0	0	0	0	0	0	0	0	0	1	1	0	0	0	0	43	0
0	0	0	6	5	85	5	85	0	3	0	4	3	3
9	10	0	0	0	0	4	230	6	86	4	255	6	139	0	0	0	0	0	0	0	0	0	0	0	0	0	0	0	0	1	1	0	0	0	0	44	0
0	0	0	6	5	85	5	85	0	3	0	4	3	3
9	10	0	0	0	0	4	215	6	62	4	246	6	123	0	0	0	0	0	0	0	0	0	0	0	0	0	0	0	0	1	1	0	0	0	0	45	0
0	0	0	6	5	85	5	85	0	3	0	4	3	3
9	10	0	0	0	0	4	230	6	87	4	251	6	131	0	0	0	0	0	0	0	0	0	0	0	0	0	0	0	0	1	1	0	0	0	0	46	0
0	0	0	6	5	85	5	85	0	3	0	4	3	3
9	10	0	0	0	0	4	219	6	67	4	246	6	122	0	0	0	0	0	0	0	0	0	0	0	0	0	0	0	0	1	1	0	0	0	0	47	0
0	0	0	6	5	85	5	85	0	3	0	4	3	3
9	10	0	0	0	0	4	230	6	87	4	255	6	139	0	0	0	0	0	0	0	0	0	0	0	0	0	0	0	0	1	1	0	0	0	0	48	0
0	0	0	6	5	85	5	85	0	3	0	4	3	3
9	10	0	0	0	0	4	222	6	78	4	244	6	111	0	0	0	0	0	0	0	0	0	0	0	0	0	0	0	0	1	1	0	0	0	0	49	0
0	0	0	6	5	85	5	85	0	3	0	4	3	3
9	10	0	0	0	0	4	222	6	78	4	247	6	123	0	0	0	0	0	0	0	0	0	0	0	0	0	0	0	0	1	1	0	0	0	0	50	0
0	0	0	6	5	85	5	85	0	3	0	4	3	3
9	10	0	0	0	0	4	227	6	78	4	254	6	139	0	0	0	0	0	0	0	0	0	0	0	0	0	0	0	0	1	1	0	0	0	0	51	0
0	0	0	6	5	85	5	85	0	3	0	4	3	3
9	10	0	0	0	0	4	222	6	78	4	246	6	123	0	0	0	0	0	0	0	0	0	0	0	0	0	0	0	0	1	1	0	0	0	0	52	0
0	0	0	6	5	85	5	85	0	3	0	4	3	3
9	10	0	0	0	0	4	230	6	87	4	251	6	131	0	0	0	0	0	0	0	0	0	0	0	0	0	0	0	0	1	1	0	0	0	0	53	0
0	0	0	6	5	85	5	85	0	3	0	4	3	3
9	10	0	0	0	0	4	211	6	51	4	247	6	123	0	0	0	0	0	0	0	0	0	0	0	0	0	0	0	0	1	1	0	0	0	0	54	0
0	0	0	6	5	85	5	85	0	3	0	4	3	3
9	10	0	0	0	0	4	227	6	79	4	254	6	139	0	0	0	0	0	0	0	0	0	0	0	0	0	0	0	0	1	1	0	0	0	0	55	0
0	0	0	6	5	85	5	85	0	3	0	4	3	3
9	10	0	0	0	0	4	222	6	78	4	246	6	124	0	0	0	0	0	0	0	0	0	0	0	0	0	0	0	0	1	1	0	0	0	0	56	0
0	0	0	6	5	85	5	85	0	3	0	4	3	3
9	10	0	0	0	0	4	219	6	70	4	254	6	139	0	0	0	0	0	0	0	0	0	0	0	0	0	0	0	0	1	1	0	0	0	0	57	0
0	0	0	6	5	85	5	85	0	3	0	4	3	3
9	10	0	0	0	0	4	221	6	78	4	246	6	123	0	0	0	0	0	0	0	0	0	0	0	0	0	0	0	0	1	1	0	0	0	0	58	0
0	0	0	6	5	85	5	85	0	3	0	4	3	3
9	10	0	0	0	0	4	222	6	78	4	254	6	139	0	0	0	0	0	0	0	0	0	0	0	0	0	0	0	0	1	1	0	0	0	0	59	0
0	0	0	6	5	85	5	85	0	3	0	4	3	3
9	10	0	0	0	0	4	223	6	79	4	246	6	126	0	0	0	0	0	0	0	0	0	0	0	0	0	0	0	0	1	1	0	0	0	0	60	0
0	0	0	6	5	85	5	85	0	3	0	4	3	3
9	10	0	0	0	0	4	219	6	70	4	254	6	139	0	0	0	0	0	0	0	0	0	0	0	0	0	0	0	0	1	1	0	0	0	0	61	0
0	0	0	6	5	85	5	85	0	3	0	4	3	3
9	10	0	0	0	0	4	222	6	78	4	254	6	139	0	0	0	0	0	0	0	0	0	0	0	0	0	0	0	0	1	1	0	0	0	0	62	0
0	0	0	6	5	85	5	85	0	3	0	4	3	3
9	10	0	0	0	0	4	219	6	67	4	254	6	139	0	0	0	0	0	0	0	0	0	0	0	0	0	0	0	0	1	1	0	0	0	0	63	0
0	0	0	6	5	85	5	85	0	3	0	4	3	3
9	10	0	0	0	0	4	222	6	79	4	246	6	123	0	0	0	0	0	0	0	0	0	0	0	0	0	0	0	0	1	1	0	0	0	0	64	0
0	0	0	6	5	85	5	85	0	3	0	4	3	3
9	10	0	0	0	0	4	221	6	78	4	255	6	139	0	0	0	0	0	0	0	0	0	0	0	0	0	0	0	0	1	1	0	0	0	0	65	0
0	0	0	6	5	85	5	85	0	3	0	4	3	3
9	10	0	0	0	0	4	211	6	51	4	247	6	123	0	0	0	0	0	0	0	0	0	0	0	0	0	0	0	0	1	1	0	0	0	0	66	0
0	0	0	6	5	85	5	85	0	3	0	4	3	3
9	10	0	0	0	0	4	227	6	78	4	250	6	130	0	0	0	0	0	0	0	0	0	0	0	0	0	0	0	0	1	1	0	0	0	0	67	0
0	0	0	6	5	85	5	85	0	3	0	4	3	3
9	10	0	0	0	0	4	222	6	78	4	247	6	123	0	0	0	0	0	0	0	0	0	0	0	0	0	0	0	0	1	1	0	0	0	0	68	0
0	0	0	6	5	85	5	85	0	3	0	4	3	3
9	10	0	0	0	0	4	219	6	70	4	254	6	142	0	0	0	0	0	0	0	0	0	0	0	0	0	0	0	0	1	1	0	0	0	0	69	0
0	0	0	6	5	85	5	85	0	3	0	4	3	3
9	10	0	0	0	0	4	221	6	78	4	255	6	142	0	0	0	0	0	0	0	0	0	0	0	0	0	0	0	0	1	1	0	0	0	0	70	0
0	0	0	6	5	85	5	85	0	3	0	4	3	3
9	10	0	0	0	0	4	215	6	62	4	246	6	123	0	0	0	0	0	0	0	0	0	0	0	0	0	0	0	0	1	1	0	0	0	0	71	0
0	0	0	6	5	85	5	85	0	3	0	4	3	3
9	10	0	0	0	0	4	230	6	87	4	255	6	139	0	0	0	0	0	0	0	0	0	0	0	0	0	0	0	0	1	1	0	0	0	0	72	0
0	0	0	6	5	85	5	85	0	3	0	4	3	3
9	10	0	0	0	0	4	219	6	70	4	244	6	111	0	0	0	0	0	0	0	0	0	0	0	0	0	0	0	0	1	1	0	0	0	0	73	0
0	0	0	6	5	85	5	85	0	3	0	4	3	3
9	10	0	0	0	0	4	219	6	70	4	246	6	126	0	0	0	0	0	0	0	0	0	0	0	0	0	0	0	0	1	1	0	0	0	0	74	0
0	0	0	6	5	85	5	85	0	3	0	4	3	3
9	10	0	0	0	0	4	222	6	78	4	254	6	139	0	0	0	0	0	0	0	0	0	0	0	0	0	0	0	0	1	1	0	0	0	0	75	0
0	0	0	6	5	85	5	85	0	3	0	4	3	3
9	10	0	0	0	0	4	222	6	78	4	254	6	139	0	0	0	0	0	0	0	0	0	0	0	0	0	0	0	0	1	1	0	0	0	0	76	0
0	0	0	6	5	85	5	85	0	3	0	4	3	3
9	10	0	0	0	0	4	221	6	78	4	245	6	123	0	0	0	0	0	0	0	0	0	0	0	0	0	0	0	0	1	1	0	0	0	0	77	0
0	0	0	6	5	85	5	85	0	3	0	4	3	3
9	10	0	0	0	0	4	219	6	70	4	255	6	142	0	0	0	0	0	0	0	0	0	0	0	0	0	0	0	0	1	1	0	0	0	0	78	0
0	0	0	6	5	85	5	85	0	3	0	4	3	3
9	10	0	0	0	0	4	219	6	70	4	246	6	123	0	0	0	0	0	0	0	0	0	0	0	0	0	0	0	0	1	1	0	0	0	0	79	0
0	0	0	6	5	85	5	85	0	3	0	4	3	3
9	10	0	0	0	0	4	221	6	78	4	254	6	139	0	0	0	0	0	0	0	0	0	0	0	0	0	0	0	0	1	1	0	0	0	0	80	0
0	0	0	6	5	85	5	85	0	3	0	4	3	3
9	10	0	0	0	0	4	211	6	51	4	246	6	123	0	0	0	0	0	0	0	0	0	0	0	0	0	0	0	0	1	1	0	0	0	0	81	0
0	0	0	6	5	85	5	85	0	3	0	4	3	3
9	10	0	0	0	0	4	230	6	87	4	251	6	131	0	0	0	0	0	0	0	0	0	0	0	0	0	0	0	0	1	1	0	0	0	0	82	0
0	0	0	6	5	85	5	85	0	3	0	4	3	3
9	10	0	0	0	0	4	215	6	62	4	245	6	123	0	0	0	0	0	0	0	0	0	0	0	0	0	0	0	0	1	1	0	0	0	0	83	0
0	0	0	6	5	85	5	85	0	3	0	4	3	3
9	10	0	0	0	0	4	230	6	86	4	255	6	139	0	0	0	0	0	0	0	0	0	0	0	0	0	0	0	0	1	1	0	0	0	0	84	0
0	0	0	6	5	85	5	85	0	3	0	4	3	3
9	10	0	0	0	0	4	215	6	62	4	246	6	123	0	0	0	0	0	0	0	0	0	0	0	0	0	0	0	0	1	1	0	0	0	0	85	0
0	0	0	6	5	85	5	85	0	3	0	4	3	3
9	10	0	0	0	0	4	230	6	87	4	255	6	142	0	0	0	0	0	0	0	0	0	0	0	0	0	0	0	0	1	1	0	0	0	0	86	0
0	0	0	6	5	85	5	85	0	3	0	4	3	3
9	10	0	0	0	0	4	211	6	51	4	246	6	123	0	0	0	0	0	0	0	0	0	0	0	0	0	0	0	0	1	1	0	0	0	0	87	0
0	0	0	6	5	85	5	85	0	3	0	4	3	3
9	10	0	0	0	0	4	229	6	87	4	255	6	139	0	0	0	0	0	0	0	0	0	0	0	0	0	0	0	0	1	1	0	0	0	0	88	0
0	0	0	6	5	85	5	85	0	3	0	4	3	3
9	10	0	0	0	0	4	215	6	63	4	243	6	114	0	0	0	0	0	0	0	0	0	0	0	0	0	0	0	0	1	1	0	0	0	0	89	0
0	0	0	6	5	85	5	85	0	3	0	4	3	3
9	10	0	0	0	0	4	222	6	78	4	255	6	142	0	0	0	0	0	0	0	0	0	0	0	0	0	0	0	0	1	1	0	0	0	0	90	0
0	0	0	6	5	85	5	85	0	3	0	4	3	3
9	10	0	0	0	0	4	211	6	50	4	246	6	123	0	0	0	0	0	0	0	0	0	0	0	0	0	0	0	0	1	1	0	0	0	0	91	0
0	0	0	6	5	85	5	85	0	3	0	4	3	3
9	10	0	0	0	0	4	230	6	87	4	255	6	139	0	0	0	0	0	0	0	0	0	0	0	0	0	0	0	0	1	1	0	0	0	0	92	0
0	0	0	6	5	85	5	85	0	3	0	4	3	3
9	10	0	0	0	0	4	215	6	62	4	246	6	123	0	0	0	0	0	0	0	0	0	0	0	0	0	0	0	0	1	1	0	0	0	0	93	0
0	0	0	6	5	85	5	85	0	3	0	4	3	3
9	10	0	0	0	0	4	231	6	87	4	255	6	142	0	0	0	0	0	0	0	0	0	0	0	0	0	0	0	0	1	1	0	0	0	0	94	0
0	0	0	6	5	85	5	85	0	3	0	4	3	3
9	10	0	0	0	0	4	219	6	67	4	243	6	114	0	0	0	0	0	0	0	0	0	0	0	0	0	0	0	0	1	1	0	0	0	0	95	0
0	0	0	6	5	85	5	85	0	3	0	4	3	3
9	10	0	0	0	0	4	222	6	78	4	247	6	126	0	0	0	0	0	0	0	0	0	0	0	0	0	0	0	0	1	1	0	0	0	0	96	0
0	0	0	6	5	85	5	85	0	3	0	4	3	3
9	10	0	0	0	0	4	229	6	87	4	250	6	131	0	0	0	0	0	0	0	0	0	0	0	0	0	0	0	0	1	1	0	0	0	0	97	0
0	0	0	6	5	85	5	85	0	3	0	4	3	3
9	10	0	0	0	0	4	211	6	51	4	247	6	123	0	0	0	0	0	0	0	0	0	0	0	0	0	0	0	0	1	1	0	0	0	0	98	0
0	0	0	6	5	85	5	85	0	3	0	4	3	3
9	10	0	0	0	0	4	219	6	67	4	254	6	139	0	0	0	0	0	0	0	0	0	0	0	0	0	0	0	0	1	1	0	0	0	0	99	0
0	0	0	6	5	85	5	85	0	3	0	4	3	3
9	10	0	0	0	0	4	222	6	78	4	246	6	123	0	0	0	0	0	0	0	0	0	0	0	0	0	0	0	0	1	1	0	0	0	0	100	0
0	0	0	6	5	85	5	85	0	3	0	4	3	3
9	10	0	0	0	0	4	222	6	78	4	246	6	123	0	0	0	0	0	0	0	0	0	0	0	0	0	0	0	0	1	1	0	0	0	0	101	0
0	0	0	6	5	85	5	85	0	3	0	4	3	3
9	10	0	0	0	0	4	230	6	86	4	255	6	139	0	0	0	0	0	0	0	0	0	0	0	0	0	0	0	0	1	1	0	0	0	0	102	0
0	0	0	6	5	85	5	85	0	3	0	4	3	3
9	10	0	0	0	0	4	211	6	51	4	246	6	123	0	0	0	0	0	0	0	0	0	0	0	0	0	0	0	0	1	1	0	0	0	0	103	0
0	0	0	6	5	85	5	85	0	3	0	4	3	3
9	10	0	0	0	0	4	230	6	88	4	251	6	131	0	0	0	0	0	0	0	0	0	0	0	0	0	0	0	0	1	1	0	0	0	0	104	0
0	0	0	6	5	85	5	85	0	3	0	4	3	3
9	10	0	0	0	0	4	215	6	62	4	235	6	95	0	0	0	0	0	0	0	0	0	0	0	0	0	0	0	0	1	1	0	0	0	0	105	0
0	0	0	6	5	85	5	85	0	3	0	4	3	3
9	10	0	0	0	0	4	230	6	87	4	251	6	130	0	0	0	0	0	0	0	0	0	0	0	0	0	0	0	0	1	1	0	0	0	0	106	0
0	0	0	6	5	85	5	85	0	3	0	4	3	3
9	10	0	0	0	0	4	211	6	52	4	247	6	123	0	0	0	0	0	0	0	0	0	0	0	0	0	0	0	0	1	1	0	0	0	0	107	0
0	0	0	6	5	85	5	85	0	3	0	4	3	3
9	10	0	0	0	0	4	222	6	79	4	255	6	142	0	0	0	0	0	0	0	0	0	0	0	0	0	0	0	0	1	1	0	0	0	0	108	0
0	0	0	6	5	85	5	85	0	3	0	4	3	3
9	10	0	0	0	0	4	220	6	66	4	254	6	138	0	0	0	0	0	0	0	0	0	0	0	0	0	0	0	0	1	1	0	0	0	0	109	0
0	0	0	6	5	85	5	85	0	3	0	4	3	3
9	10	0	0	0	0	4	211	6	51	4	247	6	124	0	0	0	0	0	0	0	0	0	0	0	0	0	0	0	0	1	1	0	0	0	0	110	0
0	0	0	6	5	85	5	85	0	3	0	4	3	3
9	10	0	0	0	0	4	229	6	87	4	255	6	142	0	0	0	0	0	0	0	0	0	0	0	0	0	0	0	0	1	1	0	0	0	0	111	0
0	0	0	6	5	85	5	85	0	3	0	4	3	3
9	10	0	0	0	0	4	211	6	51	4	247	6	123	0	0	0	0	0	0	0	0	0	0	0	0	0	0	0	0	1	1	0	0	0	0	112	0
0	0	0	6	5	85	5	85	0	3	0	4	3	3
9	10	0	0	0	0	4	219	6	67	4	254	6	139	0	0	0	0	0	0	0	0	0	0	0	0	0	0	0	0	1	1	0	0	0	0	113	0
0	0	0	6	5	85	5	85	0	3	0	4	3	3
9	10	0	0	0	0	4	222	6	79	4	255	6	142	0	0	0	0	0	0	0	0	0	0	0	0	0	0	0	0	1	1	0	0	0	0	114	0
0	0	0	6	5	85	5	85	0	3	0	4	3	3
9	10	0	0	0	0	4	215	6	62	4	246	6	123	0	0	0	0	0	0	0	0	0	0	0	0	0	0	0	0	1	1	0	0	0	0	115	0
0	0	0	6	5	85	5	85	0	3	0	4	3	3
9	10	0	0	0	0	4	230	6	87	4	255	6	139	0	0	0	0	0	0	0	0	0	0	0	0	0	0	0	0	1	1	0	0	0	0	116	0
0	0	0	6	5	85	5	85	0	3	0	4	3	3
9	10	0	0	0	0	4	220	6	67	4	246	6	123	0	0	0	0	0	0	0	0	0	0	0	0	0	0	0	0	1	1	0	0	0	0	117	0
0	0	0	6	5	85	5	85	0	3	0	4	3	3
9	10	0	0	0	0	4	222	6	78	4	255	6	142	0	0	0	0	0	0	0	0	0	0	0	0	0	0	0	0	1	1	0	0	0	0	118	0
0	0	0	6	5	85	5	85	0	3	0	4	3	3
9	10	0	0	0	0	4	221	6	78	4	254	6	139	0	0	0	0	0	0	0	0	0	0	0	0	0	0	0	0	1	1	0	0	0	0	119	0
0	0	0	6	5	85	5	85	0	3	0	4	3	3
9	10	0	0	0	0	4	211	6	51	4	247	6	123	0	0	0	0	0	0	0	0	0	0	0	0	0	0	0	0	1	1	0	0	0	0	120	0
0	0	0	6	5	85	5	85	0	3	0	4	3	3
9	10	0	0	0	0	4	219	6	67	5	7	5	203	0	0	0	0	0	0	0	0	0	0	0	0	0	0	0	0	1	1	0	0	0	0	121	0
0	0	0	6	5	85	5	85	0	3	0	4	3	3
9	10	0	0	0	0	4	215	6	62	4	246	6	123	0	0	0	0	0	0	0	0	0	0	0	0	0	0	0	0	1	1	0	0	0	0	122	0
0	0	0	6	5	85	5	85	0	3	0	4	3	3
9	10	0	0	0	0	4	227	6	78	4	250	6	130	0	0	0	0	0	0	0	0	0	0	0	0	0	0	0	0	1	1	0	0	0	0	123	0
0	0	0	6	5	85	5	85	0	3	0	4	3	3
9	10	0	0	0	0	4	218	6	69	4	247	6	126	0	0	0	0	0	0	0	0	0	0	0	0	0	0	0	0	1	1	0	0	0	0	124	0
0	0	0	6	5	85	5	85	0	3	0	4	3	3
9	10	0	0	0	0	4	228	6	75	4	254	6	139	0	0	0	0	0	0	0	0	0	0	0	0	0	0	0	0	1	1	0	0	0	0	125	0
0	0	0	6	5	85	5	85	0	3	0	4	3	3
9	10	0	0	0	0	4	211	6	51	4	246	6	124	0	0	0	0	0	0	0	0	0	0	0	0	0	0	0	0	1	1	0	0	0	0	126	0
0	0	0	6	5	85	5	85	0	3	0	4	3	3
9	10	0	0	0	0	4	227	6	78	4	254	6	139	0	0	0	0	0	0	0	0	0	0	0	0	0	0	0	0	1	1	0	0	0	0	127	0
0	0	0	6	5	85	5	85	0	3	0	4	3	3
9	10	0	0	0	0	4	212	6	50	4	247	6	126	0	0	0	0	0	0	0	0	0	0	0	0	0	0	0	0	1	1	0	0	0	0	128	0
0	0	0	6	5	85	5	85	0	3	0	4	3	3
9	10	0	0	0	0	4	219	6	70	4	244	6	111	0	0	0	0	0	0	0	0	0	0	0	0	0	0	0	0	1	1	0	0	0	0	129	0
0	0	0	6	5	85	5	85	0	3	0	4	3	3
9	10	0	0	0	0	4	219	6	70	4	254	6	139	0	0	0	0	0	0	0	0	0	0	0	0	0	0	0	0	1	1	0	0	0	0	130	0
0	0	0	6	5	85	5	85	0	3	0	4	3	3
9	10	0	0	0	0	4	215	6	62	4	246	6	123	0	0	0	0	0	0	0	0	0	0	0	0	0	0	0	0	1	1	0	0	0	0	131	0
0	0	0	6	5	85	5	85	0	3	0	4	3	3
9	10	0	0	0	0	4	221	6	78	4	255	6	139	0	0	0	0	0	0	0	0	0	0	0	0	0	0	0	0	1	1	0	0	0	0	132	0
0	0	0	6	5	85	5	85	0	3	0	4	3	3
9	10	0	0	0	0	4	219	6	67	4	254	6	139	0	0	0	0	0	0	0	0	0	0	0	0	0	0	0	0	1	1	0	0	0	0	133	0
0	0	0	6	5	85	5	85	0	3	0	4	3	3
9	10	0	0	0	0	4	218	6	67	4	247	6	123	0	0	0	0	0	0	0	0	0	0	0	0	0	0	0	0	1	1	0	0	0	0	134	0
0	0	0	6	5	85	5	85	0	3	0	4	3	3
9	10	0	0	0	0	4	220	6	66	4	255	6	139	0	0	0	0	0	0	0	0	0	0	0	0	0	0	0	0	1	1	0	0	0	0	135	0
